A	B	C	D	E	F	G	H	I	J	K	L	M	N	O	P	Q	R	S	T	U	V	W	X	Y	Z	AA	AB	AC	AD	AE	AF	AG	AH	AI	AJ	AK	AL	AM	AN	AO	AP	AQ	AR	AS	AT	AU	AV	AW	AX	AY	AZ	BA	BB	BC	BD	BE	BF	BG	BH	BI	BJ	BK	BL	BM	BN	BO	BP	BQ	BR	BS	BT	BU	BV	BW	BX	BY	BZ	CA	CB	CC	CD	CE	CF	CG	CH	CI	CJ	CK	CL	CM	CN	CO	CP	CQ	CR	CS	CT	CU	CV
0	723	173	382	281	574	415	664	16	524	130	665	688	624	672	263	325	349	703	82	241	715	234	319	718	334	593	725	555	632	381	186	640	319	202	552	209	391	485	504	527	494	42	151	482	492	638	71	22	306	492	98	2	210	386	404	190	682	298	444	343	113	313	395	365	307	253	59	408	9	218	675	475	203	353	581	3	520	649	126	710	434	334	579	209	263	503	22	621	25	75	349	431	671	302	242	209	714	691	316
357	0	484	31	478	639	250	193	301	23	228	697	88	168	488	89	281	709	70	338	139	571	504	215	609	553	669	683	431	480	215	103	18	266	415	536	100	292	567	5	93	529	80	700	22	306	643	692	514	170	499	658	573	106	498	631	120	654	554	638	59	74	682	256	562	294	429	291	167	111	89	563	158	606	520	334	643	108	39	681	663	639	173	707	516	496	438	362	338	450	516	367	309	257	452	532	702	366	456	619
573	564	0	696	630	573	534	537	627	338	495	408	478	195	484	160	244	226	561	201	221	61	4	395	87	289	680	447	27	207	76	241	248	367	222	609	434	322	63	185	397	490	95	404	224	651	620	477	554	595	635	373	343	513	373	33	485	377	350	415	651	127	456	276	168	265	194	567	20	286	206	313	8	9	441	130	370	346	188	343	547	157	281	160	612	186	444	577	143	688	21	423	121	484	100	127	113	130	383	362
677	118	644	0	13	9	549	560	613	673	149	154	480	416	333	80	628	192	427	487	258	526	88	560	24	520	357	677	442	485	167	481	460	248	251	170	323	561	38	646	546	685	289	667	138	556	243	312	393	143	175	611	727	234	94	114	372	686	19	246	143	444	417	47	343	615	237	618	527	313	486	535	174	405	361	68	34	505	633	655	667	558	720	93	282	688	489	191	37	78	133	355	350	33	519	623	3	627	676	130
236	137	703	542	0	97	667	576	9	71	272	244	713	11	662	83	178	576	98	174	182	574	249	704	589	385	640	223	631	399	215	573	650	445	154	323	558	427	430	268	206	59	83	483	128	4	118	720	624	177	337	81	449	597	627	291	511	569	493	603	578	35	561	295	524	625	305	483	244	582	536	157	51	306	499	73	33	358	209	228	204	700	536	3	11	135	675	688	413	398	254	82	377	190	507	28	527	599	540	490
712	502	159	444	542	0	335	698	157	365	197	307	148	12	375	173	662	241	589	728	458	501	593	675	606	446	219	24	79	696	122	545	404	421	498	598	415	270	568	415	637	260	331	724	26	576	327	413	480	457	283	354	625	105	385	229	566	666	506	546	688	251	251	68	396	269	374	486	705	121	259	347	40	324	90	490	475	558	705	421	138	422	547	675	681	212	519	504	458	102	553	455	296	528	662	729	247	70	259	543
122	176	291	122	284	164	0	117	725	261	281	316	205	149	400	144	717	621	609	579	65	664	553	57	193	370	424	26	709	646	542	599	725	38	558	346	711	504	187	364	119	233	349	482	85	197	169	205	155	567	49	609	523	281	377	535	292	452	687	385	46	35	240	553	181	557	27	587	684	553	232	241	464	579	130	299	155	320	27	731	122	379	104	696	324	673	95	574	646	499	332	700	458	46	253	380	414	158	432	31
431	225	550	312	534	153	64	0	291	650	27	567	622	192	508	578	314	451	478	370	81	649	492	678	174	655	587	368	410	590	563	139	529	84	208	118	316	96	678	499	730	700	547	183	494	255	268	717	1	577	199	397	9	657	517	583	206	405	491	181	458	112	495	369	146	265	342	194	361	153	505	117	440	269	504	559	370	147	277	503	666	732	200	61	618	709	688	81	453	225	102	483	700	183	22	135	339	21	622	674
274	243	528	707	660	394	25	50	0	209	95	169	545	630	720	85	115	667	438	60	359	81	573	266	565	303	245	392	150	561	174	678	423	630	718	535	360	559	517	618	390	724	457	705	116	489	296	236	379	479	194	161	177	105	579	69	366	77	87	624	586	127	155	359	634	493	119	635	220	114	23	50	99	684	499	157	110	462	704	285	429	288	486	95	616	634	136	404	16	216	617	488	8	196	599	3	662	58	610	188
199	69	29	273	243	309	448	225	389	0	183	124	715	302	208	475	164	634	578	381	23	399	325	628	199	483	112	480	717	499	287	265	659	705	335	372	496	114	136	437	544	564	572	624	507	514	497	416	130	4	660	86	596	721	571	316	685	302	191	633	6	671	695	280	642	105	206	394	80	353	442	727	132	108	397	351	119	730	174	441	72	689	650	420	561	370	47	215	14	407	3	403	732	466	493	412	618	656	203	562
482	602	243	174	336	34	267	333	332	578	0	220	25	636	512	527	148	535	609	591	39	240	582	616	129	568	475	205	695	184	627	393	697	201	39	303	176	488	252	626	494	220	265	644	353	142	714	114	727	543	55	251	157	240	627	512	338	521	181	573	177	433	459	327	335	366	594	325	87	683	688	67	657	183	346	701	200	518	92	653	675	124	137	450	618	328	161	304	277	155	32	557	262	151	573	119	577	726	667	318
128	309	47	565	303	312	151	596	698	653	235	0	631	27	589	370	299	166	499	303	83	475	491	75	309	198	469	286	330	499	124	243	377	331	293	559	481	178	138	350	683	526	215	211	389	214	522	120	38	368	392	30	619	23	696	517	164	482	561	398	295	75	706	450	308	316	74	68	727	578	137	220	169	426	24	164	93	680	601	585	506	528	59	353	339	340	727	371	406	148	231	237	188	57	152	514	452	128	297	715
90	184	293	157	37	120	474	23	558	431	716	344	0	13	428	638	155	311	44	114	175	40	227	468	23	469	621	330	17	174	119	626	599	609	417	73	107	522	428	595	425	292	151	727	692	2	503	651	271	50	504	378	65	77	177	254	718	565	63	146	294	687	545	556	336	426	185	527	119	570	610	684	166	83	340	121	271	517	111	199	197	464	284	350	405	343	184	496	587	547	198	61	592	528	656	393	171	118	349	356
31	673	232	111	405	57	392	723	471	150	192	157	633	0	592	226	600	509	213	552	57	622	701	169	322	332	623	457	134	530	566	251	685	189	433	108	155	604	403	552	182	175	436	541	310	663	199	292	199	498	176	122	657	283	534	31	563	426	122	508	199	382	597	457	110	201	158	311	524	265	620	623	473	43	15	556	658	488	60	309	338	676	533	387	477	680	294	120	701	685	503	241	377	307	549	431	346	379	181	365
202	64	249	408	588	324	592	602	221	464	137	325	656	512	0	235	585	57	633	696	309	109	401	181	61	134	661	274	45	109	77	59	486	175	532	256	456	542	35	196	553	719	170	316	4	131	666	726	73	386	259	396	478	593	142	708	243	428	82	334	211	459	203	397	448	480	670	642	115	78	637	582	415	654	606	251	285	478	339	332	221	116	679	22	323	715	28	182	33	192	652	645	165	147	111	594	17	405	374	206
325	483	519	211	234	58	437	287	541	136	597	175	162	276	427	0	122	599	515	345	598	418	298	369	546	27	161	80	189	670	156	139	65	566	136	146	197	509	170	407	312	280	725	33	278	50	89	518	391	687	420	53	25	34	259	576	733	384	453	704	717	614	167	481	527	441	624	705	590	539	18	658	681	381	134	108	552	493	43	586	311	494	476	269	625	460	106	146	34	451	330	608	675	293	629	88	683	146	415	706
260	67	449	285	592	467	250	710	54	406	224	229	616	701	313	604	0	46	510	11	718	263	514	412	168	76	96	35	615	125	4	244	501	431	373	140	105	26	45	141	391	570	241	327	603	287	189	589	469	312	692	556	446	426	167	644	706	72	439	670	560	141	100	733	214	471	272	131	704	646	157	23	22	12	100	161	688	421	698	517	472	695	407	1	146	33	431	559	679	691	54	639	106	155	663	7	221	145	120	402
603	185	20	29	573	125	54	137	452	598	91	211	461	559	175	241	711	0	523	622	102	319	607	281	285	197	118	529	705	530	250	545	673	71	452	405	133	322	260	114	729	414	279	498	176	363	613	85	526	522	717	81	414	494	607	363	482	153	247	131	686	270	706	513	515	61	457	629	355	713	650	205	544	136	473	102	5	561	605	450	618	269	526	486	481	610	384	263	136	699	727	229	504	557	679	535	113	696	171	202
614	472	444	427	501	394	589	617	284	290	176	89	89	61	129	384	590	373	0	53	463	613	594	634	84	251	63	493	117	560	424	608	656	714	203	612	30	107	555	599	83	570	549	588	467	279	144	634	606	505	365	528	186	100	75	276	55	305	187	40	503	339	535	53	590	362	283	199	198	42	215	574	193	61	137	94	140	143	271	164	306	669	344	194	731	311	319	703	507	592	17	575	335	398	407	302	332	640	251	267
131	94	448	229	611	429	106	329	95	338	288	6	529	569	91	60	31	695	101	0	105	416	486	354	479	211	451	371	435	640	370	631	656	143	376	320	278	622	72	568	129	709	549	63	441	272	541	202	363	475	91	74	555	60	108	69	731	682	656	81	10	211	577	536	410	283	161	531	54	153	89	447	692	733	664	309	211	716	706	368	684	322	71	190	721	441	385	475	716	122	683	252	14	378	27	463	138	587	677	625
525	487	168	695	303	49	491	48	324	385	236	574	338	454	586	42	246	182	555	398	0	468	100	726	261	331	259	127	7	586	63	407	169	5	550	261	342	261	388	658	686	716	323	241	654	542	395	239	273	110	77	116	650	631	60	732	359	728	565	540	626	329	280	485	37	134	361	664	222	657	601	624	601	98	277	482	194	343	218	321	502	395	466	459	667	381	547	687	74	432	247	204	148	360	224	34	177	181	121	306
485	85	227	563	136	633	428	489	590	554	135	605	41	685	700	484	468	141	335	443	458	0	722	156	155	104	424	186	154	556	51	234	473	392	701	555	289	625	530	336	513	402	514	548	97	213	41	524	687	69	566	431	599	209	610	63	65	16	617	185	307	641	597	33	411	384	255	372	218	16	76	306	382	524	343	692	320	426	658	433	268	494	129	325	676	582	165	552	627	188	334	343	694	527	201	549	159	395	535	92
120	566	372	721	229	417	6	622	671	432	284	13	330	311	432	489	257	587	157	85	563	395	0	242	303	136	310	69	529	88	16	62	267	708	195	712	392	549	354	382	389	138	139	548	159	704	16	266	114	602	130	573	521	320	441	454	329	637	732	285	725	208	223	516	168	271	662	448	538	204	224	484	434	130	81	283	88	465	198	401	146	130	629	362	427	654	287	259	274	31	443	609	465	365	708	115	220	138	381	9
665	492	289	14	145	180	686	61	115	661	640	566	337	192	685	522	114	8	620	228	630	126	295	0	279	669	579	493	258	654	653	156	453	465	89	319	494	542	178	347	727	728	637	592	430	651	261	160	260	341	488	300	609	302	637	178	447	724	2	465	215	628	305	67	611	575	135	502	211	376	618	381	437	113	3	93	292	185	546	404	671	712	602	655	159	649	698	611	54	601	96	651	182	295	127	144	450	627	240	147
527	311	170	221	9	351	336	471	577	120	89	308	545	360	349	615	375	679	360	479	71	54	111	207	0	554	719	364	477	582	577	683	496	511	443	468	327	312	612	181	582	318	182	418	372	92	282	215	282	723	727	355	445	239	439	378	238	690	653	446	665	13	631	515	555	76	417	202	589	99	59	615	90	521	292	524	264	300	296	526	437	124	564	644	173	117	537	401	730	304	34	128	364	394	218	464	225	229	731	492
681	575	504	440	189	556	122	544	247	31	169	233	434	621	282	553	716	565	623	218	182	627	606	194	636	0	427	17	153	502	283	410	303	204	462	332	146	563	372	195	50	387	33	82	548	29	685	665	149	700	547	689	406	542	348	416	503	637	454	274	720	317	716	442	678	53	158	578	409	546	679	278	368	714	674	409	431	422	579	404	605	610	348	213	486	580	302	465	214	453	584	523	543	598	47	119	23	314	158	444
140	97	344	72	360	409	632	240	707	277	627	271	686	98	598	560	646	355	495	180	78	366	380	472	702	126	0	340	692	173	579	642	84	168	528	401	351	560	111	312	185	515	692	448	659	176	124	247	430	403	276	617	343	663	326	633	183	634	129	277	270	733	363	260	717	618	420	310	585	637	489	11	238	630	94	671	135	164	577	686	198	241	219	733	217	675	349	552	442	723	388	666	389	379	144	427	530	668	12	255
537	126	366	249	96	305	272	712	39	233	385	185	473	669	176	682	529	65	713	362	388	622	602	620	92	585	198	0	291	407	385	422	175	659	2	369	579	607	462	294	378	138	332	207	243	438	588	331	664	63	610	668	315	625	247	150	75	607	250	590	673	543	303	166	315	546	33	178	534	299	83	688	96	507	490	206	115	700	52	350	129	568	202	708	567	270	332	484	489	515	273	696	226	522	127	530	678	190	614	69
100	254	1	370	681	612	45	267	302	8	729	202	642	178	452	23	237	2	187	44	598	340	600	372	109	4	407	665	0	199	527	593	269	594	142	254	177	314	392	23	716	677	107	571	441	588	440	391	559	162	432	414	93	691	369	454	266	218	579	696	657	113	563	205	4	147	315	495	41	575	364	209	118	456	99	579	32	676	172	133	438	360	180	726	585	564	443	282	457	562	548	592	121	428	376	675	107	320	319	430
399	380	632	210	637	595	301	312	388	691	469	733	544	571	34	57	610	44	617	460	634	73	443	299	691	430	215	573	101	0	47	125	79	107	620	179	103	723	408	7	132	598	504	592	699	631	680	401	266	581	397	359	422	447	394	535	91	552	55	647	352	306	572	311	245	548	342	724	276	226	318	566	428	28	155	505	678	590	567	470	135	285	92	231	589	672	493	430	676	321	213	728	173	73	379	216	93	3	39	167
365	597	273	456	676	617	196	612	95	125	245	236	442	559	597	20	52	301	221	133	638	618	235	288	301	215	665	684	588	683	0	473	39	60	528	322	302	291	398	368	636	243	685	79	139	514	243	712	552	477	183	704	74	50	379	118	2	359	38	489	278	695	594	503	395	187	357	107	328	105	100	263	585	304	145	352	242	273	669	169	372	38	632	626	502	207	151	306	631	259	252	709	5	494	516	296	347	386	232	71
411	443	125	67	194	541	204	244	359	517	144	335	627	57	206	281	442	422	670	416	557	141	638	637	158	125	558	66	127	397	482	0	241	154	305	663	1	430	1	384	380	92	503	127	322	597	24	143	701	694	340	446	487	477	292	91	126	396	151	689	100	605	10	130	114	380	552	245	112	615	515	57	439	538	207	560	282	632	465	633	249	369	406	154	399	136	388	665	180	562	63	107	24	312	466	344	148	64	451	343
668	235	658	141	88	310	420	317	467	64	447	253	404	609	508	420	562	31	357	84	230	497	673	477	221	628	633	590	470	211	143	155	0	409	545	154	659	638	542	479	95	64	354	147	330	718	95	700	643	268	252	249	568	357	70	372	613	547	8	94	643	398	330	643	86	417	72	125	202	725	438	657	523	322	220	181	573	381	64	697	94	3	155	240	40	476	718	213	40	148	75	550	202	485	249	19	65	646	205	120
135	449	304	40	490	481	52	499	114	459	521	449	355	619	214	637	13	201	150	447	280	455	542	729	268	329	590	449	188	613	268	399	61	0	651	436	204	554	299	76	7	690	143	355	366	386	657	610	138	573	435	367	515	531	1	226	622	614	116	592	401	238	117	374	512	635	259	21	146	380	724	599	42	421	343	40	128	691	606	121	184	34	305	684	649	11	589	292	608	517	154	695	116	106	327	279	621	466	224	146
387	520	598	452	718	377	257	256	103	396	250	242	655	652	11	139	74	634	536	1	9	112	473	130	84	86	32	496	674	555	522	111	649	109	0	668	172	493	151	184	277	502	572	525	36	476	649	356	723	148	500	472	82	246	248	59	73	514	365	84	326	223	427	92	65	242	63	10	442	437	194	707	75	164	447	290	722	443	447	502	545	231	235	517	158	351	207	283	266	471	411	703	261	673	406	453	288	714	465	659
263	160	220	62	320	685	28	361	523	340	497	594	111	7	373	547	584	122	486	11	293	179	542	481	607	566	550	321	284	377	125	288	461	83	278	0	69	469	546	608	377	493	314	561	387	284	6	1	133	317	474	208	258	586	72	468	627	582	461	659	145	416	34	688	599	360	362	550	355	645	107	323	186	632	421	35	228	218	465	192	243	523	662	521	502	651	295	64	582	563	156	342	625	376	97	472	168	200	133	518
422	731	235	529	265	630	224	695	473	332	313	173	421	64	487	42	502	86	250	2	315	70	153	464	19	689	495	319	624	473	702	559	627	435	477	74	0	337	694	211	721	470	559	51	623	353	643	147	545	667	364	224	145	412	438	114	306	186	240	531	92	490	661	459	368	638	249	499	143	719	77	569	371	433	683	416	328	277	732	648	53	609	673	351	688	192	502	256	20	41	20	42	480	142	300	13	234	733	534	119
378	682	573	126	45	215	49	566	280	320	368	454	380	537	658	409	156	102	3	78	219	713	265	627	358	72	697	234	173	571	340	135	310	314	617	496	301	0	169	723	622	154	539	522	15	283	129	98	207	676	595	634	665	347	174	562	368	224	49	694	639	172	683	455	29	402	495	544	118	331	606	12	312	246	364	631	676	538	690	518	308	712	204	522	464	411	575	544	606	269	489	340	307	438	559	3	672	95	624	688
382	574	29	149	322	163	345	705	526	254	268	481	342	133	189	308	218	503	558	704	690	151	218	602	656	595	183	44	655	37	518	677	38	184	597	279	80	222	0	127	529	69	386	319	501	597	3	728	695	705	171	716	67	156	32	197	301	70	131	404	25	440	98	330	128	298	209	683	172	732	26	396	406	553	513	700	391	555	574	24	55	408	177	191	625	606	104	708	328	434	101	724	683	73	439	494	128	277	121	298
227	699	17	33	427	147	282	38	647	381	102	190	343	549	671	11	487	361	622	250	73	169	290	67	318	530	310	204	390	383	246	156	424	637	449	627	60	234	459	0	305	229	644	137	42	447	259	110	670	38	385	350	730	31	525	388	538	3	645	568	362	37	183	226	224	248	190	552	464	665	116	385	96	353	247	702	523	705	468	423	206	599	444	23	680	96	291	528	285	34	108	600	247	478	133	604	316	87	626	623
231	514	133	298	731	93	155	311	593	676	603	232	512	196	238	178	79	482	498	685	232	658	619	161	26	79	179	668	59	158	562	521	141	361	431	308	711	596	620	339	0	64	158	370	23	385	582	469	477	504	312	688	549	548	730	553	722	706	328	483	130	547	247	146	698	397	508	657	19	662	450	173	309	26	547	376	388	566	366	19	206	548	38	629	333	161	292	87	132	653	149	245	160	388	297	171	325	533	426	278
532	522	39	426	263	266	255	675	630	173	148	562	711	680	368	571	323	457	535	116	613	114	556	345	399	705	96	361	545	550	719	290	398	436	355	2	412	218	120	575	205	0	524	591	539	348	620	562	505	441	109	540	78	10	160	171	672	241	274	142	58	238	358	220	262	3	709	98	708	385	183	394	407	548	685	438	342	657	382	226	609	197	647	107	104	44	404	361	361	314	517	483	491	215	566	627	293	472	416	253
80	1	707	475	482	582	560	540	725	394	310	163	485	91	421	727	216	174	617	218	650	10	662	145	110	186	273	333	726	146	708	211	207	267	525	433	97	339	466	79	415	311	0	499	366	187	359	233	446	206	379	616	607	383	594	333	163	94	32	84	210	552	6	599	179	346	130	340	317	168	709	630	413	410	367	326	86	156	273	103	108	47	282	413	410	607	334	668	593	104	687	190	678	51	294	579	504	71	144	383
241	183	289	19	182	369	94	538	711	392	374	62	283	43	458	672	546	719	395	539	571	33	586	447	154	310	63	64	453	27	170	91	253	358	333	696	61	340	331	680	59	542	390	0	473	729	88	19	281	677	402	54	47	315	638	443	34	497	489	233	733	352	634	567	334	281	490	246	193	103	680	386	190	519	99	507	348	323	182	406	102	181	404	473	668	425	194	4	432	242	531	695	544	12	418	80	507	630	719	178
134	82	466	655	22	684	431	326	554	67	492	21	83	71	585	110	695	357	297	288	291	254	377	218	582	329	605	377	643	486	574	515	563	122	247	103	193	207	610	552	530	211	14	373	0	217	396	372	25	131	425	45	117	439	641	375	304	230	207	726	420	692	139	528	731	367	693	602	187	253	127	102	396	638	147	259	519	296	506	36	703	613	625	419	195	488	302	630	116	209	28	616	620	190	556	414	24	228	347	192
87	689	344	424	461	323	447	680	304	480	450	382	582	580	289	606	724	444	209	342	213	354	522	438	427	655	530	134	253	173	689	218	532	516	89	488	560	215	264	135	626	634	241	547	694	0	413	386	584	393	544	543	15	632	279	535	96	644	1	522	489	360	216	639	139	449	494	272	449	115	379	229	478	688	522	232	285	157	290	598	260	357	289	539	503	375	239	356	615	251	31	22	582	693	586	35	557	652	654	224
293	348	201	311	582	128	644	26	315	616	513	194	281	109	224	174	443	264	304	326	121	656	389	356	623	123	186	110	157	444	692	548	204	434	675	616	317	309	614	654	430	190	561	455	378	366	0	699	348	404	568	562	179	315	146	260	256	297	183	710	531	317	617	72	442	717	660	391	67	93	481	659	701	499	110	482	222	89	133	241	55	730	657	116	414	192	573	68	20	533	711	431	417	430	196	151	366	586	728	531
577	301	317	600	434	504	334	677	417	694	591	397	311	238	309	53	436	206	415	379	242	443	488	419	489	195	112	44	475	98	93	354	420	53	716	203	484	115	732	155	524	145	92	431	161	18	16	0	593	428	218	29	155	429	470	438	338	116	437	256	124	732	318	377	665	153	707	575	484	545	221	472	422	505	378	564	178	28	197	468	435	45	451	597	700	417	599	166	429	555	76	220	456	451	237	76	251	535	703	556
653	358	241	440	574	147	481	292	561	29	692	440	99	300	277	550	93	47	334	258	57	5	31	239	277	606	546	481	317	561	181	272	330	628	537	71	571	414	298	10	45	677	599	621	345	196	359	57	0	367	548	597	667	679	617	590	535	420	281	622	173	421	48	181	690	355	191	515	527	242	468	256	410	64	324	275	269	367	19	581	303	703	147	493	202	569	546	45	496	531	699	166	733	323	38	483	145	19	5	258
315	646	220	358	320	270	283	410	108	596	365	581	656	615	38	675	360	114	476	296	487	559	19	672	162	13	492	577	467	308	392	415	640	365	61	56	126	238	614	626	689	689	70	484	6	413	588	540	22	0	467	3	731	116	141	503	348	307	235	426	322	426	643	154	458	526	715	382	611	517	409	361	184	527	221	297	385	410	306	98	118	347	653	733	608	129	560	118	562	72	590	431	588	448	516	656	670	528	220	289
420	114	567	541	324	348	447	539	124	429	497	503	628	151	62	431	237	730	632	197	494	493	139	581	298	692	315	462	485	513	656	178	288	110	56	651	578	629	304	604	485	201	80	191	406	165	490	357	442	163	0	12	7	533	78	250	511	381	549	691	74	632	357	727	245	259	9	609	733	133	278	128	546	192	173	218	35	337	409	416	671	398	574	693	689	344	217	591	104	379	447	729	272	120	116	196	95	406	469	116
21	425	454	38	3	654	687	579	554	288	22	414	41	450	619	560	629	188	296	430	293	84	269	66	177	206	253	562	705	557	45	254	119	484	35	495	335	274	290	243	620	483	272	321	240	371	387	474	651	520	178	0	478	243	182	171	546	232	131	625	284	423	542	569	62	60	621	147	220	292	81	587	311	436	720	443	580	588	108	408	327	614	319	433	217	296	476	278	204	89	712	57	207	688	242	638	328	513	398	92
654	250	281	182	143	618	166	358	108	224	693	371	419	227	639	578	483	125	186	51	666	153	54	419	201	488	622	53	492	268	125	124	301	492	518	58	171	382	189	409	681	226	611	145	637	100	102	690	625	24	503	643	0	707	310	503	35	449	472	253	458	114	41	718	524	687	2	314	78	490	596	689	422	188	598	315	71	646	444	88	66	31	86	640	439	11	41	552	597	637	94	70	544	594	482	664	65	310	287	716
484	51	480	716	692	208	598	45	81	625	320	733	298	720	45	671	490	465	611	308	554	136	192	395	266	81	141	681	648	265	625	686	102	131	458	499	194	571	93	158	443	633	36	566	66	456	473	588	704	391	227	648	658	0	629	379	344	6	8	225	293	228	673	107	105	714	105	260	321	334	501	559	92	81	519	201	379	14	337	219	176	190	148	457	163	407	448	27	312	349	482	333	371	299	75	292	351	159	48	701
109	289	645	453	504	680	371	420	702	583	55	389	10	377	618	71	332	415	653	425	48	608	110	429	42	274	262	455	587	54	6	394	433	426	310	721	522	56	428	621	366	255	441	365	615	495	567	520	119	622	29	683	105	580	0	34	538	253	316	68	632	257	76	426	17	551	622	139	543	235	615	513	181	474	467	153	176	714	191	627	538	199	241	363	459	582	615	670	357	146	562	247	185	544	311	445	666	732	354	32
454	359	623	407	293	668	526	259	376	142	168	556	134	324	511	510	595	618	292	268	693	618	699	543	337	281	120	305	720	447	670	392	15	256	224	247	535	679	133	297	610	53	280	228	335	35	24	9	536	10	728	105	511	465	523	0	184	459	484	232	184	291	262	244	489	640	409	716	420	23	183	528	359	388	435	109	529	608	258	400	456	408	354	617	290	720	431	322	328	382	178	139	210	59	307	700	253	654	320	222
261	240	436	80	186	656	591	176	691	498	8	514	530	730	179	379	444	682	419	61	252	329	460	75	38	380	73	140	312	76	650	486	695	656	470	729	697	534	352	719	131	340	452	62	169	161	354	526	356	176	562	670	293	468	708	170	0	685	156	184	179	354	528	124	559	610	509	89	477	431	86	604	171	134	731	348	413	208	334	398	713	295	726	416	209	391	570	217	375	10	427	319	508	461	47	135	149	589	490	378
125	641	555	152	505	678	506	210	437	509	178	301	443	662	673	544	491	164	75	564	15	344	20	448	153	230	124	419	621	340	576	572	519	465	540	141	362	379	49	655	457	133	494	685	268	398	498	576	581	32	23	77	44	319	353	145	546	0	559	497	659	17	697	401	485	178	560	28	43	302	407	502	565	485	159	221	469	486	167	245	654	112	95	169	647	24	172	422	343	77	484	267	498	234	340	511	331	8	423	582
140	174	666	71	298	653	392	131	225	367	683	576	172	697	253	115	47	575	80	67	187	150	406	408	368	441	284	30	193	201	438	197	493	156	724	299	729	240	380	82	685	618	10	287	151	262	274	163	427	281	603	371	255	208	446	390	690	263	0	640	43	152	480	646	428	437	595	703	509	615	642	529	447	135	59	296	171	113	394	171	216	574	641	567	26	253	363	491	230	203	651	303	619	726	57	447	487	31	190	440
297	692	669	713	188	104	248	332	674	607	421	283	450	114	378	142	75	437	690	302	691	326	727	459	73	516	191	315	248	713	345	103	468	174	163	543	560	680	535	714	23	682	530	321	53	719	101	664	197	142	643	52	268	660	210	327	568	533	396	0	371	194	687	672	175	713	339	5	440	260	228	714	675	439	107	313	431	423	418	160	512	712	71	556	59	144	41	115	629	474	386	135	229	252	196	104	258	160	110	45
144	215	585	127	608	460	519	725	547	253	466	174	22	614	145	339	538	499	425	656	324	700	292	359	691	100	655	29	681	621	212	183	369	145	344	385	95	339	633	81	247	524	444	636	134	374	299	233	571	592	206	654	629	134	98	627	404	298	496	276	0	155	222	305	239	540	593	77	95	731	418	339	208	472	41	39	400	510	382	500	156	16	20	195	261	45	574	315	396	642	46	254	571	615	477	458	435	529	463	293
387	14	532	360	248	705	233	198	72	656	354	563	151	408	115	634	271	72	537	450	250	508	162	14	346	228	707	224	408	622	708	397	309	507	596	85	286	254	341	92	162	17	57	150	565	226	205	566	439	542	405	108	619	280	200	630	590	372	710	233	184	0	721	107	622	416	519	377	190	282	44	578	410	473	357	153	160	46	113	536	499	550	351	487	482	237	653	414	662	713	649	529	642	16	445	350	113	77	163	697
250	135	558	722	116	658	373	527	136	345	304	371	267	180	274	535	88	508	554	596	107	233	226	445	424	434	346	351	292	520	108	95	537	34	710	498	482	325	457	94	248	579	578	263	683	435	263	57	22	698	228	695	185	712	352	8	39	52	189	34	83	634	0	5	636	62	484	243	81	328	157	189	576	685	120	684	8	292	659	689	122	398	574	124	321	451	170	591	387	413	319	257	524	462	456	7	34	459	444	422
420	70	249	495	435	233	403	299	244	281	548	461	420	149	194	533	46	35	76	497	56	258	693	676	728	404	619	296	325	730	221	318	683	645	60	506	730	222	3	355	556	166	8	666	125	175	187	401	438	658	321	250	70	724	152	567	366	254	720	335	664	320	423	0	405	213	574	514	86	306	186	174	499	326	421	101	235	343	266	35	264	561	55	21	553	103	421	303	140	438	91	342	568	624	273	618	705	543	11	42
709	390	48	363	465	338	599	607	422	141	297	669	727	129	615	355	684	234	108	384	522	315	692	57	305	251	258	242	693	397	450	546	223	579	684	701	14	219	640	593	708	297	722	248	193	155	683	630	732	495	585	116	501	237	485	317	27	377	139	158	706	681	497	238	0	683	14	259	386	233	17	614	470	445	271	391	199	609	165	349	79	635	57	422	242	701	588	161	366	357	488	345	5	466	30	291	702	699	402	236
462	356	381	461	463	16	224	347	551	502	722	287	41	592	141	682	720	418	570	518	420	495	587	62	239	291	186	701	713	662	362	294	101	483	32	727	436	70	347	442	499	258	56	572	284	539	546	204	311	376	546	717	465	461	340	415	459	620	256	401	98	62	398	615	711	0	271	542	74	97	144	273	523	211	446	57	254	89	144	52	331	539	182	427	428	336	297	518	218	511	413	251	362	644	336	133	664	69	7	733
111	432	561	709	359	620	391	464	503	576	15	637	20	93	517	2	75	98	729	572	133	719	111	229	365	447	639	513	286	357	602	326	273	438	397	275	330	586	525	482	47	678	229	369	497	7	472	149	606	298	237	552	150	596	147	544	452	542	229	247	665	306	518	729	640	373	0	713	300	248	436	732	514	369	640	235	179	198	393	560	380	646	95	31	266	198	486	253	248	348	662	265	532	508	589	631	55	16	184	721
419	504	166	296	49	142	409	147	446	285	341	614	396	374	667	491	472	726	630	153	632	205	363	635	307	384	449	681	125	155	612	440	289	445	454	510	164	207	269	194	464	491	98	159	510	589	91	31	138	70	551	13	691	87	676	605	355	481	150	192	93	262	70	648	224	629	94	0	25	157	630	118	298	135	230	190	601	468	519	721	37	376	283	253	35	634	585	598	149	434	218	546	372	719	673	650	79	43	501	543
562	375	62	640	533	465	182	592	709	559	164	398	705	414	184	560	124	295	605	528	713	97	556	31	243	585	204	416	589	253	420	185	521	298	240	255	722	590	688	18	459	658	272	312	398	154	237	578	90	307	411	500	569	612	465	560	661	157	377	472	211	83	220	566	682	76	212	556	0	300	341	301	343	213	184	717	434	93	675	244	3	221	215	83	208	86	79	412	146	418	391	725	32	307	256	236	615	605	705	28
636	666	232	9	561	485	314	416	710	494	396	137	696	334	469	65	58	679	639	510	129	30	334	563	570	194	624	663	272	595	414	639	134	189	234	33	514	353	564	312	251	469	498	353	436	729	5	466	655	74	504	665	434	715	625	593	215	239	620	693	612	223	276	408	479	449	246	327	380	0	491	97	418	679	513	228	568	382	547	494	576	640	502	65	552	166	335	367	658	187	132	521	186	223	33	252	303	301	391	214
666	488	388	92	590	564	477	707	50	433	696	463	160	521	254	427	627	84	198	650	276	650	508	409	376	269	729	28	510	643	118	435	77	128	366	360	62	237	356	329	646	387	484	366	105	415	689	314	83	704	85	378	112	309	151	16	493	453	612	78	187	225	317	105	677	675	608	667	281	139	0	587	407	575	220	44	729	642	176	83	248	630	44	579	481	343	156	482	236	356	239	187	404	570	204	571	136	287	519	511
504	275	83	669	453	703	138	175	677	290	549	155	607	194	261	58	118	358	245	467	236	634	697	701	559	335	566	244	82	320	214	37	154	589	507	717	508	181	544	140	286	389	475	336	468	123	729	210	37	281	499	199	587	345	723	398	159	221	21	276	356	644	186	387	404	99	168	294	11	442	200	0	93	714	472	530	630	257	407	662	246	137	86	461	587	268	83	142	510	571	686	48	135	427	253	609	597	413	482	118
29	53	684	43	561	276	154	656	561	298	607	682	4	417	402	673	579	32	490	617	379	350	613	162	228	671	63	218	127	118	600	649	118	1	87	617	137	582	365	206	240	402	479	657	421	587	341	449	343	186	683	455	134	117	643	92	271	232	552	525	617	355	94	375	45	594	263	647	235	112	644	172	0	214	675	284	65	365	485	261	711	559	218	174	657	420	275	88	699	455	569	382	551	404	339	635	10	601	667	116
727	605	356	76	508	411	215	232	511	28	292	675	32	560	349	587	180	247	527	83	61	6	142	152	216	260	213	118	438	290	655	647	701	231	24	272	423	498	590	728	125	455	264	220	94	353	172	704	309	581	301	75	452	434	7	300	417	206	244	725	474	161	214	250	305	179	382	489	669	263	289	134	166	0	676	322	553	370	136	82	635	405	698	202	314	319	285	147	2	363	479	649	173	650	696	650	613	702	309	693
241	666	397	536	249	277	232	682	378	614	543	445	401	376	3	623	230	206	400	656	650	19	328	181	343	284	468	693	722	510	652	134	680	375	354	330	699	462	388	707	165	450	691	350	556	412	55	295	617	227	490	311	423	93	215	495	290	604	67	278	102	352	79	383	81	415	657	397	228	727	556	191	605	44	0	286	546	411	721	450	260	340	696	156	193	352	190	479	390	541	689	225	30	449	125	519	230	48	364	645
464	157	434	346	71	416	434	333	366	39	328	513	357	73	694	116	300	658	446	700	546	313	214	384	295	161	379	431	523	274	264	510	602	187	537	372	28	402	102	484	60	437	529	477	230	309	196	4	278	27	411	134	435	574	626	554	48	496	91	40	468	474	595	350	680	299	80	184	43	677	442	324	14	111	135	0	538	264	606	433	158	117	481	595	44	105	110	81	10	82	148	281	637	577	14	234	652	630	370	697
226	213	61	646	489	129	728	215	655	14	101	618	174	665	221	51	102	516	185	428	592	650	149	730	335	38	5	586	343	405	233	606	696	180	1	682	403	469	22	686	31	175	601	236	45	611	262	404	335	504	192	199	397	14	159	241	315	490	728	285	397	283	672	584	101	451	696	414	49	588	243	540	473	587	13	571	0	511	448	317	560	206	705	402	396	706	517	389	640	102	563	198	214	616	637	215	177	516	700	24
504	421	627	4	173	281	733	580	379	573	11	630	591	250	287	57	559	576	310	204	61	461	226	610	194	222	530	634	598	97	347	389	300	216	626	146	430	640	516	345	495	376	150	52	386	167	370	410	682	322	152	199	101	664	100	656	504	412	335	380	575	241	671	355	504	452	343	405	574	170	278	117	708	499	90	479	620	0	289	425	361	652	91	687	566	728	226	387	262	703	73	204	144	717	4	632	254	561	160	290
728	130	138	197	277	594	298	139	123	149	574	184	146	259	401	452	721	32	73	219	509	357	492	631	250	297	114	381	163	7	223	507	611	114	85	672	320	77	541	344	648	84	419	474	686	652	6	161	614	484	92	285	462	596	386	299	543	235	5	388	341	515	342	31	299	170	19	251	47	456	442	493	575	76	470	226	650	44	0	609	343	331	496	526	441	676	88	319	472	107	582	531	16	14	553	471	174	218	34	68
441	691	525	607	259	113	297	261	669	727	414	169	458	75	556	216	632	440	456	603	225	374	2	501	543	484	552	146	54	279	251	117	270	26	636	536	420	136	145	340	1	92	401	305	207	440	18	351	230	234	393	732	193	287	540	383	555	564	638	369	203	23	538	135	431	701	102	486	688	388	72	92	508	85	301	573	662	195	23	0	170	159	607	480	472	129	499	103	278	684	128	542	655	36	24	638	230	689	217	577
639	450	33	414	305	381	293	199	598	347	649	729	246	415	388	442	728	463	656	696	62	676	453	430	318	519	522	298	349	117	81	677	289	186	455	114	604	240	341	269	200	273	591	487	634	537	393	504	608	199	448	2	677	608	108	486	243	691	545	10	630	18	199	509	459	260	609	399	360	612	692	40	148	104	480	504	341	110	208	439	0	72	571	612	103	194	392	604	399	370	193	623	568	80	438	489	97	447	686	536
639	561	15	72	175	169	499	264	419	93	401	331	661	656	241	576	25	148	56	455	28	75	456	96	416	388	631	203	169	348	65	692	174	512	194	315	36	312	417	710	21	362	386	263	237	58	718	173	464	43	605	418	55	464	378	574	64	537	521	579	568	84	720	580	709	195	36	71	328	444	681	676	635	464	335	126	731	11	77	364	287	0	566	585	203	427	218	606	99	618	236	543	238	3	294	647	114	717	176	149
306	100	390	15	729	131	413	728	372	140	718	696	232	314	235	169	525	440	336	662	202	122	423	384	467	521	520	404	372	129	85	61	299	133	432	459	180	663	342	481	623	590	462	370	228	271	562	685	538	399	733	579	161	77	189	355	224	722	100	130	514	459	122	368	364	126	4	413	242	422	519	507	601	5	513	178	257	2	723	400	467	288	0	235	335	294	371	278	438	126	614	25	652	498	688	246	136	293	30	175
36	258	622	9	429	161	722	204	593	181	287	387	389	413	311	415	417	615	643	213	215	363	615	424	485	15	101	244	628	548	588	262	615	296	38	667	424	311	193	582	642	515	720	71	618	379	326	280	18	658	627	642	699	668	696	577	116	25	109	659	203	347	379	86	275	501	144	403	549	82	619	713	178	336	584	550	221	125	635	672	395	285	225	0	713	695	203	596	319	427	696	537	466	668	52	260	34	271	515	171
305	180	189	568	377	692	458	715	455	376	405	45	63	398	581	581	32	637	710	701	159	556	520	148	422	620	51	349	221	90	553	263	31	604	594	518	508	196	601	623	116	71	148	460	100	322	207	605	517	271	455	77	543	291	104	441	122	90	391	459	526	145	413	215	215	524	374	94	504	648	731	456	446	345	47	444	238	165	532	372	694	345	720	400	0	719	200	366	638	571	469	266	182	297	35	665	600	331	432	218
442	651	705	297	512	374	441	370	32	524	336	64	293	7	278	438	204	424	304	439	544	687	61	551	244	150	223	446	327	297	349	729	479	566	73	264	392	221	536	288	494	170	118	727	378	134	350	232	710	533	205	698	722	700	39	392	603	183	352	477	201	526	354	643	651	90	409	656	267	1	311	233	289	121	236	76	83	287	301	597	582	389	497	420	176	0	515	721	119	622	67	716	503	391	672	432	628	348	489	403
36	357	7	587	560	88	160	717	306	12	225	714	318	21	181	388	111	27	571	583	642	447	599	347	324	600	134	279	317	169	279	249	623	724	691	35	521	88	227	430	474	130	727	325	378	317	238	324	644	691	28	58	399	524	76	14	110	21	473	248	722	600	686	266	609	100	698	193	542	600	217	326	548	171	508	700	503	27	417	272	262	127	219	192	717	287	0	370	635	111	487	60	668	423	95	74	60	108	311	5
374	245	591	84	361	548	600	650	352	269	570	57	552	343	35	308	690	413	625	456	537	323	629	451	382	396	581	124	674	298	32	139	228	293	444	630	582	100	497	617	27	508	411	673	639	345	631	492	23	680	610	92	160	275	229	544	187	706	672	381	272	627	313	574	653	20	505	583	642	185	680	539	621	319	344	497	290	131	262	578	678	350	44	291	523	410	403	0	596	106	14	479	446	8	598	189	459	468	591	655
523	472	152	88	675	473	619	229	423	315	670	412	189	276	423	631	100	60	322	418	602	243	641	512	149	412	299	676	6	45	623	460	672	617	712	687	693	499	239	463	480	346	582	354	182	356	392	95	601	609	449	407	325	463	419	259	183	699	671	278	536	398	539	503	252	572	183	599	551	171	205	512	458	506	11	450	144	287	28	76	70	477	665	422	707	112	638	500	0	631	326	457	643	83	252	385	491	484	373	351
22	600	61	647	201	216	546	413	317	95	460	522	425	149	212	381	331	64	269	151	133	415	508	380	630	217	221	50	269	109	667	263	626	429	403	279	540	3	30	68	430	577	290	564	151	505	300	470	13	196	693	170	449	223	251	712	561	535	582	610	333	230	146	8	5	204	651	48	285	551	618	119	223	295	283	250	206	280	253	417	60	465	229	733	341	76	530	596	167	0	436	23	500	326	121	218	172	378	509	266
45	453	420	138	327	380	410	485	556	247	552	324	718	266	368	151	589	338	516	121	314	379	567	358	169	722	576	31	54	111	143	326	501	10	452	691	138	108	32	468	443	694	316	236	437	432	107	380	235	593	154	177	646	318	708	367	462	294	445	497	677	322	666	713	54	571	409	282	666	287	432	636	679	522	489	248	730	66	257	54	110	611	27	330	679	347	285	298	311	603	0	134	141	257	664	608	577	416	210	624
564	580	129	109	83	591	324	708	161	338	575	5	521	530	730	351	680	321	655	502	668	95	14	609	374	442	5	20	596	511	471	504	354	310	437	30	145	152	556	522	61	204	625	539	461	231	605	39	144	399	626	134	206	218	402	491	376	549	401	621	25	275	189	456	431	732	620	284	660	658	459	278	327	628	557	672	99	232	342	31	200	55	537	328	359	20	683	97	704	185	79	0	256	482	448	661	607	703	462	568
534	329	48	382	117	732	224	282	220	347	690	597	396	146	228	467	235	496	260	228	566	458	690	664	439	313	601	162	709	224	61	368	369	28	477	89	35	126	282	334	281	606	310	66	541	619	284	348	334	449	583	573	392	248	93	463	431	178	370	596	243	558	248	23	624	112	176	576	688	277	303	376	376	586	348	366	385	16	86	114	516	223	68	259	416	597	9	431	28	397	168	513	0	146	703	646	707	658	201	74
25	234	96	402	625	199	620	284	459	491	242	699	583	651	503	209	693	149	678	450	96	370	218	85	496	89	321	417	425	231	168	88	174	368	540	58	543	1	615	505	530	553	638	627	335	221	10	695	573	442	358	569	565	346	481	31	467	258	179	422	622	115	292	425	146	314	39	520	269	3	653	31	708	576	117	486	383	357	200	191	340	461	68	78	611	604	578	118	541	595	333	219	21	0	672	161	289	322	73	94
687	339	459	397	62	20	103	633	42	456	538	346	350	657	504	139	322	725	577	341	434	283	136	384	544	117	654	162	355	194	262	428	465	19	313	556	683	366	178	191	675	480	476	295	397	185	410	14	211	22	404	617	20	441	332	394	165	234	406	503	95	644	206	121	523	128	589	492	721	254	187	166	360	714	707	69	525	458	209	292	638	351	41	561	311	616	623	474	263	725	294	267	246	696	0	267	171	577	272	515
345	342	98	480	180	581	610	262	172	718	74	61	432	273	420	445	3	62	336	474	191	356	80	577	178	244	600	39	234	524	687	596	563	413	160	52	596	330	40	78	332	339	496	620	214	320	469	472	365	38	100	207	586	639	315	110	162	394	441	497	494	49	82	53	108	697	479	223	166	159	189	66	254	530	611	421	347	698	556	675	472	706	118	402	308	91	156	597	307	578	261	254	627	488	402	0	255	731	530	629
18	44	53	348	139	635	558	70	561	108	408	314	647	467	729	462	570	142	86	417	643	675	599	491	97	729	166	479	265	615	88	250	245	674	347	584	587	446	72	652	89	556	32	396	341	140	478	197	110	657	245	710	247	135	238	442	52	396	617	253	344	482	414	496	648	242	613	199	596	620	307	216	87	88	315	211	166	717	515	585	419	568	24	86	586	23	280	158	152	630	91	529	709	40	332	399	0	659	533	415
252	287	527	533	320	629	163	62	473	204	653	580	480	462	88	621	103	582	501	277	607	594	141	665	722	587	39	24	436	242	142	61	625	437	117	227	523	57	228	445	659	447	37	300	706	31	265	380	567	549	533	593	574	294	120	356	588	279	720	478	159	397	169	371	270	16	242	696	579	208	640	10	206	387	630	292	690	400	713	516	203	357	190	443	581	262	75	195	160	667	199	547	239	666	632	204	695	0	29	179
543	499	210	449	229	645	218	324	155	630	386	427	536	434	188	125	83	250	50	413	532	426	507	347	551	694	55	6	20	581	157	323	316	127	22	25	275	575	587	388	93	623	184	508	647	310	202	127	387	50	710	574	140	73	116	149	670	7	500	335	63	133	55	671	461	458	155	495	451	309	202	187	38	531	535	211	555	296	299	188	511	29	107	594	62	582	671	643	597	531	640	31	574	492	44	677	47	16	0	337
594	357	697	649	611	340	638	265	653	561	212	383	607	87	528	50	513	369	277	130	403	504	654	122	41	547	166	496	137	360	427	390	657	85	74	711	60	487	63	227	497	653	97	411	70	175	451	254	185	546	692	571	641	301	45	450	28	696	323	137	339	587	677	321	11	176	635	24	163	74	82	362	136	96	687	589	390	554	601	379	319	550	713	498	307	614	506	274	678	583	29	536	413	426	539	79	380	251	359	0
