A	B	C	D	E	F	G	H	I	J	K	L	M	N	O	P	Q	R	S	T	U	V	W	X	Y	Z	AA	AB	AC	AD	AE	AF	AG	AH	AI	AJ	AK	AL	AM	AN	AO	AP	AQ	AR	AS	AT	AU	AV	AW	AX	AY	AZ	BA	BB	BC	BD	BE	BF	BG	BH	BI	BJ	BK	BL	BM	BN	BO	BP	BQ	BR	BS	BT	BU	BV	BW	BX	BY	BZ	CA	CB	CC	CD	CE	CF	CG	CH	CI	CJ	CK	CL	CM	CN	CO	CP	CQ	CR	CS	CT	CU	CV
0	96	277	553	556	253	86	47	207	240	414	144	36	176	301	351	286	294	451	169	93	228	318	21	579	417	507	229	536	148	63	339	435	21	327	450	267	97	97	389	332	360	551	32	560	421	331	440	401	168	242	525	522	184	332	484	580	1	463	402	35	505	94	1	382	180	439	150	150	237	76	533	198	44	451	19	148	392	517	247	309	409	513	315	275	573	336	365	555	410	501	405	41	459	474	93	425	295	296	368
319	0	111	451	132	14	41	35	481	314	126	56	85	276	413	463	102	299	341	162	467	257	434	205	150	343	284	168	367	417	401	553	541	548	421	218	472	405	171	576	462	386	540	214	441	35	186	204	131	257	178	370	584	20	144	454	168	126	327	363	377	499	70	489	40	191	522	554	524	218	229	295	277	95	111	277	472	128	480	409	61	321	195	468	376	353	313	510	525	246	457	500	464	20	512	374	3	375	354	226
237	290	0	76	453	352	222	74	333	24	407	172	553	264	167	81	522	501	2	533	311	481	246	500	193	195	507	129	223	312	463	508	265	44	335	247	5	16	290	504	576	48	126	150	179	558	195	110	526	286	184	502	501	260	83	159	135	31	394	272	74	517	50	13	359	76	127	84	29	153	343	166	563	26	24	526	482	376	230	200	277	556	94	250	319	20	42	190	93	432	58	113	545	467	243	319	325	55	10	120
301	160	473	0	164	507	239	81	439	164	179	412	128	313	245	146	419	55	28	499	297	248	458	106	469	26	90	74	546	263	457	390	360	114	449	315	369	309	280	113	54	409	418	303	86	122	503	320	559	5	173	383	285	513	538	187	558	383	227	346	361	435	332	198	41	194	353	206	108	517	521	365	560	543	483	583	508	319	227	272	300	444	421	231	122	271	236	171	13	298	288	142	282	79	529	129	123	452	551	50
23	351	518	42	0	24	85	24	22	40	125	573	434	26	322	454	184	100	143	318	222	573	196	218	280	421	190	258	541	292	19	128	48	409	142	80	101	330	165	24	193	583	368	159	319	553	73	407	480	370	243	282	375	230	570	510	507	48	523	429	298	355	12	105	455	433	517	493	170	531	351	437	75	439	459	498	581	137	431	196	272	400	256	151	191	286	6	160	121	534	463	203	168	331	525	388	502	81	278	291
47	412	546	409	179	0	581	298	141	538	273	115	541	257	272	501	27	310	513	77	126	533	238	71	88	207	257	499	575	86	557	147	246	214	500	59	528	330	506	483	363	187	134	387	77	405	446	549	271	410	369	223	36	376	167	408	18	94	242	121	409	582	101	449	300	329	126	337	129	188	261	578	22	491	282	83	34	473	363	524	335	430	286	498	230	576	417	41	199	156	24	191	243	434	388	315	562	298	212	378
111	460	393	142	393	420	0	481	413	521	524	192	274	376	98	318	302	103	79	274	74	49	544	98	57	52	170	391	339	303	424	119	143	156	464	230	572	471	174	168	122	225	6	459	258	34	213	75	102	550	495	165	541	298	341	443	79	251	349	98	50	583	348	199	554	168	452	55	67	98	250	262	79	230	507	257	103	98	190	147	219	203	27	27	316	376	175	353	392	15	343	386	103	350	76	497	43	57	37	103
210	58	332	319	545	506	86	0	418	525	541	535	556	122	82	457	117	179	363	171	559	424	171	177	234	530	545	220	261	573	324	35	359	402	268	157	209	319	17	357	78	410	90	381	524	164	410	47	510	184	186	547	144	16	336	214	486	266	516	321	16	233	358	86	549	110	241	361	20	141	27	111	564	502	269	414	230	482	489	263	275	108	151	393	32	356	260	412	203	230	344	13	77	574	214	148	401	259	471	103
413	525	84	448	399	431	512	64	0	408	526	408	250	51	130	283	180	577	210	362	379	470	233	377	87	221	530	418	543	453	484	148	363	476	25	459	390	284	25	124	332	149	218	53	424	311	246	547	191	530	291	424	342	56	506	172	167	46	471	54	369	571	197	516	514	243	332	558	301	181	481	104	328	200	300	371	37	24	187	239	40	190	272	136	264	7	271	252	476	311	541	269	152	144	152	226	486	514	211	418
536	240	70	92	156	60	220	438	230	0	411	210	446	287	7	498	353	234	477	412	201	222	226	207	267	370	391	237	88	191	172	496	318	322	359	293	290	165	9	551	76	101	31	430	114	101	126	355	77	430	545	169	159	244	34	559	252	572	505	114	77	252	270	379	525	70	313	299	360	97	135	412	420	580	238	178	564	483	148	523	397	172	52	294	424	23	354	128	462	565	348	552	285	415	198	477	135	541	430	217
387	478	467	480	411	232	472	178	533	396	0	8	474	440	438	105	84	368	129	510	396	339	109	225	130	304	518	89	273	156	120	401	379	516	444	447	240	39	188	516	17	154	334	381	362	358	298	363	113	196	133	232	439	398	12	480	340	87	347	188	273	208	358	471	262	333	392	427	107	382	422	1	451	99	12	293	320	285	216	83	502	555	345	323	225	333	519	235	513	457	414	340	195	415	62	522	474	321	44	230
334	71	229	169	545	86	147	450	367	160	55	0	71	75	254	199	101	519	421	472	128	427	571	40	367	348	18	530	483	524	275	163	52	90	426	206	93	360	54	217	351	298	351	63	498	270	384	525	470	95	89	48	133	410	293	541	311	77	179	330	512	216	562	307	332	76	6	108	291	342	545	223	31	108	34	303	166	335	249	132	239	480	3	202	534	62	365	256	294	369	168	190	49	404	69	294	210	546	521	579
100	427	402	352	2	354	295	69	94	488	98	155	0	59	85	291	345	315	460	527	184	384	566	285	565	311	571	83	457	445	316	55	94	48	497	103	196	5	122	186	332	214	127	546	367	106	432	358	314	270	81	47	437	219	11	320	222	373	540	293	512	416	557	240	120	415	582	476	462	301	447	494	384	92	362	35	439	190	518	125	179	256	112	178	203	424	330	272	432	420	15	126	276	504	460	434	56	569	162	451
198	367	229	266	208	147	287	519	529	127	386	49	539	0	75	135	138	509	145	211	583	12	205	544	181	503	116	332	299	500	358	328	166	225	412	69	56	294	422	547	271	558	363	232	145	211	352	142	568	277	421	520	300	243	585	497	8	82	178	435	232	303	380	461	89	369	310	526	218	136	309	282	513	543	254	334	470	581	153	317	279	7	17	289	550	267	385	563	384	166	542	364	63	458	504	423	37	288	302	559
493	550	394	98	281	346	387	492	149	333	248	369	134	367	0	412	335	292	44	327	53	286	136	280	133	290	309	354	398	177	408	197	397	531	19	85	39	147	487	337	41	395	32	79	247	222	179	582	196	564	51	474	514	311	550	128	218	12	186	8	14	12	294	490	284	442	219	456	32	576	46	241	562	358	61	95	264	27	97	343	31	442	301	200	249	109	326	556	287	157	181	296	457	250	355	204	575	60	178	537
275	207	275	229	366	483	169	322	344	449	124	269	137	45	419	0	509	270	489	533	26	217	494	569	239	326	257	191	584	448	491	296	338	414	363	563	189	178	126	287	411	277	441	173	49	219	248	331	400	396	315	325	534	276	320	178	72	314	438	138	96	583	121	106	144	52	405	307	545	146	206	38	122	173	239	360	61	525	477	121	547	274	565	491	421	325	473	54	258	363	390	537	412	323	576	203	452	565	437	128
308	308	187	321	239	549	468	45	192	292	199	231	251	152	282	317	0	175	515	125	342	82	37	427	439	425	122	199	45	180	572	154	463	405	236	498	564	187	334	19	205	546	129	45	477	552	333	426	5	128	82	133	300	354	123	22	75	23	528	152	319	130	264	397	97	193	417	114	307	501	229	385	133	504	243	525	542	427	317	576	298	399	525	523	324	92	50	392	202	117	24	162	19	556	312	439	448	498	469	35
121	366	217	98	153	387	355	322	270	274	88	409	311	519	518	584	301	0	549	580	60	15	556	222	336	321	426	425	12	170	32	151	285	451	261	273	298	202	86	570	81	234	30	470	494	191	394	577	530	436	226	313	67	64	28	34	427	319	76	396	524	467	503	446	334	517	572	82	145	462	461	482	442	295	380	204	85	432	430	410	447	258	514	286	145	336	13	168	167	498	532	579	376	452	118	11	582	207	470	253
582	455	225	171	365	156	260	568	564	433	46	96	574	457	287	432	221	198	0	563	578	503	375	347	260	559	461	233	125	359	60	301	52	125	102	580	385	8	320	396	159	395	574	314	230	81	255	297	3	440	444	69	167	452	271	290	483	307	165	70	23	186	244	336	565	39	547	70	388	400	148	417	469	358	372	428	75	351	544	348	298	540	557	194	162	419	537	168	120	300	477	583	260	555	482	505	477	196	8	33
265	104	267	71	364	398	500	220	4	361	579	424	154	89	489	488	567	27	37	0	159	409	462	102	393	364	472	310	414	565	216	30	160	549	306	511	313	187	161	222	380	23	197	440	418	201	15	388	167	364	357	378	297	555	512	95	402	561	469	173	411	408	397	284	9	426	82	400	175	432	46	65	248	106	431	426	371	49	474	213	456	341	167	49	540	373	395	560	406	80	329	283	103	571	445	336	561	406	428	581
404	167	358	241	103	129	336	205	345	350	215	570	109	355	261	374	418	278	13	462	0	194	481	330	212	75	79	460	155	503	196	179	476	68	330	452	272	559	144	326	271	182	154	414	135	551	517	75	284	212	410	39	568	363	99	2	149	177	451	470	160	442	419	418	171	17	125	433	501	490	86	217	577	569	404	181	125	222	416	450	434	582	582	428	348	374	477	47	141	141	469	130	258	160	43	257	257	531	133	304
155	292	443	177	576	575	71	384	397	190	32	583	377	421	553	101	450	499	306	466	247	0	418	168	372	421	242	427	91	160	501	403	191	186	363	127	519	37	421	86	556	404	340	292	28	331	364	462	340	335	252	236	553	30	88	246	401	505	496	387	17	476	107	129	171	197	254	512	425	62	113	124	138	49	418	387	458	344	354	298	470	188	242	170	133	225	92	407	109	442	303	398	219	179	329	315	424	429	571	491
205	582	217	445	410	110	170	328	82	178	540	565	45	134	134	582	585	533	159	561	537	404	0	113	275	312	215	67	444	340	80	507	471	137	252	386	10	201	480	302	310	352	394	438	518	428	25	500	72	400	551	536	8	29	3	208	544	372	101	558	82	277	374	266	530	505	568	541	257	104	360	153	421	520	328	504	436	172	130	79	258	463	76	183	346	227	585	504	470	459	396	342	199	468	178	134	277	298	396	556
548	297	568	476	138	99	404	122	336	230	453	47	49	2	71	502	112	108	240	370	476	341	472	0	507	262	37	346	226	315	555	520	269	354	72	455	475	70	247	124	167	280	272	275	53	66	40	514	163	491	289	561	533	301	492	340	417	160	238	62	438	219	570	138	137	149	232	61	64	97	71	126	15	491	148	347	569	555	374	488	222	257	346	136	123	95	127	231	531	356	504	15	549	478	86	318	322	382	88	248
454	419	50	368	355	7	21	296	472	508	200	131	235	299	72	40	515	585	188	157	293	497	239	302	0	439	216	370	543	498	360	392	210	499	258	212	282	400	526	541	233	165	177	311	385	302	273	249	304	543	151	227	354	151	32	342	571	256	573	221	241	483	370	324	76	23	71	575	556	478	461	494	425	239	495	243	6	31	530	306	273	407	54	87	150	65	275	278	503	200	351	382	15	1	13	374	346	298	388	238
313	321	410	156	179	247	275	79	97	539	508	319	133	214	144	274	117	275	379	267	254	377	157	426	173	0	122	492	366	270	211	220	66	64	519	117	467	376	201	511	210	327	53	178	427	151	510	154	564	192	413	379	17	350	241	368	399	315	7	87	222	486	10	542	96	245	206	299	114	545	455	114	25	220	391	126	383	201	25	472	414	205	241	250	210	441	96	128	83	295	63	577	199	420	273	540	220	373	311	315
334	401	244	68	291	181	144	575	438	450	434	570	409	157	17	480	429	195	518	444	353	140	263	272	408	320	0	233	545	570	513	335	134	546	567	101	481	477	335	42	264	568	100	523	409	517	306	450	210	310	49	204	145	412	253	400	177	573	420	349	115	11	124	271	312	222	460	525	560	482	402	323	7	64	382	66	210	367	141	293	428	228	102	485	369	142	454	254	163	453	140	569	231	402	461	35	472	454	57	173
360	525	310	233	281	121	261	298	389	196	209	377	384	522	44	130	384	245	353	168	503	393	319	152	321	268	60	0	148	573	95	67	6	372	99	175	424	370	538	397	125	274	178	569	136	181	404	106	336	350	166	574	523	547	71	400	155	533	218	204	47	285	436	222	574	222	545	355	43	110	165	434	79	157	139	345	375	476	107	369	106	523	577	4	440	159	465	161	358	120	51	344	213	324	382	9	372	307	205	93
118	581	422	292	128	88	529	95	432	249	321	525	332	382	317	580	527	116	371	345	482	7	268	296	338	89	196	11	0	352	556	377	506	165	566	43	171	527	549	278	430	87	195	431	178	549	327	24	327	464	433	71	71	97	241	421	298	305	563	329	95	136	319	435	277	271	366	92	246	452	487	564	125	252	12	222	258	574	405	501	23	502	92	387	290	510	61	542	269	48	20	235	394	274	413	286	208	122	525	4
244	399	417	157	263	345	537	270	8	444	8	36	556	512	539	350	171	474	243	85	278	443	453	184	22	196	154	291	344	0	282	174	467	304	45	539	198	440	380	287	565	391	537	101	250	31	246	259	434	449	558	278	17	56	516	490	568	287	82	194	66	449	513	311	399	312	435	202	541	248	75	304	305	513	429	410	406	32	266	229	534	542	529	413	60	558	99	145	92	45	553	494	126	66	427	477	144	178	367	410
413	443	97	430	106	122	526	494	476	443	326	201	324	385	2	481	6	266	486	226	181	501	507	292	43	437	431	243	186	232	0	373	390	327	516	420	378	414	213	547	431	353	199	141	297	331	115	233	21	578	226	362	186	36	33	583	52	559	469	354	217	330	184	370	134	36	226	585	577	153	356	57	542	108	471	264	140	41	94	53	474	285	210	311	501	30	383	311	173	142	392	390	313	531	493	480	131	337	378	540
137	291	92	214	3	259	55	564	225	299	262	557	463	442	566	108	44	303	6	115	335	374	181	467	166	239	204	168	204	352	566	0	467	130	263	438	420	457	281	320	245	466	420	8	320	6	79	211	107	336	273	539	328	49	26	378	572	310	510	124	371	536	341	387	451	540	90	153	143	124	384	486	40	367	531	46	139	142	4	124	343	357	524	69	514	227	51	481	349	551	331	467	388	467	536	544	477	257	267	159
484	257	323	364	8	425	530	451	347	410	69	382	443	516	350	40	501	181	119	55	465	4	417	304	58	360	289	75	414	215	219	493	0	202	577	417	507	356	356	60	244	504	248	519	494	33	510	291	305	510	341	258	198	108	191	373	357	563	486	49	172	163	92	159	320	271	508	176	193	69	221	56	288	113	390	560	548	189	562	64	498	230	52	584	302	419	100	525	15	50	298	342	23	517	349	148	276	433	275	109
494	509	581	352	431	356	195	269	198	35	47	548	280	424	94	489	407	565	407	457	305	65	42	216	563	574	233	21	24	558	30	1	96	0	50	424	310	502	254	43	291	166	362	358	10	444	14	523	571	156	148	378	89	474	71	558	193	9	516	347	295	378	151	432	212	211	338	427	474	47	407	529	583	312	78	245	361	557	523	74	137	256	61	471	524	408	420	559	288	258	550	364	295	550	160	83	212	204	102	259
75	336	146	535	243	31	90	392	11	5	41	433	115	382	220	270	516	37	484	395	14	315	497	251	373	139	405	236	352	582	231	164	271	488	0	405	30	350	389	228	103	202	523	412	330	337	543	38	571	14	516	307	558	403	483	560	543	44	585	20	527	159	280	416	378	93	458	407	39	3	422	564	287	33	2	1	254	117	171	149	344	294	189	300	448	162	488	125	42	87	496	542	307	382	14	219	208	320	320	16
149	59	390	476	247	289	138	387	112	388	438	485	16	540	6	493	531	39	339	141	178	382	311	110	223	422	36	422	222	233	569	540	357	110	510	0	579	388	454	139	248	258	583	111	196	284	86	51	275	157	451	487	398	38	482	251	179	152	27	269	518	464	359	280	51	493	447	402	575	431	234	576	505	451	36	514	112	310	192	383	259	497	189	39	427	581	566	437	430	131	89	360	236	146	490	398	388	407	76	109
175	532	39	45	251	57	527	460	53	138	525	267	471	62	163	23	169	233	216	431	89	37	101	304	291	47	243	283	576	206	333	297	60	391	535	585	0	96	535	321	81	298	213	345	506	330	89	265	450	549	6	380	123	166	142	228	171	278	272	393	302	79	33	39	346	507	31	316	262	287	37	103	382	277	409	90	373	340	317	498	114	455	332	401	465	370	112	300	102	540	572	413	165	151	471	430	268	352	558	373
505	153	424	411	410	105	202	549	150	503	332	258	584	301	201	11	198	108	536	332	93	359	315	187	56	239	434	378	107	211	237	349	450	46	12	409	266	0	355	248	42	39	347	93	538	165	404	366	44	297	417	455	159	398	166	394	149	72	469	250	420	272	268	445	110	522	316	40	497	220	480	178	112	176	342	20	268	320	72	82	160	467	187	394	427	350	476	401	448	390	445	166	48	78	11	43	525	227	180	559
547	279	104	29	373	301	513	432	149	157	505	364	34	11	503	231	31	523	161	74	468	164	430	33	339	441	491	214	66	274	569	48	534	29	492	377	336	369	0	171	7	286	31	26	541	215	395	306	34	177	474	467	220	182	475	384	202	251	484	563	176	100	559	172	491	350	159	552	512	417	435	41	446	162	480	558	308	582	161	72	292	362	294	329	5	175	114	153	490	557	56	438	61	189	205	47	7	470	577	197
288	421	34	63	243	425	492	47	49	412	412	66	307	515	226	2	578	148	450	479	220	209	212	17	536	544	441	583	290	181	198	324	524	372	297	6	482	59	181	0	287	503	174	7	325	70	171	364	320	415	488	575	233	539	354	442	54	328	219	493	403	31	162	193	401	523	1	190	353	63	407	451	473	22	564	362	130	545	136	89	336	102	255	474	440	22	195	231	37	143	267	364	570	466	428	500	57	509	534	296
210	346	499	79	362	530	434	70	229	364	449	210	571	350	528	50	22	289	547	67	415	129	124	529	85	419	523	400	519	266	27	337	573	453	585	523	64	30	508	485	0	493	394	498	348	244	64	348	147	34	242	472	188	328	255	521	65	78	19	61	213	73	350	502	429	138	420	149	331	407	414	180	168	144	144	39	359	355	511	220	371	203	80	483	1	528	10	291	287	201	576	474	527	526	502	305	292	347	222	334
463	434	332	472	469	440	412	184	376	200	197	91	176	67	565	532	89	124	422	17	275	442	281	449	539	427	484	351	325	50	461	413	133	12	585	348	541	220	405	528	456	0	521	469	316	341	303	256	514	85	406	206	45	362	260	138	473	440	208	148	128	517	291	460	187	264	4	54	315	271	144	511	385	561	331	472	6	486	516	127	307	43	445	356	213	251	211	204	337	505	88	522	243	373	150	166	215	573	62	78
232	475	97	527	582	255	245	477	410	126	473	406	486	542	164	435	584	507	206	445	493	335	155	361	439	329	543	203	447	474	155	365	54	182	495	28	418	331	444	382	220	526	0	445	524	385	405	67	361	309	120	375	270	280	215	579	411	90	195	488	177	21	240	53	267	31	481	507	571	55	265	2	253	356	431	157	264	533	88	74	567	387	49	33	182	123	567	200	297	366	171	336	148	294	322	123	128	163	550	383
9	91	296	582	494	534	277	442	129	231	209	553	494	503	247	10	96	49	253	346	214	330	333	27	232	161	339	561	538	407	230	323	53	377	156	572	369	385	228	497	340	214	142	0	209	284	573	493	511	556	9	535	463	172	245	328	361	200	477	331	205	66	120	233	493	466	404	54	326	495	110	413	114	358	194	219	91	464	457	13	167	484	453	30	142	21	581	262	342	96	273	263	51	291	515	442	578	517	302	508
417	175	558	384	530	201	186	209	22	341	34	344	461	502	158	143	385	26	105	441	117	397	223	263	324	333	422	148	530	183	297	296	93	424	35	417	455	81	1	531	167	173	261	92	0	531	53	548	111	132	481	290	451	495	151	582	308	447	292	63	218	408	115	197	524	444	240	96	561	322	144	346	48	236	124	195	3	14	440	347	324	306	302	59	307	482	495	238	421	518	421	411	225	196	519	562	267	353	457	97
424	374	316	130	373	62	353	284	175	88	379	117	360	555	60	133	390	140	11	434	260	500	228	405	42	557	308	209	133	184	37	416	296	321	446	538	342	1	301	532	285	113	247	498	237	0	322	293	340	443	569	580	423	98	487	423	566	172	323	535	559	524	549	466	503	113	28	392	520	334	496	178	151	314	505	473	574	207	252	218	170	572	188	102	341	239	570	14	156	140	107	47	457	424	418	432	191	372	409	521
546	573	267	488	343	381	560	67	572	414	261	163	146	99	519	374	255	186	484	363	461	134	147	354	403	339	268	499	514	1	372	270	178	321	528	493	358	69	257	336	153	357	238	361	77	130	0	86	526	74	533	570	310	87	45	136	441	202	47	17	186	222	523	225	366	576	211	87	9	169	454	6	502	313	346	524	156	501	46	73	573	399	325	209	537	255	261	357	330	146	413	238	454	473	27	485	275	171	98	432
489	440	166	567	220	530	233	505	319	243	129	415	413	542	66	515	504	384	281	555	236	495	522	341	198	577	215	563	371	442	60	17	567	480	464	350	85	371	8	155	225	47	84	417	236	16	263	0	110	560	386	250	118	414	524	33	407	367	193	246	111	183	186	95	558	426	562	134	485	372	318	129	100	500	140	213	59	338	2	395	367	481	161	563	416	171	307	343	547	57	40	532	25	442	289	561	117	63	291	173
356	321	30	410	173	259	326	78	132	382	231	97	506	105	438	72	445	175	252	303	351	474	284	490	455	348	119	157	307	20	278	238	32	403	383	70	349	433	468	128	145	373	541	492	65	573	572	70	0	262	143	91	308	314	124	387	231	483	13	371	268	45	330	26	342	165	58	259	35	189	319	447	330	580	201	242	282	213	139	232	51	239	254	527	297	464	276	386	365	564	258	397	98	402	11	447	391	118	184	492
54	197	331	464	360	173	108	265	130	320	543	562	219	202	231	1	459	76	69	191	148	550	222	518	142	551	580	199	94	208	59	234	206	53	472	12	219	530	328	565	163	279	440	411	458	189	450	78	475	0	215	332	114	218	501	531	221	298	238	437	167	321	493	186	294	1	11	160	422	36	230	132	541	60	244	448	106	425	282	552	383	357	408	494	125	406	97	176	385	261	50	422	294	297	61	310	515	368	292	128
551	582	90	233	419	448	364	272	530	232	62	186	103	216	542	542	568	442	547	164	183	248	109	441	245	203	386	450	248	54	429	13	518	243	149	302	115	93	267	96	128	565	269	171	562	450	239	556	320	518	0	225	491	92	6	279	513	211	67	160	420	148	382	391	372	545	192	312	267	213	69	516	572	169	488	166	191	20	129	408	353	204	258	291	129	140	97	325	426	428	371	18	510	561	313	264	535	340	421	106
71	102	498	399	493	541	389	408	411	563	267	489	7	427	143	509	251	130	488	363	363	242	218	523	369	295	392	425	72	504	81	152	561	460	196	402	485	174	44	4	132	176	390	259	479	442	459	83	44	141	453	0	116	541	559	5	76	487	437	189	79	487	359	434	439	152	482	131	2	146	139	51	509	458	320	288	81	254	56	501	166	79	222	581	517	394	330	194	26	209	182	515	115	321	485	504	503	558	3	122
518	222	34	382	413	268	214	585	507	252	433	538	323	539	161	219	290	277	448	272	117	573	251	439	392	517	403	502	407	61	30	180	209	291	103	85	84	257	565	364	124	460	265	483	323	502	320	35	22	104	23	77	0	232	328	44	151	235	354	497	86	277	131	357	203	467	430	77	32	444	456	153	349	452	497	4	298	241	566	431	215	136	63	541	466	127	120	181	328	366	237	2	390	532	115	465	383	51	284	475
376	296	541	271	233	390	90	43	227	502	520	539	460	291	565	382	546	45	152	134	535	297	68	547	399	195	96	573	189	211	67	402	2	442	458	254	293	100	131	146	409	44	369	42	167	211	209	295	212	200	145	98	3	0	555	337	252	364	28	242	371	279	81	144	516	118	90	193	191	430	114	517	575	449	157	364	317	477	172	420	492	510	455	87	77	508	155	440	356	188	406	576	114	43	509	377	189	270	47	431
165	268	177	2	462	475	373	448	254	160	375	80	564	390	530	81	441	135	424	400	334	561	409	288	457	323	72	550	363	529	524	30	549	374	582	194	200	154	86	95	521	119	477	316	368	250	16	443	82	583	342	484	56	335	0	443	555	335	402	331	158	7	252	244	189	28	258	533	158	296	336	562	479	569	22	77	38	123	574	332	261	41	344	173	242	147	122	199	385	66	393	321	225	243	89	127	300	462	409	475
162	580	87	159	267	182	369	259	200	584	262	417	389	183	496	428	213	162	374	540	275	414	301	1	127	41	170	357	568	55	538	533	135	58	113	198	244	260	137	356	259	36	52	302	197	276	544	458	333	484	125	363	277	349	123	0	102	99	99	264	329	141	151	302	495	389	179	69	300	77	271	36	91	374	178	371	314	349	233	358	95	268	102	398	166	259	369	351	236	459	61	228	135	223	233	87	58	563	116	490
137	160	287	364	108	323	273	421	408	269	174	173	422	82	398	281	60	514	537	81	511	96	424	276	499	240	546	220	476	295	145	490	462	374	426	378	317	210	2	404	90	345	1	238	385	527	388	581	45	467	163	341	491	76	494	87	0	87	473	288	388	333	309	72	44	190	29	518	515	481	412	561	466	48	85	494	242	579	429	119	317	238	542	383	249	128	98	553	353	229	552	420	32	62	164	439	457	37	462	368
261	464	301	252	465	523	544	253	528	371	231	161	427	126	78	535	257	395	305	31	271	96	110	339	96	281	521	536	543	475	401	82	571	557	12	166	76	150	161	55	463	481	371	254	110	123	143	258	128	201	30	497	506	575	521	510	355	0	232	322	544	393	321	568	196	355	511	54	96	382	230	452	481	547	147	271	250	217	351	300	213	446	525	442	236	415	402	4	34	293	569	487	470	574	364	307	200	571	357	523
539	464	21	133	218	140	521	281	10	417	349	7	542	430	214	195	443	380	291	136	105	362	221	271	441	377	219	321	573	539	404	285	376	7	389	139	447	49	482	229	285	304	160	502	490	502	100	268	298	77	309	448	528	22	155	518	395	521	0	341	355	439	516	366	235	285	564	39	322	509	277	251	565	500	33	424	286	93	487	154	471	306	117	9	158	373	299	461	290	511	121	580	271	577	373	402	352	331	302	548
181	452	492	149	139	554	68	136	307	225	29	26	235	420	146	174	278	73	486	411	28	302	575	161	181	446	445	291	421	505	233	111	151	420	557	281	492	271	529	337	346	128	134	323	441	546	94	150	531	335	527	366	583	43	5	493	294	476	64	0	204	382	269	330	477	402	306	98	155	342	173	544	245	44	457	533	574	402	333	182	573	76	492	265	531	484	233	5	297	213	18	214	430	14	206	124	23	249	77	446
18	261	148	245	502	288	56	329	412	244	323	118	442	497	402	219	14	575	451	373	155	558	183	345	302	62	527	327	332	41	585	225	563	395	44	13	509	202	49	348	455	181	461	233	88	355	465	137	215	446	253	397	242	330	391	254	500	20	8	253	0	276	541	137	34	245	579	13	169	224	303	183	495	390	400	343	343	563	23	28	302	355	70	359	179	108	326	220	551	464	101	213	41	423	126	334	200	468	556	298
62	442	467	72	38	302	334	318	366	217	326	566	462	60	141	497	227	52	284	42	332	82	98	93	573	570	121	329	95	222	76	362	242	196	441	556	309	62	30	552	199	161	241	445	429	149	16	493	316	265	454	557	356	350	68	434	405	84	582	536	511	0	579	565	78	172	82	95	293	63	419	47	489	10	351	236	396	344	113	233	527	451	186	56	52	284	5	167	40	252	575	461	25	45	475	221	157	427	564	511
137	118	544	164	27	77	386	386	574	209	275	148	268	424	444	364	76	297	75	343	430	126	465	105	326	438	436	452	32	570	492	451	150	1	202	506	471	562	335	51	371	351	328	403	374	415	144	362	278	565	310	386	374	352	335	46	334	61	237	113	110	334	0	473	212	34	65	46	352	303	478	578	266	62	180	213	489	100	225	341	97	29	116	170	1	265	59	492	363	30	534	517	252	433	40	234	41	22	348	569
84	178	394	51	101	211	430	35	75	212	92	344	497	270	72	232	58	220	82	321	68	583	197	485	325	290	80	103	563	468	375	17	174	503	580	19	442	260	129	118	516	508	288	547	273	537	302	300	130	568	515	122	543	129	508	66	42	119	507	375	285	487	501	0	191	567	121	182	212	420	58	538	464	381	400	200	484	147	541	296	321	403	131	494	392	260	443	429	297	340	134	264	314	437	214	520	468	559	540	557
549	85	179	526	436	85	106	168	263	539	462	216	357	242	196	263	426	120	462	85	188	378	389	101	573	185	72	523	496	228	167	238	397	248	10	475	250	568	235	390	24	158	267	380	577	235	11	205	490	44	584	15	292	171	404	289	575	380	142	482	436	240	269	191	0	200	399	431	90	289	198	533	415	169	356	138	139	157	96	360	275	171	18	63	270	164	74	532	456	140	471	389	104	157	163	578	585	537	180	144
505	136	227	238	316	241	454	569	582	353	131	535	25	415	445	405	357	198	557	131	167	479	387	485	332	167	75	358	117	160	36	502	294	264	349	391	206	467	109	480	196	28	497	436	22	346	521	453	159	349	113	314	302	555	259	452	28	397	392	190	369	318	471	108	332	0	59	287	420	173	118	28	393	447	33	332	56	101	302	552	329	285	401	144	406	154	183	284	228	432	239	234	18	75	259	125	21	277	311	407
480	121	584	108	552	103	40	220	187	273	242	276	199	315	441	353	304	261	186	222	150	580	272	251	244	275	42	294	43	567	53	274	471	133	346	327	466	484	258	248	174	221	380	20	167	334	260	87	201	119	169	436	512	15	537	359	79	301	478	528	297	382	411	361	53	487	0	79	148	324	193	315	295	458	56	159	576	341	137	505	403	221	246	555	544	263	428	249	355	584	287	578	318	548	24	281	484	320	306	403
127	98	245	570	9	259	570	437	284	107	329	314	324	19	442	332	13	482	529	10	568	111	554	512	404	537	444	472	177	168	29	471	53	265	246	267	345	229	582	266	199	352	276	199	243	105	433	153	179	362	27	348	229	557	257	540	345	354	51	451	146	572	303	39	337	254	163	0	72	230	324	140	438	142	220	176	453	559	321	435	210	36	104	409	310	501	144	327	308	524	395	189	143	76	477	112	37	532	61	557
284	224	342	524	44	209	492	197	319	430	513	52	58	369	208	165	202	171	548	257	205	288	535	571	112	495	531	117	402	402	322	240	344	524	219	105	109	34	249	182	426	496	479	161	324	39	41	480	561	571	295	281	167	460	223	42	55	485	186	239	548	487	278	440	242	368	409	117	0	470	578	519	541	372	236	467	327	280	509	42	545	568	289	400	59	274	556	118	491	391	162	487	216	247	289	466	320	35	273	485
496	155	1	94	567	433	443	100	188	52	393	388	130	320	460	274	557	538	467	533	566	42	510	477	573	362	192	226	326	11	539	67	59	541	220	224	312	15	161	551	541	185	530	348	390	329	365	428	92	93	376	379	38	573	510	573	554	582	136	472	146	415	322	468	404	311	8	39	433	0	483	48	156	552	358	484	209	348	518	334	41	532	410	201	372	80	249	408	495	544	444	324	422	389	197	327	536	516	365	499
303	59	13	202	393	204	532	442	528	257	535	511	197	452	354	479	372	436	316	5	215	73	216	1	196	301	131	84	339	554	498	192	544	134	166	64	546	387	458	103	291	370	40	206	195	310	259	170	452	159	195	562	182	520	327	546	237	556	377	518	543	389	268	152	315	96	211	424	320	550	0	160	460	319	149	12	526	131	537	84	266	17	498	362	301	512	262	1	487	552	421	247	285	438	433	191	80	344	550	291
382	501	201	434	123	205	457	486	185	521	367	145	199	12	172	31	133	319	77	45	215	488	364	119	306	110	371	9	300	129	73	303	229	111	273	472	76	147	527	206	366	268	459	21	213	391	210	66	303	191	308	539	135	477	65	540	276	520	75	515	488	358	32	468	481	498	521	72	41	219	320	0	379	363	354	196	314	335	403	488	540	104	175	292	172	19	574	41	79	334	324	583	108	91	30	402	533	577	297	21
266	327	583	297	383	169	250	47	470	299	566	320	479	357	163	279	146	88	395	165	439	251	558	132	174	571	139	499	131	4	14	361	324	454	347	406	283	210	340	507	118	141	307	59	530	53	477	73	319	533	493	164	372	360	519	192	510	398	363	570	333	217	176	454	572	262	375	122	362	353	190	466	0	462	361	506	548	496	555	401	306	478	95	383	214	252	363	308	396	290	3	132	348	515	543	90	397	58	350	381
68	102	252	315	581	27	140	403	121	305	291	411	353	571	432	67	157	518	368	45	503	359	429	108	296	326	487	547	492	283	159	250	126	313	523	300	279	469	318	393	29	420	251	109	398	499	550	152	144	292	502	427	481	466	358	150	401	90	303	513	445	27	28	373	216	40	453	159	460	482	217	286	442	0	551	68	169	573	91	243	482	351	34	553	252	447	471	218	263	527	584	156	221	202	255	246	361	327	377	458
395	229	396	117	409	440	22	284	420	111	370	232	421	319	157	188	299	19	117	386	546	327	530	29	40	224	309	246	342	110	447	324	134	34	336	469	418	105	433	168	310	259	546	525	72	109	295	368	301	315	121	2	488	20	188	42	3	177	245	577	267	572	48	26	390	160	486	555	217	7	263	314	361	306	0	410	358	420	364	294	17	552	329	377	296	480	406	274	424	36	492	157	154	164	170	224	289	359	454	577
88	134	310	527	460	38	313	226	385	24	452	381	83	230	244	432	169	106	21	424	287	77	538	363	352	364	363	26	287	35	255	61	96	78	108	5	47	199	27	434	432	326	69	572	569	21	445	220	358	485	231	486	353	558	82	531	156	55	77	21	213	272	108	245	335	156	542	280	533	306	372	578	106	61	575	0	485	550	73	540	369	439	80	180	406	175	505	481	77	76	555	579	398	187	114	340	251	240	500	248
564	102	439	421	572	19	167	363	170	462	583	74	264	260	430	530	230	435	338	525	512	509	231	201	389	362	384	422	394	185	317	34	113	580	489	176	413	339	234	57	337	190	135	452	408	101	21	393	284	564	434	21	143	337	149	30	416	584	300	146	561	521	222	497	423	271	14	137	113	336	92	166	252	137	529	216	0	274	152	334	363	360	239	522	72	291	563	56	326	178	520	249	294	90	506	461	313	366	17	553
268	4	396	472	344	563	52	119	210	404	132	72	338	416	125	238	308	21	258	316	124	77	184	70	405	423	238	129	255	422	305	509	233	108	240	497	548	269	303	113	313	129	70	508	482	478	236	89	533	30	558	442	404	425	530	257	163	42	230	194	540	495	110	323	538	333	12	184	255	69	366	2	286	572	527	387	381	0	256	542	20	5	326	131	322	462	295	465	25	560	226	383	12	570	449	386	464	454	583	489
475	78	437	418	504	412	305	5	222	549	575	544	439	582	407	373	319	228	585	264	357	155	259	57	348	321	27	198	136	515	288	454	368	445	61	574	26	108	285	28	421	169	250	234	516	469	264	371	467	136	425	310	376	573	147	406	374	577	213	444	37	132	179	561	425	103	230	511	346	333	167	273	543	402	218	112	273	356	0	406	178	200	449	196	252	526	46	425	44	111	306	196	182	570	2	511	472	364	485	163
341	153	536	265	222	245	219	31	23	466	468	391	317	419	154	502	547	360	477	138	443	336	152	534	114	444	102	203	464	6	42	385	77	316	497	89	566	488	462	307	378	223	549	464	22	574	560	528	16	324	477	343	58	92	442	514	47	240	125	55	131	108	116	205	409	560	419	540	461	112	374	388	584	143	304	555	264	499	200	0	141	439	398	517	80	131	412	422	486	582	231	95	390	249	343	179	95	370	47	130
397	152	456	407	326	290	529	155	387	145	428	503	303	130	47	266	494	528	131	197	91	72	59	18	281	256	312	388	558	409	82	300	76	341	65	145	149	19	583	533	180	387	40	312	181	496	455	221	489	132	569	232	149	304	351	24	576	141	422	94	310	339	307	395	218	141	82	121	505	395	353	55	394	84	107	220	360	300	358	417	0	279	45	264	42	416	434	540	169	469	293	273	444	467	583	317	168	416	445	194
430	506	26	205	139	382	391	261	540	443	546	572	545	256	545	356	461	272	202	243	84	123	285	523	71	288	237	580	188	435	35	76	99	31	249	505	194	45	70	502	409	534	562	434	100	292	296	345	552	403	321	332	111	566	430	544	197	174	257	426	69	532	270	420	14	552	204	22	65	408	457	222	125	334	256	322	540	383	15	91	57	0	513	85	390	569	359	317	362	439	102	156	333	48	128	514	21	289	554	250
555	171	103	5	551	510	450	340	291	423	515	50	245	537	341	151	85	466	11	26	494	166	239	368	547	214	564	507	527	28	275	221	118	475	324	174	182	210	319	541	49	249	515	24	233	219	512	91	83	151	262	302	14	415	101	299	540	453	251	75	111	380	353	435	102	560	578	533	562	39	396	95	553	433	372	105	437	580	52	215	190	278	0	571	2	537	258	412	104	279	480	523	552	79	386	239	74	409	458	345
301	459	5	560	434	492	144	254	554	420	31	237	284	158	421	576	136	528	129	330	47	416	223	583	171	261	16	157	231	180	370	370	269	158	481	156	411	259	78	574	74	423	508	54	125	466	374	20	482	96	272	521	393	196	266	332	215	402	176	27	477	66	189	342	133	74	539	551	91	536	75	567	546	154	339	252	458	360	255	299	152	368	239	0	182	413	316	68	129	235	1	184	289	402	100	203	405	520	124	372
2	490	253	518	181	182	139	521	326	387	532	116	419	556	486	210	172	515	470	78	202	309	407	503	184	64	324	11	502	397	245	496	300	568	96	354	374	329	52	276	347	176	272	275	303	249	20	25	243	510	275	113	179	89	390	541	432	153	149	226	124	562	313	277	346	307	123	520	18	503	408	209	40	475	337	530	550	318	30	454	241	501	55	180	0	504	491	12	330	217	540	442	151	4	384	202	234	109	55	6
422	439	309	519	359	160	66	247	325	515	528	388	70	481	82	124	10	574	492	537	255	363	272	144	146	291	38	467	292	128	203	38	274	331	182	567	478	306	53	190	98	170	117	55	301	184	9	142	91	487	254	473	234	472	284	582	325	539	499	161	494	74	466	73	15	339	452	414	224	485	104	533	328	126	166	195	422	449	270	38	528	234	72	165	561	0	351	94	307	365	276	31	66	193	358	473	431	214	35	4
578	338	465	561	419	252	186	246	581	315	190	332	150	309	134	294	564	231	219	535	36	253	357	470	484	393	229	304	295	304	482	473	9	84	11	234	458	514	303	220	319	328	545	336	309	113	21	141	139	542	127	281	504	440	534	233	396	476	494	249	283	373	295	117	433	110	350	280	98	377	226	199	326	157	326	207	292	211	459	107	548	376	123	329	491	208	0	191	402	342	171	497	170	458	515	379	116	172	294	214
64	161	190	123	397	140	575	444	489	313	87	316	182	193	440	75	329	410	497	563	128	40	309	439	504	444	93	198	242	208	123	408	96	334	228	50	286	201	531	230	420	284	556	247	292	38	542	199	552	290	400	429	350	209	443	492	379	180	60	273	236	18	334	410	265	215	265	240	498	411	255	515	22	207	41	158	165	516	56	99	358	524	364	5	167	318	490	0	239	484	203	489	80	135	353	346	21	115	412	326
267	289	534	114	425	174	355	278	570	147	40	121	39	55	51	221	350	387	254	327	29	489	351	416	411	219	473	467	283	230	377	170	179	415	326	263	23	130	521	498	109	91	5	188	192	371	214	574	507	250	275	202	169	356	159	494	30	49	444	348	503	376	23	88	296	51	10	578	567	251	156	58	291	340	325	386	351	526	122	537	318	436	285	241	33	508	20	199	0	65	108	194	390	420	164	45	230	167	251	250
239	561	195	68	184	232	209	163	73	279	224	366	580	30	522	253	109	413	84	3	529	247	496	453	263	416	490	435	91	194	123	575	255	454	246	176	246	180	292	341	200	554	120	316	154	81	301	437	237	535	414	33	242	28	510	60	63	194	25	563	94	496	354	325	171	222	466	138	213	22	438	207	260	136	153	115	80	549	142	118	231	105	199	433	139	68	161	238	524	0	198	67	297	436	279	337	525	397	415	159
502	416	572	298	294	328	30	101	153	394	577	169	125	397	487	193	534	155	541	448	191	572	553	514	81	365	325	422	289	159	483	472	294	323	155	524	57	94	392	119	521	373	345	72	28	6	143	361	574	564	258	445	221	271	429	309	74	512	148	407	404	109	207	97	512	560	542	143	320	419	81	111	386	411	180	457	65	469	431	316	308	381	264	290	172	132	378	238	28	380	0	81	171	194	244	133	491	311	220	532
30	196	435	226	528	580	511	145	541	111	254	479	421	524	176	184	419	173	578	199	330	135	340	462	479	432	32	144	486	189	198	163	128	301	274	304	373	139	518	387	335	580	283	491	575	542	218	532	97	63	231	545	20	398	574	551	299	530	92	497	363	480	454	534	71	297	384	516	527	515	424	330	2	365	562	514	147	312	274	140	65	506	485	82	305	409	119	343	535	324	96	0	494	413	254	419	241	24	494	65
580	301	208	519	135	366	123	448	116	479	77	522	317	310	482	358	60	231	219	172	275	350	486	390	505	213	231	437	137	62	258	398	191	115	17	256	526	57	556	8	293	449	316	206	496	293	447	253	103	444	376	411	142	22	534	11	12	380	217	298	362	464	327	223	449	135	560	571	257	145	484	448	485	482	397	142	143	151	369	191	537	121	183	320	385	261	305	343	216	410	402	83	0	510	353	6	182	340	312	250
175	497	296	216	406	399	543	263	287	336	456	128	83	235	38	13	534	335	368	245	23	180	458	420	123	344	398	411	501	19	228	107	153	18	265	446	121	471	571	524	197	80	419	75	111	4	137	213	327	221	244	382	373	572	375	433	553	478	184	252	218	456	248	304	35	320	550	372	418	479	174	470	30	380	417	252	388	152	407	493	539	298	442	458	551	355	136	515	531	552	370	137	437	0	483	329	89	559	390	39
234	240	424	277	523	53	167	159	507	228	93	448	283	373	248	197	180	36	576	374	114	47	355	501	64	530	128	146	323	268	281	443	76	583	132	452	417	4	376	373	367	397	319	48	327	498	381	405	513	321	262	465	201	162	84	68	134	280	402	454	260	472	510	194	500	234	124	123	323	549	64	40	47	455	237	330	160	33	14	199	369	539	477	81	367	105	50	570	68	579	193	78	178	42	0	2	239	240	292	392
96	427	173	296	372	569	475	215	569	88	411	579	123	229	100	52	57	49	390	283	292	57	206	383	509	149	242	364	580	537	180	478	565	471	433	584	103	372	28	409	324	79	196	237	365	181	304	345	273	318	171	407	2	584	435	7	528	470	22	406	442	340	215	293	27	66	107	549	119	317	88	381	545	186	36	98	107	98	517	553	268	331	540	128	120	180	215	225	31	34	308	440	395	305	300	0	488	264	325	11
249	277	119	198	457	569	49	506	388	477	273	564	284	208	4	377	84	374	292	541	121	146	573	576	162	543	156	524	481	438	228	552	139	555	506	525	141	503	224	103	347	78	116	137	132	121	387	38	481	532	350	170	425	13	314	271	582	369	371	236	581	33	471	191	485	521	220	540	201	110	460	216	96	157	333	576	526	388	495	183	173	394	290	34	136	295	241	169	114	418	372	563	441	182	152	501	0	526	254	426
467	453	486	334	354	476	210	316	264	402	220	214	383	301	93	357	241	166	114	387	62	529	110	184	41	19	576	474	284	185	149	485	345	512	521	185	576	259	470	285	138	324	337	501	445	206	528	534	321	235	493	522	516	157	111	432	280	164	108	172	206	120	415	368	523	24	164	93	473	110	218	197	559	558	86	213	466	276	376	68	71	101	520	142	449	143	127	135	533	578	184	109	21	201	216	153	259	0	515	66
216	68	393	505	32	483	432	56	273	300	35	77	427	106	138	110	511	291	464	82	137	91	331	181	458	381	435	498	400	114	457	253	160	316	480	420	268	202	54	212	198	97	288	20	511	23	551	344	122	411	23	282	261	121	561	250	561	222	469	286	237	313	344	577	562	122	30	244	109	72	280	34	6	112	233	510	219	354	232	475	458	581	565	231	308	57	127	450	471	349	73	469	337	406	124	494	53	422	0	549
450	73	576	223	194	214	285	450	104	317	495	82	130	488	163	179	312	474	407	166	42	414	563	537	48	400	32	63	526	330	347	479	448	300	7	372	325	395	492	535	51	349	446	549	527	577	509	4	509	513	96	279	401	161	529	174	98	330	436	16	135	200	82	273	515	553	420	310	85	365	560	481	5	273	441	165	465	450	553	299	481	177	351	305	353	261	48	108	141	404	285	261	442	255	375	516	501	224	546	0
