A	B	C	D	E	F	G	H	I	J	K	L	M	N	O	P	Q	R	S	T	U	V	W	X	Y	Z	AA	AB	AC	AD	AE	AF	AG	AH	AI	AJ	AK	AL	AM	AN	AO	AP	AQ	AR	AS	AT	AU	AV	AW	AX	AY	AZ	BA	BB	BC	BD	BE	BF	BG	BH	BI	BJ	BK	BL	BM	BN	BO	BP	BQ	BR	BS	BT	BU	BV	BW	BX	BY	BZ	CA	CB	CC	CD	CE	CF	CG	CH	CI	CJ	CK	CL	CM	CN	CO	CP	CQ	CR	CS	CT	CU	CV
0	568	42	221	556	426	373	274	703	198	290	87	384	143	385	201	534	354	55	605	391	391	277	765	140	595	239	555	69	458	13	735	690	169	193	51	609	419	705	182	123	751	371	426	734	616	456	66	170	328	13	180	331	466	337	603	395	199	605	14	190	337	157	151	585	227	650	263	538	167	284	376	525	317	751	351	364	274	9	557	235	557	226	91	152	299	38	266	157	452	12	540	386	523	602	495	575	42	547	68
659	0	214	132	726	101	203	514	420	684	381	763	134	558	329	518	639	535	498	239	137	196	39	166	736	315	716	728	511	681	407	781	655	383	135	29	337	372	457	389	285	315	233	662	36	6	714	297	533	657	371	722	487	768	250	168	763	724	692	592	391	717	660	308	104	236	398	117	486	639	108	500	382	69	747	318	653	479	143	486	754	251	465	478	482	8	506	152	426	556	7	363	320	653	752	104	533	191	713	174
325	569	0	747	16	34	87	143	685	696	596	704	168	598	103	213	179	747	448	381	154	400	575	527	318	585	518	484	752	621	704	523	159	412	200	744	396	573	221	658	343	626	548	348	225	614	568	300	207	513	781	165	70	198	261	438	732	425	264	259	251	277	692	53	160	697	3	740	145	107	415	129	287	309	483	421	111	389	621	548	55	145	452	596	610	745	57	559	428	31	566	430	158	325	153	368	197	33	94	416
502	197	649	0	643	516	160	571	528	699	137	513	544	506	151	147	471	607	685	27	360	537	483	19	505	280	415	445	73	450	504	69	552	633	432	584	185	547	557	662	154	202	755	702	737	585	770	424	173	125	516	529	465	710	613	170	94	647	84	519	661	456	695	407	493	509	462	23	252	331	392	516	641	569	130	187	351	659	182	509	111	414	411	482	718	528	765	222	77	464	56	161	4	773	75	251	454	80	293	12
12	496	155	468	0	671	475	519	240	479	329	396	403	424	139	3	140	430	656	267	148	758	398	625	114	512	498	193	782	396	473	447	283	530	411	690	7	317	617	407	391	318	343	523	331	658	271	480	495	348	247	640	289	454	673	295	411	76	422	533	213	724	72	480	78	146	685	531	572	205	628	427	22	198	271	138	194	67	489	243	108	675	623	460	615	268	624	605	142	103	725	71	515	149	475	65	134	193	422	574
268	134	630	659	774	0	713	395	630	40	753	263	399	267	384	482	121	129	485	712	282	655	176	238	24	232	522	66	39	471	552	523	18	254	695	240	706	592	604	731	127	29	505	587	103	199	24	507	548	502	621	579	56	199	178	146	346	326	745	160	238	588	585	740	755	765	40	65	152	265	646	389	404	446	740	139	721	192	194	160	176	208	670	73	185	487	4	367	309	717	688	453	42	491	192	413	336	763	216	666
398	339	112	68	526	405	0	769	60	643	669	360	38	144	527	579	219	288	42	506	426	447	647	347	286	598	670	473	296	164	356	512	403	683	710	483	465	41	126	757	588	675	315	193	83	236	444	363	482	615	527	244	536	505	300	114	327	547	306	406	39	725	739	474	423	626	154	561	776	619	108	597	289	548	242	318	668	665	696	541	367	662	437	255	770	177	330	195	573	526	9	73	441	227	483	768	691	32	110	241
776	582	388	17	625	394	386	0	149	266	58	51	345	527	500	189	702	447	525	246	10	218	276	190	132	77	474	28	559	61	441	743	654	599	258	699	720	618	687	411	662	356	117	159	767	782	470	362	749	708	342	600	645	775	385	137	347	202	425	501	256	348	337	409	333	377	241	596	362	59	54	677	736	748	57	227	67	412	387	462	297	237	316	719	93	154	623	340	621	261	111	447	648	563	701	352	489	335	745	775
279	493	604	230	756	301	539	268	0	620	753	503	763	776	685	712	476	60	344	698	758	411	403	777	226	280	588	577	745	642	292	676	16	633	248	129	614	685	770	652	454	469	322	391	680	426	165	743	5	177	772	465	348	541	166	271	400	113	740	637	723	523	352	583	54	201	149	243	93	259	246	243	285	26	164	467	305	57	44	724	430	704	348	180	534	782	277	449	463	722	263	133	480	48	337	744	62	118	468	28
228	427	129	1	28	537	553	683	11	0	217	65	425	74	308	40	414	760	656	309	372	441	754	169	404	708	154	163	723	417	724	107	454	721	686	267	727	157	725	327	198	46	198	266	605	322	748	369	747	609	556	208	765	167	234	751	682	214	215	535	307	427	502	562	27	557	512	713	382	262	225	58	635	343	376	619	687	497	465	321	518	534	30	548	572	524	716	288	313	768	161	267	568	553	713	621	276	148	699	32
136	130	653	652	522	651	599	412	683	717	0	25	40	360	380	439	411	467	512	404	242	187	105	663	614	157	97	394	761	757	170	322	416	134	49	573	138	113	591	166	485	122	617	572	354	356	713	13	119	28	115	260	455	161	723	152	29	138	359	479	580	394	603	509	60	536	351	642	702	209	421	100	518	626	490	2	505	538	394	68	544	548	326	686	265	159	776	170	599	776	54	437	551	312	170	346	519	103	679	208
30	281	172	8	676	378	562	41	34	749	151	0	81	15	139	208	779	16	417	569	703	337	55	756	486	13	322	36	435	258	491	731	1	329	595	49	523	583	667	330	365	535	561	658	737	203	673	768	650	94	611	260	761	678	506	217	274	631	172	501	29	539	112	725	288	766	517	505	227	206	654	591	406	94	515	158	467	58	360	240	770	185	278	671	46	466	248	731	686	764	443	334	464	386	390	643	345	46	665	231
47	467	234	151	208	691	309	747	627	253	222	586	0	640	642	546	440	80	227	427	774	667	579	663	8	128	233	613	526	693	602	173	94	430	318	408	402	543	677	279	11	297	365	106	144	355	242	752	7	362	77	414	484	20	316	307	533	527	546	1	351	736	463	574	650	56	516	119	115	395	733	131	486	209	568	384	526	711	703	561	329	466	751	589	580	524	340	83	284	264	87	680	457	511	529	352	716	537	249	450
242	460	346	449	148	664	154	186	701	719	645	713	80	0	480	237	233	610	430	500	612	90	395	214	447	23	261	80	652	388	589	167	218	308	128	392	244	552	292	421	199	604	779	251	432	414	120	728	610	392	274	476	677	173	780	332	469	657	78	581	304	512	730	351	447	474	756	592	376	706	364	489	495	229	338	197	53	584	1	72	650	355	347	325	638	765	208	509	344	385	416	481	40	218	297	86	685	717	142	584
465	92	661	231	233	759	744	234	638	85	74	216	457	4	0	98	643	715	415	232	733	729	269	544	122	611	93	641	424	27	52	487	745	583	325	31	155	419	402	320	430	578	246	135	135	72	149	665	139	362	144	637	761	581	781	756	497	680	559	676	508	216	697	476	604	20	240	381	53	683	304	436	501	599	70	68	256	563	156	325	243	777	774	625	677	349	341	313	696	541	153	601	147	749	110	773	526	430	394	72
409	329	508	562	593	580	452	389	101	96	617	521	445	439	19	0	581	755	227	775	194	523	1	6	613	257	424	113	304	534	307	648	507	645	207	102	53	594	433	564	540	637	408	371	622	105	138	776	720	99	398	58	314	247	681	719	436	589	619	262	239	114	630	394	480	575	678	49	758	305	292	699	9	41	344	131	28	781	155	227	260	123	599	336	690	526	636	542	346	636	29	554	36	496	767	117	782	604	530	198
74	33	701	336	578	562	409	605	244	522	77	202	431	708	766	217	0	425	127	287	528	352	565	427	649	247	499	202	307	359	132	258	277	89	357	121	81	678	740	685	630	704	297	717	441	584	182	66	476	689	769	420	72	151	485	379	340	401	574	90	644	489	160	355	35	541	529	705	386	782	533	534	247	37	432	102	311	676	720	281	485	206	29	417	354	217	80	393	62	69	202	91	286	75	51	739	186	208	220	469
603	611	769	84	372	414	646	590	703	752	370	693	477	360	570	60	470	0	408	416	152	9	741	387	703	422	346	10	466	45	345	705	661	745	367	492	221	576	267	564	378	289	600	454	130	717	567	470	417	543	390	159	719	29	373	254	485	740	184	449	614	670	109	5	261	209	633	74	624	370	383	668	702	428	669	129	688	32	547	485	711	574	421	643	529	333	305	222	217	702	561	586	149	670	257	291	249	699	172	125
443	428	404	715	641	87	400	521	117	248	565	17	513	277	607	717	707	57	0	127	135	243	423	60	334	489	206	780	468	524	151	43	171	66	112	583	742	544	604	64	349	493	558	166	17	457	173	53	203	219	31	641	346	278	371	770	107	419	628	93	649	692	371	285	722	449	278	692	628	174	216	429	129	13	252	677	549	548	368	523	437	503	385	282	676	578	621	433	180	535	29	565	276	228	257	518	651	209	754	278
55	356	320	775	269	18	182	611	493	113	775	129	46	743	246	695	385	565	499	0	417	593	29	764	641	326	128	637	426	252	380	431	706	730	482	418	729	63	713	775	280	393	670	396	433	734	60	640	260	693	542	489	10	362	97	599	507	272	26	298	449	584	173	531	43	748	398	216	317	390	500	448	685	670	69	401	555	177	274	354	622	178	215	724	159	458	765	45	187	582	662	307	135	454	570	277	212	474	366	522
580	659	604	490	497	438	706	601	233	61	34	697	240	497	420	229	580	340	80	405	0	400	656	682	573	28	214	516	660	292	298	515	249	474	481	568	695	299	347	779	312	364	208	96	634	336	111	568	575	216	680	780	289	86	511	39	728	319	158	334	359	420	111	553	575	454	542	350	701	512	766	717	420	146	456	639	182	666	352	325	236	398	38	182	550	230	428	426	274	156	210	22	146	672	343	186	147	368	502	572
61	31	237	779	210	8	154	146	304	293	237	322	553	217	5	730	716	544	264	650	291	0	669	441	169	588	538	114	562	303	492	451	668	94	609	237	103	6	780	355	775	140	351	319	442	654	81	404	169	691	776	444	761	416	616	140	18	720	175	782	8	607	293	6	422	103	762	65	94	521	429	390	5	157	87	253	578	89	735	525	719	348	744	199	150	610	704	50	594	316	430	240	714	512	536	478	210	539	81	709
44	233	552	334	50	714	665	584	104	334	526	136	577	738	443	329	332	297	272	104	464	189	0	558	199	601	601	346	739	378	395	488	49	462	415	166	440	493	168	66	590	717	536	736	491	162	81	135	361	738	144	570	750	69	96	744	198	511	654	666	77	389	586	668	203	278	16	449	753	445	531	506	431	50	340	258	247	713	281	550	118	2	757	560	239	117	747	32	696	731	329	327	33	385	40	596	535	278	217	628
326	223	649	738	257	470	600	97	692	587	738	614	294	515	731	147	236	663	399	137	354	99	407	0	770	236	35	330	22	426	446	201	733	202	268	754	778	328	9	562	249	70	732	88	435	778	98	763	678	700	398	540	484	409	295	685	561	42	754	643	102	74	49	1	347	434	701	282	266	578	28	324	585	183	275	571	148	658	53	518	450	494	333	775	462	421	547	133	18	650	328	667	417	452	553	71	775	174	264	673
31	316	351	370	77	512	154	566	296	246	273	257	106	507	338	592	260	314	340	413	577	567	71	314	0	244	656	7	495	271	511	514	782	3	735	20	123	333	287	763	545	245	775	633	714	729	121	162	711	488	474	763	781	26	382	650	545	93	632	685	252	695	227	327	49	266	247	394	730	479	478	645	548	296	525	766	567	138	375	762	134	264	336	110	244	34	668	167	502	528	775	695	211	23	692	601	605	24	721	456
143	345	548	228	761	67	28	19	43	696	484	661	324	7	247	249	699	459	111	289	632	677	369	364	378	0	223	239	402	414	252	282	285	540	749	778	234	501	208	358	589	43	30	238	101	292	331	239	757	591	759	293	253	565	757	225	44	113	641	440	494	380	680	610	477	541	731	532	506	180	651	367	660	260	726	32	364	703	33	67	63	458	224	779	624	484	153	446	544	398	440	158	285	489	319	292	173	406	684	400
8	346	78	619	603	756	109	299	543	585	624	200	385	478	460	84	619	644	153	320	483	494	388	5	560	540	0	431	52	529	658	257	298	660	138	666	664	126	683	100	217	543	83	291	522	349	105	289	411	346	462	657	138	713	299	88	536	380	574	50	274	27	758	543	26	289	732	64	535	372	207	161	775	448	62	132	427	418	444	384	605	94	168	75	415	238	64	314	68	418	651	306	481	702	3	409	35	659	544	661
277	220	724	56	413	264	742	401	777	172	224	576	215	412	137	610	467	421	680	276	8	155	156	5	689	323	712	0	549	485	88	437	566	401	725	292	541	617	482	297	195	19	242	689	159	307	419	710	455	503	515	190	718	138	720	31	618	588	350	396	405	400	244	772	408	192	629	530	509	679	223	98	646	605	563	108	218	688	91	306	324	699	537	398	192	743	11	272	613	465	205	75	568	588	115	443	533	712	318	762
597	143	521	146	136	751	92	358	558	179	21	413	291	368	18	214	88	312	686	463	177	590	658	80	705	575	403	566	0	724	1	435	198	28	746	549	516	22	66	730	485	62	770	693	333	536	649	413	268	11	391	493	125	664	511	609	350	492	339	696	242	125	130	102	755	702	147	698	154	623	491	41	549	70	507	416	138	122	283	298	373	245	662	225	658	609	595	682	329	489	484	691	26	522	736	52	656	623	592	331
501	94	674	105	126	117	250	99	37	607	648	672	549	74	687	11	194	690	382	623	522	112	722	120	532	243	695	749	73	0	297	483	284	225	526	591	653	775	769	721	287	621	208	14	38	405	369	558	24	153	569	50	75	290	343	63	559	221	781	134	665	423	484	615	435	193	771	582	682	41	6	742	541	662	390	139	382	564	199	115	142	673	49	608	293	28	741	370	86	86	492	768	325	496	533	18	200	637	8	687
470	262	290	777	495	634	754	288	60	736	13	358	343	323	614	587	761	234	698	392	198	330	99	720	609	660	3	14	584	60	0	517	604	81	201	634	211	158	212	496	123	419	768	144	362	455	775	309	434	3	416	35	703	98	598	145	782	286	157	133	34	602	292	477	99	562	106	322	305	680	324	459	638	689	695	203	382	659	488	127	554	730	774	584	290	491	438	357	320	725	646	530	125	473	274	591	384	703	554	222
779	119	355	134	748	183	689	233	106	684	735	697	79	413	507	318	385	781	175	295	44	696	661	280	674	109	713	184	268	781	244	0	761	482	578	248	538	601	289	46	474	59	560	261	130	155	420	432	387	51	132	748	128	418	185	266	45	167	120	625	749	37	607	309	18	284	446	770	488	449	655	135	89	273	707	12	498	415	529	259	646	355	293	203	729	503	222	586	256	42	331	665	144	242	424	698	250	84	476	564
50	626	245	722	767	656	78	104	416	431	418	413	176	345	105	235	127	649	190	296	157	491	758	218	719	259	325	386	708	751	12	243	0	258	239	196	95	726	573	510	527	95	131	628	169	211	198	602	648	395	351	141	374	238	84	354	731	455	301	696	629	434	34	351	217	562	88	284	128	419	112	7	548	87	649	690	574	152	281	745	84	153	464	342	83	132	756	107	206	556	407	419	642	37	315	39	280	593	604	766
76	155	665	59	171	421	234	379	495	162	354	456	514	577	265	481	114	316	522	589	367	409	255	280	39	310	432	456	731	445	231	57	231	0	29	107	330	525	666	429	421	304	458	469	520	299	400	401	72	600	259	655	377	310	392	655	196	149	434	492	235	261	333	248	171	187	24	184	383	236	538	65	367	510	232	552	706	282	448	310	767	510	264	153	610	415	665	138	276	384	222	9	617	135	76	730	769	782	382	680
545	700	123	314	371	304	779	316	737	659	100	422	551	533	471	122	226	287	605	41	707	469	542	507	61	192	323	771	25	471	422	315	643	725	0	350	775	746	36	533	554	312	466	649	160	88	629	486	672	19	56	702	234	295	211	16	28	673	777	322	494	181	465	262	560	95	76	154	259	390	595	271	613	741	157	388	268	231	156	41	673	37	484	69	493	65	297	541	686	422	329	530	182	68	623	502	195	364	175	227
763	299	770	210	713	613	376	339	93	685	65	529	479	484	605	442	274	241	415	689	740	590	596	700	140	487	707	267	22	780	455	587	437	50	258	0	713	453	765	567	624	299	132	309	347	5	157	736	134	712	774	340	589	262	360	200	543	461	575	570	237	191	72	519	379	41	465	633	239	402	125	132	141	365	344	740	706	307	452	310	393	27	731	684	229	372	709	159	37	715	9	620	550	663	61	153	300	690	682	436
138	44	291	702	561	725	671	332	495	108	170	738	641	228	395	367	211	252	637	442	421	203	431	287	179	679	28	350	406	720	277	724	424	71	90	708	0	53	664	22	674	614	157	175	236	233	185	197	343	244	316	671	257	141	129	666	269	310	458	76	160	658	338	211	148	231	221	423	551	518	637	347	449	615	617	267	750	272	182	156	647	101	619	289	16	422	584	716	306	479	1	428	431	218	639	553	577	558	71	203
34	545	459	621	659	123	255	30	481	467	137	334	585	425	693	383	83	85	497	657	355	665	774	384	162	773	50	631	344	303	221	603	732	653	674	567	27	0	730	153	17	357	519	268	676	493	635	695	766	20	390	396	322	214	282	493	146	180	213	447	436	690	466	772	670	32	413	777	506	77	648	272	533	381	319	484	416	470	48	474	46	356	509	593	711	716	97	346	673	721	600	20	216	142	541	709	458	69	297	266
216	365	28	11	597	19	111	658	571	13	408	196	615	517	303	141	182	239	239	354	377	685	373	296	235	192	419	275	45	723	371	761	763	183	445	598	550	36	0	619	503	411	764	177	106	623	746	745	427	424	246	63	3	781	407	222	665	507	168	515	242	299	187	721	525	210	142	569	307	414	755	302	725	578	534	386	673	98	223	298	634	310	101	102	528	553	200	287	191	201	641	689	32	69	409	314	41	484	522	103
265	390	252	422	321	684	220	351	63	253	676	654	504	373	559	215	573	330	28	425	507	552	574	220	590	325	605	754	91	448	609	759	197	332	78	34	593	91	171	0	633	278	172	635	81	468	65	672	596	219	364	342	771	225	559	522	645	32	66	686	750	530	194	386	748	656	690	425	192	44	225	64	748	738	202	28	647	284	114	356	266	56	538	120	169	621	680	641	582	443	715	536	275	326	236	610	556	750	637	635
700	254	680	617	108	454	158	777	408	143	540	554	190	699	547	324	101	219	39	383	674	719	385	590	739	173	181	239	228	123	569	772	415	478	79	526	719	716	660	737	0	148	222	248	746	455	566	129	444	261	714	248	580	118	757	311	457	159	209	444	722	683	313	133	575	180	419	172	393	146	369	747	54	709	190	440	157	397	291	230	279	196	297	589	752	101	136	82	751	218	532	447	87	775	742	525	714	43	296	559
401	383	723	613	657	132	260	674	550	63	45	522	407	323	247	382	657	356	59	439	90	50	485	355	289	744	180	85	604	115	38	610	648	450	422	353	540	40	477	675	306	0	93	167	732	647	676	108	749	600	298	172	487	171	452	235	324	373	231	437	366	120	135	12	4	441	215	101	596	84	718	47	493	499	443	118	314	494	316	346	80	412	433	709	488	146	570	678	479	621	472	483	529	6	361	454	610	774	410	776
354	699	537	183	457	481	441	342	413	159	757	295	535	314	405	354	766	332	418	348	139	231	549	403	319	615	684	221	701	470	422	568	648	527	394	730	745	724	590	400	66	629	0	163	165	754	508	74	750	187	430	634	552	415	601	242	225	776	28	421	61	24	513	80	65	83	618	411	616	634	190	462	551	738	366	258	318	357	636	774	258	699	407	186	552	64	109	702	493	282	677	658	769	466	114	738	234	58	689	249
434	247	298	310	354	762	497	198	257	203	520	603	395	456	80	214	487	425	585	221	49	733	454	188	31	66	52	125	152	324	25	210	390	18	227	678	703	247	776	141	632	505	240	0	250	207	581	592	191	161	153	142	159	490	672	158	171	570	559	465	697	228	600	115	716	150	308	154	431	81	341	560	730	703	400	268	265	659	577	412	69	137	225	220	539	64	648	526	658	341	167	136	86	751	592	399	238	686	777	457
61	228	341	200	568	631	262	135	695	67	674	204	415	31	299	338	703	162	102	610	128	771	179	522	228	635	533	661	198	494	14	596	376	142	91	139	688	431	649	200	162	314	359	69	0	50	673	202	7	633	540	373	121	260	307	751	198	447	290	591	224	352	601	111	265	38	227	691	631	213	14	281	30	392	762	45	453	489	605	688	85	619	373	274	680	362	412	206	119	324	488	456	102	488	707	555	624	164	413	426
170	280	64	712	230	758	358	133	464	710	295	362	468	270	339	137	719	540	492	318	426	71	345	466	689	676	772	253	444	554	118	605	190	564	364	16	70	384	605	689	602	144	623	530	596	0	179	706	268	32	773	208	9	547	541	164	549	745	214	94	98	50	577	247	642	387	239	222	681	206	722	38	252	310	138	625	185	250	604	773	227	723	76	296	764	577	440	164	13	365	379	108	438	38	527	731	408	110	488	505
308	540	481	480	503	60	113	582	682	61	598	585	388	347	573	97	721	137	417	706	699	119	380	212	16	1	570	745	532	55	256	752	389	282	629	68	684	99	652	326	634	516	78	510	669	359	0	473	697	707	79	314	27	359	438	298	694	707	276	683	733	672	567	95	294	284	247	445	314	377	663	632	29	64	453	738	650	116	665	678	53	776	481	526	575	601	68	551	340	357	95	770	641	550	638	324	5	9	233	317
585	246	264	61	348	271	664	657	204	293	539	547	402	163	102	186	768	559	277	664	152	620	88	410	91	561	6	450	222	99	748	73	271	173	385	48	167	519	294	123	550	140	308	272	451	550	306	0	692	162	23	216	46	477	160	247	613	301	367	259	58	516	208	620	750	612	588	678	636	144	551	286	652	48	522	425	127	622	194	583	480	40	27	764	428	434	34	539	29	660	458	504	455	277	775	588	164	130	185	336
601	385	673	48	337	390	484	25	307	762	325	60	415	543	336	311	644	258	472	559	567	17	360	410	235	353	422	729	764	711	170	668	475	391	562	161	302	692	746	475	657	726	428	240	619	422	690	580	0	636	93	447	475	727	136	707	53	2	224	247	397	484	268	118	682	533	529	338	63	765	54	332	422	192	265	216	608	429	656	164	416	24	194	621	711	661	203	735	250	276	701	64	361	141	127	548	436	503	44	639
458	221	365	95	709	294	110	209	688	364	364	52	525	487	378	607	252	269	580	740	116	620	129	446	622	414	337	781	700	339	369	1	165	75	512	514	465	352	379	244	216	739	561	727	130	232	412	547	524	0	16	318	519	408	20	656	422	608	204	516	510	516	297	4	519	313	636	498	586	28	321	250	522	71	713	84	632	763	350	577	727	234	678	424	89	725	401	340	411	654	361	582	146	287	103	585	356	560	455	311
128	310	337	44	752	548	217	13	6	450	673	355	448	571	591	772	435	156	345	248	323	235	461	94	424	462	442	470	361	266	346	236	300	611	519	307	183	372	419	633	23	85	650	143	633	675	754	753	463	307	0	71	705	648	425	599	212	219	729	130	318	88	387	729	659	96	235	312	413	174	620	693	343	343	440	220	388	353	407	158	202	735	351	45	340	649	65	105	362	168	730	743	70	167	120	548	545	256	159	543
115	588	127	125	396	285	667	507	187	386	490	78	9	456	62	680	378	223	358	225	380	346	478	659	10	440	373	557	738	345	131	88	136	345	47	416	218	142	550	741	437	324	654	745	99	713	710	653	404	342	767	0	483	592	271	291	331	514	682	462	281	451	258	782	70	637	356	448	240	204	594	632	636	634	528	585	746	137	584	323	4	399	509	11	315	68	34	291	768	129	610	652	665	627	619	594	49	248	506	620
107	701	94	275	510	406	134	630	5	766	341	464	127	464	113	47	662	322	328	299	577	3	233	38	554	564	639	513	223	673	483	740	752	530	45	120	445	178	11	594	21	764	475	624	129	639	590	481	365	764	297	11	0	606	56	639	681	680	782	656	641	637	504	569	558	371	117	392	419	54	386	109	84	303	115	93	266	119	714	599	462	412	415	288	579	27	185	394	712	239	400	685	755	438	396	81	52	689	290	469
511	146	595	719	31	412	51	390	115	741	686	153	770	308	526	578	660	443	97	612	754	113	605	506	406	19	491	632	697	82	339	645	24	688	81	442	28	777	711	453	453	652	562	758	448	634	400	775	500	698	412	158	83	0	148	63	471	502	420	537	319	391	164	378	377	310	551	353	3	416	782	513	469	336	522	295	615	737	635	486	651	232	61	87	420	759	646	738	355	623	69	31	390	661	462	256	256	182	312	400
54	772	109	737	60	264	481	620	203	39	441	378	91	101	199	782	537	377	168	421	516	590	700	372	731	710	693	88	727	292	305	32	701	546	731	284	630	544	562	251	256	437	686	692	635	67	691	430	324	681	459	519	227	437	0	639	379	540	669	330	231	83	18	184	416	773	486	515	641	434	272	424	357	666	64	614	293	547	275	698	231	250	623	558	40	65	494	98	662	668	242	141	447	534	654	578	599	748	115	538
245	340	627	182	772	431	43	714	201	763	68	234	495	614	241	359	651	143	162	478	22	407	68	407	738	217	376	297	514	156	361	400	479	288	781	120	69	59	485	720	488	571	233	762	426	614	189	676	302	557	217	469	596	97	339	0	107	733	413	265	182	706	287	124	330	78	645	642	184	142	733	233	340	367	453	528	81	473	73	8	197	441	741	226	676	73	773	467	390	73	643	716	440	273	737	307	262	361	451	59
515	413	356	56	66	9	415	260	281	394	334	171	617	181	398	32	166	543	381	769	259	52	165	310	623	530	70	644	10	344	265	612	116	266	196	705	11	627	270	410	137	752	438	86	452	54	519	279	44	386	20	460	149	693	246	652	0	64	709	57	35	615	544	176	16	203	357	149	656	557	93	660	777	73	390	41	639	50	769	443	142	465	280	182	654	55	446	468	650	14	189	673	170	263	535	763	383	164	336	67
616	231	204	304	150	594	286	773	234	316	343	519	252	292	14	765	394	735	484	663	726	337	754	603	770	686	82	57	210	658	639	618	260	628	167	515	93	603	492	586	252	58	649	251	209	609	121	282	416	197	338	525	22	353	205	750	549	0	164	584	62	678	731	688	640	324	69	299	301	504	521	565	179	420	351	780	717	285	105	487	51	422	297	7	490	156	450	207	73	290	272	534	41	318	288	241	474	426	59	656
408	265	698	547	559	575	768	439	424	574	544	384	30	15	439	65	227	694	620	445	549	86	616	279	358	494	223	164	64	546	441	381	123	18	311	632	286	111	458	412	231	709	515	649	485	422	599	262	427	623	657	248	299	280	691	283	84	128	0	219	600	645	618	164	567	597	686	384	189	725	165	490	168	272	39	69	529	13	225	408	185	689	224	364	64	22	242	642	293	557	448	391	563	197	53	379	743	277	424	43
78	27	62	154	178	667	291	398	621	499	616	219	51	453	572	194	283	346	42	465	583	574	730	55	693	739	29	728	262	157	499	286	497	542	167	674	39	616	681	56	595	653	586	433	15	55	556	67	500	636	4	202	366	122	224	388	458	79	474	0	151	153	723	135	286	561	634	630	220	444	299	25	10	534	63	405	586	693	87	91	81	720	165	125	151	388	593	505	291	580	329	338	597	707	493	608	737	686	251	278
484	122	166	483	486	649	512	22	493	636	580	563	768	422	460	546	642	568	274	34	398	555	728	409	471	71	151	534	542	703	43	18	256	572	363	205	652	303	755	447	525	24	677	551	46	250	760	429	734	646	62	668	199	177	535	112	673	569	598	446	0	244	207	609	747	710	536	560	187	40	546	632	37	498	591	73	2	109	176	646	169	703	298	765	469	705	255	403	73	8	571	670	276	98	280	764	232	650	497	71
694	279	222	43	478	157	149	377	7	173	149	453	118	238	277	509	721	753	37	728	57	544	451	242	615	442	75	495	147	606	177	649	124	610	717	711	89	672	130	505	736	279	695	209	711	26	97	120	500	333	591	642	688	301	569	176	173	684	618	298	81	0	742	780	422	296	707	233	1	522	66	551	422	52	376	446	119	137	263	593	403	468	227	187	164	269	138	521	563	558	582	553	440	782	196	513	468	191	690	762
549	361	311	145	450	393	412	709	82	420	87	382	342	199	233	384	747	339	779	194	658	626	780	70	31	109	204	297	346	408	651	571	73	12	367	282	505	416	767	697	157	21	418	591	673	572	525	476	52	385	84	719	341	437	639	412	56	149	231	429	688	597	0	167	83	160	245	593	604	580	73	234	112	386	540	540	435	55	8	349	475	56	295	519	332	771	570	380	299	182	269	313	225	495	674	51	213	320	325	555
509	408	262	351	559	262	348	674	251	593	404	537	555	776	450	310	612	506	749	722	207	321	514	668	17	518	209	8	529	146	535	518	479	477	716	1	114	90	467	110	337	12	749	220	437	262	357	437	782	152	435	330	40	26	496	66	775	103	274	541	256	302	458	0	278	20	37	447	24	122	556	111	182	111	60	154	55	752	485	307	676	162	502	27	737	324	74	364	689	557	223	66	625	315	566	402	409	97	194	392
400	745	246	543	728	366	537	350	24	222	481	55	763	428	317	685	652	110	505	341	537	226	609	605	220	295	391	412	485	124	530	302	252	597	444	148	301	669	377	93	754	445	765	89	718	86	531	185	576	463	191	85	602	127	310	273	663	114	452	779	8	281	181	276	0	736	377	743	269	95	26	160	449	75	763	701	520	433	471	17	425	147	354	582	684	8	604	635	430	738	739	704	264	703	367	405	287	175	76	437
167	211	590	544	23	710	249	262	14	197	677	190	565	462	450	646	141	494	280	91	376	687	314	208	207	144	43	521	437	79	532	281	229	248	286	547	10	262	53	481	499	248	312	87	272	104	461	248	592	115	198	542	403	73	93	46	386	316	586	636	764	96	677	121	193	0	598	173	535	93	256	643	125	30	605	557	717	516	385	332	755	189	664	554	543	395	403	219	761	345	122	429	696	80	49	481	460	638	463	244
762	695	472	318	455	382	133	768	102	494	39	606	530	597	723	196	434	438	34	278	58	779	355	559	323	350	351	160	244	539	76	648	628	470	246	449	75	325	132	3	617	374	699	299	762	31	142	180	557	276	127	719	364	669	38	445	297	620	771	555	135	682	623	261	153	717	0	371	207	567	678	356	18	115	188	421	175	380	309	710	445	449	169	493	717	80	664	572	168	108	471	62	489	18	17	379	579	345	199	347
644	86	480	176	102	340	417	642	15	454	406	58	61	323	134	8	38	570	609	310	504	209	125	240	566	526	713	449	427	355	598	206	35	106	419	263	386	745	774	736	179	376	150	65	340	676	138	611	42	742	50	583	207	285	455	252	512	337	659	35	473	632	369	304	399	709	383	0	429	229	534	358	310	363	24	649	287	371	80	166	425	658	239	688	319	710	425	9	390	307	280	605	480	387	93	727	600	86	324	499
203	469	70	771	465	560	281	582	38	209	705	197	161	217	367	207	159	230	311	82	241	675	191	206	686	249	584	165	613	3	746	366	611	669	623	401	2	164	658	396	278	765	539	97	190	452	160	322	16	56	654	273	729	444	530	730	487	703	467	121	132	632	771	312	717	540	480	651	0	16	637	571	774	165	472	670	40	664	289	323	58	395	270	1	66	283	335	375	765	731	479	428	179	30	538	324	662	701	135	261
306	210	192	616	702	681	664	101	214	411	658	574	476	738	425	193	198	28	75	328	254	230	766	677	533	738	621	743	773	780	492	140	716	722	738	740	19	26	252	124	244	538	348	137	392	739	30	462	257	746	210	318	113	754	557	280	720	327	66	561	144	548	53	484	14	401	154	529	448	0	402	71	129	96	539	571	82	403	84	16	397	111	491	20	651	781	123	672	313	306	279	406	717	454	183	61	206	106	423	774
574	132	580	718	456	433	776	629	441	73	365	1	535	280	100	123	414	90	651	504	656	226	435	128	373	71	526	765	152	355	415	603	690	372	738	70	748	739	96	75	338	748	410	47	471	195	117	395	350	614	745	19	411	634	562	745	285	580	86	275	769	181	505	720	640	10	562	725	221	490	0	378	219	641	772	698	95	98	171	526	13	561	535	434	432	335	615	330	468	605	232	298	343	675	349	705	65	623	342	435
514	725	303	510	512	647	659	378	677	192	419	494	94	711	443	142	215	583	498	170	696	547	53	403	218	358	546	135	458	362	407	188	775	115	134	81	402	371	727	302	742	496	27	674	686	376	233	15	4	217	718	381	333	145	6	73	84	746	446	413	445	640	531	435	143	475	782	582	706	538	457	0	454	341	214	611	753	29	135	96	7	739	521	445	485	76	388	122	732	630	75	367	317	90	588	448	641	26	708	8
548	86	387	475	68	542	171	29	779	533	413	315	457	697	184	244	191	186	454	639	317	49	415	135	108	141	33	128	573	621	318	658	274	512	606	570	116	594	579	123	153	726	591	407	710	701	312	143	436	29	500	138	481	394	244	174	127	525	232	266	413	660	630	685	467	591	496	732	452	339	498	328	0	586	548	534	649	235	251	585	738	85	712	88	776	264	286	224	437	268	714	692	547	464	225	176	390	373	162	599
7	364	360	91	38	652	616	90	666	679	304	487	659	526	546	648	328	157	330	568	17	158	593	338	671	628	77	415	298	77	703	663	138	171	657	74	135	265	407	645	770	301	89	43	561	721	83	712	107	758	771	320	628	275	389	609	490	151	345	373	399	521	86	525	393	561	683	459	229	366	391	278	29	0	452	497	578	669	356	154	192	27	295	619	163	390	284	335	429	63	245	535	649	63	341	422	289	487	613	524
339	557	697	496	528	482	448	6	539	499	673	743	487	486	37	312	182	359	539	10	365	362	643	439	521	164	324	306	732	763	460	700	733	673	474	777	520	591	283	106	92	411	100	521	75	690	299	682	737	350	734	688	87	89	680	127	585	147	732	131	239	297	464	273	750	249	326	304	297	113	49	502	132	632	0	250	184	538	242	689	748	567	689	149	731	264	301	269	294	82	681	368	606	265	129	202	28	204	778	370
660	459	291	133	211	184	278	725	768	185	120	374	571	19	271	638	628	515	208	634	269	192	168	599	282	407	292	291	764	30	363	78	106	176	488	508	780	171	163	138	275	470	599	169	603	731	370	195	251	723	746	551	645	207	20	665	552	708	120	184	774	306	765	397	469	183	696	390	401	634	591	495	36	158	484	0	329	476	503	672	148	71	199	552	556	376	268	197	388	510	102	438	307	539	553	396	153	516	255	739
145	593	431	779	279	575	595	462	486	703	10	546	670	331	753	446	534	304	638	322	244	148	651	82	549	580	370	80	31	582	347	644	322	95	393	83	613	595	260	516	351	775	83	118	341	652	237	734	412	77	718	625	16	553	434	244	446	340	726	630	379	34	735	287	330	501	731	546	65	532	445	702	575	405	476	772	0	90	640	82	644	120	397	60	222	234	264	644	506	695	210	756	665	478	424	375	340	250	90	229
750	58	57	672	51	73	142	684	568	11	543	740	205	412	511	551	434	460	243	602	577	194	173	447	381	667	278	363	485	588	421	346	727	478	522	281	621	483	566	769	760	147	71	606	483	201	355	664	298	267	155	71	511	302	545	158	509	146	562	403	764	445	43	82	137	493	513	309	378	121	430	56	55	360	371	286	67	0	252	83	741	520	147	31	169	279	164	330	43	351	449	82	457	5	204	134	162	53	367	731
617	251	290	629	356	12	281	517	743	76	15	644	401	325	170	364	453	147	579	68	517	269	363	552	581	394	565	763	201	751	711	350	220	624	766	423	65	572	421	505	585	358	158	170	491	646	73	308	377	174	257	686	245	760	322	39	484	757	363	716	654	8	267	675	13	33	298	321	92	96	153	723	479	323	504	89	129	475	0	77	190	181	173	486	645	741	764	51	194	440	292	501	599	88	217	259	59	448	738	250
96	482	709	49	442	16	98	519	31	651	593	457	371	561	138	654	257	449	692	7	382	98	4	486	176	15	403	369	235	558	389	5	684	650	736	238	411	627	248	104	589	188	402	191	300	207	517	386	132	6	526	177	493	486	291	280	683	95	235	443	322	10	30	87	414	415	211	15	572	29	382	710	370	55	469	460	390	357	189	0	505	777	498	562	254	130	747	29	329	14	324	730	766	110	381	698	627	156	242	2
715	217	177	533	146	727	427	154	688	131	253	697	558	660	403	317	663	21	193	96	707	349	271	82	417	640	485	256	69	574	264	127	725	179	616	498	534	242	441	464	281	661	256	281	772	263	688	407	80	310	704	290	369	321	329	665	599	141	507	254	713	171	38	471	361	354	131	438	454	276	125	761	437	763	404	697	179	24	691	108	0	706	367	158	460	569	724	745	330	735	691	501	64	359	619	82	162	608	76	392
661	558	286	6	756	778	46	346	19	365	181	615	18	78	376	655	276	133	168	52	594	291	123	121	314	646	383	262	559	84	480	175	67	234	243	130	687	116	220	755	499	737	618	325	483	171	54	559	120	275	779	735	365	466	332	99	37	479	523	311	568	582	31	273	107	342	376	442	479	32	724	340	451	424	544	11	713	569	782	320	486	0	554	64	320	644	180	692	508	723	469	693	434	243	398	486	389	393	634	729
659	442	133	612	760	382	29	761	780	746	27	42	546	518	96	442	633	745	446	196	407	210	269	716	459	667	458	305	154	521	505	375	584	452	445	117	597	23	267	99	413	428	107	143	338	650	655	9	219	746	467	431	712	741	444	779	724	200	97	707	95	137	359	60	779	720	645	102	354	686	588	97	245	728	393	472	455	69	581	109	414	725	0	394	521	549	430	142	448	375	33	597	512	519	705	294	257	117	163	314
256	674	133	251	243	772	291	686	153	396	635	14	734	469	132	66	568	684	105	199	198	588	757	221	598	126	92	149	288	617	389	622	766	272	387	130	252	70	767	390	201	728	681	253	203	44	220	628	123	37	33	482	580	608	457	660	590	28	727	590	676	223	77	573	595	368	432	765	515	97	416	733	185	720	223	81	180	303	83	546	284	403	48	0	646	350	532	431	307	501	316	319	700	166	46	303	478	8	214	370
116	228	276	551	183	649	74	775	544	40	545	113	720	435	556	748	644	347	564	680	327	640	697	426	455	270	73	679	328	273	252	398	42	601	532	248	666	305	724	686	501	133	738	390	753	715	77	437	118	160	590	330	584	628	568	376	177	661	479	279	675	704	109	707	331	301	733	523	627	702	289	724	667	437	36	416	94	600	743	63	35	651	103	479	0	287	262	96	159	50	535	779	619	182	304	186	338	503	298	9
762	543	339	204	682	611	555	165	442	697	214	617	207	418	528	756	70	584	100	138	267	212	755	724	704	285	82	777	598	563	201	516	595	253	172	406	160	350	238	431	452	540	377	561	54	142	387	712	210	358	315	519	326	463	685	410	676	365	637	432	523	661	310	671	659	660	660	368	7	586	663	176	379	169	541	291	574	437	15	325	702	213	357	67	551	0	427	705	385	491	306	516	570	316	419	225	664	201	236	631
2	546	307	324	271	66	593	302	522	330	10	242	579	307	160	117	186	656	251	708	593	453	730	176	716	149	666	195	202	681	494	630	128	263	388	384	763	707	559	515	473	258	64	332	31	15	88	745	91	513	761	17	661	240	30	698	494	528	109	186	433	474	26	743	216	345	624	380	209	496	721	561	286	233	629	20	98	251	778	38	213	149	316	274	315	720	0	419	110	488	365	451	543	144	297	471	669	487	440	186
595	768	563	677	163	572	561	486	574	774	174	180	733	748	658	109	525	394	193	293	541	182	529	357	713	52	15	687	98	118	625	148	677	324	1	321	483	759	633	28	431	37	312	349	63	611	6	486	583	496	722	122	21	311	247	399	82	152	357	459	33	729	770	751	774	517	424	196	715	230	708	87	747	234	227	162	299	773	624	308	520	628	5	392	622	105	257	0	487	690	480	95	240	398	34	146	253	411	476	40
13	458	293	282	503	270	151	666	246	751	90	141	11	239	102	565	454	678	710	406	135	506	83	84	220	10	690	166	651	769	564	409	111	2	46	97	737	262	615	262	612	446	667	411	565	115	81	311	153	49	689	712	464	273	708	609	291	209	71	429	70	272	169	11	490	703	440	778	398	262	110	246	114	319	600	90	434	455	389	211	345	249	667	266	303	25	531	311	0	559	763	153	86	331	481	430	319	654	582	657
180	433	25	150	449	303	765	334	627	632	329	53	763	493	437	714	664	537	562	437	49	22	119	564	31	358	274	278	770	500	641	680	96	380	177	536	30	365	52	159	507	476	122	359	359	380	487	511	170	136	650	469	45	756	617	278	467	651	354	146	11	471	607	427	138	457	203	142	698	219	489	235	773	527	454	771	127	98	297	71	502	131	201	569	244	383	475	59	423	0	549	742	432	619	305	499	437	662	160	562
692	477	40	636	485	55	435	627	58	425	252	745	332	593	273	527	275	220	72	527	332	135	324	753	396	209	674	174	527	599	215	580	370	598	76	622	433	38	378	692	170	663	478	440	32	27	553	92	193	100	506	88	430	171	362	224	75	415	588	767	747	751	341	653	110	18	459	675	731	753	344	122	440	56	686	629	94	175	25	5	706	42	655	130	780	695	185	494	532	607	0	640	677	369	712	617	570	561	322	381
403	420	314	64	420	630	190	29	40	399	724	40	295	739	534	322	403	522	461	196	148	358	33	656	314	669	54	236	715	95	424	378	324	707	381	115	724	75	644	668	296	409	767	523	110	466	341	148	661	38	663	327	685	375	630	255	89	728	302	74	295	576	225	782	421	629	343	381	49	236	607	490	216	118	485	402	114	461	125	539	700	474	90	160	591	186	754	732	444	639	175	0	420	666	510	637	453	598	699	778
665	49	512	223	563	341	200	476	387	385	713	742	142	582	563	666	354	23	114	579	268	360	534	316	68	767	85	552	546	16	444	316	465	471	505	39	84	284	401	11	486	356	156	68	208	353	580	281	620	108	694	236	628	361	774	227	731	179	459	460	370	671	139	700	139	407	325	4	6	583	39	243	572	461	343	360	76	668	163	94	77	393	141	629	242	689	566	412	278	669	122	163	0	539	737	462	105	672	282	684
718	248	511	651	3	121	593	98	279	183	678	559	632	444	156	510	193	167	613	280	691	133	349	21	372	328	109	283	7	765	190	197	79	344	617	323	620	437	776	527	732	14	330	694	240	286	541	112	333	310	157	121	666	530	722	650	23	750	290	426	647	110	521	38	33	679	346	96	71	23	51	208	56	772	373	156	294	554	556	698	371	207	571	104	577	514	342	186	211	279	529	2	682	0	363	311	740	410	28	238
72	13	127	661	746	533	24	319	482	270	624	94	351	450	772	696	131	497	466	436	480	110	743	254	143	482	83	322	58	184	541	208	505	113	601	172	760	178	599	738	455	661	374	190	156	319	741	590	565	113	293	732	277	210	441	184	662	450	205	526	353	554	407	13	636	660	166	232	29	498	82	557	483	335	653	379	698	290	713	681	390	426	126	44	646	373	355	710	575	556	68	287	601	701	0	43	426	274	420	665
126	677	626	415	674	230	196	738	615	699	284	11	651	721	616	502	745	708	3	389	91	546	319	578	342	28	26	279	726	769	656	659	205	557	316	408	107	145	293	340	176	580	139	674	460	661	167	745	378	665	579	548	651	644	601	619	91	77	95	427	407	297	97	780	732	398	458	610	181	104	478	623	487	150	671	497	89	174	99	452	682	336	101	630	260	350	445	378	530	626	76	693	764	505	199	0	98	157	566	226
32	698	501	272	228	57	666	780	221	281	624	41	656	681	125	363	771	270	56	632	496	493	109	261	377	524	341	335	623	458	513	63	385	649	331	645	718	45	765	137	270	167	686	438	50	502	131	618	112	279	127	540	701	381	724	362	733	569	247	702	460	110	493	31	439	444	152	261	263	419	154	259	216	488	760	320	495	134	634	249	245	627	636	615	387	321	84	473	575	185	764	511	750	648	107	103	0	574	1	137
232	196	690	465	128	156	408	105	28	387	240	650	196	529	766	656	69	252	520	274	671	757	616	202	104	424	633	678	760	698	693	278	698	436	491	184	206	324	1	120	416	200	547	537	307	281	748	283	493	649	216	172	628	68	685	493	184	430	427	312	56	747	293	427	582	266	12	353	523	227	132	121	527	771	31	518	634	72	643	394	662	175	781	177	152	413	44	229	668	61	96	360	176	374	395	528	163	0	360	348
508	12	628	31	4	238	717	60	193	669	223	430	540	507	622	677	115	222	531	767	746	433	728	185	773	266	126	44	488	169	598	530	511	312	420	283	25	279	451	724	472	490	272	520	119	211	301	327	201	645	566	466	721	514	777	498	442	21	447	243	497	591	736	315	182	385	760	292	229	430	642	196	247	61	448	352	373	617	248	149	733	633	248	42	173	96	241	335	430	763	212	780	160	387	450	454	607	326	0	672
707	250	546	478	387	240	536	324	616	366	669	633	417	52	406	483	374	231	67	690	426	648	719	4	751	75	298	579	120	589	637	722	729	192	162	734	133	141	467	442	189	730	723	444	186	74	76	573	709	166	642	36	27	353	85	258	536	463	422	382	618	535	449	172	672	218	408	164	670	536	306	483	157	284	107	674	267	322	225	737	154	560	696	23	92	406	260	327	68	623	466	195	590	700	318	602	487	307	436	0
