A	B	C	D	E	F	G	H	I	J	K	L	M	N	O	P	Q	R	S	T	U	V	W	X	Y	Z	AA	AB	AC	AD	AE	AF	AG	AH	AI	AJ	AK	AL	AM	AN	AO	AP	AQ	AR	AS	AT	AU	AV	AW	AX	AY	AZ	BA	BB	BC	BD	BE	BF	BG	BH	BI	BJ	BK	BL	BM	BN	BO	BP	BQ	BR	BS	BT	BU	BV	BW	BX	BY	BZ	CA	CB	CC	CD	CE	CF	CG	CH	CI	CJ	CK	CL	CM	CN	CO	CP	CQ	CR	CS	CT	CU	CV
0	218	82	295	55	76	85	235	327	18	260	159	268	112	222	338	252	54	340	250	104	131	228	116	53	226	201	217	245	88	118	176	185	131	12	262	263	146	125	174	263	239	226	304	4	257	59	291	59	87	110	127	332	205	313	36	266	336	44	315	338	214	304	72	209	224	83	222	162	50	111	210	62	66	176	72	266	15	30	74	25	5	7	154	23	150	326	128	256	178	163	314	226	91	85	297	317	261	78	137
223	0	186	237	99	330	251	243	270	249	24	55	290	39	57	331	258	109	167	177	243	202	256	89	129	149	141	27	5	302	215	29	227	3	293	114	172	57	183	3	69	267	197	288	230	133	198	3	327	278	56	30	19	199	195	175	339	64	337	265	125	280	280	11	33	4	339	81	57	51	314	118	25	238	251	196	33	283	180	9	136	182	126	284	2	152	111	230	30	242	203	79	192	253	138	158	314	227	57	46
92	4	0	275	21	15	339	122	43	171	115	261	184	198	242	271	234	190	310	68	198	159	337	7	189	283	289	299	75	157	284	102	106	154	106	185	215	158	224	114	297	316	221	309	306	190	114	105	87	55	1	14	285	50	129	194	74	197	44	297	88	13	34	35	88	6	210	37	260	108	303	57	209	246	210	215	314	40	218	301	43	125	334	126	323	176	38	271	174	132	239	264	298	294	311	233	274	115	26	126
235	181	190	0	253	55	102	321	29	230	78	116	293	217	260	331	110	149	119	257	309	46	298	11	157	75	240	132	102	81	152	149	27	46	113	305	127	114	240	126	159	181	250	304	38	314	137	60	6	56	102	180	330	86	136	204	32	93	6	190	288	127	296	110	155	13	239	178	331	260	193	99	37	177	292	208	53	223	250	157	317	88	292	40	325	121	329	194	156	283	108	225	285	230	166	263	293	153	228	17
269	336	274	226	0	164	319	85	203	166	28	330	122	145	235	138	172	128	181	115	162	313	13	109	234	98	337	32	169	153	76	202	190	205	219	26	324	307	241	283	215	339	131	24	301	111	224	291	49	126	129	75	116	137	153	174	107	338	24	274	207	288	291	336	75	187	249	317	27	253	164	22	288	10	65	173	82	325	228	134	186	273	86	232	218	29	168	235	72	209	12	271	155	119	147	105	21	266	27	195
35	303	203	336	100	0	204	225	178	13	54	23	35	131	116	280	58	251	44	310	69	325	202	323	250	5	245	159	143	187	106	148	259	319	313	32	190	5	183	109	109	147	92	224	184	211	301	336	305	81	297	242	134	155	312	16	191	283	312	200	286	321	254	304	231	42	171	62	164	141	11	203	140	93	216	332	254	171	150	154	286	236	304	339	130	163	126	267	249	156	200	156	135	153	52	132	294	238	155	135
77	212	273	331	176	211	0	339	321	228	246	260	52	139	198	307	88	181	308	162	214	86	170	219	179	135	177	263	266	212	70	186	294	121	120	176	56	317	143	276	147	1	316	223	243	103	239	167	249	229	149	69	33	325	252	133	269	284	235	60	67	234	65	257	198	185	109	47	315	58	204	8	129	164	315	288	223	304	152	248	141	283	81	111	123	265	146	305	12	61	338	20	303	269	89	283	288	34	63	190
104	91	157	53	93	287	194	0	32	268	87	48	45	283	281	56	22	282	262	11	321	321	213	212	177	152	81	248	225	68	288	203	253	68	243	45	125	173	286	67	261	93	135	47	192	311	58	324	220	4	61	155	211	262	311	183	208	61	302	236	255	153	241	237	229	114	303	86	49	337	219	13	100	12	333	299	113	142	64	188	276	55	195	220	313	206	227	184	59	148	289	48	131	134	326	38	106	119	62	280
48	257	88	174	28	109	76	25	0	184	291	44	311	280	4	327	114	296	157	54	154	50	202	217	325	41	168	47	217	79	338	255	51	162	291	329	16	27	122	100	260	96	256	174	237	119	208	67	311	327	154	146	90	236	36	53	338	316	54	90	256	100	198	226	129	104	331	211	241	332	167	81	271	11	265	255	304	31	57	265	334	230	47	294	149	206	192	183	28	270	47	28	295	220	238	204	259	116	243	304
233	156	156	5	185	233	283	226	130	0	322	287	70	246	159	100	20	294	252	3	58	28	75	233	115	47	232	168	203	124	297	304	71	94	41	166	264	270	43	83	170	257	128	59	329	7	335	36	287	144	99	161	85	331	183	59	128	254	238	98	128	232	195	34	117	272	116	99	64	316	243	276	3	34	327	103	24	159	317	265	179	198	247	321	58	112	133	65	131	251	92	272	332	37	226	178	155	284	172	294
239	259	202	150	225	271	86	21	240	32	0	183	173	216	43	272	126	246	34	29	153	275	264	310	321	253	311	285	116	109	12	266	286	268	245	155	237	270	6	247	92	322	51	45	175	317	253	4	141	64	302	123	144	156	176	171	315	103	18	147	139	294	179	91	137	6	47	70	21	330	179	195	194	37	89	234	125	114	204	3	58	272	53	238	302	321	214	221	270	242	322	80	136	280	288	210	32	291	107	164
236	293	200	2	172	55	160	90	129	282	298	0	332	63	165	226	233	251	232	223	236	333	176	139	194	262	108	140	203	69	254	204	327	228	280	55	83	87	170	52	296	36	147	210	126	42	178	165	254	91	273	75	252	261	92	314	98	220	207	168	198	263	255	190	220	325	27	44	192	220	157	295	327	102	81	18	229	217	308	235	38	128	152	247	83	14	325	304	147	307	227	81	127	66	196	253	142	266	169	45
143	250	155	79	30	164	54	37	46	45	33	36	0	315	264	231	52	38	67	170	310	131	178	28	263	309	193	37	68	286	192	191	250	14	209	103	267	71	3	241	211	76	330	273	297	140	198	257	306	125	329	271	230	4	204	90	183	236	210	178	29	147	195	22	234	64	16	338	332	302	59	101	24	69	82	4	279	288	174	76	225	179	40	82	270	136	186	178	149	59	310	36	215	73	171	339	238	337	269	63
166	165	137	295	141	323	103	256	32	61	243	237	265	0	71	298	240	60	55	240	86	333	59	101	114	63	22	164	267	189	310	275	205	161	262	284	191	173	186	272	189	54	269	12	113	99	82	300	151	30	139	253	86	192	91	157	20	64	223	189	22	188	253	142	118	272	113	252	233	233	321	161	250	157	235	111	96	91	185	205	298	180	93	248	318	317	323	148	263	93	274	9	270	213	268	194	309	169	162	233
296	38	65	265	61	211	161	160	181	164	38	281	96	202	0	230	53	136	216	267	8	330	176	113	288	272	335	329	3	133	244	6	222	185	146	195	170	42	50	323	173	222	159	221	296	17	3	321	238	223	77	183	1	62	240	276	174	32	269	164	36	195	291	338	16	220	285	70	191	232	46	265	5	284	12	19	277	335	57	286	188	84	13	130	291	131	262	100	266	95	93	226	144	51	103	324	286	105	222	170
254	323	72	120	278	237	49	136	193	106	135	19	204	118	292	0	184	278	224	247	38	217	190	24	242	142	340	295	192	10	27	138	312	244	95	294	143	108	112	285	39	173	188	220	11	287	128	53	52	118	28	271	124	90	320	23	165	74	248	304	236	208	34	51	303	22	334	104	289	25	335	298	205	226	319	279	338	199	119	210	255	276	168	7	178	21	312	66	176	35	167	288	14	287	84	322	67	306	96	11
174	74	156	309	290	322	82	210	73	57	293	134	2	167	197	61	0	27	282	178	219	308	143	122	109	181	257	253	86	139	273	189	2	239	55	151	87	188	294	254	283	253	286	168	268	213	162	254	330	34	280	299	330	292	151	131	76	261	60	156	142	29	336	93	294	14	53	229	225	64	301	238	136	261	301	104	151	238	176	15	289	226	48	57	286	267	175	44	229	134	319	85	89	204	275	226	71	325	230	85
231	106	38	279	189	272	144	174	20	157	88	104	58	268	225	74	255	0	2	141	271	326	124	160	110	244	330	173	57	150	217	170	77	305	83	135	70	53	303	145	306	305	211	171	21	72	113	207	219	300	262	213	64	131	238	181	286	137	140	111	169	161	119	283	225	32	218	152	134	284	207	118	99	287	63	202	297	263	254	12	81	263	75	318	124	19	22	78	246	91	150	29	64	206	127	191	169	243	167	286
95	214	154	273	50	94	259	45	129	310	70	263	158	186	215	82	210	82	0	284	188	57	114	94	15	112	124	169	236	269	287	85	207	84	288	8	305	338	194	2	64	24	225	4	187	65	277	308	330	111	249	264	53	178	184	216	55	142	73	270	227	66	81	59	338	140	31	165	334	237	243	235	339	154	254	54	336	32	306	337	223	240	95	188	131	310	310	9	136	122	217	186	123	259	194	223	258	225	54	329
156	330	62	218	19	78	194	110	113	199	296	172	17	297	41	171	235	77	223	0	280	231	317	306	261	268	77	103	313	50	296	290	98	261	30	92	226	254	300	338	248	128	99	16	323	65	1	58	207	137	318	59	303	25	57	274	32	318	212	293	129	201	285	108	109	54	75	141	23	16	240	294	278	74	215	208	322	96	216	231	172	325	79	217	340	146	30	102	331	337	51	158	245	36	323	78	231	104	321	248
140	125	146	47	319	3	268	225	234	26	222	42	116	114	305	60	316	175	237	283	0	42	334	190	323	116	207	295	23	301	257	23	307	281	46	266	181	278	21	64	237	265	264	258	276	191	138	252	300	255	215	268	8	120	212	308	9	298	139	47	6	5	185	241	45	88	113	106	268	114	58	43	140	86	135	333	273	309	286	224	49	43	54	325	81	236	154	190	252	325	328	233	240	67	46	301	309	275	275	86
157	160	273	294	150	302	165	283	225	83	298	158	28	158	236	260	114	67	197	70	308	0	327	60	29	207	66	97	240	158	272	59	21	19	229	107	317	176	66	235	276	155	121	237	289	336	270	224	60	96	252	224	268	327	74	101	115	68	128	47	291	267	36	178	133	169	276	172	164	16	305	329	41	322	208	337	299	179	179	83	203	334	279	156	32	171	304	329	78	35	280	95	96	277	223	151	31	148	323	155
256	298	323	1	83	6	339	18	87	130	165	143	78	231	70	80	113	151	225	205	120	231	0	307	12	191	292	274	302	230	171	16	47	42	57	218	306	300	271	317	37	103	115	263	203	166	53	66	275	78	242	278	280	61	37	289	82	270	262	324	79	266	191	36	236	46	3	216	299	151	28	134	167	278	188	219	281	231	208	28	316	318	325	192	42	17	291	1	269	338	67	181	285	82	159	143	277	8	10	198
196	295	148	198	146	10	19	268	72	289	200	334	236	220	226	128	340	291	173	82	309	318	20	0	64	53	243	105	192	112	225	61	266	137	324	67	114	91	271	274	243	28	263	246	297	258	81	95	223	74	9	233	26	9	186	90	111	164	81	153	289	60	116	134	88	179	189	240	57	203	6	161	24	265	148	183	235	40	194	309	93	177	68	27	211	77	70	247	118	146	314	129	176	26	202	173	148	73	339	157
129	178	303	117	69	196	250	290	299	24	291	213	41	8	162	36	313	311	282	201	96	63	35	105	0	125	284	128	251	34	217	239	106	271	8	252	33	121	194	166	298	130	165	3	299	110	144	320	245	148	322	87	245	158	83	52	30	253	104	299	283	162	169	129	29	235	43	86	256	337	9	5	147	138	234	11	26	131	77	91	226	251	297	103	325	293	337	304	17	292	199	240	314	181	270	259	191	330	176	6
16	212	285	333	232	252	131	112	231	124	136	171	331	176	273	306	150	139	318	31	247	204	204	176	128	0	133	133	261	108	266	61	182	155	93	60	53	155	30	38	334	229	153	275	90	63	329	175	233	311	171	187	91	26	299	49	52	51	159	270	238	179	163	174	200	123	53	28	93	26	144	301	240	109	77	26	12	68	193	206	245	42	263	159	22	53	49	79	217	133	333	181	144	306	232	310	175	98	300	338
183	273	113	340	76	35	287	311	98	303	314	52	148	22	237	36	176	78	25	245	246	220	276	70	167	93	0	65	110	317	339	134	288	150	68	159	321	273	304	232	112	227	255	19	155	166	313	20	258	163	168	148	143	303	95	2	65	124	121	321	90	49	257	17	48	302	212	264	271	33	112	124	246	38	143	109	89	148	195	49	291	34	210	197	264	168	303	302	194	306	314	105	34	50	115	258	19	140	183	112
274	33	299	142	300	257	149	213	220	239	166	306	318	152	6	165	187	150	78	3	16	40	108	156	154	294	291	0	124	6	9	289	226	325	111	57	231	294	33	42	309	248	15	130	240	189	234	229	220	52	130	1	235	96	39	297	158	284	257	142	172	210	285	96	261	29	27	227	279	286	149	204	73	261	172	138	57	101	312	186	38	212	42	288	307	134	41	252	302	65	76	311	259	252	139	320	28	128	72	84
308	88	9	321	133	192	159	85	41	68	284	58	131	2	128	199	106	292	106	2	280	53	40	185	188	137	97	37	0	140	40	156	26	329	290	306	147	86	70	70	163	249	145	234	327	180	4	176	325	16	36	223	265	62	50	48	26	302	166	231	146	305	254	312	338	113	110	302	176	278	299	184	222	331	53	307	199	326	41	280	72	245	49	1	151	212	156	27	203	86	263	234	86	250	250	136	101	91	162	17
30	157	230	300	189	9	300	96	223	93	45	31	198	80	300	16	10	253	139	7	74	42	274	4	281	51	22	124	20	0	284	46	101	26	196	304	25	155	332	169	294	111	62	152	81	51	245	108	171	324	128	80	81	331	176	281	211	252	221	71	169	62	218	85	211	42	80	325	132	197	172	196	33	5	301	315	242	261	234	119	66	144	165	230	102	15	146	274	35	42	234	116	193	121	14	263	288	156	154	107
224	318	89	24	280	63	276	159	213	224	136	149	232	165	10	103	254	3	256	127	19	338	81	4	94	117	333	247	211	33	0	97	135	94	142	153	226	212	189	170	183	192	146	241	105	113	158	247	152	333	46	23	261	125	328	202	36	68	63	284	90	282	147	200	86	150	131	19	26	244	79	224	84	130	114	303	129	111	38	215	55	177	294	157	53	202	86	215	6	118	237	289	129	269	121	18	283	278	132	220
142	288	124	56	25	287	294	54	271	89	206	20	35	6	337	118	270	105	319	336	278	262	27	77	10	241	229	166	339	27	153	0	53	79	134	240	65	141	20	32	234	258	180	252	263	84	340	261	52	191	114	219	44	142	324	16	98	176	239	26	234	310	308	122	156	273	202	172	219	29	220	293	36	13	333	235	92	329	12	277	156	87	256	29	198	139	292	75	17	159	205	332	271	180	175	209	318	237	36	168
171	312	330	151	251	125	226	142	281	49	178	69	168	160	195	14	294	196	203	263	307	287	168	266	311	222	243	219	107	30	104	306	0	296	322	277	301	53	6	313	117	11	87	49	135	73	246	111	88	187	34	175	69	293	156	127	5	152	132	175	13	275	265	320	16	112	304	261	310	217	165	237	249	236	264	41	249	332	100	270	227	161	288	259	259	126	271	215	316	186	143	16	314	58	249	15	136	334	331	48
255	256	155	97	159	279	196	232	42	7	130	70	41	48	312	229	100	55	146	248	164	317	65	36	119	316	297	116	246	98	183	59	239	0	181	307	174	332	12	322	62	217	94	222	283	104	210	84	148	279	52	117	292	318	55	297	204	338	220	143	66	269	1	188	48	140	261	328	19	315	157	331	112	318	115	201	172	8	331	291	262	95	171	174	149	244	74	60	313	4	219	155	287	217	224	11	247	296	101	53
117	186	217	292	209	19	316	335	106	78	117	134	310	49	24	306	317	241	32	90	96	322	115	43	331	179	30	318	63	136	311	289	170	322	0	134	204	230	90	133	63	22	47	228	11	263	50	271	139	250	9	23	64	161	183	88	8	80	213	138	189	336	296	317	63	306	134	210	104	238	203	195	325	11	27	69	97	67	271	231	308	38	113	172	148	60	328	294	8	154	272	74	19	218	138	31	199	203	201	291
304	119	150	64	74	279	319	202	55	210	12	255	124	78	269	3	161	5	239	172	224	175	64	264	267	225	121	131	58	81	122	198	256	114	320	0	7	19	311	71	328	20	35	72	174	250	314	303	274	57	208	92	203	188	300	27	182	110	198	156	40	326	282	168	36	69	326	106	31	17	236	305	221	336	246	71	205	169	213	232	254	339	158	134	318	308	257	153	235	313	103	96	210	4	271	241	118	100	177	6
77	316	286	197	184	324	63	298	102	77	249	169	141	123	297	119	243	240	157	318	23	316	284	75	158	335	20	150	227	150	271	262	71	242	158	47	0	91	163	25	299	105	285	220	50	183	304	5	67	252	329	99	16	224	169	286	291	328	47	237	102	98	286	37	76	28	310	111	214	171	138	80	290	295	202	241	192	87	253	6	88	34	271	143	49	141	77	105	273	95	340	64	293	92	186	286	226	285	210	63
213	218	208	48	80	99	47	62	240	317	326	61	39	252	157	330	144	322	287	91	5	203	132	269	332	268	205	337	330	263	14	56	220	290	232	118	122	0	11	166	58	11	311	337	18	135	93	168	197	245	106	103	190	295	36	87	13	267	80	310	317	58	40	170	71	43	293	106	282	92	334	143	294	233	8	241	202	296	280	33	171	10	201	123	40	59	26	38	325	26	315	221	259	321	97	92	47	224	119	8
189	161	217	256	41	132	40	157	30	174	220	339	127	16	223	220	165	172	241	120	118	185	58	140	164	31	45	194	102	280	70	137	259	199	89	257	211	291	0	259	163	258	126	42	239	340	61	248	149	263	224	219	121	4	188	336	321	319	41	196	47	82	245	194	76	131	39	84	238	249	160	279	313	209	60	339	211	280	326	206	221	190	284	65	333	180	198	122	289	303	12	238	115	7	242	327	20	35	299	321
149	50	104	200	26	111	200	60	144	140	63	303	334	47	166	312	149	198	52	220	34	119	78	70	335	299	8	138	64	99	81	112	146	185	13	288	94	177	269	0	34	33	335	280	59	319	228	22	127	286	200	317	179	58	160	148	192	292	203	209	23	55	328	129	222	54	250	337	174	132	217	268	82	130	66	10	16	255	168	135	88	149	304	39	150	8	276	8	325	243	147	275	198	323	242	183	58	117	70	115
305	109	142	278	293	38	205	94	58	204	265	210	259	123	221	6	69	275	128	121	22	339	339	89	336	43	4	97	134	243	44	233	123	48	89	308	113	280	35	253	0	203	138	36	282	306	88	289	149	307	21	167	171	53	74	77	138	206	167	107	236	28	112	154	179	98	4	266	310	293	7	295	265	331	268	188	94	113	43	274	135	5	257	174	12	232	179	335	308	122	87	231	327	283	5	262	42	282	46	276
214	83	206	337	214	190	141	216	97	232	157	54	39	165	87	118	99	143	294	128	158	330	2	286	189	37	183	10	247	186	88	220	178	244	91	52	49	274	106	270	222	0	317	41	290	228	325	104	147	1	246	13	275	323	277	174	290	236	238	136	69	126	307	205	184	165	87	85	177	295	218	80	198	198	115	16	201	94	314	35	255	249	183	2	283	3	77	340	338	167	97	173	277	227	34	312	37	116	79	46
94	116	130	140	227	303	186	230	177	76	254	279	210	305	63	126	186	58	248	77	119	324	185	259	66	217	135	247	219	43	61	61	231	16	166	210	75	25	16	314	106	130	0	208	33	228	96	45	196	160	232	40	10	183	306	30	250	332	41	329	116	75	142	70	311	3	155	156	183	91	136	181	263	93	312	34	160	223	306	64	12	68	294	266	43	188	143	56	201	63	76	214	325	168	28	39	221	88	155	201
141	225	15	8	170	90	255	312	168	155	91	242	236	282	23	317	93	114	177	328	163	263	143	151	117	61	219	17	88	150	171	253	100	1	137	166	235	326	307	4	66	268	18	0	263	51	43	187	57	275	291	88	192	143	33	32	218	248	117	75	49	19	255	80	117	28	225	170	205	294	301	182	288	290	279	303	337	126	10	88	280	235	146	195	111	148	213	106	2	249	110	99	177	132	319	318	145	248	107	60
228	157	161	336	44	224	132	28	88	21	14	2	120	94	191	323	313	323	232	329	123	340	49	206	145	106	337	278	316	25	107	214	114	191	13	195	177	46	271	58	15	213	116	127	0	16	121	228	91	34	54	318	168	83	231	20	11	30	330	25	123	240	223	282	335	131	53	130	137	58	10	280	22	261	19	108	124	317	150	300	145	133	121	253	23	310	293	323	185	131	154	72	332	302	171	37	320	168	258	214
69	68	53	132	340	278	221	23	105	9	26	247	99	265	163	339	264	43	237	30	76	82	208	64	112	128	184	112	198	283	63	330	41	147	260	324	280	81	211	122	121	314	339	106	196	0	253	165	36	166	183	122	166	321	151	138	187	193	260	7	85	132	163	254	165	314	112	321	339	267	102	226	337	195	234	209	250	97	72	5	224	16	100	104	31	156	322	89	77	160	99	235	47	205	107	83	248	205	179	81
254	100	132	206	307	66	148	191	317	187	266	291	68	244	283	64	291	255	151	316	80	18	278	61	42	185	251	221	142	81	247	5	189	201	325	332	3	287	82	258	187	328	147	325	300	205	0	146	66	263	15	35	285	270	163	51	30	246	329	150	175	19	258	148	13	35	305	173	69	179	295	217	56	276	333	3	186	21	146	274	122	117	30	176	39	309	27	331	183	239	109	94	77	64	155	237	68	202	106	253
326	104	172	199	284	192	12	248	14	35	157	150	340	304	296	225	307	58	150	81	40	137	142	242	53	66	118	103	6	106	179	85	188	253	59	278	192	248	218	173	242	128	190	50	139	13	300	0	50	279	41	299	27	301	118	19	186	214	22	324	91	31	70	240	109	286	58	339	63	212	237	61	294	109	276	112	21	296	187	331	30	112	218	242	269	150	77	225	222	310	201	337	159	143	304	112	291	164	136	67
5	5	69	192	248	51	330	299	253	86	25	329	53	133	265	315	286	305	30	271	212	23	39	177	269	70	21	89	331	68	262	176	33	289	284	97	126	167	21	138	122	105	253	184	241	309	48	142	0	154	114	218	191	85	280	275	317	287	129	326	261	44	224	285	124	4	99	170	174	46	14	9	322	58	154	8	185	1	313	102	17	85	171	219	70	176	328	34	301	247	308	281	190	235	293	66	4	208	208	101
111	3	313	226	152	314	286	203	300	92	160	309	337	299	48	12	317	54	117	59	50	109	92	129	272	167	264	186	332	338	330	126	69	199	322	108	50	54	62	70	51	165	279	283	279	26	97	185	320	0	339	286	310	137	103	144	77	107	167	16	74	247	291	201	219	33	61	268	210	259	244	85	173	273	171	50	317	219	259	307	224	56	98	14	296	210	110	335	116	70	80	314	174	285	96	249	115	29	164	81
123	258	150	337	166	213	320	75	180	57	17	67	106	57	165	276	291	12	11	274	146	88	306	32	182	69	17	79	20	25	66	44	277	232	50	276	5	93	219	74	38	41	139	292	135	57	204	240	292	54	0	232	121	16	317	174	99	195	303	204	65	101	160	174	185	291	107	313	248	332	302	226	283	186	57	2	43	220	205	107	206	338	339	155	179	292	333	78	135	256	336	193	228	250	300	255	160	11	287	235
192	209	39	242	158	221	80	244	236	195	222	191	244	276	19	143	10	20	303	213	260	160	31	273	169	328	15	135	81	26	106	235	251	14	310	51	222	92	198	73	219	30	107	22	300	320	178	14	60	2	303	0	221	101	198	116	29	187	183	52	202	320	53	214	130	265	101	334	332	173	217	179	92	87	177	57	75	73	266	100	275	254	295	224	157	52	58	98	8	45	113	2	196	57	334	198	88	120	300	306
37	314	276	329	226	332	208	6	148	44	42	4	189	187	228	232	103	310	253	307	301	95	311	176	226	303	282	226	231	44	84	261	93	173	271	244	297	319	30	301	202	127	23	63	286	151	27	195	246	319	111	190	0	215	150	301	322	116	118	262	248	54	213	50	233	262	65	11	207	248	297	115	92	111	258	183	201	19	256	83	310	233	65	33	179	23	187	133	252	154	318	92	174	181	16	328	264	61	247	164
276	278	330	138	169	172	183	206	115	91	197	158	284	154	48	115	243	301	13	88	209	181	164	3	294	13	202	337	92	280	335	156	166	335	119	331	84	18	318	84	173	223	35	258	288	33	129	329	115	164	274	322	208	0	273	129	182	161	20	168	17	52	106	237	126	16	296	240	97	47	156	300	38	156	67	206	235	154	9	170	243	265	71	224	44	131	178	71	273	273	72	85	285	183	302	262	99	248	27	236
128	223	274	276	114	184	43	284	323	50	73	266	231	194	256	26	255	74	288	203	175	63	61	118	150	24	201	141	55	177	44	213	173	296	234	276	278	37	35	83	68	63	210	40	103	298	334	142	271	295	295	250	288	306	0	262	116	117	53	8	305	299	56	195	81	160	82	38	128	181	145	109	101	51	45	41	304	324	113	195	112	21	297	284	145	338	187	38	44	209	236	194	63	87	160	27	38	232	329	300
145	218	207	279	267	179	225	163	314	161	266	46	71	211	122	113	99	59	113	125	144	74	61	230	147	101	170	202	22	190	337	88	234	256	6	133	90	236	121	34	86	127	325	279	144	333	310	284	205	39	25	151	31	145	117	0	222	269	308	93	176	68	60	150	233	121	128	322	278	163	239	254	277	156	175	112	88	1	80	198	52	94	102	146	2	220	4	311	88	138	17	74	35	58	338	190	315	28	138	25
32	38	77	64	275	254	110	273	320	179	15	84	337	122	95	108	127	145	103	94	308	323	257	25	312	148	128	31	139	85	151	220	43	308	242	271	93	274	127	331	324	299	126	201	231	151	75	167	141	262	270	208	11	203	104	117	0	195	63	292	195	193	252	295	94	142	232	254	213	39	227	334	97	315	313	290	105	71	32	339	100	270	287	173	59	164	140	257	272	38	338	194	230	304	5	332	106	311	180	281
188	27	111	242	176	124	102	42	182	143	205	257	143	181	246	2	293	299	136	297	89	2	122	318	133	47	281	247	83	52	309	95	192	17	198	76	165	33	127	44	186	29	188	45	252	316	177	233	136	12	238	164	278	249	179	32	328	0	168	104	28	21	120	254	212	313	294	179	267	235	334	125	94	50	160	36	315	175	70	237	107	182	284	127	84	89	44	182	72	204	272	21	12	226	176	203	314	24	153	210
22	20	181	20	93	181	297	116	92	223	193	331	164	233	274	186	146	38	230	89	337	216	148	92	181	168	156	251	57	313	257	159	75	98	82	51	22	309	116	76	47	14	53	33	274	53	125	340	157	113	57	84	287	215	20	87	225	179	0	189	269	287	130	8	83	77	213	10	77	77	176	10	257	255	156	75	172	24	161	46	174	189	75	53	64	292	131	324	80	60	193	244	81	327	299	97	159	173	204	320
9	8	306	77	73	110	187	235	333	147	77	3	163	72	222	148	168	98	58	85	183	276	210	46	293	312	233	185	291	228	142	54	134	64	93	103	314	315	286	179	26	165	252	37	232	108	206	135	244	210	32	293	248	325	215	124	102	85	292	0	285	197	166	110	94	152	320	310	35	17	142	227	308	103	86	100	214	145	246	269	5	302	52	70	112	90	114	142	280	301	125	227	14	314	318	209	279	134	140	109
257	191	261	106	97	120	200	22	104	84	181	53	219	203	268	245	109	145	240	91	256	64	202	30	114	323	289	128	161	104	23	46	334	202	207	315	316	260	181	204	304	176	174	324	11	114	65	60	12	71	309	193	248	85	120	330	9	47	320	199	0	114	191	195	185	177	85	195	252	217	335	202	59	127	262	257	333	280	325	81	130	69	288	162	245	122	258	231	229	67	69	147	156	239	229	123	207	251	42	326
91	328	35	269	128	196	296	317	15	142	264	79	241	277	93	192	137	191	57	304	68	117	247	39	213	239	75	228	14	67	125	32	235	40	53	130	200	16	235	16	5	91	142	220	99	82	149	285	89	207	37	244	283	330	277	163	61	279	30	41	246	0	200	277	205	82	12	107	139	210	317	301	123	148	197	87	109	303	145	197	177	275	162	115	338	167	303	254	169	11	223	234	64	71	151	88	48	226	20	46
8	119	125	18	269	101	65	191	227	220	201	49	95	130	90	115	208	119	252	302	312	56	90	200	177	273	58	24	79	171	231	7	270	14	205	46	305	70	80	248	8	115	144	197	128	286	140	4	34	174	221	293	185	50	338	228	207	157	50	241	32	155	0	25	225	266	188	11	66	301	115	57	81	154	270	336	239	22	268	21	87	57	32	331	156	7	5	124	167	294	56	178	301	131	63	226	257	29	206	234
248	275	16	66	63	334	176	261	244	219	1	108	137	132	339	277	324	82	269	109	11	97	36	260	221	155	196	49	49	160	290	96	271	236	314	318	160	61	1	266	183	238	153	277	70	180	320	35	167	280	96	164	245	305	105	54	86	37	109	73	119	259	210	0	47	133	16	99	262	160	141	39	84	91	265	66	333	213	277	326	77	265	71	111	109	156	136	181	44	240	178	207	142	180	215	104	123	135	299	220
304	76	139	86	267	274	224	161	68	288	281	159	315	325	327	170	92	26	272	132	221	206	18	177	217	220	298	181	300	161	79	272	222	76	10	134	224	114	190	60	150	117	162	76	192	111	38	124	80	331	79	210	144	271	40	174	202	147	309	40	83	188	244	188	0	159	305	317	30	136	74	318	92	210	114	14	322	211	282	141	36	293	274	66	247	60	268	87	338	209	313	328	116	238	93	246	173	243	305	182
96	302	317	41	199	16	46	305	7	314	199	17	50	86	170	49	238	232	305	32	9	212	244	130	150	179	231	56	239	120	89	136	305	154	53	127	223	15	336	192	64	34	80	58	258	89	82	298	144	248	236	145	278	249	5	331	304	138	333	104	156	36	139	179	9	0	289	72	158	279	264	271	73	116	119	93	21	21	30	93	200	164	83	283	23	274	66	239	59	158	339	232	160	141	113	104	27	49	192	206
237	292	303	277	54	22	333	231	136	70	111	195	63	22	116	126	304	47	152	284	330	75	130	247	336	71	115	245	145	137	99	187	142	125	48	157	129	40	223	96	331	94	200	148	32	106	113	98	242	321	142	227	136	332	120	145	302	183	204	280	219	105	97	51	11	222	0	129	187	266	144	165	185	221	98	41	255	25	266	306	256	2	297	307	98	206	129	48	260	8	285	296	6	262	7	241	145	155	196	270
78	136	280	53	125	284	205	201	238	11	184	269	256	51	319	159	193	240	40	86	78	179	256	256	51	236	257	110	269	166	30	103	299	79	45	304	60	174	28	131	266	316	129	134	257	114	245	198	234	139	247	44	205	245	11	131	181	287	283	228	119	36	322	143	156	56	300	0	91	122	204	245	249	209	306	184	101	60	263	153	72	254	305	165	23	139	15	140	52	186	234	50	25	66	260	19	133	225	70	21
244	120	24	79	198	249	146	322	46	174	66	240	122	299	62	181	298	252	206	213	181	263	293	156	330	319	279	87	325	292	327	26	317	87	95	134	272	299	72	12	30	325	203	182	214	243	246	140	128	2	195	45	116	190	164	92	157	241	197	285	87	291	52	271	268	119	121	192	0	335	198	331	32	253	76	248	88	285	256	268	227	170	167	278	70	256	242	96	322	156	119	304	302	197	303	320	329	37	67	22
90	252	159	116	73	284	126	259	290	1	291	93	288	127	334	204	241	255	104	272	165	315	202	77	66	179	197	306	144	9	294	48	172	114	335	135	308	109	299	20	328	272	157	247	192	158	301	215	67	140	165	71	336	34	195	251	242	223	66	74	109	298	62	143	77	169	241	216	192	0	53	111	44	245	327	292	280	337	94	146	331	339	143	20	322	116	307	311	53	145	278	308	7	321	113	183	275	67	183	40
87	70	155	77	296	279	42	195	26	139	203	63	84	255	312	243	321	324	258	53	157	122	223	239	262	195	271	147	98	124	192	286	2	88	28	150	64	140	249	275	210	167	299	176	277	37	334	226	162	100	267	136	322	96	102	155	289	123	335	266	155	79	166	83	65	121	16	299	53	340	0	205	161	236	191	167	138	139	306	338	283	226	106	138	181	326	211	241	332	46	273	230	250	287	328	20	139	289	65	141
15	149	53	145	263	266	105	288	316	296	55	235	97	26	196	56	51	273	178	45	275	263	309	132	145	269	180	41	322	33	230	298	339	97	19	240	234	265	90	42	197	37	24	159	3	129	296	247	277	47	314	60	83	38	186	114	227	327	109	140	236	270	205	73	304	111	213	69	108	311	215	0	142	123	157	145	181	255	187	26	103	61	228	120	285	220	241	205	132	182	232	175	328	334	231	151	95	214	93	96
207	301	185	199	324	165	98	123	272	301	127	24	67	60	11	124	331	92	239	333	264	133	63	52	177	46	266	302	148	142	313	295	111	183	16	147	34	294	307	3	96	271	75	48	118	302	26	58	194	180	159	34	213	230	309	185	284	43	235	314	165	304	110	319	261	143	18	125	242	89	240	10	0	230	191	81	241	144	196	269	109	324	103	47	121	175	82	266	140	249	336	26	299	247	131	90	86	9	95	243
321	123	153	43	299	178	82	299	254	206	137	137	51	53	146	90	130	82	124	329	144	213	127	312	222	199	126	34	230	191	142	305	164	258	263	5	112	300	193	275	161	75	199	77	164	22	304	224	297	45	83	106	189	194	96	127	265	317	240	289	296	301	307	276	207	144	25	287	254	247	92	154	205	0	96	101	91	122	286	28	20	166	143	19	109	324	101	130	135	135	1	302	334	94	200	148	19	166	37	234
163	112	21	92	312	17	287	184	260	177	303	211	317	308	312	227	292	125	23	263	116	201	58	328	303	3	252	32	29	127	334	31	28	247	301	24	299	321	52	47	304	27	244	88	192	214	221	162	251	71	263	122	225	198	121	330	39	55	334	26	338	163	21	174	7	271	309	41	203	218	228	237	277	286	0	206	58	138	161	28	100	171	15	163	300	166	317	24	60	279	293	62	135	188	317	221	197	284	173	296
150	18	192	27	131	272	140	82	262	328	81	219	269	245	4	151	160	247	64	126	212	306	104	154	121	90	306	197	81	9	246	192	309	132	103	320	316	232	299	296	78	309	45	272	170	274	81	127	208	152	1	43	186	215	230	240	86	328	118	313	7	187	291	132	197	110	145	265	262	238	86	179	177	3	82	0	298	227	323	194	137	303	186	107	148	215	164	148	86	81	210	279	252	270	212	174	208	235	139	146
304	43	199	282	273	178	203	222	76	34	249	241	23	159	108	109	202	320	58	299	82	319	225	200	99	52	228	156	298	152	260	184	51	67	262	66	288	8	134	229	51	222	254	233	240	98	83	233	159	125	55	47	305	233	95	308	320	179	312	197	152	309	100	138	223	167	18	122	110	204	218	48	96	321	222	262	0	221	255	260	291	41	180	181	259	38	183	85	207	117	295	173	288	50	68	53	63	72	289	209
239	292	322	160	213	74	299	324	281	142	107	117	155	98	99	96	146	102	167	316	331	222	40	4	242	266	99	89	19	281	85	216	98	223	14	152	40	140	57	40	5	162	82	103	245	37	32	189	305	115	122	242	105	219	149	6	87	213	225	50	72	272	340	30	266	28	187	109	330	232	58	173	196	40	24	162	320	0	2	293	250	235	158	204	139	150	338	18	224	246	315	5	304	102	174	66	225	276	76	264
225	329	25	320	184	261	47	246	214	108	90	2	143	207	242	316	225	38	305	125	127	201	274	258	3	286	281	266	260	67	28	23	277	340	116	246	148	182	278	25	153	17	334	175	172	108	241	60	1	6	204	158	92	30	18	194	239	211	218	208	287	91	339	203	161	15	312	62	220	163	314	294	21	284	203	143	125	102	0	268	103	133	256	77	212	36	50	202	168	191	89	189	157	19	209	186	85	264	101	17
318	308	320	8	282	256	59	269	254	200	261	240	227	289	253	310	178	193	168	20	16	8	302	173	50	53	104	281	164	80	108	135	233	83	13	5	202	279	291	314	76	292	125	241	268	127	229	213	64	168	225	169	228	251	77	143	150	188	30	23	272	27	164	171	44	220	200	161	36	97	324	192	36	164	167	94	16	133	225	0	74	179	288	274	45	328	259	335	88	116	134	163	184	82	66	60	199	270	102	328
196	58	238	141	139	134	301	164	39	170	163	13	207	10	254	135	187	110	207	224	295	230	224	106	233	185	40	107	47	115	89	222	225	153	146	27	336	261	176	179	212	53	237	164	187	133	254	63	227	185	71	235	2	297	253	322	65	336	96	90	334	19	193	317	11	170	266	277	280	188	193	286	320	50	176	79	36	202	1	245	0	209	188	75	128	34	225	308	250	35	95	276	297	150	310	223	53	333	328	301
38	144	328	61	45	33	50	45	95	335	291	263	330	217	18	265	311	162	221	114	121	126	283	12	241	224	272	149	265	155	257	263	247	231	213	73	73	286	173	101	111	67	154	49	254	306	240	316	275	91	264	126	128	69	216	270	291	171	153	321	155	91	253	329	107	226	235	47	268	59	22	32	242	96	218	84	61	265	22	51	263	0	118	99	151	4	227	142	40	106	103	110	246	186	124	323	252	137	147	271
100	75	110	200	50	288	163	172	234	216	327	262	275	213	290	139	42	265	148	279	309	280	149	288	258	82	320	222	76	35	35	178	203	165	106	321	80	279	153	157	310	19	274	277	320	77	41	93	221	147	81	223	139	170	4	93	113	94	166	327	12	219	74	169	229	326	34	315	180	277	299	12	161	225	115	214	221	32	337	243	174	293	0	26	47	40	255	336	91	310	127	295	37	310	251	319	253	158	178	31
152	114	196	61	217	64	44	100	335	196	336	99	211	273	266	272	63	6	336	187	161	115	272	188	195	292	234	72	324	29	250	303	297	291	133	179	111	186	255	196	224	285	264	203	91	27	168	1	105	310	317	71	239	251	214	243	245	212	298	14	81	186	67	27	110	65	206	42	285	276	323	97	167	145	136	58	206	198	120	15	79	316	179	0	134	208	1	285	222	326	93	30	253	240	266	258	266	102	32	68
49	294	61	322	46	290	202	190	161	84	105	57	231	26	213	118	76	317	263	314	275	141	303	29	186	254	249	166	223	185	105	54	140	30	154	305	293	41	93	61	322	93	118	44	303	77	266	23	159	126	222	280	213	277	129	121	266	190	287	155	76	304	71	325	10	46	320	119	2	38	321	233	328	249	292	81	40	179	44	162	190	43	315	247	0	69	29	128	288	283	171	270	163	7	42	162	218	45	309	183
190	224	190	167	166	20	122	270	95	230	46	75	117	119	92	166	174	321	98	229	203	90	290	69	203	224	12	314	166	180	43	111	148	245	70	187	13	128	214	258	152	2	55	128	121	302	189	90	284	331	147	33	246	160	216	172	92	195	301	65	327	22	266	328	328	263	147	224	134	33	300	229	14	205	124	250	204	72	220	162	33	130	248	294	169	0	70	234	51	14	102	208	286	187	79	239	130	282	325	294
178	325	227	196	219	68	332	304	64	255	321	155	253	52	312	311	100	135	137	115	39	291	222	20	119	157	258	273	117	68	89	175	201	2	166	158	165	141	90	225	105	136	278	127	289	275	199	108	319	312	119	34	298	148	265	173	54	204	198	15	183	104	338	234	196	132	32	12	111	8	166	45	139	98	328	200	331	317	215	83	159	11	283	75	79	222	0	51	68	180	273	230	231	123	92	102	177	252	51	183
151	277	17	292	192	174	75	249	90	230	279	252	295	175	128	151	111	260	298	53	40	261	236	149	331	272	157	283	263	339	105	312	226	223	202	280	111	282	240	201	209	181	311	5	137	93	143	215	131	28	89	153	104	18	223	281	3	339	203	136	201	273	70	153	331	312	339	27	294	198	228	337	103	293	219	275	58	67	268	186	164	30	119	44	185	193	100	0	307	63	140	6	131	130	312	293	279	171	138	91
123	188	50	129	79	252	259	222	231	178	287	203	21	183	28	81	311	164	167	38	325	38	157	234	62	335	149	154	35	81	154	56	98	120	115	261	96	27	144	299	30	90	283	80	117	205	302	303	34	326	38	29	81	207	315	164	238	40	277	152	328	146	170	284	279	298	91	331	47	189	79	263	195	309	89	288	270	135	23	331	35	101	22	159	326	119	24	207	0	218	179	19	85	202	164	88	67	54	275	80
142	228	213	223	190	269	29	181	105	294	66	10	280	279	231	169	229	45	186	136	143	107	41	116	72	10	223	30	207	207	234	27	228	99	312	296	42	45	10	188	277	195	321	201	160	170	291	168	326	9	50	50	191	294	162	226	78	214	208	235	75	76	260	110	123	287	237	225	233	160	54	281	269	112	142	43	123	209	157	209	243	10	57	88	235	332	328	84	182	0	97	129	23	231	153	13	108	99	330	191
90	126	328	35	314	123	108	191	109	37	259	292	52	109	164	204	164	171	320	57	267	7	20	29	31	91	212	148	106	34	213	233	192	101	174	46	52	255	50	260	253	313	309	253	77	72	166	307	73	264	306	224	101	316	43	110	299	314	222	116	138	213	29	271	168	206	322	235	65	249	74	192	221	289	20	325	52	261	102	63	272	199	33	58	70	326	246	118	266	76	0	47	133	37	92	28	209	236	40	117
135	48	297	305	313	81	161	193	51	66	303	332	221	145	28	260	57	97	174	128	152	121	35	223	14	222	209	251	106	333	288	164	105	340	176	42	114	287	140	258	272	29	266	121	145	39	217	122	88	6	26	131	88	158	284	308	202	298	97	24	81	238	204	25	51	203	171	273	240	264	41	291	132	2	101	283	304	97	308	78	193	169	244	108	95	123	9	56	127	309	63	0	266	48	196	80	336	217	5	197
146	171	304	176	69	297	290	339	20	37	184	320	49	308	242	106	111	163	56	274	209	162	113	104	222	141	246	324	268	20	25	306	216	268	6	323	292	287	187	313	189	325	191	8	175	43	140	230	122	263	131	126	172	184	75	45	93	24	62	323	320	42	97	88	158	96	47	171	45	228	252	322	30	262	128	267	38	223	196	291	197	76	125	133	18	228	221	298	77	66	254	217	0	240	127	194	288	2	46	240
91	333	227	132	299	82	272	144	153	41	98	57	224	270	221	293	99	278	252	250	146	110	176	222	297	86	338	5	109	234	322	5	144	36	17	33	137	43	196	44	250	148	212	150	205	322	71	121	251	260	119	331	63	163	259	92	237	45	296	111	177	10	281	250	85	67	278	13	229	196	141	159	181	43	304	226	227	112	132	117	249	335	8	243	121	177	253	45	305	325	245	339	10	0	170	133	302	37	153	272
110	68	158	109	166	292	73	215	206	164	162	224	188	206	195	122	183	119	294	307	53	272	222	131	17	239	253	15	23	280	259	220	291	113	130	133	106	7	175	50	203	141	270	59	176	71	266	38	93	85	286	241	322	240	55	49	270	247	76	248	139	77	127	276	153	241	15	257	113	81	199	276	190	233	143	74	287	277	236	22	249	138	25	96	328	71	123	168	265	246	115	303	277	312	0	160	125	291	288	182
39	32	229	38	309	41	142	264	296	307	222	289	254	229	132	121	184	307	193	214	41	234	325	207	59	125	116	326	199	330	105	173	166	141	247	42	187	231	148	215	134	322	237	159	330	79	308	95	216	303	13	153	203	9	5	1	154	38	337	57	314	50	276	6	55	203	301	147	204	205	197	33	315	230	304	327	262	239	60	280	310	146	189	72	139	247	32	145	305	240	319	45	269	309	114	0	297	9	225	200
185	244	243	144	218	317	278	297	303	39	165	191	261	242	299	136	329	29	102	98	311	269	39	175	306	37	90	12	184	86	252	250	238	200	179	218	154	131	43	256	270	221	64	214	71	163	205	203	164	150	94	18	278	261	225	66	124	5	285	78	324	178	91	149	8	137	252	7	256	227	235	236	23	79	77	273	81	192	200	117	118	83	234	159	147	24	313	206	168	297	92	286	313	196	117	38	0	42	308	55
241	125	213	256	96	261	322	274	55	225	189	199	29	103	219	202	190	135	10	119	29	234	255	313	161	211	39	173	139	315	23	218	45	136	57	313	4	223	179	135	129	316	158	62	6	315	202	65	120	339	250	276	284	69	147	61	139	296	244	190	227	329	269	166	268	232	334	225	332	327	210	159	226	256	144	150	82	214	213	16	45	120	190	36	278	241	68	254	272	21	335	262	172	271	209	222	8	0	316	88
258	307	162	18	245	260	218	173	188	41	280	86	78	183	76	151	206	271	193	148	100	328	334	199	147	60	318	288	315	179	324	222	3	260	165	137	15	117	67	272	67	22	222	52	47	324	39	186	52	332	14	223	262	6	277	286	14	133	141	64	166	158	154	89	237	12	171	119	202	66	293	80	83	43	70	267	311	10	24	105	57	132	27	211	156	331	94	134	177	279	281	340	94	74	278	306	80	154	0	109
169	174	89	71	169	145	74	174	301	128	155	291	202	77	77	165	338	28	189	241	171	8	185	48	189	279	330	10	50	158	214	34	41	207	11	260	213	63	238	57	70	203	73	189	319	82	209	173	292	236	27	36	63	8	44	339	318	3	305	82	96	66	173	26	16	131	150	316	207	124	332	3	155	45	337	314	233	115	331	87	171	187	140	189	83	259	317	131	122	307	155	97	51	137	78	167	311	106	127	0
