A	B	C	D	E	F	G	H	I	J	K	L	M	N	O	P	Q	R	S	T	U	V	W	X	Y	Z	AA	AB	AC	AD	AE	AF	AG	AH	AI	AJ	AK	AL	AM	AN	AO	AP	AQ	AR	AS	AT	AU	AV	AW	AX	AY	AZ	BA	BB	BC	BD	BE	BF	BG	BH	BI	BJ	BK	BL	BM	BN	BO	BP	BQ	BR	BS	BT	BU	BV	BW	BX	BY	BZ	CA	CB	CC	CD	CE	CF	CG	CH	CI	CJ	CK	CL	CM	CN	CO	CP	CQ	CR	CS	CT	CU	CV
0	33	44	32	54	33	48	41	7	56	36	13	7	11	25	30	59	14	4	51	49	32	43	29	32	54	13	23	26	42	58	50	12	14	46	23	37	14	28	35	55	28	24	29	22	52	41	1	58	35	55	13	30	50	31	52	47	37	23	8	12	1	34	45	50	23	41	20	35	34	42	53	30	58	56	7	6	41	53	6	12	42	7	31	1	23	39	30	57	51	10	32	7	29	57	27	28	42	49	59
38	0	2	1	38	4	8	13	52	34	14	3	14	1	45	34	41	27	24	18	21	10	11	42	48	40	39	36	59	58	35	7	54	46	51	12	52	3	18	14	36	35	43	15	35	37	16	2	12	11	6	20	30	41	57	45	19	10	34	14	1	42	17	5	49	55	27	59	19	12	44	15	2	30	12	35	36	43	54	51	38	11	1	58	33	30	27	42	16	8	57	30	15	4	11	16	45	54	17	40
34	37	0	58	42	27	39	38	22	3	44	24	3	22	56	10	19	2	59	11	22	50	40	18	7	7	30	14	45	40	35	38	58	11	21	36	32	39	19	27	55	26	14	8	19	45	37	53	35	22	38	12	40	58	25	53	36	37	18	55	9	18	8	26	1	37	56	21	13	38	24	50	36	11	20	24	50	34	39	12	45	4	37	40	26	50	37	50	48	13	2	14	16	2	15	15	39	13	56	42
55	19	56	0	48	30	25	46	9	44	11	32	55	2	9	18	15	17	11	42	32	51	1	5	46	23	54	33	30	35	50	52	14	15	31	20	6	56	29	1	37	38	51	31	42	7	2	17	41	33	52	7	50	9	32	46	8	17	49	8	9	53	10	29	16	53	12	39	37	6	1	41	54	31	35	27	48	14	41	36	4	28	24	23	27	15	41	36	3	38	15	26	27	18	8	15	58	2	23	14
55	31	34	26	0	8	23	43	27	54	38	46	31	28	35	31	43	57	40	21	43	48	49	34	42	21	55	28	52	57	46	44	22	38	6	26	2	46	45	44	30	45	37	17	50	36	46	41	2	6	33	46	33	35	16	33	10	57	43	43	49	12	51	59	58	16	30	40	51	37	24	14	31	14	36	20	29	12	10	24	53	14	48	26	55	8	12	6	54	28	58	46	59	40	35	16	56	3	5	36
2	14	25	25	41	0	41	11	59	44	42	51	42	57	3	19	12	13	57	33	20	22	32	23	27	13	15	16	56	24	22	50	57	40	12	38	20	20	59	43	47	11	40	39	33	32	27	10	42	5	15	35	41	39	45	6	8	40	48	8	50	6	33	17	38	8	8	31	34	27	56	40	29	38	3	1	14	53	53	35	47	37	42	3	12	40	29	29	35	16	2	40	35	42	41	48	5	36	12	1
29	17	23	23	25	37	0	21	24	59	16	7	59	26	32	23	57	38	55	35	28	57	50	30	39	55	34	59	50	5	11	48	12	59	18	40	25	30	48	54	58	8	7	19	3	29	23	9	30	53	25	17	10	2	23	16	26	17	42	1	17	6	40	55	16	35	44	55	36	50	19	5	56	2	6	42	51	33	35	36	15	7	2	42	14	28	50	6	8	7	46	58	39	49	57	56	44	58	27	52
1	26	53	29	58	7	25	0	37	7	46	38	43	10	30	23	50	27	18	56	6	59	31	9	33	42	32	56	46	56	17	21	47	58	4	26	53	47	30	31	20	2	7	36	41	14	57	51	23	14	53	14	3	54	59	22	30	46	50	6	42	20	4	2	6	6	30	47	50	4	11	9	31	53	7	56	58	57	18	1	39	46	34	59	14	18	2	23	4	51	29	59	56	1	27	5	21	5	41	19
18	23	56	52	47	37	12	54	0	7	52	33	33	46	54	45	40	17	55	14	37	30	10	56	24	8	34	15	25	44	31	14	41	29	7	29	33	18	56	4	1	31	29	26	24	33	18	59	51	4	54	29	5	45	50	37	56	3	24	31	50	7	56	41	30	34	52	14	10	54	10	54	59	11	37	44	37	44	44	30	58	4	18	46	53	5	17	57	48	12	23	3	51	13	39	41	17	1	48	5
26	59	46	59	13	15	37	30	56	0	2	38	16	29	41	2	57	18	46	11	32	13	4	17	56	35	13	48	36	2	38	34	6	58	31	27	45	1	9	48	16	18	20	35	10	9	44	1	25	56	36	58	37	27	37	17	2	46	22	34	53	25	42	1	52	46	56	54	19	46	35	54	23	56	59	20	39	29	11	14	45	13	24	15	43	46	55	8	54	55	25	42	7	16	7	36	19	35	4	32
29	20	34	11	48	3	8	26	9	54	0	48	27	16	25	57	39	22	5	41	55	13	3	21	22	23	46	38	28	59	45	9	34	3	45	31	14	27	11	37	21	25	17	39	58	17	51	2	46	59	58	46	56	21	39	16	47	50	47	59	53	50	34	31	49	38	10	51	59	54	29	51	10	35	33	35	40	50	52	43	7	34	20	8	53	57	39	31	16	16	36	2	50	12	28	10	32	18	34	24
5	18	2	37	40	8	58	46	40	40	54	0	45	5	51	24	35	55	56	19	43	28	46	33	28	50	13	42	22	40	22	54	25	8	7	52	29	7	19	51	21	51	7	19	52	5	18	14	7	11	22	11	2	49	8	57	6	31	52	48	37	49	25	29	31	26	49	56	44	5	40	35	21	7	41	16	13	49	55	10	33	44	59	4	40	29	18	50	13	9	8	14	46	39	30	51	31	47	6	23
33	58	37	55	26	43	42	26	2	29	48	54	0	31	44	11	48	15	24	40	14	22	1	22	8	2	29	40	5	33	11	36	41	19	57	53	37	49	45	22	10	35	54	5	15	9	7	10	33	1	41	16	28	15	45	50	23	34	17	7	16	6	14	8	25	7	25	32	47	36	37	4	28	48	20	29	43	25	31	12	33	13	13	10	46	47	11	42	21	48	54	23	15	3	26	46	20	26	22	38
29	11	38	47	50	33	27	22	33	49	23	27	27	0	25	41	20	42	52	57	51	26	11	57	22	33	35	20	7	27	45	45	11	31	20	25	29	9	29	20	54	28	6	41	25	30	25	51	27	38	7	44	20	27	6	11	19	48	29	40	6	4	25	20	40	9	40	47	6	52	25	51	53	56	11	49	41	18	10	43	30	42	42	23	9	55	17	13	52	33	48	29	43	44	1	14	39	14	50	6
48	4	40	36	23	21	39	58	52	51	42	44	4	28	0	55	5	15	2	20	39	48	40	10	52	48	29	21	54	57	32	6	8	7	40	27	17	58	16	59	29	2	55	47	35	59	15	16	58	23	50	31	47	55	48	14	57	2	12	57	22	54	18	55	23	15	12	23	51	31	7	35	2	22	2	46	29	10	18	47	46	27	16	54	52	9	59	46	26	52	30	44	32	58	21	46	7	52	46	40
50	42	18	32	40	52	25	8	48	33	5	58	41	10	27	0	42	58	57	41	4	16	7	43	32	44	39	31	38	16	39	14	28	33	28	20	3	24	6	46	53	37	3	8	2	51	48	7	46	23	39	5	58	18	41	6	16	19	12	16	17	24	53	4	25	58	3	37	31	54	1	11	40	33	26	4	20	16	13	21	4	36	39	23	4	50	31	59	20	37	3	14	2	9	13	15	53	22	9	56
7	50	18	55	12	21	4	27	5	5	21	15	56	6	48	9	0	50	29	48	45	35	2	42	31	29	19	50	59	22	31	7	14	31	2	24	57	46	52	46	52	29	18	9	18	9	22	47	57	17	32	41	51	2	45	38	51	43	46	41	45	3	31	30	40	4	58	46	59	34	9	41	5	49	37	12	13	55	3	27	10	26	35	36	19	59	3	48	7	20	35	34	6	59	36	41	35	9	22	18
8	19	37	40	44	52	51	44	29	17	40	18	27	54	33	8	46	0	10	12	37	16	5	20	24	4	59	26	59	52	11	44	15	30	48	9	35	38	45	49	6	21	46	41	1	59	34	7	8	5	7	40	11	18	24	11	44	4	35	27	57	50	29	6	6	53	17	38	42	42	51	51	28	35	22	14	16	24	38	11	9	39	1	28	12	6	56	37	19	29	57	35	31	35	40	24	13	55	7	51
57	25	16	32	44	23	12	33	44	5	7	53	1	49	4	11	35	12	0	35	50	30	22	13	54	49	28	50	58	33	25	59	40	57	14	10	58	52	56	30	37	36	17	9	4	23	21	29	55	34	25	20	41	4	25	24	59	48	58	13	5	29	2	33	56	53	24	20	32	39	26	39	21	39	19	36	52	18	23	56	23	4	56	14	40	12	42	48	43	29	50	41	30	33	15	21	39	46	28	2
41	16	42	51	42	59	52	45	35	18	45	28	57	33	49	47	5	50	56	0	53	56	2	27	51	39	42	4	52	57	49	48	26	44	53	12	22	11	33	43	44	40	14	28	13	29	28	10	41	5	33	25	1	4	12	25	10	34	14	41	16	22	32	50	2	33	35	9	29	51	49	52	56	41	18	43	49	42	19	30	25	37	41	39	3	21	49	2	21	25	34	55	28	32	4	2	25	12	57	8
58	2	6	50	45	5	28	30	32	48	18	6	21	24	9	12	50	55	47	53	0	6	51	44	17	59	17	6	28	26	22	54	57	22	9	43	38	50	13	41	32	41	46	47	38	22	18	32	29	10	15	52	33	8	52	21	43	36	4	25	26	59	8	43	12	39	15	39	26	13	18	45	45	23	18	9	20	13	43	16	33	56	42	28	34	47	21	15	36	43	11	43	11	52	17	7	35	55	8	40
15	16	9	46	32	33	16	47	52	59	24	30	43	42	49	32	7	15	19	38	9	0	31	38	13	52	35	58	55	29	8	21	17	20	7	54	45	5	54	30	16	36	56	50	3	12	39	57	58	6	11	11	6	44	44	50	41	30	50	59	48	1	4	6	42	52	46	28	3	11	10	14	20	51	7	43	1	39	11	59	39	27	56	59	2	42	46	27	56	13	11	2	25	7	28	3	26	31	48	11
14	30	6	12	58	7	23	48	2	26	46	59	57	39	37	4	5	7	52	26	58	26	0	27	47	8	42	38	24	24	9	3	56	33	18	51	52	58	23	4	26	24	38	48	49	27	20	46	20	9	56	8	22	27	20	28	57	1	58	38	50	27	3	37	53	20	59	5	10	21	27	42	41	21	2	14	41	45	39	51	53	32	55	54	49	59	36	14	46	27	39	56	55	56	11	9	18	36	13	54
35	24	28	9	54	46	22	22	43	38	23	12	59	40	27	50	27	41	53	34	23	44	25	0	47	20	20	18	47	24	9	18	31	25	49	8	53	10	43	48	14	4	1	18	53	12	49	28	33	20	1	2	51	46	42	23	24	5	54	22	24	2	23	1	51	45	31	55	51	46	8	43	26	7	41	49	7	29	49	57	6	36	29	23	48	38	53	22	19	53	40	59	14	14	10	57	24	50	50	8
57	29	28	34	51	42	45	56	40	45	28	24	17	35	17	47	17	41	14	9	35	13	55	12	0	5	13	12	52	2	3	10	53	57	48	14	40	30	12	32	36	54	25	41	31	41	17	23	56	36	8	9	15	1	38	45	27	15	44	23	5	36	57	12	43	9	6	38	59	36	36	19	57	26	52	3	16	47	56	49	59	23	55	58	7	2	31	51	20	27	36	13	21	14	32	29	46	36	36	38
26	59	58	53	45	43	19	59	51	57	18	19	58	11	56	41	57	10	38	28	27	36	41	33	53	0	18	12	25	3	17	55	58	49	20	3	22	17	33	38	23	6	24	44	55	6	33	47	19	56	30	5	30	38	24	16	27	58	47	40	36	3	25	3	57	2	8	45	16	39	58	48	19	10	32	56	9	19	55	45	13	17	18	25	52	12	41	30	42	53	5	3	4	12	43	2	12	41	7	19
57	50	40	6	22	4	11	59	50	50	33	56	24	36	25	51	21	55	54	48	31	36	3	12	2	46	0	19	13	56	21	39	8	20	53	42	39	30	3	59	53	40	21	8	42	54	25	13	41	1	44	22	46	58	59	52	35	14	21	51	6	17	49	41	25	46	18	33	18	32	9	9	41	52	2	31	36	26	45	34	57	21	57	6	31	55	38	43	2	29	22	10	1	12	29	57	41	1	31	57
22	51	38	47	35	16	3	53	17	8	22	9	9	23	30	54	57	22	36	2	11	49	3	13	22	59	21	0	38	50	18	12	35	34	32	29	14	35	3	34	40	46	34	20	32	6	16	30	40	45	14	39	20	37	49	30	12	41	49	45	32	8	57	12	32	31	10	54	11	50	41	27	46	20	29	17	38	10	25	4	2	50	46	33	10	13	8	8	34	29	23	48	35	50	18	32	4	42	37	16
10	26	12	47	2	37	1	32	14	1	48	30	1	39	43	38	31	13	19	58	34	9	3	17	35	11	1	25	0	12	44	58	12	26	59	6	34	9	24	32	8	9	59	25	42	58	34	50	1	10	54	47	39	11	25	45	38	18	35	19	27	36	41	29	34	20	2	47	49	20	51	38	24	47	39	37	11	30	18	36	4	13	38	13	59	21	46	47	23	11	24	40	24	31	53	51	32	49	3	43
30	31	54	57	3	56	50	7	10	21	47	18	37	30	20	42	55	15	57	55	32	31	11	25	46	38	51	23	44	0	2	41	6	45	30	8	30	4	45	18	59	21	53	45	33	38	34	7	49	34	12	47	8	39	54	36	51	44	14	42	20	20	23	3	49	29	48	40	58	11	28	44	9	5	56	44	12	12	40	41	30	8	56	4	19	37	16	57	58	28	41	27	10	24	34	47	43	12	31	36
8	10	8	16	7	22	9	9	27	22	26	8	40	40	13	34	32	59	9	48	47	42	34	34	10	4	21	52	15	22	0	45	6	29	38	18	59	34	49	32	58	5	31	22	53	9	49	30	30	42	58	56	40	45	6	13	12	37	30	19	6	33	18	24	4	54	27	28	5	22	56	12	30	10	15	11	5	32	22	47	36	8	59	4	1	36	59	28	5	35	19	3	58	52	16	31	23	11	19	34
24	55	54	48	56	28	54	45	29	56	7	44	32	37	47	16	45	2	15	6	5	36	58	31	24	46	55	2	33	35	53	0	33	39	49	9	32	53	24	47	18	53	51	31	39	20	24	50	1	56	5	3	1	30	19	49	15	9	56	59	28	23	46	17	57	28	7	2	38	24	56	32	1	42	56	59	27	49	28	34	39	38	27	56	14	49	7	48	28	14	58	30	19	19	34	50	1	6	7	44
4	33	6	38	22	28	35	21	52	15	40	5	38	1	36	38	57	8	17	28	58	49	1	14	46	12	27	4	16	12	41	35	0	13	33	46	44	29	10	9	2	29	27	43	29	34	54	46	34	52	18	16	54	32	39	26	21	25	51	21	58	40	8	23	24	47	40	18	38	13	24	38	50	19	9	57	1	46	52	52	37	13	6	4	15	47	58	42	54	46	21	21	14	17	10	52	16	33	53	26
3	59	56	5	16	21	26	33	5	11	27	24	52	47	37	3	39	42	23	24	52	18	8	5	37	49	24	36	35	23	35	36	16	0	20	12	35	37	52	9	33	51	14	59	58	6	54	25	3	11	19	26	13	55	53	52	36	16	22	36	30	33	48	22	58	47	18	4	32	22	5	51	58	20	41	57	13	3	38	30	22	36	27	5	34	48	4	17	43	27	10	24	19	11	48	11	15	38	48	39
22	40	11	19	11	19	18	26	10	30	46	50	2	4	21	20	32	17	25	34	29	52	17	37	19	53	14	49	22	14	49	18	29	50	0	24	5	45	39	18	14	51	20	11	19	28	15	27	21	10	49	25	38	34	29	2	54	13	3	42	48	36	16	31	27	43	54	31	8	13	56	28	30	34	4	58	26	19	21	59	2	2	55	48	54	49	47	36	39	31	24	52	59	53	39	38	46	48	54	7
43	14	12	36	3	29	8	11	19	46	20	43	1	2	11	2	14	37	32	54	49	37	26	46	33	33	28	5	11	52	11	49	42	57	25	0	2	36	4	31	1	45	14	43	49	43	36	12	5	47	58	57	55	20	32	55	33	8	55	10	31	8	58	6	4	3	30	7	13	37	44	33	30	31	35	9	56	27	26	18	18	18	34	3	43	55	33	10	8	11	31	53	34	43	28	30	24	26	12	54
42	18	4	37	9	38	24	7	11	10	38	37	56	14	41	59	12	31	32	28	58	4	51	17	34	52	52	6	4	46	33	7	28	50	43	32	0	41	25	5	28	18	44	56	55	27	36	31	32	56	11	38	25	43	40	54	59	30	51	38	53	26	17	27	55	5	10	2	50	24	38	55	13	3	54	24	54	9	47	5	42	20	45	30	57	52	44	26	27	21	47	57	42	11	3	49	14	13	49	15
32	40	33	44	35	21	55	50	12	33	47	54	28	39	22	3	41	34	50	50	16	49	19	2	11	38	22	24	4	51	24	19	59	1	10	3	8	0	21	48	52	21	9	53	30	45	4	2	30	38	23	48	19	3	15	1	43	30	32	3	36	14	53	38	21	28	14	51	49	48	43	45	31	22	48	59	49	44	36	6	1	27	13	15	24	45	42	55	25	13	57	57	52	12	38	44	45	6	44	38
38	17	51	12	10	40	18	18	22	37	38	40	25	21	51	8	58	28	11	22	41	32	39	22	57	4	34	40	49	18	41	23	15	53	28	3	31	48	0	32	43	12	35	45	42	33	53	26	9	9	44	21	11	40	24	47	27	17	14	15	34	30	28	48	39	9	16	21	31	58	20	33	42	18	55	37	40	56	45	4	29	49	57	17	45	4	47	28	42	18	47	22	15	37	48	27	34	22	12	13
55	1	37	37	30	25	41	56	39	6	52	17	15	8	22	47	47	11	55	46	50	28	4	34	58	56	9	39	2	15	51	20	1	7	49	26	18	44	17	0	25	29	16	43	1	4	17	2	42	41	14	35	31	56	35	8	35	35	52	4	43	5	45	48	4	53	42	19	12	25	56	28	28	28	11	58	32	24	31	42	37	24	47	52	54	14	51	54	20	12	18	38	56	20	41	21	13	24	2	28
54	55	39	52	24	14	3	33	1	6	38	23	11	20	15	6	46	14	11	34	40	55	11	7	22	56	22	22	29	12	29	55	38	6	49	29	45	48	26	21	0	42	8	20	41	15	42	47	26	43	1	37	58	23	16	13	6	9	45	30	2	18	29	55	31	55	14	29	25	42	3	17	31	30	13	1	56	9	30	8	55	26	39	19	44	37	46	10	54	36	44	21	35	12	37	7	47	40	38	31
30	57	41	16	24	41	46	22	52	42	42	29	21	22	39	11	24	46	45	4	53	42	33	31	26	49	56	52	47	39	59	32	28	21	35	44	12	35	35	45	54	0	20	54	15	49	18	22	17	43	55	40	24	7	37	7	59	25	6	28	50	34	39	59	9	17	34	22	59	17	48	57	20	26	53	53	34	24	18	12	1	45	2	32	2	57	33	18	16	32	46	49	59	24	51	20	5	41	18	17
56	1	59	10	11	56	3	27	18	55	38	39	28	19	31	56	56	12	3	19	30	59	52	38	5	49	44	26	6	54	12	58	30	23	5	54	31	49	10	34	25	16	0	13	28	44	49	18	56	58	16	8	51	8	50	3	51	4	16	41	21	13	59	28	27	43	52	36	7	51	10	49	33	10	54	2	30	30	35	8	59	51	21	27	45	38	52	7	13	22	35	55	49	23	2	38	27	43	57	44
41	41	20	28	12	54	23	46	15	48	57	8	53	48	7	48	53	21	13	36	58	2	24	54	35	43	20	10	29	5	53	19	47	36	49	25	39	22	20	24	38	14	23	0	10	23	16	41	43	18	9	9	3	24	57	32	11	18	56	38	34	9	18	17	59	46	12	10	22	2	42	44	52	8	6	50	43	28	28	32	48	16	13	31	53	42	6	56	14	33	19	23	38	13	35	59	37	21	57	17
26	40	31	1	12	49	37	11	7	42	39	20	22	6	53	23	53	33	8	16	40	52	34	48	59	5	13	19	1	9	12	30	45	50	47	2	4	17	58	21	1	53	20	2	0	2	49	18	18	12	28	27	39	3	38	29	11	48	7	2	36	1	42	55	50	18	41	24	31	47	52	23	4	24	36	22	44	31	6	37	41	48	45	53	7	8	41	20	55	19	47	53	20	32	7	54	56	17	20	2
23	59	7	26	15	6	13	39	10	28	20	5	10	28	34	50	48	23	27	4	6	47	3	28	24	42	25	22	10	44	19	31	16	11	33	52	58	18	28	47	19	34	22	52	59	0	58	36	20	11	43	33	13	28	13	2	39	43	42	28	58	34	35	4	4	7	12	18	37	4	1	9	53	23	59	8	20	21	7	11	37	59	9	21	19	55	37	7	57	36	5	2	33	18	7	36	47	34	34	12
49	48	42	37	2	25	49	42	18	19	57	10	12	57	18	57	13	25	2	40	48	48	46	8	37	38	26	22	49	22	10	11	49	13	50	34	3	46	43	40	6	45	58	41	1	43	0	18	55	4	55	54	40	15	53	8	56	25	54	37	52	54	47	17	17	15	47	13	32	12	22	3	46	42	25	54	2	38	41	46	45	54	23	27	25	26	55	19	5	49	44	20	6	11	38	6	9	57	35	36
40	45	20	56	7	19	6	34	44	28	25	2	23	46	57	42	41	52	30	58	31	13	30	37	39	42	35	30	51	47	17	35	4	32	17	46	19	12	6	38	36	34	37	2	10	41	15	0	32	17	11	24	36	37	51	43	54	58	36	52	25	2	41	23	25	48	2	29	55	41	15	44	29	42	53	4	19	33	11	23	8	13	59	42	56	59	43	45	48	28	38	11	6	53	36	45	58	8	10	57
1	56	53	1	1	2	1	28	19	21	30	30	26	51	58	44	51	12	40	18	25	44	46	29	8	5	41	12	17	40	28	57	3	5	53	18	9	54	39	54	6	1	49	16	28	51	56	38	0	37	55	40	54	11	11	11	32	48	15	7	13	53	6	45	40	4	33	54	43	17	57	39	49	26	17	4	54	27	53	21	18	47	56	45	44	52	19	27	19	42	9	48	35	27	21	2	31	32	42	26
5	35	22	25	7	18	4	15	42	24	12	59	5	9	46	6	54	7	47	29	29	45	35	11	42	13	8	52	54	6	30	6	38	41	37	50	28	31	41	47	40	15	23	43	36	13	14	47	58	0	21	23	45	16	26	10	35	19	8	28	46	26	5	10	40	9	40	38	40	15	37	13	6	7	55	19	29	21	42	44	33	24	35	22	38	53	43	2	24	34	55	20	33	25	11	35	42	5	16	45
42	2	7	46	38	55	28	16	40	46	34	12	39	12	16	1	21	35	5	49	55	13	35	2	23	14	57	22	36	35	23	46	41	51	59	32	27	55	30	22	53	40	37	8	18	41	15	43	28	19	0	48	53	29	42	20	45	36	12	47	47	5	35	35	15	35	40	55	30	45	28	29	24	35	14	34	27	3	27	47	57	15	22	54	59	58	50	28	48	30	18	45	45	22	19	46	50	11	25	15
39	41	31	18	42	59	50	14	33	50	57	28	33	39	15	47	47	26	53	13	18	28	32	59	3	16	22	8	11	59	12	6	16	6	12	31	19	57	39	54	54	46	26	36	16	3	28	29	7	52	12	0	22	48	57	26	44	18	47	42	10	42	42	9	29	23	44	31	1	21	30	25	51	34	44	39	53	6	48	30	52	35	5	34	2	7	14	48	31	20	5	57	42	5	57	21	10	53	34	38
12	53	10	18	10	31	35	34	9	48	15	18	15	58	24	11	33	31	57	25	39	5	56	53	59	17	43	5	47	18	59	23	1	50	41	8	1	36	13	54	28	21	56	46	25	54	15	56	44	47	49	51	0	10	35	16	29	51	46	48	42	34	7	41	35	4	51	49	9	29	14	54	5	48	23	59	41	12	36	10	13	19	31	12	57	33	8	24	39	31	23	18	57	28	50	12	30	40	11	40
12	42	36	3	21	28	47	55	39	25	58	42	6	20	19	15	15	1	22	41	28	39	1	33	38	48	39	43	54	17	51	5	41	46	8	9	41	40	33	31	52	41	21	8	22	53	41	33	57	22	44	30	41	0	27	47	6	40	13	15	14	38	44	43	31	29	49	49	40	8	15	7	4	25	6	5	34	8	57	5	40	58	45	27	52	59	54	41	38	5	27	4	55	20	4	56	43	14	33	27
35	40	42	51	52	53	27	19	49	2	15	51	5	40	23	59	58	46	36	24	44	15	32	46	19	17	53	14	26	26	20	18	13	35	16	54	21	17	15	35	44	55	39	36	39	1	50	15	19	41	54	33	46	3	0	43	40	58	24	8	43	11	4	33	23	59	49	54	47	39	49	24	17	58	7	52	38	52	14	12	46	40	13	41	50	2	6	53	42	15	11	25	17	44	39	29	7	6	1	41
35	53	15	30	17	18	37	44	1	22	29	34	31	15	2	28	37	3	9	1	48	55	44	16	13	51	36	15	38	31	46	51	2	7	41	19	25	25	29	10	47	16	18	15	26	35	43	9	34	18	47	17	11	2	55	0	3	2	26	45	47	26	49	14	10	51	12	27	57	46	34	28	49	38	59	36	41	35	7	47	7	6	44	47	22	19	25	17	34	29	20	37	2	58	25	17	55	41	22	13
46	26	39	20	40	22	16	32	52	57	17	23	35	20	13	34	45	34	42	57	14	28	58	41	37	1	7	3	58	23	59	31	17	49	40	50	23	31	1	51	41	52	33	5	22	28	42	23	50	18	37	54	22	37	36	45	0	6	55	1	1	23	21	13	39	25	13	33	10	35	37	28	34	18	56	48	49	11	21	44	40	22	34	8	5	35	50	21	40	36	13	18	20	18	51	20	43	55	43	9
24	4	49	52	36	59	59	18	39	17	41	8	21	37	50	40	53	59	30	48	31	15	44	38	36	49	37	16	13	14	25	56	27	48	25	46	21	4	43	17	6	38	11	1	51	14	59	10	10	23	29	3	59	42	4	6	40	0	22	50	26	6	16	23	23	29	33	16	43	19	17	19	9	12	51	54	50	22	5	7	22	45	41	50	33	30	15	13	8	57	57	46	8	37	29	32	40	22	50	44
15	4	27	2	36	43	4	2	9	48	21	41	55	11	6	29	55	54	29	46	43	23	53	59	12	32	6	2	3	7	45	2	1	54	40	49	56	12	31	29	48	39	36	54	29	3	26	8	50	43	24	47	33	27	24	29	10	49	0	32	42	34	56	48	34	52	32	52	4	55	23	57	40	16	13	27	40	37	19	41	6	54	5	25	44	44	27	7	36	4	20	39	56	54	42	22	15	3	33	10
51	43	37	10	35	21	55	23	7	2	56	29	24	43	50	11	2	24	36	47	17	53	3	29	19	12	43	36	6	5	42	22	36	8	20	49	22	8	5	41	24	24	40	9	2	59	22	17	29	10	5	24	6	27	45	4	54	29	39	0	36	17	19	49	19	16	4	31	15	3	5	53	59	44	43	2	28	6	23	28	12	42	22	36	59	59	32	2	36	59	37	58	33	23	17	42	41	31	9	8
22	44	22	48	7	40	51	30	18	57	50	42	4	29	44	36	29	39	5	3	46	28	14	10	12	17	46	28	41	33	42	13	39	47	42	44	35	44	13	36	26	56	15	46	15	47	42	1	42	20	25	25	29	21	44	58	26	34	32	25	0	46	26	4	51	9	3	32	47	42	26	35	18	1	6	4	32	40	41	16	25	4	35	37	19	3	47	7	20	49	14	49	20	42	27	9	42	36	49	31
11	34	32	6	43	27	1	18	24	39	11	26	58	19	6	8	6	45	5	57	38	9	18	27	59	42	11	43	36	30	38	50	59	53	13	16	22	21	48	14	7	35	22	3	44	30	47	50	9	14	47	19	23	41	6	42	18	22	46	30	49	0	18	52	8	34	33	1	51	6	18	57	55	20	20	28	51	44	28	34	24	47	2	17	41	6	54	8	32	6	35	17	10	9	17	53	26	45	18	20
36	19	21	9	44	53	46	13	12	5	18	9	47	43	12	33	24	29	48	35	20	51	40	38	9	17	17	57	59	7	34	27	50	11	59	43	12	46	41	22	7	8	52	30	18	33	27	47	34	4	35	22	54	23	56	16	46	49	29	51	20	41	0	48	41	57	44	22	49	35	49	11	45	21	44	5	58	31	8	58	24	12	2	4	59	55	28	49	25	23	42	35	49	39	34	18	24	47	37	22
19	56	48	48	18	3	27	41	48	37	4	41	11	21	42	29	2	18	23	48	8	53	44	8	28	33	29	33	22	25	40	4	3	40	41	41	30	26	50	49	39	45	20	20	41	4	15	32	30	51	50	17	6	53	59	41	12	27	40	41	46	6	42	0	13	16	35	4	52	30	38	27	22	40	37	22	35	17	22	33	14	24	17	28	2	35	56	52	55	21	52	11	9	49	38	5	37	21	55	25
26	5	54	23	27	33	22	5	40	6	56	31	58	44	46	52	5	7	12	59	58	14	51	28	6	32	51	25	42	8	30	56	2	47	41	52	36	37	22	44	47	54	14	30	25	53	18	19	30	32	56	50	59	55	26	10	33	25	26	55	57	7	29	59	0	28	4	14	50	24	6	45	9	13	53	1	17	18	12	5	37	41	18	22	59	24	59	44	44	58	43	27	56	18	15	44	59	30	25	17
4	23	58	11	8	58	58	28	37	26	51	20	20	33	31	47	48	8	31	17	22	39	11	44	40	13	12	58	56	33	10	15	5	45	56	58	49	18	16	45	28	11	11	56	29	32	36	34	28	53	59	29	1	22	37	45	14	44	51	23	5	13	34	26	57	0	55	29	10	57	42	5	26	42	43	47	13	5	18	22	33	39	26	33	1	32	33	6	34	46	16	33	1	21	22	40	49	41	2	22
19	13	8	31	46	13	14	32	26	9	35	29	26	15	54	14	44	45	20	30	37	46	36	26	47	39	42	58	22	5	15	32	25	16	59	33	38	18	47	2	21	33	51	59	6	48	22	28	53	36	42	3	39	17	41	37	51	15	14	15	55	3	18	3	54	35	0	48	52	51	4	47	54	4	41	2	35	49	59	43	53	5	40	41	52	24	21	56	2	12	12	29	54	46	9	1	3	38	3	1
59	15	31	27	46	35	10	31	10	39	40	25	59	43	29	51	2	18	51	31	29	22	31	23	50	1	51	9	46	3	45	7	35	15	59	29	1	28	50	45	46	47	19	38	45	22	51	5	38	20	24	33	22	56	16	31	48	41	46	50	7	38	22	18	13	16	11	0	25	1	6	37	55	58	13	4	8	47	54	55	37	36	4	18	44	8	15	29	6	44	10	51	51	41	13	37	58	5	41	23
35	24	33	36	10	17	45	55	5	19	4	41	12	39	53	35	14	33	4	39	55	3	1	55	40	22	35	11	42	52	18	59	50	43	6	7	25	57	6	10	16	25	39	10	50	4	10	45	49	33	1	56	51	35	21	28	26	22	35	32	58	7	9	26	45	8	4	15	0	46	15	42	1	45	18	5	48	26	26	39	45	51	56	22	17	29	10	29	41	17	29	13	37	4	48	5	45	28	12	1
58	34	59	26	45	43	37	11	56	35	35	21	25	32	16	54	21	46	3	6	21	15	57	23	53	14	30	18	4	10	41	44	27	54	32	7	51	28	3	52	41	5	52	51	10	37	56	5	49	4	48	9	23	6	4	28	8	36	42	41	24	36	31	50	28	49	59	39	5	0	54	27	45	11	56	52	30	6	53	30	38	46	25	25	31	5	28	12	32	10	18	53	25	6	56	8	22	39	46	33
17	53	45	53	11	26	18	47	34	31	59	27	48	55	34	13	36	7	9	56	41	24	31	41	25	4	6	48	13	57	50	47	36	21	38	13	17	29	27	45	14	47	17	26	46	1	13	3	46	24	7	53	27	14	40	22	33	43	49	9	49	47	26	21	48	5	10	16	8	9	0	15	35	10	57	50	41	30	52	15	26	18	21	43	25	23	58	51	56	17	46	37	15	45	19	54	13	58	54	1
32	29	56	32	19	12	55	22	48	21	26	28	57	46	49	46	22	45	33	19	39	41	8	20	34	45	25	21	44	15	55	14	15	59	15	13	28	2	29	11	30	23	10	2	45	33	50	19	41	43	51	41	49	43	58	9	47	37	17	13	44	45	43	46	3	52	20	28	54	33	39	0	4	36	34	26	12	1	33	36	22	14	35	40	10	16	25	52	19	4	51	33	54	5	9	20	50	27	15	25
42	12	17	6	54	56	6	40	2	28	52	6	28	17	30	23	38	16	51	57	32	16	48	29	32	50	8	40	52	42	49	19	51	35	4	15	42	43	18	21	3	47	12	16	9	34	7	55	34	7	41	19	10	9	55	47	44	43	53	5	46	16	17	42	3	4	39	1	17	9	45	35	0	46	8	3	27	51	40	9	25	34	34	8	47	54	2	7	36	8	49	34	50	40	57	37	25	53	57	38
48	15	42	55	38	6	56	13	57	7	2	12	30	18	8	16	19	7	28	24	4	56	55	19	29	16	18	3	14	2	52	56	43	29	26	36	46	8	20	25	32	15	37	31	35	39	48	47	54	11	52	46	15	27	47	40	3	2	39	59	10	51	31	47	4	13	43	5	59	41	21	32	30	0	9	32	44	48	9	33	32	50	33	24	8	48	43	12	24	12	55	21	54	1	4	43	29	32	51	49
51	54	30	20	49	35	24	45	39	23	45	57	22	11	42	5	42	21	21	53	39	51	15	19	6	50	41	4	2	56	17	29	21	34	53	42	51	44	5	24	34	53	14	56	25	12	6	21	1	48	4	25	51	17	16	52	48	2	51	35	42	23	50	53	51	43	14	4	2	6	42	42	38	15	0	44	26	41	15	30	39	34	51	37	4	21	24	28	31	44	26	26	3	34	10	53	17	7	16	21
42	3	25	59	40	36	52	18	28	4	8	52	42	23	6	13	3	25	51	6	7	40	34	6	49	28	51	19	29	24	39	18	42	30	13	3	1	50	47	31	35	54	56	59	58	27	4	52	49	1	54	9	20	27	19	30	36	54	9	38	33	10	13	36	15	6	31	14	43	26	23	6	41	27	11	0	53	50	46	10	52	23	4	21	24	53	2	27	31	3	33	11	47	42	52	45	15	35	45	4
26	34	53	15	1	19	59	32	22	52	18	47	52	1	18	16	36	48	57	51	10	20	5	7	48	2	40	19	4	2	36	53	23	16	2	51	38	16	5	23	48	51	12	53	21	21	15	39	22	33	31	38	49	10	1	35	41	16	39	40	32	45	21	14	23	59	43	32	15	4	48	2	58	6	17	46	0	24	5	59	49	13	37	6	12	23	5	26	56	38	15	34	58	49	13	5	34	55	34	43
46	34	41	56	56	39	57	56	49	6	44	10	1	3	48	23	44	57	11	42	19	48	24	11	59	41	55	33	1	3	56	56	41	15	10	28	39	17	23	17	28	56	16	14	17	15	13	32	5	39	7	10	7	40	48	23	12	6	23	30	11	38	17	36	57	50	5	47	28	34	45	37	44	37	43	46	16	0	33	47	40	24	39	40	30	38	10	24	40	59	28	45	18	35	2	33	33	13	1	12
27	8	33	29	14	22	24	21	33	22	14	49	18	28	44	16	15	18	14	44	8	58	47	12	34	59	49	53	26	53	49	4	53	50	26	21	34	41	1	39	6	55	29	41	6	6	6	15	50	32	38	27	57	41	48	56	24	31	54	35	24	39	41	32	1	43	14	58	36	21	51	7	20	35	34	18	49	23	0	57	42	35	41	37	27	34	46	58	33	1	52	17	37	48	49	40	5	26	33	3
54	43	4	58	54	2	40	3	54	52	34	44	6	4	22	33	31	12	39	40	6	5	56	19	37	40	11	8	36	18	55	47	22	57	4	53	40	10	9	40	15	36	43	33	27	16	40	48	36	21	44	39	17	3	30	15	38	7	10	27	34	33	20	16	20	39	28	24	36	51	2	57	11	43	59	7	9	46	47	0	14	9	38	39	50	18	34	16	32	38	46	34	59	4	19	7	51	22	35	42
29	11	16	23	47	19	14	45	53	45	10	3	39	53	12	36	49	56	34	12	13	25	43	51	56	20	17	50	34	59	5	26	15	39	33	53	54	45	38	42	2	14	24	7	53	9	23	52	1	24	40	2	12	23	9	51	14	28	36	29	35	19	15	28	51	1	42	40	13	44	36	27	25	54	36	13	46	54	51	31	0	15	19	1	13	9	29	23	44	20	29	21	30	46	26	19	36	56	54	30
10	58	52	23	34	12	15	28	56	18	22	36	22	40	8	48	39	24	47	1	15	5	48	13	21	57	4	22	16	12	48	38	53	29	45	22	14	38	46	39	56	11	15	54	3	56	39	46	4	21	6	22	4	52	53	47	55	50	35	9	19	30	19	48	11	3	35	22	18	28	42	52	56	4	21	34	15	54	13	13	35	0	25	21	50	18	46	26	55	3	4	30	25	35	30	45	36	17	45	16
1	57	24	10	55	51	55	49	27	14	21	47	19	51	48	27	48	49	16	59	26	11	2	41	38	57	11	53	50	28	51	43	16	8	58	7	56	51	31	53	5	2	11	40	37	9	58	49	19	44	12	42	9	37	47	31	27	49	23	13	52	43	23	51	26	55	8	55	12	28	39	53	58	47	19	33	7	10	12	47	26	36	0	23	41	32	31	42	16	46	8	6	55	23	7	56	52	32	12	38
46	59	31	22	51	12	22	46	33	36	50	18	4	57	35	20	4	35	54	4	20	44	54	32	44	41	55	9	32	40	32	38	47	4	5	37	58	29	21	41	35	10	59	21	28	37	56	27	12	33	44	12	35	40	6	48	43	30	36	8	43	52	8	31	55	17	48	19	2	32	29	52	28	1	54	10	49	36	43	57	44	38	24	0	11	25	15	42	26	19	11	23	51	36	26	27	16	46	56	59
3	5	5	54	52	5	39	32	53	25	8	29	12	48	56	58	40	49	39	12	57	48	12	45	13	24	38	51	54	34	24	54	11	21	18	42	27	45	16	13	8	29	58	2	3	57	8	32	3	10	42	30	4	43	11	40	38	22	34	42	55	4	51	34	35	41	50	43	53	43	27	16	14	16	51	51	46	25	6	58	29	55	23	3	0	15	8	22	27	41	29	20	11	38	57	34	26	57	40	46
36	18	55	9	8	10	59	32	49	7	42	21	43	27	15	37	33	28	34	52	46	14	55	56	29	9	19	20	54	25	34	39	20	20	21	29	43	11	54	25	39	19	50	6	43	55	51	1	48	22	3	41	24	57	38	47	44	36	37	3	19	26	2	4	36	1	23	35	27	38	28	10	42	9	7	3	26	13	48	48	25	47	48	46	14	0	6	33	44	33	17	43	27	46	40	1	53	56	26	21
27	2	52	3	44	45	39	3	14	40	27	15	52	40	2	24	29	46	2	7	39	29	59	46	29	55	35	54	54	7	54	48	1	56	39	51	49	28	46	47	11	41	10	10	38	44	50	1	55	55	59	8	5	43	1	52	23	30	49	57	46	52	11	43	57	38	19	43	28	31	15	6	17	56	20	30	40	9	31	30	2	17	22	50	18	16	0	1	56	24	24	41	21	44	7	19	39	33	52	21
32	50	5	21	24	15	52	33	19	30	44	48	48	11	7	30	42	27	18	5	24	26	55	42	16	16	16	34	58	43	23	33	26	42	31	24	23	15	37	1	20	19	26	45	18	4	43	25	44	47	25	4	55	38	56	28	22	44	23	4	8	2	42	1	49	9	1	25	47	12	48	46	4	44	25	26	7	41	50	13	7	18	43	9	43	54	45	0	14	44	38	6	51	17	42	3	34	5	53	46
1	12	41	34	15	27	32	3	12	47	32	41	23	33	29	10	25	38	20	58	22	19	51	44	23	59	2	37	52	38	44	30	9	38	2	42	6	26	56	59	45	14	21	31	4	3	44	5	4	56	27	21	25	41	58	21	3	59	32	18	56	32	38	17	19	46	20	13	57	18	30	34	6	25	4	2	29	38	8	27	59	7	37	36	6	39	58	12	0	51	17	1	33	54	1	18	38	22	9	58
46	3	58	47	13	51	29	52	28	48	50	26	28	39	18	30	18	13	30	4	45	33	5	23	10	41	36	18	46	24	9	28	39	45	56	37	41	22	42	58	23	33	52	47	37	4	17	18	23	31	54	18	57	33	4	10	17	43	40	27	17	23	24	41	19	47	49	56	42	5	59	3	23	11	32	26	25	38	11	45	59	39	16	59	22	26	36	54	16	0	38	12	15	57	31	42	34	3	22	14
40	13	50	56	38	30	18	46	36	59	19	27	15	59	33	27	31	10	7	27	57	45	37	26	43	50	59	30	11	56	56	43	58	27	8	11	16	42	40	32	56	52	45	54	9	16	42	31	17	9	42	5	40	44	41	3	30	37	11	18	15	47	3	42	52	12	3	57	56	24	38	45	49	51	16	38	26	45	48	3	5	17	3	42	10	6	35	45	46	22	0	27	34	34	45	49	23	54	59	6
59	53	28	28	55	1	54	38	52	58	13	43	51	9	50	47	49	14	45	37	58	6	12	1	18	41	42	31	16	10	55	32	54	52	57	18	48	35	15	32	28	41	16	39	11	47	33	1	28	21	16	54	58	33	8	14	52	23	29	30	23	52	23	48	35	55	52	46	5	29	54	39	10	11	56	1	6	58	49	2	34	23	25	7	47	9	39	37	59	15	18	0	23	26	39	3	46	32	23	53
20	48	39	8	12	17	3	6	4	40	4	52	20	49	44	3	17	38	28	40	38	3	28	51	19	2	49	2	28	46	55	17	10	11	25	47	25	45	49	18	6	52	30	42	30	50	31	29	56	47	36	37	16	14	5	11	14	10	20	13	46	22	1	1	7	6	21	11	55	19	22	57	44	31	10	51	28	45	33	52	2	10	50	36	13	31	26	29	48	3	27	15	0	50	42	17	20	5	48	36
44	48	20	44	2	11	20	32	18	25	15	35	38	48	5	39	4	13	59	5	20	8	36	31	14	28	19	3	3	41	43	39	11	2	21	6	53	41	11	59	31	45	49	6	25	54	53	3	36	37	10	46	49	19	38	23	12	2	22	41	51	44	4	54	7	32	4	35	52	10	56	21	29	31	38	6	36	8	48	33	40	27	52	53	29	1	2	49	40	29	4	49	7	0	29	9	8	8	37	20
41	9	26	59	52	33	56	43	59	3	31	14	47	39	6	28	24	54	26	51	11	46	32	47	42	13	50	8	31	32	40	41	48	42	6	40	52	2	3	52	42	33	10	5	31	12	28	25	27	32	28	47	26	34	43	39	22	29	28	6	16	30	38	58	40	22	33	59	27	58	49	59	4	38	58	32	35	38	37	56	14	41	53	57	6	14	28	18	39	19	6	59	50	25	0	33	25	2	15	35
36	43	37	37	48	14	33	29	1	44	20	26	51	49	40	12	11	41	12	43	11	38	45	7	3	11	52	24	32	33	27	35	33	58	34	23	53	9	38	27	7	10	15	58	45	1	34	46	2	12	48	10	31	49	35	20	18	41	20	14	37	42	32	39	49	32	44	50	52	29	44	16	26	13	33	51	17	38	9	33	33	18	47	30	38	19	45	41	23	13	46	22	16	27	40	0	20	40	3	18
38	46	16	23	35	25	59	35	2	38	25	57	25	26	28	52	23	56	25	33	37	49	36	59	43	39	18	4	33	19	53	14	52	19	30	4	11	11	33	41	11	36	54	11	46	7	48	34	49	14	31	56	48	34	46	18	16	50	17	18	28	53	42	35	54	17	6	31	12	24	11	32	21	7	44	38	7	26	9	10	6	46	37	6	33	9	42	59	21	11	45	48	40	5	4	8	0	32	21	22
55	36	24	45	26	49	6	11	24	8	29	2	25	47	13	30	47	54	26	2	55	15	22	54	51	47	57	56	17	49	50	35	8	34	17	22	20	48	56	22	41	39	49	11	37	46	35	11	55	58	12	39	1	24	20	13	17	45	51	16	54	51	19	15	17	12	48	32	58	51	16	13	39	45	22	49	52	31	56	6	14	47	41	58	18	54	55	29	13	16	25	12	7	41	8	13	53	0	33	5
15	39	7	13	2	11	11	33	54	52	34	4	8	24	49	24	13	25	26	22	36	48	33	6	16	24	49	45	16	36	6	16	32	32	37	40	29	10	33	35	22	35	1	30	56	55	17	10	29	19	24	52	24	10	46	39	23	6	51	10	1	11	34	23	27	3	7	21	5	56	45	34	45	53	41	59	41	27	57	28	20	41	50	41	10	19	11	12	47	19	31	16	20	22	12	27	54	49	0	36
19	2	41	54	27	34	19	12	52	15	59	17	44	45	44	44	20	31	11	58	23	16	42	52	25	49	49	23	2	37	22	47	7	11	37	57	54	20	55	41	18	58	28	11	41	48	24	24	25	16	9	12	29	16	8	10	8	33	18	16	59	30	15	26	1	45	55	54	30	2	13	36	26	11	30	2	38	50	57	1	36	3	24	16	29	7	19	20	13	42	23	6	46	22	24	7	25	1	54	0
