A	B	C	D	E	F	G	H	I	J	K	L	M	N	O	P	Q	R	S	T	U	V	W	X	Y	Z	AA	AB	AC	AD	AE	AF	AG	AH	AI	AJ	AK	AL	AM	AN	AO	AP	AQ	AR	AS	AT	AU	AV	AW	AX	AY	AZ	BA	BB	BC	BD	BE	BF	BG	BH	BI	BJ	BK	BL	BM	BN	BO	BP	BQ	BR	BS	BT	BU	BV	BW	BX	BY	BZ	CA	CB	CC	CD	CE	CF	CG	CH	CI	CJ	CK	CL	CM	CN	CO	CP	CQ	CR	CS	CT	CU	CV
0	333	12	237	582	214	750	390	365	209	171	116	478	384	554	88	779	176	204	414	68	716	20	219	753	453	587	174	393	576	495	107	24	311	195	321	703	485	261	207	415	729	54	71	232	348	771	747	645	507	41	607	49	788	510	108	647	278	758	350	581	289	700	180	196	388	65	271	224	137	271	438	412	171	696	732	343	7	653	338	155	192	190	48	399	606	414	366	28	298	607	621	118	403	559	12	564	761	53	469
173	0	762	147	465	451	723	324	411	330	689	403	668	661	667	674	61	266	328	326	603	510	115	373	703	172	714	442	251	734	764	668	748	243	229	736	696	535	626	51	554	774	226	78	46	638	766	227	335	729	330	119	145	487	26	365	200	262	611	67	42	205	471	592	209	673	73	686	477	42	556	613	343	114	38	419	342	630	715	484	413	432	631	783	397	615	305	784	749	443	289	296	671	92	286	83	55	323	505	263
461	548	0	37	17	791	731	323	659	601	500	637	370	112	239	791	31	374	206	207	417	578	68	186	774	360	786	657	627	134	710	364	498	777	469	608	227	204	326	336	514	632	179	597	510	289	35	272	585	737	282	625	271	255	733	77	762	513	128	187	182	627	94	468	31	549	216	290	81	486	767	283	631	268	567	20	520	13	185	444	287	95	736	242	80	77	689	421	515	385	148	468	654	11	685	721	311	451	154	317
372	335	665	0	379	108	235	51	625	609	257	505	405	12	100	647	48	453	113	96	340	148	778	485	648	381	763	573	645	329	188	664	573	121	784	768	499	621	4	56	249	236	617	14	71	408	757	709	521	103	120	109	768	175	335	519	452	501	367	39	121	773	721	162	190	677	781	591	614	2	603	254	752	681	510	783	586	539	453	625	603	579	768	393	305	251	463	597	231	128	320	40	162	26	117	688	182	747	361	497
176	90	32	594	0	161	781	705	679	365	404	644	573	459	690	466	561	420	171	20	342	91	426	679	438	176	764	268	383	294	233	368	794	514	521	38	209	558	617	737	1	348	609	22	567	352	510	353	637	247	180	233	464	339	142	50	59	568	302	618	286	244	386	29	619	764	591	583	412	111	357	109	749	347	277	363	330	232	349	285	460	192	298	593	423	548	425	459	146	537	189	451	394	749	609	784	449	288	652	420
775	696	253	539	679	0	784	12	495	149	191	120	22	229	224	318	16	694	702	187	510	748	736	489	493	256	390	719	677	545	259	111	701	401	40	150	326	457	483	192	535	591	543	472	680	277	574	198	320	488	646	197	399	478	284	31	794	736	445	602	174	639	152	572	599	343	228	456	192	15	87	481	535	692	658	248	82	756	750	338	466	552	134	111	78	469	157	455	254	715	379	462	216	297	668	394	66	144	693	567
676	182	34	633	49	80	0	629	84	209	551	321	335	458	389	399	356	402	92	206	250	726	492	630	646	171	427	545	408	54	671	600	125	778	384	323	26	145	219	145	665	573	390	26	159	121	149	624	122	205	63	691	615	136	629	460	184	518	393	223	416	438	33	324	45	466	734	603	620	99	613	331	95	544	456	454	425	472	304	463	545	461	636	703	186	85	209	618	178	636	474	533	190	534	116	305	318	533	138	375
236	140	548	463	459	528	120	0	420	609	530	788	86	595	754	405	45	537	742	259	51	677	97	402	630	664	67	256	525	465	761	438	557	400	297	748	498	473	264	793	598	774	180	70	497	53	491	733	171	164	74	595	505	472	176	482	547	785	38	277	183	6	13	702	382	192	381	225	349	120	332	608	437	508	348	768	278	354	691	39	429	679	261	298	439	181	159	139	665	470	501	618	560	741	512	72	393	312	776	703
187	68	484	435	586	554	361	72	0	477	582	95	179	52	596	696	469	102	134	674	27	27	719	279	366	775	764	521	763	368	644	272	58	591	400	340	326	202	666	605	67	617	426	318	505	74	662	547	396	292	13	666	418	166	20	792	417	22	287	774	203	463	539	323	715	508	132	506	481	510	214	785	322	96	458	225	194	399	79	400	462	322	458	496	737	90	445	573	778	755	482	212	732	635	470	653	145	648	4	752
514	267	397	692	767	148	27	400	249	0	22	687	186	614	384	188	324	129	200	606	86	680	334	702	114	546	644	278	511	787	112	786	145	431	215	228	441	7	475	400	517	626	766	555	306	34	240	739	211	720	264	278	378	600	311	27	651	385	606	517	458	775	377	274	508	644	51	182	124	540	193	413	252	745	589	140	141	44	27	644	280	17	483	420	655	83	786	340	635	444	192	458	170	642	25	382	312	171	475	779
337	40	193	523	25	349	31	685	557	172	0	702	472	403	478	734	283	569	511	28	731	12	329	711	247	6	273	85	260	684	9	272	83	589	232	623	267	442	196	648	653	130	274	303	336	431	493	551	263	606	596	609	361	340	438	545	729	787	501	394	411	108	339	289	721	373	57	292	4	283	1	658	758	289	633	684	419	761	100	299	62	351	757	390	603	255	463	565	54	291	229	219	294	756	168	267	302	723	244	462
598	65	745	110	20	758	216	51	79	725	220	0	203	1	726	74	528	31	307	396	724	353	563	182	600	660	227	279	731	58	67	714	625	635	679	272	297	412	125	745	400	408	592	356	91	64	491	695	383	528	307	552	670	448	697	145	409	132	442	101	780	90	686	273	697	745	309	447	314	519	607	713	704	544	758	195	140	548	59	435	340	646	362	648	728	308	448	542	317	339	177	738	211	42	166	49	400	773	625	341
704	176	373	761	579	450	440	778	3	125	472	265	0	241	619	743	72	633	588	82	42	698	598	118	665	603	760	595	544	353	33	158	417	679	760	375	159	59	617	630	389	129	612	133	60	117	182	693	521	118	191	446	498	287	435	430	754	381	64	380	3	526	585	677	635	521	763	488	374	416	485	422	218	652	764	588	523	179	619	79	24	793	291	114	94	526	337	522	176	101	98	545	369	225	508	3	25	152	626	562
239	647	57	135	108	579	66	671	161	91	676	23	560	0	126	356	661	61	722	572	711	66	481	442	269	398	6	312	359	136	560	341	43	217	636	350	236	462	34	772	150	68	684	618	18	462	310	352	645	604	429	474	487	117	126	291	242	491	703	545	59	383	473	90	658	88	417	272	182	781	247	4	657	258	686	78	354	279	447	649	266	147	515	311	457	289	343	349	252	595	376	398	232	518	155	229	40	453	435	380
449	320	430	118	413	208	637	683	294	484	44	550	430	430	0	203	46	381	90	659	241	768	349	359	729	465	101	562	537	123	530	186	181	328	782	715	405	720	497	9	283	351	576	630	87	697	69	639	531	179	395	276	53	760	164	100	349	649	754	224	597	604	447	142	97	640	24	593	643	721	314	599	138	13	171	574	516	294	705	734	328	31	309	120	478	106	204	266	697	555	362	323	765	593	10	278	445	306	749	328
583	567	768	245	305	327	315	34	518	618	147	524	339	152	413	0	785	469	728	430	80	149	271	21	535	110	310	283	243	240	234	490	390	211	604	325	73	118	135	422	273	29	669	105	268	277	79	353	516	281	622	632	575	442	154	152	736	728	88	550	348	221	693	598	261	62	40	246	115	146	271	594	712	442	378	141	518	351	610	285	201	492	121	363	167	160	525	339	60	206	610	389	316	723	300	47	37	401	115	119
288	767	681	725	425	41	501	52	539	367	319	556	601	718	698	489	0	138	33	328	751	267	532	763	663	131	641	211	156	554	110	664	579	436	55	709	627	559	332	711	102	107	606	624	73	357	354	635	207	762	248	733	206	56	438	185	67	91	621	179	440	271	253	57	740	50	775	698	291	751	418	324	149	585	607	429	112	183	549	764	81	777	165	329	127	123	790	214	12	381	129	670	726	194	278	520	362	605	172	274
184	417	621	111	240	109	324	225	377	58	636	51	535	705	694	462	787	0	648	284	595	212	694	477	534	654	152	619	621	400	482	145	134	14	427	114	30	481	489	681	201	437	299	498	124	617	582	572	86	106	141	36	226	174	21	227	120	194	356	61	670	749	550	717	685	460	394	464	42	47	141	598	775	561	13	52	73	789	1	19	292	783	534	339	124	618	573	677	171	56	241	776	29	158	427	428	358	289	297	509
699	562	695	741	764	321	568	28	71	175	715	198	539	686	350	103	387	579	0	83	180	762	489	136	374	30	395	403	539	350	516	624	323	40	787	614	438	256	388	745	655	422	574	196	42	751	300	628	758	791	739	713	445	416	127	547	207	718	388	430	563	323	717	779	454	296	178	692	513	98	88	607	257	329	420	295	364	141	769	546	694	191	432	750	506	141	794	411	482	459	578	19	631	307	56	279	359	284	248	730
467	634	8	347	693	480	94	301	794	507	271	622	276	370	189	548	591	592	420	0	767	334	182	774	616	100	778	130	231	503	267	97	124	690	681	35	590	398	257	510	145	83	649	355	113	706	22	69	640	741	195	315	460	190	204	69	158	252	9	293	356	145	634	512	291	600	786	486	339	70	255	429	670	257	438	124	667	669	571	551	95	529	3	105	425	679	502	762	262	757	134	315	327	222	530	755	51	382	695	153
567	148	198	566	263	440	419	372	787	702	559	476	615	310	338	691	172	28	415	512	0	3	123	174	530	546	546	631	518	660	574	490	40	772	376	61	113	452	63	696	569	192	148	671	76	768	236	727	733	457	686	135	344	437	479	375	691	144	244	588	594	291	521	41	292	139	439	573	190	455	467	491	10	104	169	592	192	16	480	333	144	360	180	418	269	50	218	547	399	674	732	385	660	229	24	483	664	632	431	139
666	58	427	119	375	720	554	655	200	434	229	234	80	564	211	716	344	61	442	588	353	0	416	692	325	476	612	534	781	711	21	14	61	691	135	167	651	583	400	488	258	528	539	142	46	154	179	667	488	717	17	127	409	377	91	364	675	627	263	687	71	337	112	48	709	473	757	253	134	194	580	351	4	742	315	662	341	633	14	37	519	794	475	550	254	763	334	243	324	585	144	619	555	761	507	372	553	739	59	777
603	165	98	427	365	57	517	717	558	761	170	53	438	241	579	39	592	267	481	160	457	664	0	412	227	446	333	740	398	267	163	268	525	167	666	495	88	379	628	592	8	783	231	243	417	128	630	413	227	599	366	10	762	28	535	210	112	285	599	709	384	599	96	594	755	14	463	537	494	249	470	579	585	18	187	378	467	511	418	320	180	373	550	202	781	10	15	430	269	229	83	83	331	296	644	722	517	693	378	562
721	271	698	698	761	269	278	489	452	658	592	119	716	680	599	647	586	424	186	29	124	578	733	0	479	562	96	85	726	289	646	173	319	665	290	556	101	718	717	350	706	514	109	98	127	8	596	531	111	157	166	355	492	175	592	423	663	190	279	765	279	482	565	468	1	246	448	381	424	722	369	166	659	249	178	554	377	85	623	172	557	248	510	472	24	261	532	707	275	717	239	501	39	468	307	73	703	393	438	771
65	179	739	256	422	728	213	263	448	574	232	703	66	33	615	530	55	190	774	691	424	518	276	241	0	499	377	409	728	381	245	494	92	581	272	152	757	697	339	373	7	459	70	525	674	638	53	686	767	763	498	532	697	115	140	665	640	558	402	95	677	202	539	626	635	758	311	472	689	108	341	654	294	699	268	184	586	531	496	484	313	294	739	148	601	82	321	261	400	643	209	741	542	443	118	558	309	656	531	481
135	778	466	379	628	73	462	700	660	373	9	734	96	700	413	336	95	219	212	503	397	508	727	594	779	0	404	14	195	242	34	136	87	731	134	575	181	510	152	414	695	620	171	434	337	404	792	744	328	162	182	374	136	637	530	60	492	365	288	631	625	104	716	440	107	228	33	95	324	301	550	315	441	595	576	676	215	490	547	583	209	54	666	709	234	210	328	291	26	544	339	164	523	427	108	303	691	655	43	440
124	280	605	270	584	684	561	453	751	482	207	220	636	293	259	496	124	165	457	250	226	786	71	75	486	565	0	596	453	604	604	734	631	314	659	775	724	493	442	40	656	393	549	706	275	189	317	552	502	452	21	43	147	20	244	309	711	423	27	587	292	134	62	48	33	690	340	385	79	167	589	340	7	729	29	295	446	698	178	212	271	783	97	35	117	356	701	83	232	533	293	75	238	417	754	396	258	693	22	732
496	13	632	429	99	134	200	754	519	600	555	468	17	695	131	19	76	720	419	37	52	190	205	371	758	95	598	0	347	311	717	748	721	644	713	145	44	264	784	212	417	479	138	439	23	571	54	756	93	409	310	425	36	514	259	207	715	42	346	679	566	66	69	401	751	775	317	436	272	330	372	256	761	346	222	298	69	290	227	54	748	137	313	247	227	117	479	404	256	37	520	762	164	243	305	574	189	51	604	94
714	787	768	133	376	365	700	295	521	280	218	260	765	701	169	492	350	268	365	511	321	554	655	115	159	761	584	460	0	488	693	66	656	404	152	453	518	495	560	124	718	557	677	264	454	372	175	560	636	229	124	42	770	344	789	232	579	222	371	286	201	599	172	478	637	229	151	252	42	115	523	405	320	344	654	137	389	254	186	56	264	40	152	735	156	248	170	658	436	394	89	344	578	737	43	50	626	291	762	15
698	601	352	743	425	274	545	184	630	351	716	143	13	246	250	505	647	467	775	280	90	533	528	466	454	314	417	104	252	0	693	586	223	160	555	605	520	452	519	292	545	32	302	46	497	653	206	742	117	48	496	564	744	676	412	239	86	215	112	235	161	145	291	445	109	548	624	125	86	42	44	37	656	426	138	473	533	111	489	278	105	506	179	546	486	593	64	647	410	245	742	725	706	511	688	132	771	325	344	134
74	366	156	747	769	165	455	675	382	368	371	386	526	417	15	554	269	533	238	576	313	490	528	689	311	438	705	282	682	203	0	347	264	595	442	179	402	61	228	64	788	82	603	752	475	780	580	545	595	407	757	316	614	563	353	723	374	701	438	463	375	157	103	293	601	646	311	428	272	788	191	384	622	194	216	455	779	725	415	130	773	283	450	30	107	96	442	69	619	420	351	257	518	331	265	33	174	602	719	294
295	193	268	77	480	559	636	752	644	671	543	300	60	246	371	407	782	436	195	415	340	560	568	30	564	399	784	331	670	327	100	0	56	417	157	534	349	642	581	619	744	286	4	203	786	66	39	298	744	87	586	418	102	94	693	80	409	403	75	461	710	150	703	568	744	30	733	110	82	655	649	419	767	613	105	214	162	723	560	28	210	244	245	502	547	758	94	458	353	188	532	164	98	393	92	319	563	326	311	111
47	363	496	361	659	362	392	589	266	140	706	470	395	386	782	243	583	251	166	663	730	125	315	277	15	237	7	520	313	120	81	79	0	312	608	453	614	398	131	295	777	574	462	721	597	533	654	742	691	680	340	245	327	144	56	775	30	578	87	186	312	550	350	167	155	152	167	224	143	715	446	612	753	90	419	185	752	227	77	776	106	719	628	118	114	115	268	359	577	428	506	48	269	675	714	516	656	362	638	553
657	744	86	537	227	83	444	30	276	348	33	487	560	662	117	94	696	253	346	83	681	189	352	628	487	383	323	259	106	272	348	691	324	0	390	705	602	648	155	357	393	314	607	218	219	783	658	390	175	514	629	629	174	323	257	592	169	3	352	714	473	469	277	689	80	138	413	188	473	532	376	705	132	400	711	509	578	586	544	450	617	118	36	68	291	166	746	493	254	396	709	434	76	627	197	679	160	462	502	576
662	687	526	76	485	451	686	765	399	426	140	285	123	174	632	451	735	624	598	261	182	419	782	2	292	536	407	718	137	754	81	403	496	184	0	594	148	601	231	585	397	99	563	526	303	214	789	564	163	17	639	598	745	350	225	557	143	711	229	433	253	423	651	488	30	552	650	443	777	122	206	692	176	627	654	192	412	375	570	426	748	536	245	102	754	724	443	56	418	211	603	643	544	262	147	438	65	457	78	388
705	255	238	719	558	209	638	166	72	407	256	126	27	312	300	136	158	42	594	447	754	753	140	652	167	513	674	593	283	588	650	512	53	786	549	0	255	361	702	103	270	494	591	583	199	480	361	100	451	543	344	41	343	85	254	618	684	668	205	566	195	139	109	642	769	660	24	118	180	103	468	313	361	322	505	633	476	747	485	581	111	221	709	483	310	153	606	581	610	697	668	205	456	559	173	648	570	401	238	195
347	328	726	782	408	255	613	625	771	282	563	209	551	242	1	305	756	96	424	173	145	522	596	777	162	528	462	380	249	259	646	318	214	34	17	400	0	226	478	202	636	466	679	153	449	591	216	74	68	255	510	442	285	483	96	515	664	746	462	697	440	387	596	368	528	520	502	178	23	332	613	667	235	138	475	624	612	2	351	258	425	617	101	419	617	506	414	438	312	638	759	517	656	391	660	64	751	313	775	531
607	384	678	207	545	144	681	204	251	156	510	626	779	571	446	234	702	546	400	504	286	693	526	647	275	706	511	68	2	412	48	301	416	182	686	59	271	0	347	31	30	672	636	318	725	137	534	33	15	347	326	779	372	324	517	22	790	456	344	635	105	482	757	750	595	668	593	291	488	610	72	695	631	122	144	704	442	418	405	494	696	127	707	248	652	687	356	9	346	418	673	312	248	384	601	2	315	29	683	641
613	675	740	46	546	430	158	182	107	3	33	144	656	759	397	601	670	237	624	416	793	451	644	142	181	715	681	427	622	308	50	765	561	21	513	569	565	531	0	458	272	227	87	250	683	318	509	88	419	208	569	307	286	333	627	247	473	497	780	217	144	762	460	284	103	400	33	790	400	77	770	207	184	777	345	408	756	265	172	761	136	744	694	425	668	765	120	416	311	551	532	739	342	701	134	209	384	469	242	744
570	624	371	585	769	469	619	209	588	736	313	345	591	601	493	372	313	359	619	730	470	479	75	692	477	592	204	327	225	743	86	712	385	93	469	67	634	771	261	0	459	602	237	721	335	203	52	411	770	439	373	733	118	570	738	150	766	293	216	712	399	537	652	684	531	112	515	352	633	359	307	194	473	220	10	34	279	540	147	556	712	691	425	504	555	739	265	428	601	143	135	240	378	2	674	457	268	271	731	751
522	633	219	503	84	444	186	193	763	251	705	485	488	171	445	139	611	642	126	552	295	546	736	404	560	41	741	505	701	300	252	347	109	37	571	774	355	741	224	279	0	436	13	191	284	47	234	705	288	629	393	655	233	670	451	362	498	332	671	443	645	310	338	196	132	448	753	406	309	403	26	86	783	166	585	707	710	666	531	783	359	222	123	129	687	404	760	283	720	519	130	359	345	674	687	579	703	685	102	792
606	587	139	37	767	647	483	91	339	612	599	383	674	552	753	690	392	511	603	446	48	468	656	152	732	534	413	622	489	303	312	408	611	551	376	341	236	168	374	319	295	0	329	316	404	787	348	211	204	772	527	58	60	258	400	674	451	71	242	401	462	430	502	682	12	149	609	653	158	170	496	462	22	192	142	590	560	139	658	514	671	238	291	357	445	544	269	263	431	99	208	37	598	277	550	786	68	605	49	187
568	64	708	790	73	611	177	191	232	497	612	418	473	507	612	472	49	46	81	7	430	182	445	129	422	519	289	406	11	669	726	48	369	264	679	316	601	305	330	410	606	466	0	767	529	466	402	368	390	131	380	652	327	551	209	336	585	168	61	717	343	80	653	373	391	724	650	441	27	106	47	571	396	491	73	571	594	294	700	597	409	497	686	466	580	621	155	519	365	436	589	271	342	105	48	288	255	591	615	600
743	361	772	108	19	320	282	309	756	253	669	184	547	577	163	43	220	570	397	106	571	184	138	551	27	410	595	533	606	570	280	402	49	264	12	123	186	39	779	405	198	201	498	0	499	706	221	773	746	97	277	252	487	729	573	394	250	602	325	214	494	192	160	291	112	464	790	294	322	751	762	320	377	455	24	160	182	663	122	128	471	639	732	447	680	648	606	712	444	267	311	593	598	384	662	356	429	515	223	607
156	671	355	27	559	47	501	510	637	239	405	37	140	620	595	473	652	457	506	375	449	28	272	536	300	310	744	668	462	425	497	76	469	214	465	265	509	164	86	612	225	455	522	29	0	682	477	203	576	454	209	145	268	351	47	670	516	721	225	676	366	483	745	333	569	396	25	585	185	694	50	155	153	246	267	80	722	207	495	160	709	141	226	651	673	356	281	587	331	488	709	300	191	151	548	401	769	466	523	24
184	646	197	82	117	553	743	41	425	10	152	258	697	141	337	615	740	627	728	652	388	16	523	756	191	287	609	177	55	737	275	622	226	518	511	189	533	784	380	453	513	26	180	175	89	0	484	81	580	100	85	191	563	676	431	636	780	224	453	472	695	217	537	656	87	507	152	88	193	613	360	301	88	687	70	660	566	532	173	784	378	645	453	694	270	276	715	312	366	682	785	220	442	695	97	76	450	331	291	396
21	408	232	381	611	610	441	105	728	539	183	767	337	602	172	673	154	472	774	635	558	289	455	189	230	162	738	335	15	638	443	696	556	730	242	611	638	57	430	390	419	513	304	631	67	383	0	48	252	711	616	308	378	725	41	106	214	627	681	489	421	602	558	44	717	45	38	638	375	358	521	432	60	124	28	537	160	199	19	380	217	568	43	378	632	119	666	549	725	387	555	609	340	132	78	710	275	90	165	472
702	67	675	432	368	709	673	449	201	455	285	590	761	23	21	78	276	786	599	186	683	713	16	13	704	439	319	472	317	216	744	376	368	459	497	410	46	631	624	54	453	416	568	530	688	760	347	0	179	320	173	663	593	712	750	377	720	161	672	457	81	468	72	11	25	292	574	55	524	600	226	674	252	496	90	672	615	611	41	68	633	101	668	222	728	130	705	227	88	104	622	518	388	264	353	466	531	164	82	785
149	698	448	705	658	519	616	279	698	710	505	176	284	535	12	772	323	153	460	424	632	107	739	114	589	284	477	87	308	604	218	550	183	96	436	28	273	715	435	554	387	491	490	647	670	342	382	189	0	38	318	725	27	393	485	395	226	363	306	464	478	366	774	54	660	645	226	777	451	756	357	616	322	88	198	247	189	136	118	395	521	248	140	289	538	48	30	574	686	622	326	504	758	32	429	123	5	241	606	415
772	632	100	51	207	191	661	104	598	402	135	83	555	590	282	9	413	35	69	67	165	650	205	492	5	602	625	91	523	376	776	376	296	204	750	523	97	260	407	199	493	379	698	380	572	703	451	38	114	0	727	430	476	286	551	515	24	190	529	778	399	406	428	551	420	284	86	643	167	114	5	250	563	305	352	210	782	412	350	213	118	365	370	162	352	344	192	417	272	574	585	565	751	558	120	429	214	567	395	110
483	423	502	138	490	670	530	168	280	395	537	257	395	556	163	553	351	420	478	52	222	53	438	548	24	723	517	5	615	699	75	224	115	432	722	575	610	502	429	304	513	610	602	793	222	226	596	714	464	547	0	23	249	435	163	748	51	564	171	602	504	701	762	711	548	69	753	249	330	716	104	739	695	471	607	38	16	185	285	98	244	79	609	363	524	670	438	308	672	209	438	442	45	385	291	517	625	75	695	104
453	333	37	24	753	708	794	484	341	253	451	754	615	3	660	152	464	691	244	141	711	556	158	103	640	41	572	509	306	584	308	608	730	78	752	714	502	502	614	43	203	691	787	719	174	218	758	312	696	146	498	0	200	742	752	27	43	488	183	321	325	270	347	467	492	707	776	340	393	268	408	323	672	456	753	630	349	595	568	152	321	789	210	210	587	532	581	450	247	781	311	647	104	190	143	345	80	67	613	107
632	397	638	403	309	547	575	56	421	215	484	728	659	144	672	75	458	18	181	604	493	136	9	143	299	531	306	36	134	680	636	564	213	240	721	91	207	648	609	77	188	647	316	616	589	585	6	466	584	103	442	501	0	489	384	304	344	712	626	394	706	9	768	251	621	525	753	123	364	122	334	107	26	11	349	459	112	594	697	346	720	109	326	785	292	599	704	753	196	254	112	362	122	237	282	57	130	23	39	420
137	317	505	788	440	384	472	390	428	440	627	183	712	736	703	646	108	82	533	209	699	481	310	463	495	776	568	289	610	68	471	375	629	295	176	17	622	472	705	645	453	28	629	324	737	120	484	58	767	621	344	412	646	0	499	663	134	283	221	331	38	724	5	180	607	601	22	502	131	547	352	219	677	459	27	290	117	749	624	521	310	612	469	348	136	235	700	328	146	71	93	600	678	233	473	113	696	642	349	484
284	66	692	81	157	381	4	439	208	204	537	673	689	44	776	37	21	248	14	471	667	37	633	743	77	353	444	617	8	608	65	743	602	296	319	226	112	496	249	107	221	421	398	351	382	215	516	45	115	641	32	749	433	479	0	625	180	382	711	14	277	62	516	446	269	661	553	532	217	63	493	91	381	86	278	608	432	26	629	270	330	53	572	655	264	693	485	706	679	335	330	114	625	395	343	602	413	174	389	673
353	380	794	355	305	485	488	650	407	535	125	298	355	235	100	523	684	598	553	146	63	153	727	144	225	7	545	526	546	294	171	73	225	239	734	683	622	627	216	725	392	305	159	35	479	219	680	131	239	322	165	612	555	543	17	0	94	221	390	521	43	524	461	157	743	509	682	142	252	425	407	582	613	88	70	506	637	741	120	600	492	794	180	531	585	462	155	377	103	369	491	210	635	123	39	484	138	376	89	302
759	641	557	498	594	85	739	457	289	493	545	462	93	354	195	111	477	696	767	317	433	248	293	766	246	353	81	5	261	574	118	294	210	209	288	597	269	182	708	313	594	435	116	416	248	536	131	395	334	275	288	681	435	653	680	703	0	659	100	102	197	87	548	205	276	109	343	55	698	486	44	23	570	709	349	355	113	710	599	593	603	189	317	109	36	735	58	631	164	101	178	42	753	781	239	129	763	456	650	483
531	144	77	555	368	635	27	731	792	94	305	519	380	22	337	26	445	562	135	133	439	609	790	293	31	481	428	78	285	668	270	510	401	390	615	218	268	412	31	252	525	425	340	248	292	677	307	658	490	300	125	300	505	39	115	422	19	0	252	195	751	549	362	668	609	440	153	100	613	740	348	612	472	153	82	15	672	177	533	494	475	726	255	438	396	442	280	784	59	705	27	221	168	673	694	692	77	464	200	391
737	737	585	759	430	94	623	53	75	532	709	174	369	239	698	339	407	166	614	624	199	27	315	349	610	323	618	387	627	70	642	684	328	771	56	720	580	789	749	244	450	592	445	228	764	450	564	745	53	659	425	179	540	125	275	717	450	545	0	757	65	604	281	425	673	708	541	8	738	53	739	87	590	400	98	528	439	637	23	191	735	418	258	730	28	30	355	716	268	6	603	379	124	235	403	236	30	143	499	497
506	458	292	452	623	67	52	116	238	138	593	7	622	431	77	148	201	622	602	597	753	68	757	620	319	685	352	70	81	227	583	598	720	355	769	433	604	133	621	38	756	321	488	695	516	389	10	612	625	618	682	262	465	360	424	625	260	243	528	0	92	376	71	279	472	19	604	532	501	62	218	102	645	692	566	663	195	75	773	91	462	728	97	435	527	327	251	105	769	332	463	665	629	370	718	550	29	509	138	55
477	84	289	695	163	750	520	772	306	302	559	216	644	296	54	209	411	73	635	449	607	17	445	401	132	259	765	710	677	375	689	544	176	215	768	466	270	346	69	622	75	763	464	676	307	542	660	745	411	725	387	754	512	121	708	285	210	619	357	526	0	59	708	330	358	683	467	287	621	219	720	81	18	697	2	401	246	39	500	261	256	351	200	31	259	532	582	703	414	539	529	355	579	713	173	597	587	747	742	198
46	222	538	200	430	31	211	101	434	22	637	165	113	296	689	158	653	85	316	35	190	140	13	312	267	509	502	614	122	56	155	167	127	786	4	474	780	75	245	361	206	682	412	185	597	509	82	29	242	520	308	361	646	61	169	35	760	727	290	313	4	0	111	470	58	340	731	578	102	237	21	452	104	337	716	35	355	560	771	109	220	465	174	190	494	616	519	567	106	73	550	381	362	384	705	44	460	713	28	244
428	214	88	126	150	604	455	339	452	664	75	39	102	19	442	177	61	352	202	317	698	1	543	432	548	719	236	30	359	378	79	306	129	626	577	601	260	477	176	179	576	449	545	214	387	568	246	45	495	622	10	489	330	418	559	162	678	563	481	717	748	423	0	390	35	241	431	149	40	217	406	150	755	277	470	504	122	575	148	65	740	190	321	516	348	445	322	327	483	56	86	683	493	125	499	48	374	183	565	299
567	694	605	375	298	555	682	248	142	322	679	177	771	787	52	368	628	414	241	737	415	544	353	319	57	580	93	375	319	287	131	372	622	793	659	509	761	481	309	222	614	787	164	716	453	489	454	194	299	236	573	55	68	127	128	12	500	182	722	403	388	544	609	0	647	661	103	460	27	576	33	297	375	582	737	50	646	139	249	716	309	110	675	657	190	332	470	622	365	37	589	12	717	86	427	412	245	326	425	50
311	691	406	432	683	613	76	121	21	412	156	557	427	597	603	755	511	457	247	706	28	418	360	457	77	183	75	552	152	96	762	502	8	486	118	164	37	91	281	57	792	571	666	196	95	44	529	518	743	553	636	581	619	153	335	155	542	258	697	129	276	207	220	743	0	515	385	109	282	502	391	561	714	721	23	599	317	559	31	372	628	61	665	767	576	161	288	56	465	366	136	475	56	42	213	766	3	645	515	514
669	158	516	556	260	761	752	643	670	589	285	780	400	501	263	571	122	89	356	662	30	325	654	743	747	208	267	513	398	8	46	114	673	773	757	221	349	748	566	783	419	151	165	519	205	12	321	113	601	345	441	595	414	471	272	203	275	625	423	757	286	692	142	527	123	0	195	155	97	574	364	301	368	36	325	371	513	89	725	233	74	367	753	536	360	146	427	405	669	253	76	629	40	473	506	157	322	415	722	363
366	130	175	63	451	49	229	294	14	773	606	454	140	133	40	751	51	472	174	563	641	391	4	69	717	229	694	104	558	90	767	640	261	227	190	594	644	102	598	428	105	137	785	220	789	750	42	396	451	602	729	268	31	582	491	665	288	355	356	120	558	195	633	778	619	620	0	235	315	44	465	221	742	320	710	771	285	362	737	306	429	71	173	697	34	420	471	638	408	89	109	413	652	191	455	417	49	342	405	154
563	48	240	150	494	209	316	645	696	420	153	22	478	793	180	209	289	58	56	424	478	598	218	406	57	489	317	466	53	20	557	791	297	266	36	514	108	145	4	97	678	558	464	440	101	615	32	104	532	346	33	227	554	618	598	190	614	420	614	5	624	53	451	400	473	688	727	0	112	372	519	714	747	385	327	249	92	438	577	630	54	185	242	210	275	532	208	514	587	498	783	714	219	485	682	488	437	687	733	204
682	197	593	23	551	7	111	532	397	469	416	713	440	788	38	731	362	621	551	432	235	306	787	378	495	230	181	357	606	572	768	788	771	271	139	189	157	113	393	622	196	530	128	62	352	9	131	224	341	199	704	141	327	274	484	626	190	685	206	636	212	648	585	165	567	278	252	469	0	113	367	436	356	42	183	513	700	776	694	197	141	572	364	98	30	302	642	78	228	590	670	189	132	327	697	566	74	687	60	78
441	344	187	345	308	668	511	404	466	5	757	421	204	645	25	573	262	387	254	109	107	567	459	31	196	462	131	683	356	368	191	474	718	681	387	733	722	427	17	569	748	390	602	630	27	38	707	649	105	627	230	605	381	453	631	103	291	153	679	12	464	37	193	313	341	256	458	338	365	0	776	116	537	659	413	68	349	200	638	301	373	407	518	318	526	238	75	174	370	291	611	352	632	312	495	336	517	436	171	630
264	566	615	749	564	672	386	574	225	707	297	655	661	461	169	779	488	595	66	439	679	187	696	738	197	625	302	655	627	778	409	625	788	398	757	763	3	529	678	423	312	650	434	725	560	278	716	750	146	407	121	626	141	529	227	239	68	597	666	441	365	270	400	104	146	669	418	16	681	271	0	370	613	148	753	33	182	304	702	558	578	724	47	532	743	177	676	620	125	510	397	25	41	597	200	770	533	266	168	724
99	338	696	456	570	611	458	216	569	64	582	55	156	297	372	401	193	745	41	343	2	66	576	336	280	655	293	734	497	492	279	68	384	159	593	408	544	213	713	746	415	149	651	305	780	187	91	231	99	245	644	391	593	442	86	227	567	709	501	41	543	88	296	520	471	240	542	690	532	179	348	0	428	624	535	233	748	135	340	718	532	236	507	792	701	194	81	421	82	746	751	111	227	538	303	32	55	738	102	185
127	669	700	733	154	402	383	362	738	345	506	736	111	623	87	221	138	243	677	317	397	373	406	425	708	155	533	334	413	11	382	765	357	458	55	739	734	346	705	367	229	740	176	718	324	587	786	595	660	127	360	458	28	700	536	607	62	485	401	156	307	294	574	320	138	108	759	360	340	165	151	652	0	757	791	55	744	122	788	415	554	29	164	454	1	618	454	409	267	383	719	10	180	54	470	130	510	468	137	54
340	255	506	381	471	73	619	145	563	382	66	532	88	88	255	432	619	315	217	407	423	638	476	437	567	332	642	309	428	133	407	460	86	86	612	757	314	630	8	87	448	185	448	61	647	766	236	435	70	306	32	567	3	39	601	640	381	585	9	83	217	587	92	285	656	576	702	446	690	256	45	461	314	0	773	153	29	233	288	344	710	266	561	104	507	72	732	484	530	577	629	671	682	597	689	443	624	781	572	551
725	201	81	99	756	489	340	20	290	124	149	487	31	335	342	281	602	698	712	641	509	702	633	168	483	131	494	534	75	648	691	748	433	647	368	534	263	269	289	227	470	624	533	562	335	475	72	385	404	234	714	558	238	606	255	265	150	371	275	771	377	660	136	189	13	481	549	89	621	130	694	99	90	438	0	376	172	763	250	417	67	158	106	695	631	401	157	371	198	255	28	717	438	197	428	142	594	576	404	314
746	706	70	455	330	260	418	686	770	567	399	620	431	67	301	189	278	477	103	47	686	208	772	98	755	572	655	616	273	59	592	144	68	171	198	703	731	664	784	102	514	49	482	498	461	629	168	502	739	512	458	98	499	84	205	319	776	475	373	351	749	618	334	41	632	580	608	262	653	632	171	699	450	454	743	0	437	320	766	18	109	18	422	674	326	783	470	314	110	202	475	578	662	487	619	640	322	377	572	73
187	405	124	527	72	275	210	446	497	689	778	780	255	769	249	144	507	324	476	419	625	401	325	440	628	352	50	574	303	634	745	486	264	370	249	605	157	330	561	444	485	456	382	191	386	792	44	399	266	256	310	608	140	794	129	207	271	189	504	299	378	144	693	524	279	205	650	681	280	85	166	618	748	586	77	769	0	775	563	744	748	197	62	62	647	735	270	249	229	16	151	95	146	493	705	53	517	701	605	558
99	257	255	209	299	52	531	667	470	198	178	763	319	546	633	74	545	73	32	585	192	642	719	152	202	748	154	469	360	614	125	475	203	291	68	453	617	361	244	663	774	544	637	635	660	31	771	789	175	235	645	149	630	81	597	449	426	216	612	607	541	756	27	354	247	315	204	592	780	522	325	304	441	558	455	518	755	0	597	463	340	685	734	706	514	120	503	206	651	269	100	405	517	406	53	761	605	701	199	777
589	414	282	731	126	600	449	25	385	673	107	788	525	409	683	79	663	666	531	698	545	285	219	230	298	198	107	462	281	560	657	209	382	735	782	532	494	502	715	34	289	614	532	228	154	4	573	270	655	511	563	141	168	762	490	462	115	773	41	67	102	417	557	227	234	302	521	74	668	197	623	103	64	608	242	481	172	277	0	562	654	700	769	451	510	58	594	459	192	284	639	177	681	647	751	303	262	361	422	615
11	501	528	56	709	153	451	352	689	357	6	95	767	204	723	597	689	38	596	188	140	110	414	794	788	34	136	525	583	367	325	691	7	226	42	647	432	595	493	374	777	64	361	585	366	299	642	611	224	23	524	653	203	117	487	179	531	470	688	184	685	458	215	8	27	239	712	80	623	597	560	251	328	225	546	586	391	321	362	0	778	759	57	254	748	14	571	333	165	309	662	540	403	483	419	765	715	574	509	605
75	431	156	524	644	719	754	390	249	412	6	517	304	494	36	390	336	636	681	119	444	710	456	651	587	404	753	14	653	157	73	171	459	440	169	476	612	381	15	354	131	550	266	672	358	761	490	668	662	84	778	102	156	124	15	765	536	565	437	358	510	42	482	774	40	593	536	422	430	789	668	7	567	703	671	592	518	287	282	686	0	664	728	619	160	61	234	411	342	754	723	320	639	315	264	163	576	345	66	408
527	514	497	518	319	554	286	598	652	35	189	431	483	6	740	702	714	738	698	402	136	169	357	408	359	22	504	600	512	454	104	540	510	613	305	209	392	512	783	396	711	655	686	390	403	471	279	502	735	779	274	683	259	1	726	240	113	553	220	658	590	349	469	301	735	760	318	288	272	310	151	793	778	238	236	730	359	294	615	204	134	0	724	524	682	29	177	640	701	22	756	208	149	486	247	72	342	715	668	2
677	794	286	719	231	271	606	188	147	793	442	368	394	459	36	671	88	557	155	399	790	739	310	358	311	290	96	773	246	452	551	544	118	689	445	765	53	232	644	608	49	270	26	264	739	519	233	777	788	456	790	608	42	321	371	492	26	434	320	736	587	692	260	117	445	155	116	215	360	314	236	398	565	43	145	32	724	8	495	377	160	513	0	254	417	614	595	644	551	748	360	584	195	371	168	203	708	488	460	725
68	645	464	533	597	554	357	414	49	605	154	195	413	532	507	493	330	109	752	183	428	339	35	258	567	617	226	154	639	170	610	756	64	181	167	197	144	716	217	62	683	25	113	266	139	773	528	136	90	92	242	185	669	162	518	264	348	654	140	379	520	357	258	99	525	693	352	343	235	680	74	791	443	786	588	17	460	758	20	325	715	343	63	0	742	489	163	109	487	205	429	298	404	57	676	215	643	752	549	528
266	118	535	645	320	714	428	668	656	580	612	448	466	519	368	161	753	699	50	34	529	156	544	252	130	99	11	770	190	719	440	402	757	526	582	368	252	418	787	44	258	18	528	110	395	604	633	229	488	698	788	510	461	586	333	575	535	736	239	109	492	101	331	256	656	240	676	510	338	610	661	717	333	536	646	485	538	641	357	794	174	66	89	195	0	605	628	781	115	4	393	712	670	45	106	114	31	581	86	732
41	489	687	412	158	562	618	255	712	125	125	439	452	197	31	491	388	170	347	780	455	111	615	632	118	96	189	82	363	759	372	173	239	489	342	697	374	107	178	385	131	446	23	329	69	92	408	479	299	243	503	127	35	445	174	86	498	503	75	589	265	42	316	282	191	465	213	745	130	378	404	89	361	594	287	757	237	467	555	236	393	209	642	418	174	0	570	62	741	618	339	137	645	704	136	111	311	745	775	246
418	670	370	324	671	22	441	4	630	225	459	340	531	93	476	239	701	241	390	249	586	606	242	794	298	167	214	87	167	751	633	557	331	246	468	203	664	156	516	232	415	116	25	7	305	400	637	140	130	192	187	571	794	626	122	758	375	243	174	186	359	151	194	9	680	459	115	494	373	452	583	240	30	743	136	50	528	681	463	404	601	528	247	280	42	705	0	273	262	431	546	283	687	241	95	214	791	542	719	717
17	442	458	206	664	121	226	243	19	703	250	721	597	190	261	544	524	258	748	148	416	121	358	553	663	25	651	606	479	243	708	363	383	181	40	181	555	140	764	390	726	649	418	16	653	287	194	489	727	512	404	36	386	315	670	60	263	27	402	415	32	473	209	611	162	108	268	344	783	759	613	619	500	194	20	592	532	267	303	277	586	134	145	409	338	716	49	0	220	651	238	27	311	756	69	307	779	385	479	670
678	392	649	319	766	389	161	183	701	51	238	392	540	718	23	511	319	390	525	375	531	520	373	616	84	746	73	20	170	138	309	605	225	667	621	271	526	552	538	420	729	607	479	455	390	449	738	569	146	251	611	201	552	640	706	128	435	644	748	385	289	531	729	759	138	696	499	539	719	677	12	159	217	554	353	281	362	454	226	123	308	343	417	63	19	63	59	99	0	164	356	229	609	592	347	609	148	190	213	221
629	692	310	74	783	276	575	159	657	440	65	327	571	674	477	255	547	663	598	525	599	663	739	764	508	756	584	559	436	695	330	434	499	43	1	260	70	126	14	162	703	411	792	592	553	559	745	697	334	656	542	143	397	766	444	635	667	300	479	290	640	100	154	18	593	153	91	92	755	517	546	414	23	551	372	598	393	604	698	481	278	594	412	357	314	174	409	717	433	0	62	566	205	398	121	550	486	466	702	378
331	643	762	272	392	532	746	775	532	512	577	628	100	40	451	293	602	469	262	50	219	775	256	31	457	395	775	338	96	69	547	186	649	688	321	459	661	355	422	781	747	767	401	20	464	321	568	569	693	44	191	657	753	79	188	757	278	188	481	19	509	36	251	277	686	173	497	422	162	694	332	419	248	118	125	345	329	321	690	113	545	102	778	510	115	588	787	278	733	389	0	626	218	765	71	690	441	211	409	704
23	587	70	128	256	776	304	759	686	35	324	44	665	158	652	526	609	461	195	48	589	68	514	530	89	525	531	193	745	776	639	594	21	296	76	544	390	371	113	237	748	414	277	241	33	153	142	560	520	791	707	330	479	421	660	460	171	130	695	400	183	242	418	111	766	673	60	233	63	503	37	362	224	590	560	352	181	776	665	221	586	567	38	511	168	16	491	333	568	665	632	0	163	740	794	26	378	263	318	793
181	588	704	347	506	142	188	104	230	252	730	18	225	153	661	684	195	170	184	289	89	209	533	139	438	156	269	207	397	35	538	729	295	629	675	282	682	54	721	621	459	714	716	554	569	244	124	10	607	425	451	475	261	39	213	725	34	738	426	439	586	699	499	437	23	100	755	567	85	282	35	367	200	392	470	523	228	285	384	640	778	313	502	494	360	673	303	59	272	366	20	754	0	60	737	449	612	160	406	252
392	777	435	413	471	640	416	700	287	723	215	60	218	764	141	101	68	587	687	348	699	153	312	619	293	169	38	296	672	535	621	116	541	14	91	761	758	565	4	259	759	76	701	564	659	530	32	692	638	161	406	794	416	311	791	545	633	442	263	73	185	719	504	557	407	115	33	349	543	180	131	383	367	640	514	444	348	647	84	213	531	737	133	166	659	540	541	72	503	481	256	347	442	0	148	74	400	549	165	125
656	451	236	30	655	393	759	220	622	497	709	757	561	358	64	635	426	537	493	398	531	690	700	542	312	41	31	411	749	37	539	329	176	264	289	216	323	223	742	477	5	124	171	579	71	438	385	575	759	445	612	699	362	10	153	711	610	604	140	536	69	8	381	174	580	322	296	283	200	705	320	311	618	106	622	226	462	685	599	191	403	536	72	569	759	260	431	80	772	304	344	526	294	773	0	487	246	726	369	384
31	701	59	355	756	405	435	441	328	466	107	271	622	531	151	249	733	288	687	465	146	26	317	684	240	570	611	163	362	395	488	731	664	735	470	223	205	391	423	775	125	676	697	421	366	361	671	771	479	28	294	333	118	648	483	449	41	84	292	684	450	390	362	20	501	339	709	287	1	239	771	194	762	34	509	23	137	653	188	39	67	444	631	29	457	383	91	736	74	231	484	671	232	445	705	0	121	457	54	609
77	303	532	194	531	396	752	342	739	491	675	669	405	400	374	66	532	124	581	139	787	444	300	697	787	464	557	70	280	51	792	756	257	387	260	459	185	23	185	305	70	496	737	206	623	785	487	299	255	666	485	66	611	15	78	764	138	236	622	490	529	514	497	746	283	445	372	516	631	235	780	419	715	4	351	550	770	204	223	776	306	148	748	674	694	317	793	307	283	46	186	460	60	416	354	461	0	537	294	129
37	768	386	736	749	655	759	503	618	787	151	656	337	737	592	784	607	280	174	305	449	396	693	748	458	449	111	177	508	708	740	228	426	629	78	131	710	785	321	357	441	503	487	19	499	533	161	729	697	700	187	730	375	364	47	441	494	684	114	659	146	538	733	309	568	728	111	225	636	401	91	538	277	279	188	207	207	715	12	350	74	693	549	535	118	341	358	353	148	59	458	380	573	73	507	288	306	0	65	152
160	82	526	639	122	430	38	291	411	105	20	95	164	653	792	16	476	369	290	417	105	493	82	639	635	747	124	557	131	327	110	576	392	794	758	395	752	728	91	789	22	369	173	765	406	164	517	584	499	715	234	165	170	600	454	242	238	296	472	678	345	279	80	738	288	616	5	162	366	748	339	792	562	113	695	366	53	692	150	673	628	463	196	276	151	109	364	157	650	286	566	761	286	662	381	324	615	12	0	566
755	564	651	404	233	614	534	766	283	562	623	238	359	441	580	79	68	198	723	437	738	28	580	727	571	406	490	38	191	328	464	529	701	13	89	251	576	454	593	551	562	510	658	736	262	416	608	418	52	664	93	452	612	318	479	531	115	99	364	436	488	379	412	193	194	148	555	378	790	236	171	611	152	504	337	147	224	434	70	351	417	520	29	26	405	27	486	513	715	412	484	693	774	442	477	404	107	673	778	0
