A	B	C	D	E	F	G	H	I	J	K	L	M	N	O	P	Q	R	S	T	U	V	W	X	Y	Z	AA	AB	AC	AD	AE	AF	AG	AH	AI	AJ	AK	AL	AM	AN	AO	AP	AQ	AR	AS	AT	AU	AV	AW	AX	AY	AZ	BA	BB	BC	BD	BE	BF	BG	BH	BI	BJ	BK	BL	BM	BN	BO	BP	BQ	BR	BS	BT	BU	BV	BW	BX	BY	BZ	CA	CB	CC	CD	CE	CF	CG	CH	CI	CJ	CK	CL	CM	CN	CO	CP	CQ	CR	CS	CT	CU	CV
0	16	231	36	75	161	3	18	226	93	116	88	37	211	11	156	193	218	129	147	114	83	143	213	121	78	1	122	156	176	201	117	233	196	113	233	81	72	142	107	88	156	99	146	105	168	216	227	77	146	80	82	49	196	140	105	2	30	109	120	164	13	80	51	40	111	41	81	177	18	115	167	208	46	198	104	169	24	218	83	153	153	111	140	49	66	175	154	234	15	231	180	54	209	161	146	76	118	139	35
222	0	3	13	54	28	227	30	207	227	117	101	98	113	51	65	42	123	1	167	98	234	2	137	163	150	78	26	134	221	96	127	223	92	143	210	127	227	22	120	147	186	189	122	179	191	21	87	25	103	186	100	144	13	70	108	123	172	80	84	69	179	151	31	106	176	77	210	1	113	213	19	183	171	190	93	206	10	172	182	182	137	171	3	199	123	26	84	170	105	34	7	81	127	230	158	29	180	115	195
97	131	0	53	235	230	3	62	45	148	225	219	164	199	102	95	187	102	192	26	171	181	143	15	127	31	152	86	85	213	112	142	17	46	200	15	119	158	211	38	18	230	185	94	19	127	201	13	5	130	187	41	202	222	131	193	18	71	197	142	31	44	81	1	206	229	192	14	209	229	220	27	191	25	133	84	90	108	232	28	138	137	153	68	146	7	92	141	173	64	31	96	42	180	114	108	53	129	215	127
181	200	94	0	22	105	145	203	70	136	159	193	105	18	155	193	108	163	95	167	28	120	80	105	174	10	198	164	30	197	173	43	117	33	25	226	22	37	3	95	219	88	130	179	72	27	218	172	154	1	97	200	39	13	96	98	106	23	132	135	60	228	89	66	75	8	57	179	42	162	171	6	120	232	200	236	116	217	7	11	17	8	210	37	93	130	215	167	35	224	156	230	130	41	74	204	37	158	179	115
151	219	166	97	0	41	158	130	149	143	141	101	68	119	131	113	139	41	9	163	165	142	55	236	128	185	163	220	56	154	104	128	156	187	211	170	129	164	72	8	158	198	21	121	228	103	182	225	61	40	134	194	1	225	111	131	39	157	19	217	228	189	67	108	11	163	181	131	149	233	44	88	3	34	55	89	109	122	3	9	162	187	150	127	85	113	153	221	173	178	176	155	61	4	153	168	25	16	43	115
151	101	162	185	33	0	118	38	46	161	79	33	5	42	81	81	37	67	75	220	91	162	195	86	61	90	186	210	93	150	98	26	72	51	62	187	174	222	29	76	27	104	228	96	69	223	31	25	46	196	92	74	17	118	66	72	39	193	70	184	33	22	117	49	28	136	187	7	110	207	118	189	90	107	126	39	127	81	202	157	81	52	131	3	102	29	169	59	79	100	87	220	55	204	32	113	180	96	65	208
98	149	78	92	7	66	0	100	68	118	173	197	78	96	83	107	95	210	19	200	180	221	81	110	211	140	123	21	18	212	159	39	43	230	183	33	30	174	25	144	206	188	53	200	150	77	33	101	235	81	14	159	98	1	151	166	122	1	210	171	198	72	145	145	187	123	216	5	132	228	224	172	150	159	39	214	143	75	173	51	84	109	68	40	177	152	2	187	137	23	222	200	4	68	49	47	203	74	94	99
204	114	226	13	21	232	28	0	44	161	234	157	9	62	168	106	130	127	171	128	37	126	42	181	141	216	42	29	221	125	232	130	24	70	97	193	38	50	133	104	33	199	108	209	133	28	118	112	67	200	31	136	158	40	88	230	195	128	46	38	169	87	4	116	64	220	153	185	8	1	26	65	8	40	123	19	215	193	203	146	15	207	173	39	36	65	182	34	218	101	16	58	187	40	72	141	55	101	39	86
99	140	45	73	123	211	138	120	0	167	156	109	61	50	11	172	217	74	47	130	93	92	34	193	113	184	117	114	197	57	152	223	38	66	120	230	217	164	215	147	11	201	87	195	104	6	107	19	180	100	151	119	3	93	147	12	146	58	35	221	97	7	88	64	3	220	214	114	140	118	129	175	215	209	130	167	119	72	167	5	40	80	51	15	232	204	234	171	22	223	103	63	11	145	119	8	77	74	112	216
41	82	222	223	190	51	48	76	46	0	32	65	195	228	66	157	102	188	159	194	221	92	138	22	194	166	155	76	230	82	99	8	167	48	163	9	150	170	154	188	225	183	131	75	92	202	176	219	106	102	181	67	56	53	190	206	69	172	71	89	61	107	4	219	149	61	72	227	204	91	30	24	195	143	184	3	102	160	159	58	56	3	113	195	136	144	186	61	209	52	5	84	202	83	152	149	16	183	106	33
22	141	102	103	169	1	100	45	233	150	0	156	24	185	224	31	36	168	208	183	116	125	226	63	96	181	229	73	22	123	73	124	186	200	216	64	225	49	52	217	158	198	131	53	205	77	215	49	185	57	172	43	2	52	113	139	57	79	9	21	184	110	194	56	232	25	1	113	195	47	77	15	47	112	170	157	169	111	181	167	33	73	50	92	201	80	86	136	55	218	226	26	90	17	62	194	118	162	177	185
1	195	24	92	230	211	161	95	108	43	96	0	107	202	143	131	222	67	137	50	51	2	137	105	157	217	138	98	158	51	182	136	142	165	62	213	231	91	208	54	138	157	4	48	155	152	148	115	94	142	19	121	145	196	226	42	101	203	233	105	108	2	142	76	181	182	104	93	196	114	152	229	94	161	29	34	139	55	152	123	93	189	5	55	12	219	110	159	54	83	173	115	173	56	61	89	129	172	29	23
91	34	82	113	28	198	43	71	232	51	142	197	0	222	1	169	184	209	94	140	128	97	205	196	132	33	62	93	216	13	167	94	167	25	190	137	220	46	25	120	200	51	218	172	114	2	83	224	155	104	78	176	109	181	37	181	168	70	94	225	26	66	201	119	35	60	191	71	92	95	124	135	71	101	206	98	3	53	210	107	188	205	1	235	211	234	30	22	12	141	21	236	235	188	121	5	198	119	124	191
236	141	133	160	95	89	209	67	204	15	203	73	186	0	64	230	190	203	91	29	20	72	209	173	73	180	118	140	167	159	234	80	66	137	26	26	55	149	42	10	229	84	44	38	205	57	137	38	69	74	18	2	164	212	234	32	160	28	195	28	179	162	211	18	25	123	229	71	231	18	113	69	153	26	229	140	172	94	71	112	103	157	32	133	229	170	193	148	173	161	155	75	37	151	50	181	76	199	93	127
46	196	222	67	84	207	162	220	48	67	40	114	35	11	0	42	142	169	154	71	226	4	75	188	143	105	194	209	221	132	34	73	143	149	175	69	225	107	171	104	16	104	160	166	213	121	97	221	60	183	41	65	7	144	228	16	192	144	81	21	128	69	203	175	214	176	66	78	209	220	196	103	43	29	79	166	169	222	101	228	18	212	94	188	90	156	90	57	1	170	60	102	196	94	16	113	202	74	76	117
103	152	174	43	133	20	212	168	165	207	130	137	117	37	71	0	191	232	208	69	158	93	141	45	141	35	137	212	210	42	175	34	139	171	138	92	223	189	49	132	126	68	85	153	155	114	145	193	162	14	7	175	107	67	61	157	49	29	229	16	116	189	220	10	77	52	75	183	39	36	118	60	111	74	145	143	213	30	118	231	101	37	178	162	163	35	121	44	188	34	233	121	75	159	40	129	176	221	229	234
136	136	4	79	231	204	12	218	42	17	25	152	183	6	111	157	0	110	192	106	227	40	42	215	142	115	106	160	143	168	150	151	184	49	80	27	14	48	65	193	14	27	217	54	2	199	227	55	91	8	210	85	102	165	156	166	60	96	23	155	133	41	111	196	22	219	225	8	76	192	202	52	50	160	207	112	30	1	94	134	138	229	44	216	20	56	50	109	216	90	160	53	204	59	29	61	75	172	139	146
134	156	78	88	167	147	101	221	18	145	118	72	7	127	89	53	35	0	102	5	182	157	206	119	85	37	114	10	220	54	154	219	94	151	138	215	142	33	88	131	184	20	67	116	42	212	43	60	209	228	143	9	72	34	10	57	180	72	182	109	112	134	161	224	216	139	235	76	90	105	4	91	222	97	141	181	103	59	156	144	84	85	163	170	221	45	133	142	16	208	49	129	159	32	81	186	41	52	90	163
8	100	183	152	208	219	102	113	98	63	120	13	195	165	155	109	30	157	0	215	125	7	104	230	113	76	204	56	156	136	33	234	221	112	228	199	187	50	189	28	194	65	81	141	143	62	177	32	214	11	136	10	208	195	194	67	176	42	95	152	102	231	69	125	179	5	138	127	90	115	15	33	53	227	112	5	10	107	120	76	186	2	160	57	170	205	73	9	101	137	142	20	187	206	54	6	19	162	43	74
4	107	26	216	169	163	29	225	72	112	151	80	157	54	194	185	231	62	43	0	9	62	14	38	184	170	56	100	203	186	162	136	9	42	151	219	212	190	175	191	37	164	216	35	187	108	201	100	91	63	107	73	57	7	197	161	231	78	182	38	233	196	188	71	74	70	86	80	51	16	84	126	52	3	66	106	165	98	70	227	133	46	97	157	203	23	81	61	102	190	22	230	137	121	87	176	120	32	119	2
106	84	134	226	86	77	44	184	26	19	124	163	37	95	139	183	119	14	50	49	0	93	53	133	233	92	100	161	220	51	123	61	185	207	5	90	159	58	97	18	85	2	15	208	140	225	42	125	145	28	97	112	163	181	66	77	90	111	202	214	118	136	19	215	219	169	112	111	162	84	25	174	36	207	125	225	84	42	191	202	30	134	18	43	27	123	219	235	50	170	128	174	164	104	27	121	30	200	106	166
193	158	8	67	189	52	127	49	22	181	193	202	87	37	215	82	216	87	236	82	35	0	45	76	63	182	25	43	216	129	2	132	219	224	72	189	145	150	129	74	25	201	45	226	50	20	179	175	110	207	4	106	119	77	166	219	92	56	208	144	121	57	3	175	211	205	181	102	23	186	14	17	141	26	129	46	121	25	189	29	201	93	14	157	140	197	38	113	216	184	146	49	146	16	55	184	47	145	185	37
187	225	218	202	18	61	165	35	187	79	230	173	188	109	216	158	73	83	196	57	38	161	0	211	43	90	76	177	70	108	154	158	37	191	100	51	63	236	125	51	99	112	153	193	221	80	102	26	187	124	112	124	58	120	177	136	139	219	165	13	48	75	178	94	182	57	74	6	203	141	42	126	206	63	144	38	63	45	72	172	235	13	79	183	216	13	78	234	65	37	148	163	57	10	89	191	100	164	68	131
27	92	29	128	211	148	82	156	167	101	54	86	206	88	201	234	201	33	211	158	36	195	108	0	95	64	206	185	132	139	212	193	181	166	125	116	184	150	100	198	169	59	229	74	82	108	34	38	81	75	151	143	5	82	96	159	133	82	215	70	148	202	81	5	68	212	131	22	80	67	182	131	122	100	47	15	23	44	201	161	45	161	30	132	7	92	157	212	129	210	216	129	31	28	41	92	58	229	169	134
64	74	201	112	5	119	227	150	96	216	51	114	223	155	62	150	91	55	81	102	84	25	3	206	0	125	230	23	24	169	143	217	142	126	101	220	198	28	53	43	68	29	183	145	61	50	91	91	178	114	168	194	160	120	201	210	100	144	209	235	39	142	25	25	34	164	26	144	49	37	40	148	132	149	221	43	82	26	236	62	218	22	94	198	222	48	50	23	36	77	183	100	195	98	233	28	114	48	108	218
159	72	235	62	205	69	151	82	21	115	84	50	5	86	199	24	14	63	175	189	170	236	71	182	220	0	52	175	130	119	151	221	200	224	67	76	93	216	54	181	186	103	137	13	148	215	131	134	123	192	43	36	55	98	90	140	177	7	108	134	224	103	54	177	222	172	62	123	218	192	190	67	159	6	230	96	226	51	42	112	90	147	36	179	142	55	161	84	192	230	131	231	116	219	32	205	145	76	78	221
81	72	115	65	232	91	35	193	220	152	172	186	143	14	208	59	153	118	85	214	113	119	46	117	223	94	0	115	111	207	37	146	30	100	221	42	194	123	79	101	158	133	203	186	187	210	57	31	93	86	207	91	8	188	172	86	150	140	9	167	81	102	120	84	97	203	217	21	105	120	121	67	52	133	39	4	224	39	228	98	134	42	26	76	223	68	47	146	161	132	6	182	45	215	119	129	86	167	226	159
201	9	165	143	98	181	159	198	69	167	215	140	61	139	129	181	92	84	192	218	68	145	67	55	123	148	38	0	161	226	226	37	68	25	80	45	234	13	200	15	205	87	129	79	196	15	54	189	2	106	228	196	126	178	34	220	219	109	70	208	46	183	74	57	27	125	87	80	180	118	63	128	177	230	184	88	8	212	192	81	74	193	222	142	185	96	43	155	193	202	165	214	57	204	78	217	47	47	199	38
78	148	149	190	204	84	84	82	149	230	39	70	80	33	138	144	115	26	185	140	236	70	192	176	30	193	197	194	0	28	77	168	57	1	78	199	6	162	120	174	135	118	217	106	2	72	227	129	93	185	201	174	108	217	88	13	219	12	56	79	113	36	17	33	155	45	33	213	109	65	6	4	232	90	180	14	64	169	183	115	11	50	95	168	36	222	49	165	62	58	171	117	65	71	70	100	223	223	6	157
124	229	92	39	48	8	43	68	225	184	75	38	163	12	205	41	89	34	188	160	78	79	88	98	180	208	235	12	169	0	13	214	123	142	229	39	149	60	40	211	83	41	227	214	116	146	233	40	99	226	59	199	102	72	118	122	212	43	138	2	122	143	79	230	44	98	97	183	181	200	91	110	78	50	74	120	56	59	86	101	179	17	235	59	144	3	73	140	131	87	204	197	71	70	169	118	213	195	28	14
230	213	141	93	120	2	46	161	41	219	88	109	71	139	124	205	129	25	4	216	14	121	97	57	106	179	165	185	213	190	0	114	47	90	17	203	225	217	143	41	227	184	157	198	217	162	60	194	136	196	24	48	86	134	211	15	213	161	208	61	235	68	167	215	199	33	111	112	59	210	86	175	187	75	189	128	13	66	17	33	43	124	21	124	66	41	21	131	187	167	219	136	141	27	197	61	221	185	215	61
42	79	171	95	161	201	117	41	175	197	235	64	125	197	158	21	93	108	222	203	99	195	74	78	115	71	37	14	55	87	143	0	47	214	202	199	166	48	152	146	187	143	209	210	194	67	159	234	1	167	70	65	11	225	7	232	58	131	236	206	124	209	159	213	169	13	222	123	171	24	183	24	228	71	55	179	8	139	11	82	112	232	112	137	211	143	98	140	59	130	42	121	159	152	51	69	92	183	184	141
118	205	167	165	43	188	56	76	108	50	110	46	194	51	163	105	131	8	119	36	197	174	2	120	66	61	188	114	216	27	121	157	0	219	76	59	11	70	221	124	223	137	53	87	188	83	230	60	50	4	187	117	160	192	4	175	236	58	116	143	91	190	42	23	59	229	201	63	104	97	181	93	59	155	147	84	95	38	123	80	229	156	192	9	220	8	93	41	79	214	215	66	185	114	186	115	36	78	55	96
79	68	151	113	145	92	14	54	106	126	142	33	201	209	59	72	12	203	75	234	200	236	209	25	204	178	143	93	6	108	71	187	55	0	106	45	47	160	107	53	194	12	158	47	1	17	202	57	179	98	96	32	97	108	149	47	140	125	25	221	223	98	82	178	143	186	117	105	169	1	232	86	196	7	208	94	149	96	146	154	156	170	120	25	9	214	155	46	65	236	175	11	93	191	151	186	63	228	189	87
100	227	200	112	154	57	199	154	130	73	228	234	113	1	136	13	185	178	63	22	123	210	224	164	199	112	100	11	88	180	147	123	127	228	0	155	110	137	160	155	53	63	38	125	15	139	135	225	48	35	190	132	13	58	70	155	149	102	136	30	148	11	126	133	96	31	49	200	106	231	221	6	39	100	2	145	227	196	98	230	33	11	170	110	45	215	149	144	227	135	102	197	134	216	55	10	97	221	144	224
84	235	60	52	161	87	14	64	183	46	196	222	39	5	215	186	69	2	139	220	141	146	157	193	21	49	33	141	15	155	105	167	169	209	75	0	82	51	76	231	123	44	152	101	131	201	214	105	121	110	8	66	206	36	62	97	215	17	123	226	35	40	78	118	232	102	102	153	132	214	75	49	58	50	72	118	205	196	222	233	24	66	54	37	107	131	13	183	6	204	25	175	34	141	47	179	59	56	5	220
70	182	63	107	143	209	207	229	123	102	194	74	222	103	137	58	155	138	207	112	114	55	181	208	231	66	149	139	119	14	142	199	36	15	41	145	0	22	188	203	1	53	133	89	136	15	193	184	175	77	36	56	152	212	3	86	207	85	86	9	96	118	123	235	206	125	141	51	28	98	149	116	118	57	193	121	201	111	46	142	88	202	80	98	185	124	61	91	145	229	198	213	138	210	209	202	65	86	61	13
222	71	18	105	101	128	185	197	22	219	226	89	34	171	119	218	128	229	108	213	11	168	25	99	111	75	18	25	161	125	117	145	221	186	58	196	129	0	129	20	20	236	8	101	205	59	12	47	188	102	3	207	17	50	120	55	121	183	110	144	1	22	87	85	121	109	128	146	84	125	29	204	52	105	36	140	177	77	207	187	55	218	124	187	45	65	85	8	35	78	16	78	144	118	18	154	181	17	27	179
142	161	88	167	154	210	113	2	51	18	66	86	121	136	205	82	9	149	147	86	118	208	199	217	57	51	109	216	176	144	55	61	52	26	20	39	178	144	0	114	175	102	69	15	136	69	228	77	141	33	77	114	88	222	109	164	153	39	222	162	103	223	162	70	18	162	175	85	34	8	110	211	162	158	154	129	21	202	187	51	27	155	101	236	197	183	61	135	138	1	210	86	57	36	104	175	109	135	195	33
88	101	169	112	145	217	229	157	68	73	68	81	23	64	209	117	84	186	168	180	89	97	63	1	229	164	30	226	167	25	12	229	184	215	146	106	180	25	6	0	75	165	232	212	35	116	38	167	178	181	98	108	83	7	8	82	1	87	52	161	3	43	84	156	215	23	32	135	147	172	114	230	31	222	160	161	27	52	169	154	220	108	30	209	110	57	138	173	199	65	196	29	87	7	28	2	217	197	148	134
25	124	93	78	3	150	131	210	209	182	57	100	194	127	195	110	111	231	160	72	174	58	220	50	228	166	27	172	86	79	16	104	16	193	174	139	116	185	120	125	0	179	154	11	203	137	94	94	40	122	82	41	154	121	184	68	181	38	35	32	192	27	145	117	64	24	45	89	180	42	76	197	183	99	186	186	24	18	211	154	6	58	102	122	209	75	181	103	24	36	5	95	226	141	188	146	181	190	141	163
204	40	192	82	92	156	94	201	129	78	53	23	29	182	221	112	203	41	179	131	211	108	158	95	183	130	110	196	122	26	166	93	58	66	119	54	150	65	75	154	111	0	189	52	135	234	208	7	49	144	205	124	8	125	234	119	100	12	23	87	187	61	155	85	147	173	147	191	218	226	167	39	40	143	147	182	146	42	228	188	126	142	99	118	108	48	199	25	16	206	5	46	133	87	56	172	97	11	172	27
62	60	209	222	114	117	36	199	8	114	100	8	148	128	173	155	109	18	175	53	177	53	185	8	93	143	44	206	179	157	114	165	53	80	111	56	170	4	29	23	172	1	0	153	8	173	118	138	33	137	35	121	41	112	171	88	87	100	125	205	14	26	30	86	166	2	32	225	8	41	4	231	26	66	236	202	189	75	199	53	181	47	97	233	66	108	233	199	164	223	91	127	185	93	225	87	191	45	201	125
38	160	103	73	225	186	169	183	159	173	34	65	169	235	212	31	227	17	217	64	155	207	100	77	213	233	232	52	8	177	108	72	121	191	181	225	235	56	48	85	21	178	61	0	16	52	151	29	122	137	138	35	171	136	174	35	67	138	86	42	201	40	104	98	135	15	16	126	44	215	51	82	30	20	169	133	173	1	154	2	15	137	16	40	217	179	19	58	60	214	135	103	64	203	2	53	140	63	107	88
115	37	77	16	115	128	58	7	23	225	192	88	143	115	59	19	236	204	201	206	11	90	24	143	230	82	208	15	14	139	40	173	159	20	97	41	43	124	202	136	203	202	218	135	0	89	109	65	76	100	55	166	81	170	40	164	104	161	64	101	102	210	17	182	78	127	119	106	45	215	38	145	98	25	20	72	45	118	235	155	184	10	42	12	184	131	110	150	53	46	152	179	183	226	155	124	218	187	195	88
37	227	52	214	220	125	156	23	161	170	57	217	5	125	211	94	122	98	125	215	160	139	174	131	94	11	167	227	191	116	60	45	86	46	193	150	87	55	219	224	73	6	29	88	188	0	198	21	83	88	65	162	232	46	88	216	36	191	62	200	158	135	196	67	163	83	172	109	12	109	184	138	119	77	126	161	37	202	122	182	142	59	28	120	192	113	183	96	223	175	177	176	195	139	140	220	7	145	131	3
105	37	229	224	229	103	164	204	220	143	19	172	17	131	147	171	137	20	73	142	122	227	68	12	3	112	185	4	110	193	86	190	24	48	176	32	132	231	198	164	76	208	138	1	65	184	0	24	56	27	208	220	124	15	3	212	79	139	21	195	78	128	116	161	88	38	152	53	3	181	142	125	179	184	79	153	192	108	213	213	197	63	155	140	187	204	31	76	122	156	14	24	100	73	188	44	173	59	14	54
15	73	206	83	163	95	82	142	120	170	236	229	227	174	172	29	53	99	108	76	108	234	29	112	137	8	166	235	234	183	170	205	211	101	140	145	61	236	184	58	121	33	50	129	205	1	113	0	231	13	130	127	183	20	27	83	219	131	32	102	116	11	185	32	85	47	23	148	150	20	95	146	56	32	169	40	162	58	122	205	160	70	235	68	119	220	213	225	11	54	96	162	156	15	38	110	195	159	7	186
47	114	73	167	17	192	167	42	84	219	110	112	182	16	2	152	44	96	83	14	198	230	119	163	80	15	53	68	188	44	169	155	58	148	188	131	221	79	199	191	166	226	4	175	188	146	82	151	0	160	38	61	14	160	52	108	101	58	24	235	177	212	43	114	61	27	206	188	153	191	78	145	162	180	108	126	180	57	95	11	203	91	5	106	118	77	14	91	98	211	55	226	132	92	146	203	205	34	8	154
9	45	26	236	22	15	6	183	109	128	178	79	140	117	4	176	131	178	214	36	104	127	214	228	68	51	96	15	219	95	164	29	25	75	179	20	85	170	68	232	68	175	97	137	103	166	136	61	215	0	102	69	74	137	105	10	110	122	31	65	84	72	79	171	75	154	182	24	51	79	24	74	17	118	210	106	180	14	74	20	220	87	2	154	43	143	78	204	17	176	235	21	87	181	136	49	88	12	167	153
70	60	177	23	203	16	173	96	63	100	176	202	89	106	40	105	137	161	139	218	90	1	232	50	81	48	175	86	164	18	203	109	39	86	126	80	129	42	119	101	38	50	31	16	89	193	4	206	109	104	0	195	28	205	79	152	139	158	224	230	89	230	233	24	78	16	65	113	209	155	98	125	56	109	123	54	230	199	181	106	172	59	142	170	236	100	213	50	145	200	231	147	131	8	120	157	153	28	88	222
152	96	111	101	160	221	53	155	188	72	83	55	86	170	207	88	65	110	86	162	44	187	196	202	113	57	50	201	68	211	122	23	229	57	106	187	234	119	180	173	146	134	22	181	138	44	42	148	229	44	8	0	130	208	23	161	174	202	226	144	118	15	32	51	136	126	190	121	28	128	140	39	169	134	18	1	98	127	30	84	142	107	125	11	129	44	44	219	116	14	133	175	23	95	210	17	182	204	164	102
91	152	127	184	163	236	144	169	114	42	196	206	69	62	176	42	98	106	50	228	15	40	217	117	5	187	96	68	51	62	66	2	111	135	158	23	75	62	2	148	70	149	8	46	205	224	90	195	216	105	28	86	0	22	86	6	112	104	85	99	101	197	218	151	167	235	14	84	8	110	187	61	68	138	104	203	80	156	224	140	85	149	67	43	231	143	11	119	145	200	113	182	215	159	12	62	44	103	215	119
87	138	226	87	1	53	195	162	130	60	86	107	40	90	131	66	131	23	66	12	161	210	88	32	39	90	24	27	88	23	219	118	221	140	70	80	140	88	152	76	228	191	14	213	188	85	96	138	198	221	61	125	104	0	36	140	115	24	173	109	142	58	165	24	23	65	192	204	100	214	202	44	213	90	226	230	43	68	229	144	116	187	189	46	212	229	178	187	116	164	42	67	5	54	59	159	5	215	75	144
19	74	123	167	130	16	53	8	170	128	218	22	204	13	117	152	201	205	78	226	158	187	194	69	87	117	136	6	129	92	136	58	37	218	216	168	85	101	156	88	78	28	176	221	25	142	98	216	127	43	223	170	191	13	0	91	130	197	81	213	30	225	212	1	110	139	84	38	216	40	200	192	211	213	208	15	76	78	127	167	162	71	167	200	204	123	15	120	13	53	52	226	145	21	196	69	101	173	217	184
195	100	1	218	215	235	205	106	55	11	81	131	32	56	189	117	1	186	222	46	64	145	35	103	115	75	107	3	73	113	1	232	31	95	56	29	30	80	68	59	226	196	228	195	124	217	227	153	86	54	91	231	107	210	96	0	15	103	177	188	164	214	156	155	191	201	87	194	4	49	138	13	77	34	165	144	74	214	46	214	47	205	170	102	121	217	187	179	145	226	190	114	71	221	154	156	199	123	122	214
60	114	125	177	148	227	138	129	200	2	153	15	152	4	220	72	146	72	221	190	7	87	23	166	117	48	184	214	117	134	148	200	159	90	229	21	147	176	117	67	192	60	124	68	141	117	40	198	173	117	15	68	37	75	86	18	0	101	183	32	101	113	182	235	150	227	12	148	6	175	44	36	135	208	81	68	190	55	134	183	42	143	47	129	116	126	17	98	96	230	90	100	166	47	30	232	212	211	127	159
221	184	100	145	134	20	65	181	1	211	221	207	207	5	41	34	32	37	231	122	143	31	85	156	222	86	54	70	87	98	100	97	196	228	169	219	152	8	235	72	33	233	100	188	134	76	29	18	56	100	95	73	24	108	136	190	215	0	59	45	18	89	113	203	49	129	44	71	110	48	80	120	189	33	19	76	21	35	84	146	206	223	45	137	41	14	114	161	60	29	43	99	29	66	222	29	47	49	56	217
179	68	99	120	179	72	84	34	173	219	37	169	197	166	54	127	17	122	25	6	20	151	87	159	46	26	7	194	188	54	97	103	161	51	109	113	202	160	78	178	101	74	47	20	152	111	168	181	100	177	186	114	39	136	175	51	63	44	0	56	5	146	33	231	47	153	191	33	155	131	176	198	196	139	23	234	100	105	51	62	229	114	209	44	172	117	36	11	233	6	96	170	121	226	16	91	70	121	128	188
155	86	60	141	121	185	93	71	9	99	68	212	56	101	89	199	136	105	209	146	125	175	19	1	104	216	123	158	161	216	21	223	1	161	160	185	14	68	164	54	233	229	167	143	234	150	120	42	157	19	102	153	40	96	218	187	75	188	163	0	203	200	77	228	180	111	224	68	143	164	19	181	50	88	220	236	67	193	88	181	34	73	227	49	33	114	32	226	78	162	119	36	197	86	160	173	15	146	142	38
102	169	34	165	158	53	217	120	73	225	195	221	145	143	21	182	219	232	7	54	76	148	3	151	23	175	152	235	95	233	142	48	25	29	29	164	10	111	232	119	233	91	64	59	159	25	12	205	192	28	140	132	102	132	189	122	156	43	194	192	0	72	68	52	210	48	30	58	199	122	62	1	191	116	21	60	144	119	34	53	90	97	225	143	117	63	91	48	160	47	178	80	15	13	167	177	62	230	61	236
10	127	62	22	198	175	132	63	102	8	11	117	58	16	31	148	15	115	89	62	8	139	211	47	8	27	196	205	54	233	170	165	194	204	193	73	13	59	1	160	217	134	70	100	128	82	83	95	111	18	25	50	127	157	76	227	132	10	105	34	33	0	120	165	40	43	50	154	169	131	105	81	25	15	137	104	56	128	3	15	56	168	170	195	63	41	170	59	103	34	23	171	36	186	113	17	46	229	66	3
90	170	10	135	110	85	19	211	60	81	113	223	200	64	174	209	134	178	47	204	47	160	122	161	77	39	9	156	27	231	110	38	71	139	197	117	50	14	7	188	89	169	128	186	189	114	225	88	132	55	142	149	20	37	213	115	153	71	162	84	94	64	0	193	199	41	97	19	236	128	129	143	119	127	193	74	230	170	200	146	205	232	189	48	178	104	11	100	66	199	3	41	86	78	216	63	85	160	163	121
220	63	98	194	10	56	137	77	224	219	11	229	211	102	72	147	187	131	151	1	77	197	193	1	26	59	176	84	22	73	115	56	172	236	215	199	220	233	219	18	162	232	204	39	17	191	165	67	29	146	186	89	189	177	135	144	71	82	22	93	177	39	230	0	177	204	229	118	110	32	99	227	204	184	1	146	206	86	165	187	200	172	70	176	23	134	228	72	24	11	51	215	6	164	47	225	167	102	73	106
91	222	12	128	140	51	153	136	228	232	17	109	83	67	179	194	61	148	119	236	28	50	65	211	164	179	57	4	43	48	21	214	236	111	37	211	130	126	234	52	71	165	152	133	171	80	208	10	228	211	152	121	177	205	192	74	172	47	67	207	172	173	126	17	0	35	13	108	75	199	210	136	107	197	177	32	115	151	89	176	31	196	231	15	120	165	80	109	131	88	86	2	37	94	175	88	125	178	218	207
126	146	164	179	26	35	169	120	133	2	161	150	157	200	175	133	209	137	42	95	40	79	56	214	51	159	11	171	92	10	189	97	218	34	135	38	188	114	173	75	149	40	105	107	234	13	157	37	47	102	133	175	187	55	131	189	16	66	81	144	168	217	26	135	139	0	211	12	122	62	145	177	62	66	134	5	107	34	228	224	80	128	230	77	198	167	177	221	139	33	20	165	161	105	58	79	105	75	62	93
223	144	26	82	208	22	170	126	119	163	104	2	143	195	129	106	99	167	143	137	123	124	186	11	7	187	105	217	60	84	78	183	4	217	28	199	1	128	94	141	210	97	236	119	207	13	187	183	75	97	215	57	42	224	143	25	91	122	142	118	28	149	18	207	234	8	0	44	118	180	74	63	231	225	222	211	25	170	206	111	96	46	102	75	165	176	46	224	202	80	23	166	193	10	211	100	79	123	104	217
57	177	132	188	94	182	171	195	140	168	146	110	217	118	213	47	173	26	136	75	89	224	46	57	130	16	94	44	206	76	90	144	125	137	132	93	46	10	145	191	41	92	129	35	68	13	198	67	101	179	227	157	189	185	32	111	42	48	127	197	111	170	3	144	14	192	9	0	135	90	202	94	142	105	99	178	175	43	201	159	100	50	191	194	123	134	158	230	198	3	173	167	80	201	155	98	198	51	81	58
200	68	54	8	165	57	203	181	202	159	76	35	223	15	152	69	1	161	58	75	176	224	67	152	178	93	140	20	31	145	219	74	15	148	108	218	65	57	92	90	127	86	174	196	158	233	209	217	229	8	114	30	147	178	118	131	107	168	25	209	220	49	58	36	231	208	11	67	0	109	116	212	161	203	150	79	212	93	174	174	1	190	124	10	109	216	63	232	103	124	151	40	63	91	12	15	188	186	206	51
132	166	229	218	211	62	97	210	81	118	28	58	50	36	162	26	6	135	197	35	90	153	47	114	205	152	175	16	42	188	86	73	24	3	18	96	126	215	63	149	8	230	58	191	141	59	11	83	118	166	232	197	200	179	167	87	147	158	196	196	123	191	209	66	176	29	174	83	15	0	129	43	13	14	74	161	200	10	227	162	52	53	48	133	190	220	1	40	124	15	55	156	211	107	175	191	63	128	36	55
17	166	127	83	218	29	185	27	96	232	132	2	186	9	20	160	81	214	217	162	41	65	125	22	168	84	137	222	158	130	34	101	207	144	105	208	213	90	23	80	201	98	28	113	137	189	192	140	219	119	168	39	53	229	201	104	156	226	55	29	160	223	31	233	182	7	210	51	227	128	0	85	23	115	219	85	176	125	70	54	146	80	29	101	11	41	202	59	41	118	107	119	86	230	11	227	209	126	108	222
189	52	161	194	102	200	49	50	169	153	159	236	86	11	39	156	167	66	115	120	135	51	38	229	132	85	190	22	30	97	102	213	21	158	21	34	105	93	207	115	191	130	128	159	71	95	27	16	191	48	71	112	160	174	124	25	30	80	163	131	5	40	35	79	177	108	207	33	88	77	79	0	1	76	158	154	210	181	20	199	196	69	60	212	49	168	189	150	37	190	232	235	32	214	146	169	77	198	78	181
203	94	123	224	7	62	195	118	219	29	82	130	129	137	31	64	136	121	141	40	182	88	63	2	123	80	203	216	8	94	17	157	85	20	52	66	52	212	222	52	185	197	232	96	2	34	224	89	92	56	113	190	181	182	16	69	38	75	10	124	137	189	120	80	208	110	55	205	2	98	28	226	0	198	179	17	219	162	185	228	103	142	184	23	38	110	85	26	53	52	25	14	184	62	80	204	218	31	39	94
192	10	84	125	57	8	153	139	93	27	164	157	156	41	57	93	24	86	100	186	73	183	193	147	68	181	203	230	93	95	171	82	115	46	67	219	112	204	230	231	50	217	144	22	30	200	181	151	106	122	59	73	164	80	190	88	49	146	61	41	13	39	11	137	159	99	26	158	217	28	210	203	139	0	14	40	89	70	232	179	124	115	79	77	34	49	12	150	64	71	148	219	89	161	177	110	117	171	164	54
69	47	94	43	215	109	25	128	87	52	137	39	137	25	108	172	201	38	179	103	110	115	38	122	199	221	91	72	71	81	118	191	222	107	226	128	103	221	175	178	227	122	17	131	222	209	162	46	203	106	77	197	230	128	55	199	19	166	199	196	51	38	150	63	117	169	121	181	71	66	178	48	77	70	0	115	190	39	38	133	19	155	40	185	174	205	198	12	199	104	1	106	118	28	213	1	41	120	233	15
126	18	96	125	194	32	70	165	204	106	50	96	29	21	68	177	137	207	204	171	133	91	116	163	196	219	126	35	57	146	64	84	144	158	166	6	57	164	60	70	23	88	63	149	81	183	215	172	106	82	187	40	45	48	99	9	20	100	121	7	82	65	172	89	28	191	31	161	172	139	191	78	54	201	227	0	109	38	35	168	47	145	129	58	102	53	173	222	103	129	22	87	184	39	69	52	221	31	27	76
144	203	231	217	92	177	71	151	129	156	38	176	59	40	126	194	131	106	211	148	43	234	22	87	166	76	139	32	45	51	162	37	203	142	178	44	127	225	183	148	1	60	153	233	166	221	118	92	161	113	92	173	100	83	170	148	177	47	217	59	14	87	121	6	158	182	84	200	53	135	144	169	32	131	44	204	0	153	210	37	153	70	71	83	125	120	120	52	116	48	89	189	212	205	143	43	95	103	38	86
139	199	75	184	175	150	59	44	231	93	233	6	99	234	164	110	55	236	134	145	224	178	102	95	151	201	225	196	171	218	119	224	94	151	175	50	150	98	205	105	233	206	161	194	34	196	202	9	155	161	100	204	160	180	234	141	17	66	234	36	162	110	121	12	198	131	199	92	59	200	224	110	50	41	80	232	137	0	37	20	120	155	68	116	188	169	221	180	149	37	149	221	4	30	116	178	97	150	96	180
90	100	86	170	196	169	204	35	46	199	48	212	59	136	105	132	221	80	64	175	190	48	219	84	103	153	72	231	142	193	196	173	123	208	9	60	140	169	144	19	81	206	169	212	24	86	221	67	23	38	38	122	165	134	62	206	27	134	231	45	179	48	68	172	206	134	139	128	113	62	192	234	152	220	219	228	78	162	0	32	209	142	222	31	41	161	10	60	151	178	109	140	230	134	152	214	80	193	230	220
22	167	26	2	10	49	50	220	140	14	110	149	182	162	213	36	119	172	206	163	31	129	29	202	154	164	144	18	195	225	107	165	141	13	161	208	215	165	63	140	124	235	100	219	102	85	5	197	227	129	167	13	20	123	50	51	158	15	205	159	92	220	199	30	45	168	172	202	136	137	41	73	47	35	191	140	104	110	196	0	127	78	46	105	109	195	205	235	233	223	42	211	22	200	147	66	148	144	167	53
112	12	28	201	123	3	37	71	109	132	117	207	81	90	201	68	86	83	157	213	17	99	184	23	236	136	129	164	43	189	204	30	13	37	232	199	23	43	94	165	161	8	24	126	123	149	26	15	134	106	148	104	49	184	216	117	47	13	143	158	75	232	152	57	232	134	159	222	180	49	174	106	172	155	145	123	73	6	5	181	0	192	105	145	62	234	9	176	177	209	220	225	134	175	8	202	128	189	73	77
5	43	126	108	138	95	216	206	95	54	126	44	174	157	220	54	121	139	7	38	131	9	178	175	199	227	88	207	178	40	114	21	39	79	110	101	53	43	117	77	189	200	154	41	186	141	141	122	34	145	154	139	119	22	159	36	75	29	2	136	176	173	183	18	131	101	193	195	74	5	80	89	153	75	127	19	97	163	158	56	200	0	166	97	49	212	221	205	226	58	66	128	96	56	65	190	144	164	164	106
177	181	135	203	194	149	69	69	168	226	21	48	80	119	58	195	63	109	202	42	120	89	46	86	70	116	61	71	94	12	146	89	178	227	170	116	196	45	36	187	210	38	66	158	228	3	135	95	229	164	60	27	33	111	219	128	89	81	202	151	79	133	117	228	152	45	151	116	156	26	45	219	85	72	64	37	117	134	218	154	120	143	0	70	29	78	186	25	100	79	98	33	174	84	4	112	100	8	216	143
61	74	61	138	225	11	169	194	71	236	76	193	17	166	64	223	109	73	127	118	215	212	93	153	223	12	214	166	70	95	69	11	101	19	26	165	61	49	138	138	153	117	9	81	34	26	139	196	67	86	134	185	214	222	199	154	143	212	129	114	191	165	89	54	41	176	171	44	105	85	90	126	31	210	81	184	86	153	27	154	58	188	95	0	189	117	125	182	223	66	84	43	171	27	184	98	165	25	192	6
131	60	230	170	72	100	112	130	207	203	52	9	47	107	131	111	10	210	138	10	110	9	46	223	113	26	91	151	26	214	148	8	169	48	105	173	6	109	191	125	120	54	115	36	200	213	214	94	225	75	196	49	87	191	127	151	203	158	128	212	188	48	97	35	16	39	50	40	23	102	26	236	168	9	106	173	139	174	151	33	115	78	197	172	0	63	33	113	167	73	175	22	41	37	223	38	125	14	233	201
196	35	136	100	4	6	148	208	54	164	49	182	116	189	79	61	207	84	160	117	72	83	19	35	29	113	197	98	35	3	27	169	187	148	97	10	77	154	144	234	192	162	207	168	44	179	57	221	161	100	215	126	44	186	210	31	1	144	154	38	106	105	47	72	176	202	170	210	163	51	72	195	26	233	159	31	230	184	53	107	1	20	138	110	29	0	95	218	15	234	20	106	162	109	18	161	103	99	87	127
23	104	62	47	171	145	181	221	76	135	27	136	188	168	153	165	174	206	74	15	22	36	40	100	133	109	183	144	232	113	149	4	150	172	17	19	61	194	70	58	148	38	113	193	172	104	199	156	27	200	163	110	137	41	227	125	201	184	74	182	225	147	39	33	107	58	232	114	142	99	85	8	152	207	195	71	215	55	50	74	162	110	166	85	60	175	0	200	24	34	143	227	77	18	57	195	143	39	103	67
127	169	88	66	169	113	163	184	220	21	15	65	227	176	99	227	100	180	205	128	100	205	85	43	151	31	15	20	143	33	157	45	180	182	177	120	215	11	109	51	3	134	198	129	66	139	107	202	131	167	195	71	197	154	236	155	182	21	152	26	88	74	193	94	19	63	174	73	191	98	33	57	140	74	135	153	22	221	70	71	9	43	42	70	40	182	37	0	8	85	10	235	86	215	148	25	199	97	91	6
111	76	26	88	228	100	79	199	30	66	226	160	66	206	4	51	204	98	145	198	12	230	119	102	212	90	165	210	162	63	215	8	119	209	19	21	131	103	215	7	38	193	199	137	93	127	97	139	144	121	146	142	61	15	100	144	75	79	140	44	64	65	199	130	173	83	220	210	1	128	111	114	37	97	16	217	31	157	185	69	122	123	116	95	124	143	15	182	0	33	110	220	128	185	222	166	12	161	97	234
194	163	113	115	157	87	234	158	160	204	146	162	57	236	86	146	33	226	168	204	69	67	117	5	206	111	121	180	106	22	181	60	124	123	32	181	75	228	204	8	182	167	13	201	58	216	157	95	111	3	34	188	182	208	170	75	210	68	45	41	2	68	83	220	90	110	188	78	41	48	161	93	195	65	117	82	229	42	155	166	96	150	121	34	213	104	121	24	110	0	9	63	88	193	126	173	188	206	165	101
208	180	135	43	28	43	102	74	205	162	144	98	188	181	140	105	203	157	194	176	103	208	124	14	8	215	49	30	18	158	127	49	155	146	30	223	20	15	49	228	19	183	113	211	127	81	149	182	178	103	162	160	214	214	165	182	33	186	94	3	79	10	90	43	229	10	109	192	126	155	92	154	55	47	140	110	108	56	146	83	230	48	36	45	9	67	100	115	192	47	0	8	48	227	4	153	138	235	43	9
178	11	189	57	75	95	163	82	85	192	19	202	55	205	210	96	111	174	185	103	91	101	41	164	207	169	148	182	87	151	183	125	40	48	173	60	133	41	198	182	235	21	72	179	110	59	184	16	24	120	165	134	25	230	36	203	24	134	29	173	25	171	39	63	117	107	123	172	206	121	69	87	132	100	28	32	104	76	152	24	78	166	126	64	161	78	166	104	177	113	118	0	7	163	72	184	137	136	217	96
90	131	158	144	76	218	176	13	75	178	79	173	214	51	145	51	224	206	213	164	16	57	145	172	34	6	6	21	182	56	48	15	155	210	76	199	226	77	53	121	69	122	70	33	216	158	124	39	61	79	152	33	75	227	164	143	87	154	10	113	29	88	63	180	110	173	76	228	4	122	52	163	162	77	210	30	189	107	172	141	189	51	220	53	18	78	14	217	158	229	88	63	0	137	229	21	34	155	24	186
131	171	169	236	83	14	52	190	80	196	32	140	140	154	4	12	35	231	58	222	134	152	203	194	80	187	125	196	139	196	14	197	114	98	189	204	223	61	12	169	72	1	162	59	44	3	209	210	118	118	26	84	65	35	201	145	39	90	25	74	192	18	218	177	101	149	75	15	137	213	143	72	34	219	127	162	11	33	136	48	6	224	96	74	131	101	211	149	1	75	214	80	56	0	206	130	192	235	19	196
1	168	124	76	168	89	3	127	64	229	161	175	18	202	2	31	162	9	49	44	184	144	190	200	169	106	17	176	159	181	233	181	190	71	107	162	113	96	78	226	165	127	122	159	84	146	107	18	61	169	10	121	235	124	221	212	21	122	65	219	14	30	14	37	174	156	183	176	149	203	217	152	89	167	160	139	15	201	216	87	152	114	202	62	16	183	76	71	98	156	211	43	147	144	0	109	176	43	15	31
13	84	49	86	64	217	148	204	197	71	155	215	45	99	163	96	175	75	128	106	172	146	156	112	234	209	146	159	4	71	19	62	22	194	61	229	196	49	29	108	224	26	23	125	173	195	173	149	30	125	129	99	44	226	46	147	25	116	103	29	87	143	145	173	150	54	67	197	185	223	112	21	212	45	26	69	114	31	94	190	29	87	227	163	187	204	115	11	152	129	25	230	3	113	35	0	34	153	231	179
146	179	184	187	41	122	25	170	86	11	192	46	52	113	61	157	220	175	136	81	61	148	22	42	65	49	21	96	53	218	191	186	126	54	3	213	121	53	88	190	96	119	27	144	25	30	170	123	47	202	215	209	8	172	54	144	95	83	173	102	1	129	48	66	187	53	193	28	98	130	53	52	182	6	86	170	202	76	101	102	118	191	38	119	137	39	221	54	155	171	226	110	20	179	5	15	0	125	164	216
163	137	171	82	64	191	148	77	79	106	47	127	109	197	205	75	214	97	212	12	73	37	87	26	11	130	68	125	40	110	48	61	105	128	97	189	73	173	10	124	166	182	79	92	141	55	231	25	24	140	149	98	206	164	160	124	207	28	72	158	210	135	159	225	35	106	169	86	211	224	236	154	225	206	154	209	99	47	9	49	201	169	124	90	114	3	119	154	138	170	124	4	131	183	55	1	7	0	35	57
181	153	18	218	2	13	78	145	52	123	83	174	40	75	226	128	160	16	139	225	203	39	87	135	55	44	146	126	189	153	105	120	7	63	156	9	210	230	77	227	152	32	41	10	50	31	5	50	218	130	143	191	179	97	231	45	172	88	172	24	172	75	214	118	180	187	148	35	27	44	49	178	25	74	108	175	196	228	225	161	59	111	218	144	105	216	61	73	159	13	25	40	160	62	153	189	133	112	0	159
113	68	147	26	174	151	62	73	17	117	227	114	109	223	203	184	226	99	177	229	193	4	199	70	138	85	216	179	223	193	54	226	50	188	211	162	81	88	127	162	187	25	206	178	220	89	118	36	47	84	82	138	85	48	9	91	227	202	5	218	69	94	15	152	232	205	13	80	112	40	223	35	22	202	24	66	23	220	53	2	235	96	228	217	36	140	223	215	7	16	102	73	88	221	37	89	56	49	24	0
