A	B	C	D	E	F	G	H	I	J	K	L	M	N	O	P	Q	R	S	T	U	V	W	X	Y	Z	AA	AB	AC	AD	AE	AF	AG	AH	AI	AJ	AK	AL	AM	AN	AO	AP	AQ	AR	AS	AT	AU	AV	AW	AX	AY	AZ	BA	BB	BC	BD	BE	BF	BG	BH	BI	BJ	BK	BL	BM	BN	BO	BP	BQ	BR	BS	BT	BU	BV	BW	BX	BY	BZ	CA	CB	CC	CD	CE	CF	CG	CH	CI	CJ	CK	CL	CM	CN	CO	CP	CQ	CR	CS	CT	CU	CV
0	69	17	59	58	411	432	414	185	431	537	56	18	566	322	7	486	367	205	553	163	171	166	325	545	269	182	93	98	445	567	115	369	457	358	333	364	298	351	544	588	532	571	244	332	407	106	78	388	508	279	580	187	198	202	416	101	497	162	169	246	404	125	458	151	549	512	70	290	31	463	42	1	518	320	470	40	322	385	354	587	305	268	25	210	469	107	342	70	510	240	35	364	165	405	301	105	169	475	504
54	0	255	204	596	576	43	527	368	50	198	245	104	314	235	231	47	377	395	108	559	151	542	242	577	562	251	86	62	548	352	77	494	32	82	144	356	418	147	89	511	486	546	209	250	213	359	96	477	540	479	488	514	208	19	476	511	413	427	192	326	416	287	587	147	236	345	463	146	460	602	127	53	538	435	578	546	127	601	265	500	327	405	345	462	318	280	203	102	289	106	426	86	540	323	201	418	144	196	562
464	99	0	431	197	517	36	456	565	312	126	247	561	189	191	332	447	251	143	253	390	233	377	97	50	346	353	370	544	324	441	276	90	318	591	460	101	143	543	552	541	122	421	261	62	496	595	451	26	453	365	175	499	569	214	603	442	462	578	11	516	511	277	140	232	601	422	213	101	452	142	463	16	252	5	360	319	204	207	6	181	598	139	371	288	283	31	15	148	429	86	512	568	175	2	221	323	516	239	513
84	329	376	0	586	166	363	288	316	563	260	427	491	404	30	146	62	129	292	216	311	78	403	47	312	156	96	514	166	3	140	462	10	135	398	149	328	376	153	200	447	158	213	467	488	493	440	443	21	362	490	115	552	263	81	494	398	89	77	317	38	46	185	516	139	578	539	530	108	362	393	308	307	414	510	157	417	533	14	555	594	482	530	455	345	46	378	439	226	164	123	362	407	404	73	76	83	316	223	230
141	403	346	401	0	514	594	504	305	5	401	183	109	243	273	403	29	351	118	446	230	558	374	352	535	574	89	93	296	145	540	364	598	204	189	263	555	577	184	566	572	608	224	299	146	128	377	282	379	51	227	493	116	238	409	285	205	202	70	413	458	30	166	270	411	123	165	459	363	47	155	271	242	502	211	157	182	129	141	347	460	426	591	512	56	58	468	70	602	497	21	154	487	175	591	82	574	222	233	531
528	180	345	483	348	0	249	256	140	425	124	549	317	224	242	146	177	412	186	527	482	480	439	323	582	156	239	480	196	467	168	191	92	380	137	229	137	219	478	489	456	527	230	9	270	198	314	443	98	186	359	184	585	444	109	188	103	70	21	233	34	191	12	94	30	529	439	169	583	388	91	479	17	471	321	242	178	44	82	390	172	539	370	500	110	59	109	239	468	398	399	89	214	165	596	456	7	368	250	503
579	456	92	549	51	543	0	556	402	326	72	282	582	245	6	592	460	290	279	16	170	324	88	545	157	406	421	279	191	154	557	463	552	577	88	342	275	593	474	535	108	81	375	501	92	14	346	177	108	298	502	529	285	377	544	174	591	18	589	408	80	585	88	35	434	584	78	482	16	481	394	488	561	289	301	593	394	577	453	166	312	560	101	595	344	101	31	158	274	478	382	463	296	579	244	496	293	504	250	570
512	157	413	407	601	524	109	0	409	405	394	67	576	30	150	206	51	560	96	93	324	46	216	256	462	278	358	261	97	2	573	44	240	330	415	49	73	13	301	87	32	262	183	360	262	190	312	572	64	125	543	209	556	396	428	130	594	403	422	132	470	341	485	374	516	532	405	174	574	485	266	312	416	438	237	239	276	456	238	437	356	80	205	124	213	261	166	234	52	411	115	443	193	169	193	569	353	517	418	553
2	378	128	184	267	37	459	522	0	520	545	346	280	280	208	434	5	198	121	350	510	379	21	124	84	498	311	503	409	216	433	242	345	535	467	61	156	32	99	595	386	128	62	305	64	267	308	454	265	554	525	327	221	404	507	386	407	531	511	499	475	293	569	451	520	308	119	541	30	344	89	558	139	89	444	1	88	564	15	553	329	132	277	462	65	28	4	291	336	34	425	27	316	523	411	130	585	478	450	76
340	429	460	527	24	569	181	413	407	0	490	272	202	143	251	375	522	382	482	438	142	406	532	229	348	563	604	439	433	451	375	508	368	469	413	206	326	265	77	445	283	459	425	19	547	345	329	368	379	434	534	566	307	107	67	498	150	215	350	382	540	21	353	524	252	21	424	173	433	497	261	405	90	391	415	144	241	454	367	410	271	112	428	11	327	470	86	109	95	505	275	8	385	398	442	159	108	344	496	209
201	36	324	495	83	475	219	201	554	127	0	347	445	589	459	56	160	102	488	50	282	287	227	73	255	190	379	148	472	355	430	491	246	367	419	443	213	91	268	241	601	591	519	260	586	353	37	543	27	425	24	9	410	350	127	395	488	597	390	340	600	411	324	319	172	466	229	246	248	480	543	116	305	360	101	43	464	297	239	433	296	337	465	357	259	9	396	508	566	330	530	311	201	268	540	327	375	381	367	177
452	471	168	289	448	177	514	443	237	559	112	0	376	479	593	3	259	355	206	393	173	540	390	5	584	565	379	317	311	528	107	248	461	42	383	27	243	383	405	358	47	129	9	119	535	565	553	245	489	26	501	487	178	391	189	547	69	317	460	529	272	204	111	323	481	487	63	435	232	57	143	406	7	61	563	506	469	517	539	89	213	334	210	603	392	290	413	149	138	468	567	41	356	175	1	585	387	535	563	392
427	230	278	601	304	499	586	414	157	534	476	295	0	448	23	416	241	39	27	415	86	276	16	379	218	183	95	275	215	529	433	579	569	121	586	544	539	22	207	86	363	579	552	386	21	447	264	107	369	371	216	16	387	295	362	92	580	599	419	492	199	175	90	366	321	138	439	29	315	295	21	270	520	486	271	598	476	53	375	282	197	268	330	387	39	445	305	496	389	30	431	36	386	366	497	580	402	33	368	95
486	112	562	25	362	72	175	555	90	203	152	175	332	0	571	71	302	90	396	90	477	481	343	481	169	247	174	169	459	1	133	518	481	301	281	335	524	335	452	255	563	268	245	444	314	197	361	206	301	295	399	326	465	572	369	598	217	213	544	442	191	207	72	2	81	453	406	2	437	561	453	64	492	603	11	263	481	285	487	445	89	269	128	38	595	380	311	466	293	556	596	257	189	370	397	157	460	128	182	509
441	72	87	485	232	348	507	147	489	480	460	360	75	477	0	91	322	415	194	379	320	257	413	253	483	181	340	224	131	221	6	412	489	168	181	456	379	262	366	341	520	63	538	271	184	478	266	183	201	597	507	474	373	497	72	174	295	151	287	356	168	313	147	442	498	97	210	485	410	282	264	287	532	568	538	469	495	306	400	355	179	451	235	211	393	259	216	76	416	409	603	548	450	491	309	20	338	364	396	338
198	541	162	110	437	244	539	127	339	177	549	399	192	6	575	0	452	316	516	288	172	557	36	441	263	365	417	192	476	346	502	593	175	190	476	438	277	238	221	302	498	97	397	431	71	578	71	269	478	56	348	314	430	516	259	7	67	166	523	564	301	124	334	533	417	541	561	567	323	278	506	19	298	568	550	150	171	253	29	323	298	378	302	80	571	382	510	606	406	52	56	226	265	46	485	256	405	24	388	105
564	505	322	485	563	391	117	182	27	378	377	140	551	318	603	387	0	564	460	317	90	212	204	389	268	164	475	440	144	75	320	127	476	373	527	132	77	409	39	37	565	504	144	13	240	342	104	559	331	563	286	50	107	169	531	501	43	459	489	214	16	396	335	508	303	318	469	558	526	275	433	350	371	182	59	310	441	102	272	318	200	259	373	252	301	55	349	454	16	446	179	405	171	600	225	350	272	102	38	54
383	213	204	399	324	14	434	280	143	165	313	169	357	438	143	403	246	0	547	545	574	45	289	460	535	167	380	211	269	507	173	300	161	388	520	177	193	408	191	101	135	535	248	308	600	216	79	556	68	361	404	357	583	583	129	75	478	594	92	371	393	351	166	68	182	21	56	155	443	424	530	417	465	130	70	605	448	563	144	317	287	182	245	157	9	380	204	14	116	456	153	19	445	600	132	190	294	475	465	42
515	342	561	216	46	179	199	223	301	535	44	389	180	273	302	485	447	96	0	177	564	198	168	465	402	143	112	525	200	312	516	266	11	352	555	82	461	378	490	407	306	52	502	497	290	493	549	357	539	516	571	224	117	15	472	528	274	344	602	550	267	50	235	312	413	442	523	309	530	384	442	359	110	471	525	240	501	147	357	600	423	261	74	248	71	52	386	550	223	587	294	497	406	358	232	380	574	322	242	571
604	548	163	572	500	546	151	489	342	587	26	91	275	93	323	94	446	432	28	0	127	365	197	387	234	150	113	74	148	243	81	585	382	233	373	73	241	382	36	209	83	102	597	454	2	246	389	114	306	284	162	112	547	589	126	289	1	531	169	16	199	172	373	145	566	254	288	207	525	141	5	239	372	132	293	222	162	75	98	166	191	141	278	541	577	109	321	423	483	450	348	177	158	579	206	293	132	318	329	81
20	490	305	486	137	2	109	197	575	203	377	469	200	369	321	473	472	301	33	593	0	559	568	553	420	498	56	405	558	194	285	58	43	261	359	355	310	161	147	322	533	327	443	68	378	39	438	11	93	115	214	443	555	350	41	293	541	553	91	229	456	427	75	484	255	126	524	232	357	88	237	568	570	339	258	118	106	574	236	339	98	191	500	338	180	357	183	176	13	85	331	4	361	398	381	28	502	553	61	140
401	318	582	501	588	526	142	584	440	245	297	461	413	76	291	538	608	190	363	242	532	0	192	527	87	247	516	572	160	451	506	212	142	394	404	468	479	211	417	94	275	105	591	110	414	561	446	315	437	291	255	457	284	450	203	214	570	22	108	84	556	134	327	173	496	556	245	578	306	70	574	371	75	324	89	357	182	525	431	423	198	306	104	499	512	144	202	274	30	472	191	127	130	87	503	568	72	135	177	531
207	99	100	523	73	36	408	319	428	391	263	125	287	406	486	112	306	194	540	186	149	500	0	603	360	156	15	109	7	394	240	318	563	576	151	284	43	489	263	200	221	387	264	262	464	344	483	36	99	471	37	347	400	478	405	102	315	223	57	197	70	68	136	544	120	491	19	141	516	137	248	133	405	157	227	486	239	15	386	60	194	251	308	44	31	504	382	121	498	42	266	54	570	579	202	272	226	591	172	478
466	403	107	420	147	291	272	28	50	560	503	97	1	106	334	385	506	167	234	325	450	277	20	0	196	172	36	168	538	586	134	386	504	38	479	603	10	161	410	15	232	74	207	227	265	561	552	1	586	70	462	270	255	514	307	496	31	356	149	266	597	488	403	378	518	183	16	224	388	592	187	269	508	401	299	6	152	392	137	462	185	203	416	280	31	499	291	203	452	209	388	289	98	313	190	563	234	157	391	86
110	577	69	411	543	333	345	353	137	497	505	305	136	86	109	82	424	581	266	65	547	172	581	151	0	245	258	379	513	254	299	312	592	164	472	251	291	270	90	107	422	461	557	140	403	385	503	314	54	511	553	442	60	530	267	281	185	117	418	414	150	460	533	61	383	4	569	579	40	272	40	117	500	591	446	598	585	172	434	579	555	137	159	381	53	600	162	450	568	467	393	187	357	150	70	336	592	182	98	310
592	488	65	439	25	417	133	418	527	86	291	531	563	577	467	498	335	197	5	213	417	45	264	209	73	0	402	521	157	339	356	436	370	172	343	441	233	64	467	421	352	178	572	82	264	164	557	65	223	550	411	412	475	205	290	52	86	250	153	10	172	264	13	600	557	461	82	354	86	44	234	7	453	425	111	14	51	52	304	88	603	513	302	219	72	497	17	356	107	334	289	54	183	223	205	86	60	569	200	490
75	490	34	530	71	230	370	14	385	61	529	448	429	353	438	374	579	467	403	471	137	592	576	399	586	164	0	514	605	289	169	375	66	327	544	335	477	162	431	234	191	572	429	204	467	156	43	411	421	402	378	487	272	148	528	483	279	560	537	41	118	495	219	80	532	70	328	37	575	467	1	519	309	341	448	103	331	16	492	565	489	212	542	114	229	512	456	440	232	359	172	394	260	459	470	294	518	541	393	97
112	430	5	133	340	154	345	18	372	580	201	344	399	479	322	264	583	184	337	136	542	446	384	276	544	376	316	0	150	281	314	461	3	424	603	534	368	561	20	92	185	290	541	105	144	208	446	162	555	507	92	113	481	276	13	15	257	175	461	439	369	545	50	213	221	561	110	34	146	255	144	260	342	72	182	480	183	321	571	570	469	322	459	422	105	590	472	344	133	388	152	334	16	558	230	444	158	523	374	16
504	591	514	291	358	108	374	50	488	551	228	535	447	8	62	399	353	43	580	58	448	359	114	32	508	603	325	69	0	36	359	607	392	168	602	63	109	109	398	87	482	292	559	163	311	568	117	66	403	208	186	272	242	554	36	319	277	357	363	311	506	472	355	239	567	160	92	447	303	410	147	71	394	38	318	361	53	259	478	567	19	157	252	392	257	398	96	326	444	427	235	473	489	353	493	603	509	436	463	379
495	130	124	413	234	33	492	338	192	266	263	507	39	247	320	395	91	564	65	123	560	100	38	253	522	517	44	275	109	0	55	7	232	512	324	360	243	86	197	425	231	268	363	282	563	252	170	328	416	603	524	382	185	245	420	590	76	212	369	603	598	385	315	408	308	76	296	607	277	349	16	206	499	345	589	435	75	607	443	344	264	504	260	350	378	379	282	215	330	364	321	189	474	485	409	439	521	604	216	86
226	387	503	553	153	7	560	161	181	188	361	511	109	290	62	576	336	502	197	380	198	269	210	220	9	544	411	317	357	143	0	455	281	84	402	91	129	391	168	182	244	135	470	354	608	118	276	457	203	336	572	128	3	213	387	249	323	47	238	184	395	158	35	275	449	288	217	56	142	369	187	174	446	184	179	451	326	118	284	380	73	387	592	395	415	586	28	425	178	236	413	274	542	419	385	584	248	398	281	54
304	174	164	191	528	156	230	71	509	114	391	203	29	371	25	226	577	461	259	296	194	489	123	546	573	513	408	557	179	210	45	0	460	147	511	157	371	512	474	532	531	280	571	99	11	559	270	152	246	201	183	554	536	475	282	86	397	152	162	388	297	52	114	497	179	338	513	303	242	182	487	271	45	139	584	164	504	453	470	593	112	440	20	474	146	479	102	438	4	583	219	577	571	392	241	199	253	498	102	189
243	572	167	105	373	106	292	352	597	525	401	524	339	449	73	36	296	496	317	148	407	173	466	124	557	388	608	345	338	499	101	314	0	539	504	254	554	268	475	168	300	115	555	213	559	441	159	70	352	170	456	78	502	76	544	328	431	424	197	354	530	431	574	433	603	545	419	447	126	330	304	16	306	533	568	270	438	324	183	355	261	141	377	162	69	532	585	87	260	297	51	129	298	238	21	132	363	547	168	603
154	385	481	423	173	79	255	464	275	318	367	169	555	427	411	42	310	505	491	465	193	496	423	291	141	591	231	205	44	441	81	55	442	0	551	270	29	523	409	451	83	165	412	449	341	95	538	227	128	164	563	572	569	156	133	233	522	358	45	533	459	247	550	11	397	153	239	542	353	538	361	240	467	320	274	509	161	299	296	139	135	262	130	409	46	250	600	46	325	182	581	371	246	518	536	107	501	199	537	247
192	586	278	473	374	90	171	377	425	64	550	32	124	459	573	242	123	303	134	388	542	433	90	181	71	89	549	288	572	501	372	306	558	44	0	348	550	439	187	529	530	573	473	118	340	187	284	107	445	18	560	323	67	87	46	88	428	121	133	178	13	523	576	11	603	276	500	370	264	457	13	96	365	378	409	377	151	8	600	67	147	218	256	581	275	310	258	544	580	79	409	234	573	445	68	608	275	67	335	258
149	295	89	29	529	515	573	472	447	461	140	327	223	564	12	567	414	208	356	65	181	488	507	183	594	157	485	99	398	261	326	442	228	275	190	0	362	563	360	320	180	134	441	352	461	80	403	258	184	26	167	593	391	96	158	487	302	585	423	437	441	224	294	512	190	126	588	137	112	327	36	70	57	150	449	280	336	196	188	524	332	163	334	3	56	191	538	281	52	461	260	120	24	119	340	275	325	19	286	521
13	267	197	484	437	506	63	512	172	423	560	319	277	338	380	461	429	198	308	253	260	378	183	277	477	352	168	106	132	165	49	501	585	580	23	570	0	205	4	450	86	228	118	135	429	468	498	84	285	297	140	78	400	374	397	234	133	192	105	19	596	391	569	359	320	477	336	335	236	398	148	174	345	529	368	519	221	93	112	243	138	303	488	324	100	453	194	25	449	532	141	140	482	420	103	412	172	472	554	292
204	45	335	393	30	241	163	403	151	503	18	389	374	536	180	438	576	278	513	470	2	289	568	147	583	311	42	590	312	480	469	276	152	330	295	450	245	0	7	180	583	372	389	74	11	454	438	336	461	280	230	570	270	556	147	200	514	390	597	81	139	46	172	482	54	28	510	205	53	181	526	423	47	348	245	468	571	461	377	579	316	143	467	485	58	47	290	444	141	288	249	347	124	308	364	401	475	183	576	421
559	406	410	105	243	400	410	462	164	446	475	239	487	606	347	443	326	263	590	399	459	597	460	201	109	127	539	295	387	77	281	160	93	93	134	595	197	185	0	572	247	461	257	382	348	424	434	229	535	422	430	45	33	271	144	437	448	484	587	24	78	22	38	371	94	288	474	277	75	396	488	244	534	339	460	244	299	342	331	165	381	32	532	567	397	81	48	347	181	395	449	262	231	69	123	178	60	485	552	420
359	64	102	244	557	222	368	361	371	32	27	157	502	375	290	529	499	58	87	417	356	302	209	51	531	467	382	21	521	156	1	276	518	117	129	414	465	215	345	0	397	524	422	127	430	332	543	227	48	272	607	231	526	576	472	535	61	501	524	345	278	409	96	122	228	5	426	263	47	566	448	164	589	583	63	311	123	7	227	523	250	260	162	507	249	380	56	534	515	451	432	599	556	368	384	63	588	435	434	204
202	549	266	249	336	397	78	78	233	425	445	396	201	493	290	104	356	177	470	370	24	144	334	227	379	284	511	6	306	596	4	417	70	105	592	203	207	420	278	502	0	221	335	218	130	601	519	544	205	449	565	562	16	480	107	436	208	448	545	90	480	310	306	606	312	606	384	533	314	308	361	505	540	294	39	339	200	358	353	180	370	55	453	337	37	550	551	435	416	207	402	361	141	133	477	575	145	63	584	54
71	119	280	279	15	377	71	601	211	105	171	372	74	455	445	228	89	114	263	433	326	599	435	498	185	583	526	554	450	446	585	474	202	215	537	327	253	430	249	81	193	0	378	11	522	36	89	105	125	303	404	47	5	138	234	115	594	97	604	429	565	537	382	229	267	170	521	291	200	551	477	118	523	445	83	128	338	64	159	279	452	301	25	514	491	559	109	552	121	14	90	608	262	557	442	287	116	522	590	572
538	413	131	342	484	484	420	302	264	401	582	401	267	214	487	326	221	308	425	354	261	33	287	12	547	428	426	360	88	392	561	224	158	478	479	140	158	558	144	353	568	583	0	505	121	250	484	155	353	446	583	85	453	226	511	13	117	2	150	63	239	522	118	294	556	368	555	106	125	328	480	165	512	152	495	544	597	175	278	502	374	448	275	257	357	392	106	286	144	435	161	166	33	250	513	325	513	557	596	289
576	378	39	154	166	190	388	25	508	451	287	20	159	316	321	29	530	479	131	338	383	198	20	161	59	408	309	267	270	526	408	441	361	397	332	346	103	450	441	391	225	330	557	0	162	550	494	372	250	441	270	315	116	104	128	21	243	130	384	63	366	215	504	199	377	87	24	324	110	26	251	428	11	269	281	568	395	372	506	601	479	196	578	353	101	96	404	443	210	498	592	263	293	435	265	527	591	603	121	565
314	446	5	522	177	289	133	273	579	158	137	213	547	573	34	35	332	362	168	504	502	605	132	345	252	99	349	190	526	268	308	268	273	541	307	62	304	355	469	183	245	105	259	401	0	421	221	272	162	58	170	565	12	162	586	273	153	360	426	351	551	532	532	583	575	1	21	136	136	475	604	205	43	238	520	8	401	591	555	349	396	174	408	58	97	488	329	426	186	102	159	415	414	212	139	298	371	370	458	283
393	214	332	177	94	177	217	252	112	488	312	81	215	49	449	4	57	7	457	521	103	390	93	460	590	53	46	565	16	461	35	566	93	461	92	137	133	543	348	579	171	31	161	293	8	0	198	388	386	263	276	288	125	380	63	319	47	577	405	531	587	175	109	10	523	186	303	322	201	421	384	594	387	414	390	121	455	128	29	75	368	330	182	269	323	175	342	116	554	325	233	243	248	247	68	386	473	573	78	360
411	50	592	563	532	565	388	508	104	162	387	530	162	135	352	559	475	219	339	118	238	123	10	493	166	457	595	191	175	479	429	114	425	421	270	126	604	79	62	605	159	308	93	95	547	430	0	537	105	51	531	17	122	243	228	263	467	599	10	1	235	588	143	546	580	205	13	30	185	565	316	401	398	370	478	529	157	427	515	90	194	516	189	432	351	356	213	457	29	162	533	482	332	193	392	583	87	188	266	412
148	189	580	544	348	285	503	495	489	157	492	248	125	585	486	312	591	164	115	198	27	193	166	36	413	156	465	332	145	181	198	317	362	238	378	590	307	486	390	396	257	130	547	53	38	325	127	0	205	202	306	260	367	292	95	569	475	186	561	377	399	590	283	523	293	267	497	492	429	363	555	574	444	293	70	515	583	267	63	62	42	433	265	28	288	299	512	184	294	468	603	211	377	436	569	75	424	300	40	130
583	513	401	520	208	182	150	77	431	371	282	113	424	6	118	554	66	590	486	90	395	258	150	439	464	480	340	429	116	460	97	95	516	24	318	504	589	380	319	251	427	328	130	277	161	523	234	215	0	109	414	584	387	442	499	445	465	1	371	468	69	549	488	331	273	187	256	327	287	435	122	567	137	216	485	492	227	409	384	102	600	366	334	47	213	553	184	66	327	336	309	127	558	328	310	114	605	122	53	559
494	281	31	274	511	72	56	589	604	460	54	534	558	73	519	88	50	135	155	486	309	186	184	521	368	200	254	178	206	466	25	504	310	453	215	84	10	240	335	265	450	277	511	253	551	471	60	96	554	0	407	299	178	426	458	451	287	58	563	589	323	321	458	153	253	92	316	170	162	534	583	322	554	99	224	443	228	482	220	53	457	590	163	527	356	417	489	33	16	381	249	44	194	355	302	8	315	33	185	69
80	197	380	123	604	421	219	471	319	530	325	204	246	359	2	575	452	445	253	238	189	405	360	358	560	71	386	556	60	122	547	128	56	104	75	61	534	368	451	208	571	499	600	600	320	283	164	481	545	409	0	80	502	394	359	289	92	84	542	567	466	323	484	380	494	111	168	419	462	567	234	361	32	516	207	349	332	198	546	586	282	557	15	313	566	46	262	536	463	263	474	383	92	539	480	39	158	352	449	505
78	539	93	423	598	516	298	418	189	130	37	430	240	358	340	174	26	434	168	523	286	577	557	149	576	450	343	395	279	13	412	543	281	484	316	576	308	586	131	536	162	532	168	436	276	394	550	192	115	516	209	0	495	458	294	272	223	60	165	597	126	285	105	169	54	261	537	293	241	366	508	176	210	416	62	167	359	499	420	298	106	594	285	6	337	296	180	412	119	463	581	361	536	499	492	309	326	547	58	510
159	503	14	586	17	485	46	486	78	570	230	519	121	254	103	377	308	104	287	22	25	357	486	148	575	368	63	424	245	339	269	145	145	17	106	260	81	131	395	189	499	209	558	508	226	447	466	538	250	551	498	182	0	326	196	262	117	140	475	383	473	290	315	347	503	35	498	154	324	367	589	336	8	378	179	483	405	200	243	323	71	586	359	320	579	457	38	173	499	198	547	43	156	273	14	29	218	425	234	176
360	151	210	143	140	65	442	342	30	608	592	156	475	301	476	543	169	257	422	528	122	282	65	79	604	173	568	522	445	434	28	369	48	455	145	86	397	149	2	389	487	13	529	409	338	123	500	294	299	481	173	107	427	0	523	528	498	430	24	276	201	39	452	362	223	188	376	473	27	213	394	400	141	544	224	518	62	174	438	88	517	76	361	574	30	209	509	589	280	539	57	27	559	101	476	587	170	395	286	603
55	214	341	359	5	290	519	222	422	401	315	487	344	285	557	315	155	555	329	542	365	542	366	252	573	172	90	232	380	126	306	444	537	263	275	117	581	90	575	314	72	182	462	154	258	457	485	417	63	605	156	360	133	328	0	267	352	404	65	349	386	521	525	185	387	544	93	562	362	41	216	289	433	451	33	84	482	124	27	293	92	546	221	293	554	314	53	329	133	351	556	223	416	499	15	440	578	403	234	243
347	418	551	205	8	527	455	8	532	386	171	417	165	165	169	456	126	423	341	158	108	532	344	493	557	543	190	535	215	353	161	222	458	506	367	338	462	551	104	575	378	14	599	556	223	514	188	73	84	593	388	122	179	413	454	0	528	558	3	410	564	487	151	169	210	187	329	600	486	438	132	440	51	146	377	38	597	347	202	567	581	261	510	534	101	180	348	263	298	470	111	291	372	270	109	595	208	351	230	58
602	143	362	1	293	55	415	218	77	1	426	493	579	525	37	60	105	542	472	334	564	557	395	243	600	108	285	388	401	480	472	294	420	513	186	473	152	570	131	152	228	114	476	311	409	376	545	472	477	374	400	550	24	591	522	385	0	123	271	40	274	343	57	350	483	128	85	486	331	91	329	309	429	260	181	110	411	177	589	567	343	244	597	204	273	521	331	263	200	563	169	121	120	396	255	232	539	452	54	91
106	475	315	427	33	326	191	534	129	154	63	213	377	601	53	587	396	364	521	594	185	210	16	234	514	259	221	369	384	33	563	36	503	208	303	242	569	44	456	281	605	47	22	377	179	426	211	157	299	386	329	346	550	113	51	303	471	0	432	496	83	352	19	257	297	287	215	605	174	223	525	454	39	109	25	67	61	456	153	57	387	276	398	142	397	333	228	100	494	415	418	413	227	271	256	224	222	313	111	548
399	520	243	361	179	331	390	279	73	354	373	418	528	160	596	21	60	418	222	206	360	237	317	407	347	452	57	84	569	509	555	597	339	355	252	274	192	414	523	434	168	518	301	242	539	209	375	431	286	92	355	443	203	431	417	322	370	542	0	526	251	326	414	433	213	244	64	549	27	43	245	489	225	168	580	382	515	489	230	94	244	237	519	336	478	363	427	238	229	289	585	228	247	260	296	42	31	557	594	407
354	234	17	379	265	601	169	208	332	286	413	180	142	250	262	462	41	177	566	602	74	258	230	150	251	88	374	377	307	501	353	369	18	90	416	381	230	340	248	91	361	32	76	319	171	271	265	190	211	237	135	76	518	531	479	542	485	297	572	0	226	105	196	242	141	388	394	76	42	107	47	151	131	34	21	286	364	574	445	534	478	538	271	132	8	247	608	606	65	225	572	316	99	143	345	570	220	266	306	477
117	440	584	321	90	304	400	49	295	144	33	255	322	294	211	412	607	230	64	466	374	158	301	144	549	85	230	444	546	286	180	518	499	259	1	275	98	547	228	486	75	552	412	520	238	231	256	477	464	228	262	518	487	275	205	506	214	30	463	249	0	151	32	182	409	319	271	19	138	41	454	555	252	356	158	417	346	431	34	557	142	108	126	217	428	256	104	285	471	76	274	251	505	56	558	376	248	252	72	216
381	390	446	408	430	84	310	147	525	56	155	313	39	339	9	246	199	470	553	32	4	306	415	119	111	535	431	415	575	360	43	256	123	494	100	195	342	291	566	354	100	134	505	48	404	436	222	536	378	594	328	71	509	151	539	156	557	581	280	29	415	0	427	63	83	50	80	106	607	352	114	101	232	462	572	118	124	424	106	413	418	199	467	204	381	247	23	163	239	248	130	603	446	503	389	216	148	318	278	386
558	437	608	441	88	336	587	405	412	514	85	339	236	538	143	108	574	508	354	98	180	279	521	144	8	203	94	408	305	450	130	313	286	391	254	304	238	583	584	1	289	140	447	239	366	189	471	489	578	558	91	63	356	364	480	590	98	253	133	373	84	547	0	541	269	217	178	289	309	79	130	12	3	43	405	352	265	380	161	132	23	409	247	57	9	63	3	143	525	456	269	211	382	552	498	243	137	432	143	582
599	411	380	492	470	60	230	371	391	358	475	376	129	438	344	576	281	183	297	459	290	359	244	155	315	341	93	431	181	274	606	34	111	542	334	355	465	358	345	90	239	386	443	455	163	139	276	325	51	259	137	39	419	70	341	22	509	145	59	400	353	76	16	0	262	320	222	480	483	280	502	445	198	473	229	592	501	332	267	593	338	10	426	91	599	281	312	480	173	8	380	559	245	247	283	289	446	235	163	595
225	447	472	137	281	24	184	337	584	150	468	9	567	234	332	125	4	347	170	372	604	156	162	416	325	40	349	331	54	67	428	375	124	248	156	491	268	45	51	594	542	323	241	235	197	441	364	236	329	187	340	415	170	110	83	113	487	221	108	144	570	361	407	581	0	340	568	526	144	413	529	549	488	4	424	482	546	81	186	383	336	257	278	285	69	485	524	247	58	347	343	99	602	223	440	608	326	488	284	237
261	263	579	276	92	446	67	72	273	582	407	596	433	237	365	71	222	351	438	31	484	158	552	75	282	229	502	540	267	132	494	271	484	50	558	41	585	435	352	5	466	99	21	331	433	119	601	104	518	371	554	340	20	168	187	512	583	182	326	338	96	457	349	390	308	0	330	27	257	448	500	365	197	493	534	187	578	306	267	20	304	470	334	486	510	465	576	374	237	608	65	200	434	209	278	254	245	89	517	347
590	321	62	538	359	373	15	594	376	513	389	554	31	324	289	504	111	110	238	3	432	488	114	348	555	391	294	289	327	340	204	516	474	232	269	87	79	339	204	544	217	252	89	591	606	425	400	444	65	58	189	349	385	599	41	153	463	539	546	453	262	318	329	77	283	288	0	571	243	104	119	118	248	106	463	529	458	341	120	23	404	389	402	324	6	569	37	306	115	77	594	193	374	237	105	524	416	357	487	58
7	517	110	104	216	256	34	174	214	118	261	287	21	268	114	301	465	161	252	560	580	30	481	382	285	554	400	136	85	394	189	352	575	240	522	20	277	30	557	25	583	233	565	73	41	8	380	595	544	189	491	345	602	263	271	404	545	104	101	358	601	200	354	39	490	319	49	0	25	555	362	419	601	586	214	486	537	271	213	244	121	251	190	153	14	52	47	584	403	491	216	404	3	486	160	282	50	357	106	239
206	311	132	551	8	468	430	322	574	309	354	552	174	563	312	389	304	427	441	145	38	435	72	461	166	229	285	560	439	184	47	209	407	59	307	138	14	566	419	530	27	543	545	464	450	144	495	494	67	106	596	253	204	510	475	416	258	197	94	255	122	318	274	109	154	243	477	407	0	243	574	523	80	515	416	554	120	211	207	418	257	402	57	10	531	445	27	143	281	24	151	591	244	305	407	296	199	345	286	162
152	118	89	582	427	165	104	576	70	17	170	272	406	605	393	12	481	181	385	568	2	199	287	518	24	57	162	510	16	260	544	139	572	583	52	328	212	6	275	254	304	99	540	182	242	441	446	233	483	98	255	524	501	457	552	63	198	82	94	444	540	129	529	282	351	197	235	175	163	0	185	574	323	577	108	196	511	274	413	69	257	130	501	210	446	583	433	211	600	485	165	86	238	283	478	382	186	191	423	89
458	29	12	372	288	399	178	513	200	140	17	561	101	54	96	405	132	476	160	491	558	147	540	199	537	54	431	517	178	274	493	299	245	196	12	557	217	216	587	318	238	325	329	327	551	302	461	92	58	265	363	391	272	257	27	523	176	210	286	219	319	461	396	486	247	143	507	319	162	144	0	325	179	199	79	405	238	374	222	147	422	531	299	417	462	177	460	547	436	393	348	266	18	21	246	81	161	342	169	577
241	18	486	137	414	421	338	336	224	303	456	446	191	517	468	94	195	576	360	137	585	493	483	548	2	290	447	39	448	490	130	5	569	65	224	145	198	449	44	535	356	497	27	426	277	39	5	350	339	261	207	193	328	354	253	333	305	214	157	65	543	153	432	488	485	238	599	271	453	171	16	0	223	585	86	24	74	602	472	64	70	589	514	218	526	533	361	112	395	242	472	551	221	166	603	606	109	527	445	349
226	400	92	148	254	114	295	93	46	521	356	359	341	543	100	317	578	542	135	169	215	19	209	185	482	160	205	168	129	599	241	181	138	572	577	94	264	376	91	394	603	43	70	421	186	278	246	393	368	399	495	56	83	323	367	274	143	556	109	295	234	297	460	113	236	167	552	147	495	538	52	72	0	348	211	517	78	206	101	37	345	129	346	104	88	578	605	360	508	554	139	23	332	104	589	480	27	5	317	18
283	376	93	411	51	253	496	320	245	382	512	104	62	13	329	146	247	607	115	484	11	66	232	282	589	75	394	358	392	312	187	374	192	480	431	87	84	557	420	144	339	241	272	63	189	359	310	12	248	84	349	171	529	23	270	339	175	398	471	235	537	496	417	512	8	26	247	453	597	337	466	489	205	0	393	100	572	258	556	241	318	111	351	522	502	424	296	201	447	202	509	281	339	493	335	517	452	448	187	594
322	548	577	58	357	458	72	231	90	320	120	284	395	457	544	59	451	198	330	539	262	409	331	340	343	170	535	177	41	210	1	490	6	166	50	329	190	230	539	371	230	243	94	70	376	25	344	317	41	139	133	470	493	154	340	540	77	408	31	439	460	569	307	579	36	79	569	180	137	130	137	561	536	64	0	58	104	111	465	97	567	218	261	310	180	493	490	499	188	574	429	149	120	180	569	243	551	139	191	313
337	319	300	165	53	439	87	163	1	568	348	476	355	22	301	449	551	231	437	84	18	95	437	292	370	442	310	149	57	279	594	176	149	58	236	221	362	535	352	597	100	391	429	18	261	12	535	17	121	60	2	189	109	161	213	540	274	381	553	222	197	214	74	316	554	247	447	179	391	53	48	115	508	145	414	0	464	179	496	239	1	127	214	426	454	11	180	227	52	213	81	124	464	102	379	401	503	215	529	495
558	180	256	100	400	66	256	90	377	280	602	299	257	236	195	140	61	105	149	249	517	585	439	123	114	559	279	172	486	36	307	268	518	507	388	101	91	431	471	223	171	466	128	487	317	311	305	175	516	147	423	207	137	84	194	602	12	472	246	369	603	127	145	576	596	251	101	112	453	502	364	189	551	241	541	381	0	380	346	399	511	329	417	443	457	444	104	422	141	29	340	420	319	258	402	180	335	64	171	572
435	154	272	134	92	529	337	511	251	102	602	142	380	568	571	85	502	144	288	20	345	537	488	77	485	184	167	392	390	310	206	563	164	500	592	174	241	514	479	64	447	473	436	119	214	252	4	537	9	10	470	290	517	287	77	583	304	594	494	592	489	448	367	592	538	356	94	298	347	102	36	561	582	111	34	178	233	0	451	22	152	425	543	334	301	338	512	414	462	569	89	421	539	420	108	51	233	249	250	44
599	132	85	241	134	472	108	311	279	162	491	455	241	441	112	16	100	54	395	228	332	255	329	9	196	36	173	19	53	537	354	21	292	383	296	404	78	60	480	249	209	1	605	377	430	68	364	257	384	149	271	72	489	43	471	52	553	189	343	536	61	177	55	402	533	578	168	497	295	431	443	405	427	32	523	113	356	205	0	84	414	360	100	66	415	166	324	75	385	348	388	421	516	10	491	516	431	491	289	603
120	157	559	278	344	153	518	569	149	148	309	211	382	546	377	469	581	108	236	37	271	228	374	312	351	428	565	492	81	430	56	310	232	139	106	355	76	25	375	185	226	546	317	585	527	484	483	64	149	331	516	517	506	28	256	425	511	182	357	270	135	222	366	193	263	185	161	559	532	140	465	95	551	427	396	42	9	415	588	0	412	390	222	595	182	21	187	60	109	306	235	159	400	462	120	425	226	606	108	140
578	291	362	100	243	126	526	479	17	211	236	168	284	356	445	169	238	183	346	121	270	75	104	484	233	98	83	404	63	191	198	577	116	549	389	539	237	201	239	483	30	247	129	263	288	350	141	112	381	329	589	376	262	29	286	165	417	368	161	252	577	127	542	82	549	108	302	438	177	521	165	245	240	115	378	376	144	154	533	126	0	479	90	39	212	244	53	84	126	156	58	277	267	557	231	273	537	52	509	594
592	291	62	251	539	16	188	560	23	61	312	327	131	108	441	168	401	598	507	178	428	217	245	132	374	233	43	434	269	39	456	254	65	191	484	171	561	434	519	163	546	402	548	314	562	93	70	462	168	381	606	427	608	542	267	524	511	350	424	402	555	283	390	24	393	342	38	370	2	347	151	360	165	29	93	376	553	199	334	436	326	0	482	468	480	134	197	350	253	289	104	504	51	594	222	235	29	469	421	443
524	157	23	402	590	132	528	237	343	466	423	336	4	107	168	57	153	522	87	2	464	557	24	549	278	139	578	386	77	564	447	166	516	144	177	27	539	581	147	203	271	465	253	521	18	298	306	121	483	551	385	459	437	263	507	151	239	139	522	317	349	99	516	258	460	598	388	251	117	52	1	172	175	429	138	268	538	201	54	398	460	69	0	605	108	119	447	292	297	271	139	183	467	497	493	337	38	421	238	436
261	219	576	104	569	390	185	410	490	342	532	48	377	210	137	604	514	179	396	284	397	137	31	386	406	306	320	584	503	431	568	52	301	587	452	6	240	598	358	189	29	4	19	508	169	485	186	124	384	363	601	39	595	249	355	601	120	473	257	383	341	476	379	70	362	90	466	14	324	104	243	471	78	165	585	523	443	411	180	204	446	311	162	0	128	164	323	277	390	261	28	377	333	371	142	354	604	194	507	387
400	412	599	329	315	438	317	480	205	299	428	116	138	369	559	373	520	256	9	173	70	471	200	327	133	197	443	449	321	206	336	349	470	328	490	497	275	84	239	329	293	44	430	544	217	25	156	18	533	602	332	271	38	423	217	375	514	300	510	310	309	464	591	109	607	90	271	599	23	205	530	593	446	583	55	596	141	345	63	253	23	347	175	52	0	246	562	287	597	378	393	101	257	161	568	450	9	459	521	92
233	219	521	48	78	385	245	205	21	80	74	578	124	537	447	41	193	583	177	307	588	470	523	99	422	268	124	200	445	483	408	354	343	188	106	416	458	120	372	491	284	244	258	81	196	545	583	554	209	58	50	288	224	345	572	10	593	343	114	292	302	565	377	563	256	81	281	225	487	289	523	141	140	7	103	530	11	587	122	6	591	454	487	465	220	0	76	19	304	306	7	576	364	499	526	527	564	143	480	145
530	107	207	340	193	557	582	403	365	596	306	443	326	564	74	506	280	534	141	260	224	110	418	368	323	510	111	546	431	360	512	455	109	487	64	249	208	97	268	405	578	117	345	560	387	94	471	66	288	399	254	404	590	577	505	506	356	465	306	380	158	243	250	101	199	120	152	416	535	381	316	222	483	300	398	116	327	314	243	138	193	328	376	105	474	336	0	30	295	375	544	448	214	87	127	286	6	605	127	478
575	75	568	304	411	425	106	490	234	539	341	211	19	123	484	154	28	481	316	258	389	540	157	101	508	110	238	388	7	323	210	93	448	440	382	512	343	187	113	548	554	125	197	277	481	514	566	278	349	74	6	409	527	231	551	78	282	445	401	311	446	505	123	299	385	543	165	317	128	157	468	545	323	599	551	391	43	285	560	367	81	268	392	332	518	163	103	0	56	546	244	445	369	498	441	547	454	299	321	445
367	149	80	536	377	81	306	456	12	227	330	128	419	442	376	6	377	152	386	100	507	286	78	377	480	149	561	290	112	24	252	271	241	252	412	586	537	60	451	175	515	351	287	404	547	126	374	478	469	207	465	209	306	603	410	441	571	422	33	262	515	489	477	479	579	221	586	518	434	562	400	71	39	295	183	578	238	296	269	98	214	30	447	422	374	183	483	284	0	10	606	501	96	509	220	186	210	578	517	561
602	4	599	575	317	473	509	226	185	70	350	419	208	531	335	216	144	219	322	404	271	530	39	437	378	25	143	190	158	604	64	218	175	30	303	321	596	321	243	513	362	183	375	17	591	377	52	437	217	99	523	49	246	406	556	585	431	371	276	336	22	205	155	153	528	382	131	403	475	83	541	25	553	418	184	199	139	252	420	554	329	140	587	358	595	93	55	604	142	0	49	127	417	288	475	101	62	528	419	307
131	77	56	321	470	187	403	159	596	175	153	345	137	177	294	229	396	123	333	76	254	593	561	574	47	182	441	53	517	44	414	23	536	304	46	527	485	593	494	463	354	596	246	367	140	445	330	407	539	187	103	110	75	44	34	354	150	317	94	374	449	518	41	353	500	254	501	436	234	94	74	5	285	230	223	238	388	402	596	351	15	486	324	64	328	385	74	280	281	476	0	85	255	549	450	11	572	545	602	89
580	520	245	513	208	82	102	294	190	57	273	123	242	424	164	592	381	459	313	172	506	372	593	4	276	499	337	386	419	126	244	486	523	605	217	318	73	203	392	577	279	341	221	232	441	579	81	283	193	197	141	1	412	176	486	529	488	405	528	188	497	510	519	596	177	482	448	67	582	485	532	43	403	272	292	105	406	1	466	92	483	560	510	331	436	492	404	186	28	340	350	0	469	481	416	509	387	253	594	343
397	476	432	122	173	242	529	502	125	514	501	286	136	568	276	468	563	275	242	513	582	423	258	387	418	359	585	562	573	559	160	161	575	429	563	311	412	223	479	64	386	15	466	95	584	577	576	128	120	53	452	301	33	442	154	404	73	522	252	475	594	273	369	473	46	68	489	235	76	137	228	264	579	363	223	567	240	379	115	88	22	562	272	554	428	530	350	362	103	544	473	491	0	565	472	351	515	235	454	523
402	510	190	329	44	402	104	559	124	84	308	344	313	538	264	88	520	367	7	230	508	26	488	365	351	508	91	234	71	140	353	173	419	572	592	472	343	601	350	139	267	588	469	1	214	326	76	572	252	88	295	18	282	35	529	475	11	292	180	219	320	337	525	199	65	139	218	570	15	570	217	177	561	234	420	484	562	524	304	562	103	68	46	5	335	236	211	415	38	487	227	480	454	0	123	288	218	421	576	10
240	532	82	340	415	309	501	69	27	92	111	460	601	198	590	465	9	565	117	294	351	174	346	337	27	46	580	326	397	436	64	216	328	570	28	496	361	159	529	189	428	15	252	177	565	192	325	290	130	528	166	501	125	426	608	71	591	419	607	386	214	231	14	117	243	59	435	557	316	574	43	308	289	240	520	484	206	553	539	447	517	391	586	270	559	536	409	189	394	568	584	369	355	305	0	367	472	447	460	59
123	139	96	194	33	541	507	27	154	319	54	575	134	366	310	3	462	389	111	407	122	96	155	553	477	130	144	129	232	17	446	140	373	315	261	134	42	279	293	151	399	574	17	107	336	490	376	202	58	218	1	35	595	255	319	208	233	22	567	144	70	297	445	91	503	196	402	404	190	507	502	543	254	468	547	250	62	119	455	221	544	220	371	593	161	179	584	514	231	545	548	86	312	458	144	0	504	564	480	355
103	257	522	139	262	9	52	183	455	506	353	556	162	231	543	69	164	428	289	411	408	479	161	605	82	258	509	33	354	441	355	1	572	534	449	248	69	450	575	78	400	259	196	213	565	435	12	27	53	488	205	521	357	382	583	608	536	64	477	283	551	531	262	56	448	3	256	564	94	437	139	171	235	469	566	118	288	174	338	460	490	379	346	461	57	483	160	557	306	509	65	398	366	543	223	244	0	190	51	426
366	124	448	231	73	65	439	87	604	483	480	195	302	318	149	153	370	275	576	409	557	316	146	195	218	111	308	414	379	545	599	63	124	79	231	12	393	505	507	466	534	317	71	383	232	252	89	503	214	157	58	507	562	427	502	75	429	154	73	378	209	528	493	583	315	546	147	41	380	309	173	111	188	498	200	518	13	476	599	544	426	594	40	311	583	85	304	463	40	384	119	67	592	234	423	443	433	0	117	406
171	477	56	45	464	50	557	164	225	306	18	358	428	518	44	336	357	489	139	269	200	591	423	589	85	579	390	286	226	435	155	530	410	362	542	590	468	495	595	169	34	39	262	457	523	124	600	140	195	346	294	162	392	255	53	167	558	9	518	546	307	41	15	167	269	170	604	550	605	530	171	310	302	346	206	74	309	380	366	451	291	394	122	392	219	333	327	62	261	494	47	346	203	328	229	109	113	350	0	42
258	520	163	302	443	420	234	138	260	606	57	578	130	545	461	542	560	142	555	511	353	414	438	396	500	347	298	336	207	113	469	31	436	203	117	429	290	503	119	521	133	309	189	140	270	117	529	234	150	457	414	595	268	142	152	324	105	236	407	339	518	62	103	234	608	194	533	338	265	338	346	225	493	377	153	528	350	211	398	427	79	367	68	85	102	16	423	42	17	213	367	343	592	267	376	183	1	432	378	0
