A	B	C	D	E	F	G	H	I	J	K	L	M	N	O	P	Q	R	S	T	U	V	W	X	Y	Z	AA	AB	AC	AD	AE	AF	AG	AH	AI	AJ	AK	AL	AM	AN	AO	AP	AQ	AR	AS	AT	AU	AV	AW	AX	AY	AZ	BA	BB	BC	BD	BE	BF	BG	BH	BI	BJ	BK	BL	BM	BN	BO	BP	BQ	BR	BS	BT	BU	BV	BW	BX	BY	BZ	CA	CB	CC	CD	CE	CF	CG	CH	CI	CJ	CK	CL	CM	CN	CO	CP	CQ	CR	CS	CT	CU	CV
0	649	321	193	315	371	607	390	61	466	297	529	102	364	700	593	621	410	39	334	587	604	592	554	245	672	608	472	264	604	133	22	256	664	411	212	537	587	371	351	541	377	242	448	246	248	579	87	65	518	249	122	185	148	130	391	389	676	469	358	449	418	645	157	569	327	221	392	387	635	83	401	295	449	528	20	250	146	1	276	571	28	65	125	317	370	695	687	88	449	74	365	121	518	103	135	154	510	584	363
284	0	55	317	501	397	652	585	444	196	396	90	532	368	446	538	462	221	227	423	633	104	178	676	417	305	526	428	179	575	669	663	101	143	333	33	605	363	684	524	340	315	76	273	583	275	538	330	448	37	112	366	393	606	19	511	540	172	52	608	349	76	25	174	678	243	598	150	449	474	175	62	299	696	228	622	578	668	671	281	622	118	72	44	682	405	411	253	645	146	621	606	10	264	669	313	191	243	102	495
534	246	0	673	392	355	400	153	5	229	503	644	56	137	316	348	662	313	315	132	626	419	491	239	474	646	94	408	570	314	247	672	66	83	69	455	16	428	85	566	435	342	357	475	671	98	656	35	475	580	343	448	324	616	165	540	143	334	288	280	130	55	149	205	602	348	132	38	238	565	527	348	448	421	209	545	239	274	361	317	26	315	277	314	400	74	173	130	367	221	196	394	215	547	163	467	468	413	142	644
571	210	195	0	563	120	677	318	607	413	650	85	548	555	131	443	418	470	681	193	311	300	633	592	173	535	93	512	124	541	577	598	686	502	471	80	490	531	127	454	548	142	252	285	280	651	144	211	41	215	243	348	199	224	408	193	39	605	255	281	486	223	326	374	351	432	624	154	79	48	126	297	362	617	378	616	316	656	610	225	616	159	56	93	61	655	152	391	121	575	533	396	467	296	231	414	304	168	371	602
117	108	365	160	0	39	320	577	94	175	399	600	511	522	700	346	136	294	439	567	435	120	197	703	338	367	212	296	267	252	124	364	636	665	614	472	247	234	198	612	445	200	677	553	105	235	498	162	562	388	574	570	252	430	296	578	485	173	192	27	189	346	55	8	29	5	454	114	549	88	659	362	314	460	92	116	330	8	498	635	293	190	565	573	530	52	398	30	532	640	459	199	381	71	664	393	421	386	433	589
528	425	315	440	104	0	90	703	645	221	125	411	40	121	35	201	23	48	458	99	353	662	428	434	41	433	475	135	669	87	79	92	350	559	295	504	626	609	230	506	187	469	183	393	646	649	318	412	578	452	226	427	419	155	184	61	103	485	453	73	431	195	607	303	29	193	219	154	109	209	296	210	336	377	637	193	484	264	339	550	620	704	351	94	613	229	110	328	448	329	490	25	541	493	494	21	181	82	251	694
277	630	80	187	697	617	0	451	461	176	616	399	340	450	528	195	413	614	426	27	397	349	178	552	620	571	301	21	536	428	454	607	67	505	666	416	665	512	613	273	578	25	194	183	470	116	230	497	73	246	39	267	4	462	172	192	619	368	537	181	226	145	42	477	501	235	516	302	5	468	288	279	210	558	560	389	308	111	524	202	181	528	580	521	587	649	373	525	130	65	547	339	226	533	65	452	558	310	65	627
638	152	46	23	529	174	478	0	79	524	8	414	199	292	146	678	654	531	636	335	36	359	84	164	695	585	572	594	401	665	82	304	692	571	205	151	620	242	403	18	522	275	393	481	173	536	256	659	499	379	515	37	505	585	58	509	103	556	153	182	640	426	260	470	60	222	245	662	527	605	541	71	80	351	519	416	535	674	297	284	452	6	89	118	509	636	428	237	701	479	642	431	704	679	508	651	101	3	599	103
382	71	382	648	385	350	382	557	0	409	555	313	562	114	239	500	389	261	628	384	67	545	701	3	186	273	626	501	57	84	406	16	450	334	56	60	686	179	642	246	374	315	215	686	48	85	183	599	470	702	676	543	56	193	325	545	592	502	699	400	640	137	70	402	266	369	97	1	691	50	70	30	51	535	68	123	121	560	170	643	642	233	126	149	33	19	5	74	299	541	265	526	581	107	57	539	17	674	150	317
194	526	552	418	399	333	693	623	145	0	213	77	139	363	164	651	632	474	64	184	376	638	695	1	488	196	253	61	399	407	314	682	417	436	360	210	29	341	201	497	287	238	524	569	405	447	359	492	200	528	120	105	469	67	434	147	687	57	542	118	342	167	213	597	521	118	446	213	260	369	464	115	500	250	281	356	256	247	143	80	495	368	581	191	534	137	690	584	687	163	548	682	255	383	703	607	651	626	668	104
664	379	10	593	695	569	698	168	50	696	0	342	381	671	260	359	74	432	302	436	155	521	507	627	49	424	362	642	171	351	598	338	210	360	464	436	608	311	575	497	667	164	283	95	611	68	290	696	655	477	527	664	572	136	124	5	690	579	128	387	685	622	665	666	45	360	384	379	162	183	48	517	446	74	510	161	321	55	314	471	82	483	55	664	553	362	89	194	663	457	127	257	165	629	286	471	477	224	376	273
399	505	487	506	612	663	604	408	480	451	530	0	334	49	546	494	118	316	599	526	666	516	449	247	301	213	330	666	346	647	474	60	107	179	35	352	244	685	445	57	197	59	270	125	357	81	507	59	238	86	67	100	520	2	346	136	507	47	668	400	558	390	459	617	602	701	588	379	351	646	685	693	593	113	645	407	262	65	331	235	34	12	111	344	350	319	462	491	429	32	491	496	623	230	544	616	48	547	137	49
528	278	560	135	613	237	22	694	362	637	54	10	0	436	532	703	440	445	517	586	438	475	514	481	631	372	131	27	472	490	387	471	472	591	69	116	515	2	578	535	276	253	358	435	106	352	28	18	407	429	538	126	295	586	184	489	239	193	527	642	257	332	682	174	42	137	325	118	487	81	637	215	13	182	577	616	132	668	331	617	308	263	60	566	297	667	565	501	323	100	252	241	201	276	223	27	56	302	51	182
354	690	335	565	420	608	511	533	428	529	669	379	654	0	629	395	321	234	685	382	296	145	555	209	404	53	366	309	77	572	334	582	11	343	115	545	94	213	302	326	542	512	89	391	703	561	20	184	507	205	554	449	437	584	60	265	429	534	594	322	134	202	400	55	561	19	586	564	609	262	561	162	313	15	652	69	438	112	94	168	432	238	97	132	695	605	453	348	155	465	647	644	518	565	500	327	622	522	13	559
704	523	622	199	619	653	250	422	164	371	354	280	298	314	0	308	650	135	296	700	348	341	520	630	369	306	676	662	81	363	112	512	269	228	390	171	43	202	26	588	510	290	451	644	134	87	696	158	158	183	583	704	584	533	594	503	566	488	147	255	387	29	678	209	641	601	252	534	57	553	329	153	210	587	291	21	651	118	109	139	117	668	405	326	385	577	335	67	334	146	191	142	391	647	473	275	167	118	96	507
26	57	437	393	432	173	97	560	432	646	6	604	481	250	333	0	102	244	61	326	285	67	661	498	352	489	682	368	482	520	602	385	73	256	437	558	642	237	585	147	367	364	473	666	623	237	529	558	513	598	543	326	109	296	10	700	698	322	387	628	635	428	157	490	523	190	526	616	370	195	112	648	548	576	73	229	214	342	138	559	630	666	361	229	15	74	86	406	506	438	125	638	253	27	666	314	172	619	561	206
382	587	490	473	549	452	468	623	41	308	631	465	471	406	474	641	0	458	604	636	92	440	448	622	145	702	351	396	132	403	343	435	598	535	148	701	176	270	225	155	47	136	583	70	95	402	268	180	484	210	108	401	175	399	546	55	173	388	59	157	648	574	580	184	700	71	666	105	568	173	454	389	278	678	364	415	354	56	571	189	93	478	44	608	311	328	67	398	42	108	294	113	282	540	429	69	574	149	518	216
624	472	650	32	405	77	153	286	7	479	140	170	525	655	576	4	434	0	438	685	33	264	575	333	165	670	579	76	673	153	385	26	455	67	287	578	1	252	503	658	91	7	102	351	585	633	514	429	45	624	354	161	684	87	111	592	428	147	392	688	317	655	624	236	38	20	341	228	479	76	354	607	307	515	157	327	47	589	23	684	508	400	599	553	397	236	397	103	463	488	271	422	485	654	323	57	3	397	4	556
411	353	424	496	243	270	436	1	212	280	700	535	174	438	244	451	560	250	0	172	550	297	186	280	359	182	244	567	435	573	250	438	457	274	477	655	147	634	380	280	111	46	377	96	288	432	100	357	129	197	187	271	307	549	578	367	239	450	663	10	321	701	505	616	443	614	16	558	487	635	564	220	305	285	572	33	272	434	110	216	175	20	159	296	248	565	601	698	386	326	183	637	292	430	291	284	131	540	680	121
328	596	326	381	10	293	151	512	137	271	337	476	672	533	514	189	644	51	260	0	644	448	283	196	202	174	615	57	331	509	500	7	638	481	131	249	91	674	614	343	665	150	653	85	363	183	3	446	187	670	580	662	547	433	570	265	134	74	265	95	42	616	331	349	435	577	137	669	177	699	195	132	375	307	655	190	197	278	405	437	542	94	116	503	600	560	212	315	211	429	599	460	372	336	541	622	693	324	544	182
57	634	477	283	41	274	212	258	216	394	80	278	348	305	608	622	211	236	477	105	0	279	275	340	265	100	124	597	25	377	551	614	177	293	655	316	405	292	597	20	49	29	246	213	279	518	177	276	26	219	625	34	697	659	420	266	219	319	235	443	689	647	208	266	81	312	560	382	534	100	109	193	386	23	106	153	153	119	339	652	75	470	56	446	505	628	460	60	365	450	522	662	242	270	70	622	203	649	184	486
107	291	169	552	178	161	630	593	655	678	65	247	609	27	293	65	308	268	80	388	592	0	274	207	206	335	440	202	65	267	145	120	554	609	520	375	123	79	217	404	404	123	477	408	684	559	399	446	670	547	180	157	494	114	250	241	41	248	495	454	622	682	3	644	301	145	213	221	413	396	27	25	247	618	502	661	134	204	580	308	685	458	577	279	691	102	57	687	622	561	3	684	260	64	538	287	368	192	699	637
377	616	237	101	403	662	22	145	339	511	257	452	442	253	445	228	118	326	269	13	529	77	0	109	664	528	37	683	37	396	115	634	451	183	86	553	128	517	155	169	470	118	94	339	368	527	413	538	311	695	35	39	315	653	213	509	36	263	102	651	358	334	67	675	167	517	588	7	566	27	406	159	471	50	4	550	228	7	565	337	193	279	684	320	701	459	600	189	528	81	62	285	597	318	577	422	195	498	295	150
509	171	329	270	14	457	636	583	43	15	99	268	366	419	553	597	96	506	247	180	675	367	455	0	675	224	687	57	76	340	150	46	34	98	582	481	90	69	110	538	580	243	312	152	498	104	100	143	279	625	483	149	349	629	326	278	31	656	36	484	222	40	214	490	425	127	431	13	449	310	283	31	166	71	12	286	274	255	428	42	446	545	504	465	506	285	233	42	17	315	237	51	305	99	67	89	69	460	171	127
235	200	619	545	651	250	309	484	395	112	371	135	448	141	525	425	526	292	617	605	456	367	14	140	0	428	1	529	466	335	564	567	17	489	449	664	376	408	25	609	518	619	662	489	700	692	313	579	129	50	284	160	341	602	48	34	631	268	213	165	530	651	223	367	369	359	628	187	382	394	328	338	284	103	461	458	476	196	582	625	445	243	150	234	347	694	416	470	443	545	503	473	140	393	16	319	558	285	524	610
87	29	630	60	117	20	594	66	42	672	225	411	184	238	68	94	287	366	151	457	76	40	232	522	329	0	72	278	556	244	240	386	120	53	546	323	653	495	245	317	94	379	75	124	704	370	312	455	476	230	590	243	196	320	11	162	412	421	525	266	700	299	350	514	655	629	442	580	644	688	624	323	404	575	482	334	659	59	671	18	317	322	210	586	325	207	153	206	392	228	539	330	663	395	628	331	675	199	233	161
34	672	547	488	615	236	175	329	291	612	379	391	312	646	486	311	42	71	607	486	627	106	151	231	402	594	0	396	551	632	336	162	176	97	394	547	196	222	500	315	318	492	699	222	613	412	40	384	378	545	192	258	462	680	92	87	320	598	698	639	164	274	165	237	561	594	627	634	11	36	45	18	393	194	297	342	431	530	177	467	44	530	464	88	699	519	561	335	578	467	490	10	2	435	515	231	72	565	39	288
679	125	272	182	575	473	500	510	652	305	457	421	656	456	335	64	253	189	68	551	658	503	123	212	454	207	55	0	151	350	73	159	473	519	511	75	254	438	244	229	575	284	210	97	517	69	306	638	370	60	604	624	407	497	152	537	544	422	379	346	63	99	262	265	57	182	513	369	671	284	686	401	638	144	494	244	358	493	274	242	201	519	470	609	157	21	214	668	451	478	310	637	535	410	481	85	444	615	514	115
657	184	273	206	93	391	145	166	242	122	127	83	118	89	293	464	179	272	195	226	67	411	561	338	565	45	440	479	0	637	35	424	398	543	626	646	34	292	106	400	165	61	262	310	393	191	315	441	594	628	645	178	510	172	355	122	183	44	40	36	180	370	12	454	118	411	520	138	590	269	162	328	704	15	265	260	648	625	655	63	395	283	586	521	609	303	457	132	624	488	135	489	149	619	630	22	440	373	131	296
599	491	417	148	163	232	172	695	336	243	39	386	253	319	389	675	156	595	469	633	21	576	429	316	549	509	580	145	530	0	511	57	60	308	43	63	253	213	591	551	236	294	69	638	300	152	242	187	332	679	668	191	699	343	229	332	465	393	54	653	669	317	168	224	393	207	378	217	469	338	611	360	381	558	540	681	639	379	96	202	425	627	397	399	694	481	525	316	594	293	410	378	575	97	512	114	14	400	605	670
169	136	387	51	233	507	368	362	497	23	389	4	345	209	182	43	375	599	76	488	168	688	549	206	567	147	370	384	618	592	0	489	539	303	386	132	676	625	213	484	630	291	296	22	68	144	463	30	567	66	507	584	321	580	22	302	118	655	98	58	678	228	368	494	120	4	442	612	449	351	180	180	77	130	255	425	123	276	358	388	134	413	27	370	294	240	533	520	684	520	320	425	267	173	702	536	488	60	607	476
267	182	302	624	71	92	98	495	662	280	157	273	175	174	1	41	510	252	273	637	411	255	208	324	369	679	689	214	476	654	625	0	614	14	464	20	498	70	198	642	435	420	689	338	482	205	689	340	198	696	118	607	366	257	413	598	350	572	399	173	396	416	7	502	638	528	293	18	529	520	476	682	645	240	598	413	203	240	37	366	688	344	697	320	268	250	44	79	571	409	69	43	120	384	114	79	510	77	613	233
226	426	605	54	13	698	325	208	553	557	690	205	239	704	584	266	174	205	277	583	128	268	572	309	684	142	343	130	154	534	416	519	0	43	650	484	548	581	447	607	654	55	49	663	475	323	332	214	82	525	600	175	160	167	180	467	64	60	358	388	43	568	664	341	113	304	307	446	172	282	324	639	91	652	389	14	178	9	451	93	630	408	444	407	164	195	95	295	259	230	522	237	170	559	566	637	317	320	431	336
346	386	305	655	279	409	631	543	543	265	142	91	499	393	648	439	492	605	332	188	258	194	523	173	304	509	512	56	191	221	22	44	600	0	368	236	276	562	453	517	454	148	68	125	199	334	224	197	698	635	158	571	479	668	113	307	511	193	220	531	41	646	462	302	229	695	37	73	626	512	561	603	152	81	582	580	341	123	701	526	195	267	248	504	222	251	237	160	698	645	590	514	257	666	178	636	546	416	65	442
681	567	220	147	681	540	484	552	663	640	498	105	388	348	624	119	30	178	183	486	87	395	575	33	298	296	299	638	51	144	336	373	561	80	0	531	287	389	430	482	505	172	292	1	238	446	429	385	5	617	282	16	77	215	401	612	477	270	538	544	561	420	72	197	88	375	513	262	107	252	624	358	155	647	532	520	454	592	370	557	492	256	389	223	421	196	498	681	155	278	408	471	695	128	201	222	65	207	345	591
247	153	97	604	540	308	631	578	702	670	589	595	661	73	271	216	437	455	351	518	384	75	216	53	608	542	105	45	133	540	295	421	568	193	401	0	32	630	604	517	540	236	541	478	202	102	251	122	245	230	523	360	21	213	66	262	593	368	323	66	395	205	329	359	305	385	141	282	133	696	538	108	304	659	653	105	266	301	257	16	598	400	676	22	662	407	118	368	17	519	462	411	468	703	115	167	699	28	210	359
578	444	406	610	31	550	299	366	4	629	406	169	497	38	3	210	466	440	203	590	261	78	488	676	288	296	413	445	538	507	122	540	376	701	494	634	0	112	570	224	282	143	688	171	288	154	628	108	663	612	479	688	501	227	314	361	581	358	159	667	214	593	404	131	203	531	629	570	640	28	535	375	650	318	176	55	599	129	556	455	186	630	448	518	435	261	579	601	184	190	608	361	152	420	282	601	64	51	441	692
182	269	237	211	601	436	698	685	493	534	14	473	167	657	350	320	362	106	614	300	285	122	524	29	291	519	414	73	411	235	72	701	314	396	390	242	326	0	424	400	612	623	68	673	650	356	638	565	315	236	255	344	696	263	385	650	643	139	503	333	18	82	496	303	431	259	64	271	320	528	193	123	468	665	505	648	382	565	413	596	106	412	433	358	415	500	335	384	183	176	571	615	559	193	607	551	10	395	304	497
148	480	520	316	580	304	631	117	566	244	641	387	287	407	382	681	549	550	228	76	249	495	149	505	346	420	66	46	23	562	566	366	553	268	495	404	85	248	0	559	84	644	313	295	437	273	472	649	475	338	448	42	612	489	85	229	165	583	141	201	6	54	345	407	161	110	10	405	93	535	7	452	323	477	38	694	145	375	564	277	582	141	683	107	638	205	194	204	58	197	532	161	562	566	161	65	464	316	354	511
53	558	233	690	376	327	154	417	50	682	513	483	67	648	519	70	288	226	495	588	16	538	286	106	320	381	243	685	364	273	499	662	444	246	439	84	68	144	273	0	246	534	130	686	418	223	373	359	689	237	228	355	362	491	406	549	189	675	90	427	597	268	83	15	468	484	220	600	523	674	618	303	469	679	497	111	210	407	98	587	449	243	691	528	207	152	57	327	673	644	464	127	533	201	482	49	55	170	12	328
687	330	673	347	266	593	389	423	702	414	367	607	52	318	332	483	72	185	267	2	225	503	414	211	461	121	220	595	287	26	312	6	599	527	580	91	83	541	666	508	0	570	81	413	118	603	290	589	321	465	692	220	652	298	667	185	526	413	332	567	616	363	603	510	575	74	142	360	265	315	385	136	106	669	662	185	390	296	490	636	596	450	392	336	479	405	375	316	391	149	436	553	293	53	187	696	409	162	624	566
177	198	535	220	579	124	199	487	459	365	480	617	77	62	420	408	231	670	580	31	649	341	629	136	77	620	622	43	57	657	273	474	267	450	490	615	25	685	346	506	247	0	486	674	407	635	299	61	343	428	498	326	442	506	76	189	122	79	76	511	168	321	455	242	26	68	552	539	638	365	385	35	10	493	172	430	352	178	684	326	241	589	151	477	145	250	503	463	354	380	445	238	405	671	109	106	57	289	17	667
163	523	678	190	112	117	311	319	207	175	666	365	244	287	478	92	440	200	474	545	582	597	89	415	353	462	698	76	94	396	91	90	466	212	571	603	102	21	57	588	689	60	0	530	195	321	269	421	384	92	605	214	98	568	279	629	106	72	510	639	314	4	473	601	332	438	556	646	375	124	372	331	59	173	464	96	637	296	189	313	675	361	55	268	264	306	45	371	491	479	197	545	134	215	153	86	88	601	310	200
94	590	115	675	597	72	438	187	357	504	421	417	70	447	437	187	408	216	218	358	374	550	580	320	35	316	297	210	282	85	181	4	301	187	571	545	262	1	357	405	219	682	48	0	510	404	45	325	569	667	554	254	56	604	8	20	241	539	345	481	516	251	347	121	251	63	104	297	115	430	190	679	561	321	406	599	326	486	88	276	124	640	646	528	488	74	475	475	304	113	15	694	338	427	364	569	684	305	44	672
301	619	125	195	212	425	169	482	674	390	256	207	222	262	88	667	270	412	258	196	433	105	278	593	170	686	365	619	682	195	679	163	639	54	600	656	221	359	150	424	491	564	669	387	0	71	580	616	559	229	532	57	690	402	409	22	684	8	616	650	198	284	644	151	392	289	421	403	201	664	662	414	333	238	209	251	514	30	394	175	675	188	356	206	15	29	212	282	329	249	525	443	113	19	161	7	9	238	157	334
86	303	585	578	364	121	643	12	411	622	629	496	434	93	33	40	644	389	232	235	65	686	295	57	614	425	190	663	349	650	258	235	489	305	589	212	145	132	428	340	408	400	414	326	583	0	98	333	599	283	159	701	551	145	62	527	378	553	684	590	400	441	241	578	484	88	254	285	655	11	48	593	461	433	513	62	138	352	497	311	452	137	288	376	536	609	144	502	111	185	457	139	429	603	566	451	37	519	311	588
675	679	86	693	162	37	227	125	677	329	484	7	439	611	113	574	415	617	31	93	381	83	249	382	565	198	149	521	38	662	302	207	393	508	650	496	199	668	327	513	207	516	287	11	77	298	0	574	462	424	128	96	656	184	370	589	191	556	535	151	421	172	606	124	287	37	60	606	243	515	603	478	155	580	155	279	136	457	18	387	682	528	160	200	684	554	703	624	134	195	398	126	606	427	438	383	503	324	156	93
677	364	446	653	360	34	264	441	22	602	610	68	475	672	256	615	220	278	279	326	272	197	168	534	277	314	383	352	237	202	122	280	181	335	495	127	650	599	372	390	21	477	493	509	584	17	168	0	557	457	403	247	595	681	547	658	288	505	371	693	91	308	669	376	548	639	549	283	85	252	702	239	475	134	618	17	439	19	673	637	616	257	406	285	130	306	368	504	322	665	653	193	353	329	22	3	624	17	328	80
624	249	317	115	540	576	222	405	156	59	117	471	519	498	359	649	386	229	588	463	325	380	467	595	695	93	389	4	3	395	267	274	551	604	387	572	592	120	177	38	478	418	88	213	9	33	575	265	0	348	535	697	562	611	494	23	664	352	629	207	529	316	44	489	496	613	563	20	111	2	505	315	482	578	465	301	13	3	532	196	520	450	550	689	604	402	319	162	341	360	638	489	252	541	270	198	329	629	164	143
19	446	603	257	187	45	214	327	654	150	539	439	146	71	573	159	2	143	678	360	270	539	497	321	236	650	75	120	411	132	375	446	602	414	200	552	143	272	384	378	160	277	172	137	348	314	663	267	466	0	673	233	34	5	297	345	561	49	394	568	592	627	183	135	676	150	508	567	151	172	408	49	336	623	197	505	3	107	465	427	148	355	46	359	147	470	601	126	114	195	328	605	542	501	601	418	566	121	158	34
591	133	189	648	648	316	63	330	482	71	146	180	367	388	584	306	361	231	110	3	594	481	339	301	197	282	282	681	146	547	222	528	100	289	152	276	251	37	296	352	685	249	254	161	609	42	107	457	692	607	0	555	96	540	326	374	313	373	163	337	586	375	190	68	291	301	37	106	314	390	598	161	397	189	67	443	370	24	274	526	125	388	363	291	19	34	380	270	545	185	234	26	155	615	514	65	174	278	522	528
472	680	637	411	584	202	211	280	502	236	429	108	157	250	363	447	232	116	42	131	570	270	363	458	114	48	178	47	405	233	512	239	455	678	413	685	473	348	219	120	514	318	536	179	15	665	95	157	635	16	131	0	458	120	224	220	116	685	319	568	534	173	549	527	379	287	384	427	194	90	641	387	115	122	361	428	326	36	120	51	635	87	70	427	597	261	432	312	71	192	514	517	531	614	704	478	624	113	90	375
493	619	193	382	95	440	378	403	387	619	183	140	410	385	36	79	619	252	402	631	620	500	526	479	429	250	565	375	499	573	369	250	1	268	389	453	545	38	451	92	342	400	368	558	450	178	147	353	292	618	201	231	0	335	178	175	625	484	604	351	117	502	186	581	234	7	669	561	674	522	576	14	450	138	550	520	525	75	87	24	41	104	182	16	97	645	633	510	150	267	287	7	237	106	426	307	462	120	364	287
376	433	574	375	661	390	243	692	1	482	508	287	46	271	264	165	265	521	577	273	335	408	697	330	34	470	675	670	465	291	121	260	472	311	425	468	633	512	13	401	82	508	702	131	43	566	569	98	77	98	284	559	694	0	614	450	694	89	348	405	261	149	295	654	52	346	600	229	544	308	224	209	79	270	214	449	491	504	45	194	575	436	503	614	175	15	293	684	85	412	17	658	241	595	35	475	302	510	541	510
425	623	530	160	69	522	674	494	546	234	355	538	421	162	633	258	442	512	167	483	156	100	399	319	193	592	50	698	493	45	417	687	63	595	243	127	232	223	312	426	159	472	188	391	301	669	641	143	397	599	96	238	5	561	0	554	695	673	93	659	368	42	81	137	616	94	514	90	702	661	618	381	206	690	264	669	279	8	53	362	44	115	115	31	697	197	400	538	303	138	190	506	113	383	148	262	502	62	387	704
29	481	546	564	168	93	569	402	701	689	482	559	627	165	567	73	549	283	571	88	138	626	592	258	504	476	164	606	9	697	142	214	473	401	536	543	362	117	573	272	505	108	589	573	541	91	261	33	114	278	18	350	288	146	499	0	425	661	702	82	233	553	567	510	669	245	83	388	308	381	305	491	542	505	322	257	178	340	7	40	166	666	650	532	134	625	539	624	660	416	200	95	163	470	678	521	615	704	594	98
281	352	605	662	380	8	77	617	43	118	366	104	587	369	646	106	216	14	179	106	91	314	666	396	244	539	268	331	545	456	462	440	198	392	246	637	352	232	194	704	137	407	40	355	328	410	279	154	357	161	32	585	143	609	477	211	0	442	149	323	299	523	589	345	329	18	268	691	324	587	216	218	636	594	7	691	671	337	191	344	566	30	526	466	574	308	301	432	641	629	415	517	205	22	44	389	663	382	112	439
248	453	338	600	137	510	252	442	342	304	402	101	206	176	605	325	199	579	387	676	210	575	631	698	457	533	562	461	318	52	504	520	701	47	555	399	116	604	38	151	630	250	358	212	532	362	49	448	17	506	210	266	375	695	163	96	416	0	379	156	437	124	110	634	499	162	671	142	212	568	281	218	212	172	138	324	278	458	85	568	103	692	474	527	460	348	17	118	518	598	606	191	63	679	425	206	124	664	52	576
694	101	195	313	176	268	200	163	634	536	250	501	642	28	102	221	528	619	225	484	201	462	256	559	37	530	344	596	652	189	448	227	92	580	592	270	531	76	104	399	524	140	384	569	412	105	654	348	629	318	381	391	402	196	366	656	203	31	0	426	359	339	270	580	616	533	34	187	32	114	410	21	202	505	357	166	697	670	224	488	620	364	257	206	46	275	486	4	428	355	272	32	573	358	293	280	561	99	425	190
432	495	212	455	259	623	316	550	448	231	62	312	321	220	486	125	345	77	593	297	34	455	584	499	186	276	267	68	544	521	122	490	13	105	429	459	389	29	599	42	397	681	232	189	605	87	55	102	636	151	600	138	353	4	415	484	596	178	224	0	648	117	453	578	41	262	580	222	91	136	363	627	467	72	654	641	570	142	304	89	472	662	4	8	137	366	429	110	156	47	278	636	528	2	484	539	422	671	302	483
465	666	105	639	2	104	449	583	514	370	58	425	88	131	147	654	328	100	413	265	347	667	642	269	620	437	452	508	203	84	450	610	685	129	521	583	580	662	159	210	219	86	94	548	203	398	56	270	401	399	225	425	533	121	151	287	438	496	550	506	0	156	605	205	637	111	82	501	106	512	605	478	164	509	624	151	297	386	557	463	399	189	593	538	260	701	147	60	534	647	248	80	640	563	254	371	260	497	138	32
36	622	51	635	24	626	618	148	47	111	50	98	539	59	59	293	371	608	134	99	257	399	225	678	255	517	490	610	95	483	23	658	109	22	105	272	130	680	114	623	644	552	390	357	604	478	368	612	527	227	344	448	364	229	376	165	571	157	427	462	145	0	492	523	106	167	397	195	254	22	601	554	224	700	426	227	497	624	655	463	360	264	374	327	618	635	88	273	637	594	155	175	269	28	85	191	133	633	592	319
664	176	447	462	260	615	1	624	207	659	413	493	551	190	563	92	131	15	334	228	33	376	118	239	621	288	30	215	200	10	126	203	244	52	607	580	354	377	682	383	620	477	314	530	226	356	592	160	297	341	617	164	44	159	424	317	429	344	450	537	337	39	0	151	175	221	33	279	470	220	623	178	148	353	302	33	397	332	89	453	478	520	97	229	365	428	355	291	450	558	52	322	484	119	541	117	561	628	444	492
638	677	218	290	466	493	174	276	221	695	637	441	635	345	294	70	320	357	420	288	481	1	479	280	189	35	88	529	40	578	620	451	651	38	290	239	626	3	321	333	628	475	181	613	477	537	440	521	141	294	240	501	563	289	551	18	585	125	257	297	332	19	136	0	357	55	484	41	347	133	522	475	198	454	551	478	213	376	255	679	387	35	222	624	396	380	156	341	283	415	295	612	380	424	294	378	335	467	403	491
374	454	231	368	151	569	684	447	292	52	192	228	650	151	62	249	191	468	51	339	303	208	306	475	4	2	119	402	566	600	52	468	134	45	41	678	41	428	262	194	202	294	125	46	160	164	365	219	289	9	470	620	359	5	561	224	359	594	280	543	645	224	149	683	0	546	582	454	699	228	544	129	212	545	478	567	579	247	287	291	90	332	680	300	636	635	564	110	444	164	25	21	473	412	497	178	39	36	494	574
451	275	29	567	420	140	662	153	85	51	361	233	410	348	270	572	293	593	186	392	647	664	695	11	259	415	504	50	609	46	379	86	409	507	9	52	542	702	702	665	475	457	356	334	528	154	423	554	40	292	86	534	543	701	150	38	526	80	64	334	440	588	112	310	430	0	108	355	19	668	251	496	237	517	153	108	690	557	485	270	376	367	664	160	169	151	371	1	414	498	468	658	85	200	523	278	131	635	561	128
334	276	9	351	152	155	648	60	525	612	314	508	453	228	334	439	668	11	273	577	453	214	88	449	525	168	552	173	610	284	604	615	226	613	338	346	220	58	157	392	116	151	245	120	413	222	89	506	489	97	210	295	320	209	640	22	36	480	116	322	185	30	102	311	692	450	0	178	435	638	154	453	406	580	468	376	457	582	661	693	154	188	114	341	15	341	156	35	243	302	123	241	603	625	142	238	300	513	504	423
293	297	90	123	424	377	620	43	77	381	309	86	335	378	53	513	493	405	25	465	108	135	600	12	667	410	468	598	108	153	135	538	106	70	112	73	455	545	702	514	62	237	65	96	327	321	392	321	215	348	357	371	160	316	141	289	190	207	225	205	384	190	488	66	225	411	389	0	213	19	435	297	484	343	635	27	578	237	635	320	23	301	298	84	453	471	74	59	65	420	496	8	642	94	664	363	49	183	620	672
510	409	388	352	190	238	628	596	69	600	51	352	226	283	260	472	545	506	438	588	187	630	165	210	235	345	47	657	124	483	202	518	87	604	657	166	54	348	204	546	509	447	654	519	258	121	20	217	417	509	53	558	201	592	391	625	322	489	24	434	649	129	247	625	489	570	320	21	0	351	201	685	375	351	425	586	575	649	419	101	465	582	358	271	276	300	450	14	130	479	69	169	188	660	593	186	106	264	426	537
634	337	494	162	524	552	584	348	686	41	605	550	352	680	563	130	573	64	354	559	104	642	534	485	460	240	667	122	360	421	306	688	114	453	368	279	529	356	106	325	547	195	170	172	79	37	269	663	442	127	299	70	211	340	72	527	445	187	649	394	359	306	58	229	615	230	668	80	338	0	578	468	402	193	505	151	77	60	389	617	487	5	259	210	53	551	672	284	252	212	185	51	439	398	463	263	584	358	215	56
310	606	447	606	42	476	139	697	187	164	476	318	656	275	463	500	48	687	234	390	230	370	519	87	261	110	241	299	211	365	613	183	55	47	111	61	561	466	268	422	609	479	386	303	351	280	503	428	450	157	618	672	30	135	598	569	547	130	379	339	426	339	374	280	592	420	185	594	598	307	0	591	594	427	522	611	115	73	356	212	274	383	474	322	46	630	437	227	625	558	151	77	8	77	469	424	560	489	236	382
355	556	240	328	56	650	200	456	514	331	167	402	422	376	365	127	405	263	402	499	327	479	332	593	453	436	621	582	358	477	463	699	345	667	13	147	514	129	398	173	158	503	590	248	500	331	454	481	479	391	141	548	188	342	382	208	76	61	104	120	130	698	593	34	231	646	379	162	660	381	252	0	658	622	45	334	372	489	309	665	628	32	228	149	22	143	431	572	667	582	76	633	175	582	608	74	80	52	94	697
694	142	672	119	457	694	369	680	117	343	402	36	334	329	296	577	55	335	130	412	439	664	202	486	136	615	562	240	499	549	512	332	245	552	235	136	95	322	423	478	284	75	186	240	15	170	12	476	4	4	657	101	106	435	407	461	462	600	134	322	88	70	154	1	690	644	414	38	219	161	640	340	0	197	175	485	437	357	288	248	639	252	217	622	118	517	471	299	183	594	123	217	641	25	374	199	134	301	456	694
486	374	522	375	285	476	450	406	608	524	399	385	294	159	153	587	625	347	626	298	597	189	339	89	566	181	110	338	558	313	375	153	429	336	695	356	287	565	532	546	188	341	700	260	35	30	534	358	149	166	474	334	486	278	29	205	306	669	206	274	119	58	115	452	24	419	688	555	271	172	17	272	228	0	162	497	101	379	556	648	520	485	675	366	431	164	243	577	95	667	601	457	99	71	365	591	366	329	546	251
431	43	252	687	325	202	474	154	587	479	459	400	622	317	622	247	574	257	576	146	697	530	312	181	399	53	461	10	72	605	246	572	560	424	591	622	439	239	160	107	366	202	487	344	473	661	370	288	153	89	618	484	198	223	173	545	597	626	449	362	324	167	696	281	115	152	281	166	132	472	56	477	150	488	0	30	233	249	113	402	698	53	336	382	216	486	384	120	527	585	307	258	615	226	32	607	686	185	523	166
465	604	325	385	683	301	441	291	141	618	464	389	320	15	149	193	293	333	340	296	566	413	632	267	7	703	267	45	307	33	476	616	656	530	96	4	313	184	274	500	490	175	312	565	133	93	187	88	385	474	457	435	423	275	603	218	452	297	128	643	454	623	423	538	411	121	269	56	468	572	281	372	297	333	555	0	237	17	314	468	201	191	620	622	544	19	373	92	507	261	608	2	279	434	71	283	212	359	301	667
489	41	662	701	89	411	365	351	453	574	490	386	605	209	413	170	533	489	126	621	493	215	677	181	312	81	647	193	571	625	124	649	377	639	210	326	224	614	448	21	158	218	34	184	583	172	449	373	157	299	491	640	630	196	658	440	577	408	213	189	209	380	236	331	101	580	204	552	584	77	131	40	62	202	508	88	0	48	166	383	309	640	161	355	324	322	378	163	577	354	684	213	399	39	491	634	589	593	96	566
430	44	591	646	372	505	184	147	90	210	316	626	427	667	383	317	367	211	489	387	514	568	34	172	435	93	340	98	138	118	224	81	6	259	316	339	583	355	550	586	451	150	170	186	154	180	148	563	7	596	672	170	672	351	34	436	140	608	703	307	650	6	332	401	318	114	422	339	555	453	310	409	512	162	321	472	346	0	188	582	581	611	578	188	628	266	91	313	479	701	513	8	16	284	251	91	136	590	246	557
610	121	519	574	79	536	584	263	274	673	664	38	127	175	230	454	572	413	131	229	673	258	663	619	128	492	309	694	462	157	661	169	269	440	421	76	574	593	485	625	115	35	493	507	702	509	242	114	304	663	412	215	163	686	112	87	298	85	658	475	344	480	569	681	345	517	166	107	134	409	140	318	670	33	535	28	553	180	0	371	211	6	644	375	556	134	521	660	124	431	516	274	325	118	111	596	337	287	331	371
604	49	54	222	433	426	100	214	114	385	685	600	43	193	39	438	360	513	533	239	591	632	656	265	214	34	354	536	514	202	110	83	605	142	437	145	253	337	608	131	466	94	77	702	345	116	448	694	99	239	387	228	476	100	153	138	237	539	304	345	423	464	447	35	161	605	582	687	82	115	699	48	72	570	76	154	676	166	403	0	251	448	525	26	536	544	438	675	595	679	408	667	681	594	558	564	208	133	635	363
620	234	698	170	541	319	262	83	443	9	131	239	601	431	667	186	120	234	142	206	185	260	321	642	466	314	392	564	120	332	160	646	151	91	574	697	394	642	258	373	401	397	194	382	67	213	474	125	27	621	112	225	394	229	122	108	165	483	664	543	316	669	88	654	588	696	14	79	488	610	123	292	185	134	519	639	159	337	698	628	0	81	325	95	296	622	453	518	213	330	79	101	104	200	677	27	635	218	143	660
567	215	464	632	175	376	482	206	133	350	590	171	553	524	577	696	380	417	443	578	651	384	423	140	303	153	548	403	624	642	458	562	391	483	87	445	612	595	609	199	344	689	110	416	585	350	389	639	610	671	192	456	459	548	631	199	429	503	578	274	279	530	275	77	486	62	196	498	332	292	355	578	572	576	48	461	690	385	216	365	420	0	659	324	405	78	316	378	75	204	74	474	446	488	365	46	369	345	574	37
500	637	675	456	640	223	84	561	481	479	182	293	410	666	139	698	309	265	39	340	118	469	476	548	15	14	665	132	478	74	327	303	219	420	541	411	353	148	317	113	505	78	378	298	624	524	26	463	567	167	209	173	488	253	396	528	685	387	459	254	354	52	493	637	449	613	71	163	453	3	15	361	682	315	329	360	77	422	414	605	302	681	0	605	356	582	170	590	76	619	96	696	240	499	302	340	104	421	585	72
10	410	136	228	445	675	544	58	373	11	165	241	210	683	658	610	178	304	334	636	559	365	595	284	571	535	691	618	171	201	334	376	481	683	569	614	213	21	299	469	577	38	227	480	385	130	109	506	657	703	86	212	616	85	247	336	448	163	100	544	32	266	195	329	71	384	444	680	674	300	106	676	101	296	43	691	283	108	87	542	641	679	396	0	527	206	486	294	153	484	163	265	476	541	613	441	342	276	529	667
469	276	700	66	657	111	679	61	596	158	177	531	211	344	122	333	459	638	470	198	260	426	114	458	442	637	352	76	111	601	157	11	450	613	281	280	114	196	416	463	387	111	364	683	169	288	86	413	4	307	678	401	563	404	511	189	526	120	104	227	377	657	621	437	139	309	400	373	158	566	437	637	541	371	348	222	425	352	174	96	570	120	4	101	0	427	114	180	385	172	19	261	53	678	565	649	598	30	561	564
29	175	499	504	233	134	369	377	617	582	702	504	497	323	237	575	363	12	527	618	151	181	137	502	666	109	219	199	21	679	304	656	620	641	372	36	387	365	124	192	554	646	129	535	548	349	655	480	401	121	684	525	478	207	518	29	317	211	623	424	683	400	284	256	632	662	640	294	413	367	427	636	173	418	148	33	438	473	324	430	116	348	41	526	2	0	535	421	258	21	689	669	94	573	132	115	407	553	56	403
533	624	300	691	310	622	549	461	530	494	336	209	137	690	428	501	32	7	222	136	388	571	109	584	507	46	124	521	52	362	383	634	79	11	59	10	303	469	413	316	514	596	58	304	56	127	652	239	285	603	70	663	503	465	276	271	495	56	677	439	316	458	425	441	79	140	369	185	79	163	179	214	129	166	511	567	242	410	126	194	297	386	165	409	155	36	0	34	302	23	130	413	372	540	266	441	253	41	447	663
690	110	618	85	316	561	325	329	361	448	378	483	605	276	145	510	128	87	168	191	185	319	55	339	470	432	8	160	560	613	196	162	351	319	174	343	227	332	440	415	131	455	69	281	27	667	260	80	524	300	335	263	623	308	458	59	473	453	383	30	162	395	189	15	225	512	540	650	337	259	561	317	441	183	662	531	149	441	388	119	224	227	702	26	518	397	489	0	258	216	267	630	89	202	418	552	494	696	671	511
299	404	30	470	241	287	393	228	450	399	376	302	651	47	8	665	307	356	100	38	158	642	293	335	89	658	186	622	448	501	665	425	487	212	99	379	462	574	675	678	321	33	578	258	469	422	613	589	71	190	255	46	394	62	300	206	447	612	96	307	360	292	125	562	311	337	65	371	612	560	132	254	19	66	546	305	286	509	456	375	520	67	511	65	630	288	258	221	0	444	366	281	358	701	538	183	12	46	90	430
333	487	412	42	613	302	252	46	370	53	46	661	42	553	160	93	168	172	544	457	336	311	339	299	219	74	664	64	276	341	15	598	301	575	643	436	387	232	577	247	198	273	24	283	510	515	604	597	301	20	600	254	242	509	392	537	394	675	345	220	84	541	376	15	139	60	466	526	230	490	193	630	291	248	376	697	684	551	207	150	485	677	180	397	207	556	454	101	166	0	255	264	555	472	337	335	37	277	137	536
126	108	497	332	639	204	215	689	179	531	17	296	235	94	47	431	652	551	506	245	168	287	572	546	664	681	135	447	482	229	111	180	503	579	671	676	292	643	177	194	530	569	266	383	279	685	91	366	294	121	273	265	471	238	313	594	179	251	326	587	411	604	380	442	523	40	132	416	216	300	473	517	163	90	29	218	371	371	342	505	674	99	344	42	595	280	46	158	243	203	0	64	364	403	623	525	48	110	695	524
159	455	297	495	607	337	647	93	456	29	365	288	662	621	474	249	76	82	193	493	565	299	31	614	648	134	484	299	592	142	434	476	166	249	412	258	262	613	596	447	625	313	477	221	393	213	362	701	79	148	144	638	695	493	673	617	445	571	95	86	458	658	516	308	480	545	285	641	633	636	560	99	423	341	679	97	438	256	102	470	144	452	611	39	535	514	589	118	7	488	272	0	244	484	415	445	650	698	234	347
508	427	71	299	383	303	547	114	308	483	51	42	676	444	159	342	197	594	95	353	522	557	51	391	635	194	70	175	406	132	163	580	616	463	200	383	632	334	611	426	80	318	111	421	522	300	81	258	283	504	128	661	136	26	382	602	355	405	380	638	274	499	101	282	560	109	20	643	186	672	475	550	199	190	638	695	341	634	127	293	479	661	38	654	303	638	282	329	7	204	227	136	0	630	261	524	656	42	117	369
436	196	167	125	391	630	546	644	604	596	484	633	105	449	303	600	390	106	341	526	14	237	119	461	369	673	702	172	364	458	588	690	659	263	655	370	177	281	696	250	368	515	218	428	402	65	402	453	556	615	497	225	601	448	138	563	699	416	9	677	368	184	667	697	9	682	679	92	651	302	260	491	675	44	458	652	589	442	286	102	365	500	454	545	637	530	116	336	225	360	54	80	535	0	358	381	316	448	351	235
98	639	324	493	446	457	446	682	471	156	660	170	255	87	613	643	235	645	273	448	563	95	693	369	657	313	547	230	126	70	692	565	85	374	251	52	438	47	699	198	55	152	103	260	381	120	414	600	253	635	73	704	359	551	261	57	204	315	186	494	173	147	53	222	620	299	35	230	613	433	619	628	395	638	450	345	234	202	83	449	500	339	149	452	497	542	387	387	674	348	121	149	339	551	0	444	136	440	511	517
294	181	377	148	271	388	451	450	230	596	93	160	232	124	156	671	698	215	272	119	104	81	407	58	601	229	446	271	19	674	90	400	286	97	582	506	591	527	144	366	106	628	479	625	404	245	25	449	226	552	593	639	4	396	646	529	60	261	442	490	102	283	167	76	695	543	128	488	103	516	699	563	596	11	395	29	137	268	662	364	446	446	229	12	172	345	581	291	352	227	654	444	113	608	134	0	84	557	178	346
404	56	401	656	638	423	447	185	660	343	21	550	112	469	552	522	450	322	449	543	644	590	646	90	616	530	467	486	306	493	231	485	550	409	132	174	171	681	585	5	562	444	687	601	441	311	467	74	558	345	203	600	221	143	442	463	54	201	232	424	672	94	431	321	338	510	632	632	442	162	624	91	48	343	232	276	43	95	133	622	639	643	20	472	297	216	631	305	430	404	110	448	535	425	206	93	0	399	93	54
532	639	614	423	450	299	290	19	446	128	106	338	279	549	297	371	463	253	415	690	137	208	27	47	441	357	387	439	503	567	524	465	59	21	129	86	84	645	257	540	303	269	105	237	439	465	658	179	275	454	565	102	589	463	500	175	217	212	690	91	315	216	432	672	596	356	34	445	336	5	47	288	297	266	633	23	391	48	254	133	524	142	242	169	227	98	34	426	167	350	233	264	326	129	134	14	314	0	616	8
70	572	81	336	140	702	282	491	413	272	5	93	560	131	54	651	637	271	507	678	184	354	417	564	183	115	649	325	567	384	636	552	448	444	99	329	620	54	541	400	156	188	138	293	333	649	510	396	49	296	117	35	165	90	456	406	148	165	503	331	468	586	332	452	348	681	320	670	474	508	332	233	538	443	502	595	32	648	388	622	3	86	173	212	561	460	169	126	184	200	594	578	310	328	615	687	175	549	0	69
618	466	589	283	543	108	347	434	31	584	480	75	569	155	394	398	46	661	222	315	124	13	698	33	416	520	284	334	628	526	277	297	52	563	520	74	607	503	663	566	468	21	71	203	662	133	73	64	701	542	168	498	30	300	91	165	200	438	71	40	422	24	490	186	488	299	341	107	554	460	239	545	573	518	339	511	301	660	658	29	648	323	76	306	618	669	174	552	34	133	546	222	359	75	147	399	282	561	659	0
