A	B	C	D	E	F	G	H	I	J	K	L	M	N	O	P	Q	R	S	T	U	V	W	X	Y	Z	AA	AB	AC	AD	AE	AF	AG	AH	AI	AJ	AK	AL	AM	AN	AO	AP	AQ	AR	AS	AT	AU	AV	AW	AX	AY	AZ	BA	BB	BC	BD	BE	BF	BG	BH	BI	BJ	BK	BL	BM	BN	BO	BP	BQ	BR	BS	BT	BU	BV	BW	BX	BY	BZ	CA	CB	CC	CD	CE	CF	CG	CH	CI	CJ	CK	CL	CM	CN	CO	CP	CQ	CR	CS	CT	CU	CV
0	46	390	55	119	576	471	672	141	179	147	134	408	567	592	597	82	357	549	618	706	17	708	616	385	279	310	131	50	681	445	468	435	677	646	705	83	470	145	134	322	295	49	461	111	315	146	54	618	423	372	473	93	567	181	289	326	451	279	451	152	145	84	501	375	507	229	325	277	270	274	547	225	239	323	583	533	229	14	526	135	412	660	394	486	388	45	693	265	252	382	652	296	111	303	198	10	533	43	545
710	0	660	215	721	252	264	527	216	449	421	39	433	725	338	580	145	35	334	416	77	99	562	158	247	52	724	164	224	259	166	170	228	88	450	683	188	261	6	574	528	532	480	553	51	542	664	499	212	431	147	679	637	616	432	632	530	163	84	149	448	188	661	722	419	644	188	512	239	27	65	428	48	120	319	352	243	338	216	531	82	560	69	460	102	717	438	698	604	140	557	564	640	591	198	253	381	33	572	261
333	121	0	432	690	629	247	256	416	80	291	404	526	309	345	366	35	640	36	146	182	638	697	639	310	242	558	51	711	285	561	623	49	19	91	375	411	474	333	107	265	404	177	702	609	612	704	451	457	699	643	380	78	151	196	348	270	690	714	650	612	670	259	551	290	529	716	288	143	465	434	246	449	400	399	694	182	442	56	65	563	559	156	565	725	101	709	685	280	504	629	128	187	497	36	206	622	561	445	259
536	122	615	0	535	562	25	277	186	354	547	598	258	450	362	616	519	559	717	716	289	152	544	346	536	395	465	411	472	453	217	334	580	359	36	717	269	275	184	415	216	37	238	359	191	162	21	133	232	159	597	145	632	97	474	73	478	680	561	33	90	435	14	630	612	530	340	611	583	299	79	362	450	582	193	565	692	417	427	455	672	89	89	362	538	713	22	589	293	617	432	454	280	334	250	324	341	269	612	577
139	148	480	52	0	726	68	651	359	426	543	187	61	515	362	134	462	78	349	88	483	201	424	59	110	482	292	540	56	246	415	247	323	458	382	582	268	590	444	375	721	48	158	545	24	515	705	212	586	704	416	591	247	571	686	134	506	180	463	602	33	232	371	259	21	380	630	66	475	494	375	245	223	529	494	477	619	711	692	595	313	468	333	115	354	136	230	496	236	199	418	591	281	704	674	110	65	283	163	507
659	84	500	591	5	0	27	179	466	374	313	113	430	256	407	344	70	51	696	125	486	347	136	430	204	703	211	648	71	208	519	688	685	318	215	425	92	325	104	128	244	273	481	346	687	62	38	658	678	109	716	451	447	363	433	232	131	230	358	526	137	114	462	427	216	432	163	65	23	633	615	76	195	324	684	617	276	420	66	93	278	688	609	240	264	346	201	508	629	275	433	126	333	599	711	437	583	232	254	295
292	92	652	444	337	677	0	217	580	210	288	345	158	312	594	448	157	226	288	545	488	77	642	31	447	13	611	337	276	191	725	446	421	647	97	210	285	618	386	261	353	495	452	102	296	342	621	237	686	346	243	13	379	271	229	359	395	621	676	650	188	72	709	472	152	96	60	435	338	180	62	282	241	163	706	685	335	168	407	612	87	267	237	174	204	124	627	94	199	688	27	372	700	164	249	544	407	241	75	358
344	653	286	54	159	504	121	0	211	702	46	133	64	631	109	3	423	57	208	643	244	418	285	252	333	445	614	427	232	227	25	718	518	281	407	542	458	360	374	423	71	299	33	427	80	219	685	720	424	356	642	1	373	169	12	230	518	406	670	60	663	604	421	460	214	442	561	221	510	103	439	92	315	539	509	450	217	497	700	319	168	78	87	505	112	351	23	592	507	142	236	574	504	294	383	442	677	111	645	348
665	377	32	467	80	216	332	494	0	21	211	129	22	438	150	614	564	450	471	89	210	103	239	310	5	200	556	220	551	425	410	554	108	254	593	315	609	496	103	650	509	666	534	139	185	251	121	661	312	466	32	433	475	546	349	591	221	536	361	476	581	396	272	582	490	271	486	548	489	335	390	573	399	151	321	164	369	511	22	462	442	725	623	710	719	275	371	380	290	599	64	249	55	16	222	219	617	408	331	498
121	256	651	630	18	295	391	107	316	0	296	112	47	707	569	52	236	688	156	373	77	453	685	115	498	142	562	453	513	434	382	404	235	79	306	725	497	447	361	404	618	606	327	48	542	28	148	373	126	726	80	360	416	692	397	272	545	193	586	551	692	598	346	238	208	717	461	188	385	242	20	656	691	219	249	387	24	134	82	23	699	559	187	58	699	568	450	250	620	407	461	536	644	16	386	162	221	316	640	408
645	337	496	387	24	277	207	366	346	93	0	455	688	645	440	81	531	328	40	318	214	720	722	16	250	596	25	157	529	548	30	260	586	510	489	438	590	578	204	513	644	42	511	326	86	628	464	175	172	44	658	201	259	710	190	200	542	699	111	558	701	419	294	604	137	3	566	572	381	44	171	56	49	273	363	500	572	514	321	429	687	95	468	106	194	291	116	453	315	520	351	658	569	251	481	625	480	52	67	315
692	700	693	256	619	654	292	464	527	115	131	0	182	569	253	533	393	268	207	295	42	681	32	41	506	240	184	524	430	44	261	299	287	133	338	232	368	652	234	90	420	243	615	694	703	271	565	56	245	721	722	327	487	584	583	598	24	359	344	340	547	693	53	78	29	225	146	474	63	563	645	588	12	33	611	550	313	687	453	421	116	276	194	506	657	341	114	578	56	36	715	112	356	482	522	700	164	326	135	399
173	243	181	345	603	274	353	148	10	460	421	163	0	119	1	687	1	436	291	64	373	77	293	604	534	584	292	398	558	139	18	25	567	469	603	56	252	593	544	344	296	75	345	42	98	673	604	202	485	136	586	667	66	299	177	474	515	487	143	107	375	89	63	77	203	538	575	177	397	301	329	254	151	398	205	407	365	82	691	549	517	465	244	200	96	5	78	195	690	360	511	200	192	252	670	575	43	643	161	291
228	656	275	711	711	17	244	466	379	159	135	575	60	0	205	663	347	169	305	34	460	721	239	452	364	676	698	217	705	124	290	428	517	239	355	341	277	681	409	714	192	38	250	482	722	340	333	450	72	46	374	305	46	402	405	655	456	18	199	390	335	408	204	629	706	506	337	70	389	254	448	203	178	631	701	471	518	176	683	280	238	485	39	564	242	233	454	710	569	84	160	410	3	181	503	614	715	71	497	201
336	434	91	348	290	636	476	444	621	275	443	195	345	626	0	483	424	194	270	30	173	641	246	604	482	229	228	653	355	411	596	525	494	405	401	455	97	36	711	647	202	223	689	425	134	291	317	365	137	78	456	23	4	625	260	103	147	668	556	650	681	679	188	584	489	649	76	478	277	145	481	174	644	526	599	239	61	66	5	179	246	6	229	695	126	20	446	241	236	679	68	178	185	723	128	578	335	256	429	700
595	518	137	101	640	366	232	496	294	648	442	675	540	406	232	0	151	226	186	207	477	545	239	337	244	286	389	201	284	717	656	11	82	61	190	579	475	153	287	59	72	114	545	719	203	511	289	588	358	229	441	502	494	404	220	2	604	623	653	405	448	447	608	554	89	695	639	326	234	551	315	662	505	54	687	500	202	420	599	625	437	588	227	339	194	452	660	271	595	125	648	200	130	16	698	51	12	100	13	541
484	669	66	58	107	170	405	67	67	293	228	564	515	527	262	437	0	399	670	130	45	519	83	431	131	279	79	604	396	377	278	339	155	458	215	434	445	687	17	213	640	643	617	137	180	56	5	483	500	678	695	299	260	192	666	12	127	401	305	606	30	61	247	380	89	332	514	395	504	213	259	612	543	570	656	622	712	79	244	442	190	75	401	443	211	244	344	161	618	387	241	616	224	29	360	411	617	156	699	531
379	297	78	166	688	580	130	696	208	26	409	166	339	531	640	688	503	0	156	358	109	702	40	326	480	126	233	478	689	725	570	532	81	101	657	232	613	308	718	287	469	436	214	173	271	217	240	413	266	369	258	43	273	96	424	52	339	203	127	138	135	596	543	627	115	154	321	103	382	685	673	275	413	654	412	692	281	654	460	307	626	272	236	238	451	715	321	26	180	138	448	336	706	548	333	534	439	587	79	187
155	167	453	383	272	365	168	217	484	320	578	589	305	115	669	483	37	91	0	543	205	390	180	376	1	616	87	541	192	536	467	298	119	613	53	385	718	284	495	486	451	405	274	255	322	588	665	702	329	299	577	189	125	583	591	408	718	205	452	445	8	453	484	292	404	39	594	74	35	426	352	47	68	259	535	634	80	173	586	563	472	578	525	666	373	20	341	573	124	435	189	445	316	454	444	620	72	645	265	184
74	10	73	589	224	128	506	618	276	430	408	286	603	216	231	3	718	559	25	0	368	531	355	337	156	24	470	708	128	379	170	495	114	359	435	722	539	567	352	665	687	362	297	355	245	462	340	673	180	99	152	580	255	344	159	65	521	522	511	224	433	165	27	74	99	388	585	164	350	159	704	429	614	527	287	403	410	119	371	644	702	132	508	377	413	629	549	282	26	455	523	435	486	165	110	615	614	338	612	71
438	135	340	60	26	42	198	498	429	663	516	106	53	198	283	91	450	326	382	372	0	144	637	158	265	711	159	465	134	143	61	101	72	385	392	317	30	611	274	139	684	355	112	183	391	35	419	106	367	323	78	418	699	682	182	667	262	324	456	193	238	649	252	154	566	307	411	35	557	173	252	484	316	706	106	277	318	38	100	318	471	268	539	525	96	718	272	240	495	252	548	518	485	501	65	406	515	136	105	481
291	407	201	609	405	82	678	397	476	164	329	443	75	152	524	394	235	26	48	520	134	0	110	85	508	684	307	423	210	375	192	270	2	100	273	18	581	61	252	272	523	1	409	347	182	282	501	234	516	725	556	676	545	414	198	466	248	698	347	620	680	305	213	23	528	466	142	355	449	253	551	365	690	484	133	275	57	146	693	75	371	99	673	238	674	573	86	72	53	525	703	720	677	119	247	599	364	524	323	128
614	472	168	403	28	361	242	42	542	718	649	325	369	360	695	74	701	258	674	192	199	381	0	579	125	717	27	219	433	310	555	641	681	248	7	338	507	448	612	671	28	385	420	275	130	476	7	444	435	659	241	61	571	378	618	324	365	238	13	40	489	62	487	131	323	320	109	417	514	656	470	650	484	499	724	498	75	83	43	665	447	455	219	490	256	509	216	457	604	255	249	635	234	349	17	71	18	38	707	327
709	58	625	308	578	551	250	661	471	62	85	192	408	289	493	474	370	414	710	643	168	490	19	0	10	255	166	497	715	322	592	466	709	533	396	435	387	78	588	496	229	307	203	215	447	506	52	270	155	504	192	641	143	454	478	554	275	401	511	644	722	719	566	721	6	521	647	238	638	46	637	60	624	482	719	499	265	483	212	642	468	451	354	424	628	163	418	62	584	639	290	266	679	286	236	671	623	161	468	277
454	409	217	372	282	308	175	609	696	219	95	41	718	329	684	417	549	100	618	108	672	97	452	185	0	88	662	682	641	656	411	309	676	6	62	354	455	557	563	271	644	319	386	672	478	539	318	232	356	220	128	355	615	302	317	308	498	702	178	92	114	271	383	418	130	720	400	512	607	45	616	344	395	487	21	18	191	649	458	603	643	366	607	280	594	188	274	308	683	346	546	473	645	582	268	719	33	407	567	260
229	435	711	258	102	139	286	432	234	373	17	405	362	622	303	45	373	456	465	257	332	396	220	99	595	0	163	475	295	28	516	61	98	571	43	641	365	509	440	650	299	316	682	59	359	561	390	76	354	279	183	608	723	595	603	372	620	147	704	697	240	202	393	368	100	386	135	610	580	387	102	451	495	612	394	297	396	539	684	96	202	232	237	625	633	305	187	720	235	547	297	187	173	7	16	316	527	692	305	554
289	443	402	436	409	679	721	596	704	506	58	52	439	120	564	379	109	242	417	343	471	467	351	675	330	167	0	431	217	270	264	515	275	387	639	533	545	39	602	394	456	216	539	563	690	76	459	409	49	185	194	229	50	438	21	518	439	494	439	619	364	216	63	313	437	629	192	292	448	201	178	523	663	545	356	376	243	347	298	436	70	92	410	419	429	470	213	225	609	436	160	96	288	299	12	295	601	146	357	179
626	362	358	170	541	342	472	20	222	186	278	56	112	453	398	569	97	37	494	408	585	64	573	39	534	25	282	0	208	3	37	325	81	579	296	490	322	725	594	231	164	311	364	639	467	559	134	637	382	402	434	502	222	23	53	597	500	151	23	80	591	704	594	115	127	673	177	360	21	557	37	32	311	186	8	421	534	647	194	38	11	588	228	511	285	507	486	239	22	448	319	170	605	284	484	610	619	16	231	676
12	602	354	550	255	40	67	432	604	660	725	55	90	550	139	168	251	67	637	607	10	288	569	9	485	578	101	219	0	356	532	303	352	155	87	384	613	328	396	603	438	448	654	495	306	529	663	188	292	327	317	623	208	591	700	626	625	261	521	229	663	703	470	538	2	202	159	307	691	109	266	528	337	461	304	378	114	694	684	253	412	322	81	727	703	236	248	642	258	117	203	86	332	624	332	131	643	111	380	648
579	211	460	416	665	264	526	125	699	144	659	593	24	253	119	558	272	292	39	425	22	453	293	316	547	38	456	9	582	0	297	337	177	277	398	141	131	465	554	206	18	225	675	3	697	682	23	633	298	721	269	300	554	616	706	127	619	8	551	188	141	322	592	431	507	14	649	433	437	450	157	69	613	288	166	290	486	286	108	514	225	16	298	688	5	362	2	159	608	722	696	19	208	1	22	623	95	268	725	464
200	42	44	427	122	163	258	411	601	97	572	577	10	345	285	448	63	379	202	53	216	687	722	313	184	567	402	454	88	499	0	21	214	116	165	111	184	347	142	474	695	6	191	576	613	596	231	595	176	214	108	463	250	229	120	300	293	682	141	562	141	658	536	626	393	262	67	590	216	181	393	596	292	72	335	182	518	160	183	712	337	578	667	476	84	129	670	514	183	52	117	464	145	692	287	190	714	303	197	84
276	427	228	174	404	622	356	582	22	53	653	709	577	566	53	545	385	478	599	14	245	107	554	210	557	490	237	437	157	233	553	0	470	633	706	603	479	165	641	221	549	484	682	471	9	83	270	373	243	274	95	646	675	710	65	463	195	160	248	487	317	84	190	134	130	204	608	252	676	69	32	142	546	199	332	586	164	256	664	576	709	112	579	302	8	675	13	100	690	174	389	101	23	167	230	151	515	665	493	727
595	29	287	568	418	373	643	58	615	351	594	490	322	678	329	391	230	448	567	667	481	487	333	5	138	427	410	469	441	258	698	293	0	55	418	356	338	502	441	712	188	366	583	225	580	327	60	11	492	308	363	77	393	195	246	420	459	196	617	536	410	238	26	143	487	18	567	80	606	113	116	440	11	368	426	256	368	401	4	408	539	48	109	131	482	24	681	518	274	515	126	444	35	374	483	179	437	47	51	452
717	102	637	675	302	411	323	499	396	416	432	86	457	178	702	207	24	91	102	545	604	588	405	681	397	492	220	172	159	465	281	159	338	0	301	75	655	35	611	10	623	709	663	174	707	706	602	33	528	229	556	13	399	722	486	339	440	87	705	428	371	306	657	563	157	210	666	642	599	549	726	11	297	473	582	443	577	212	628	158	327	615	4	708	645	49	671	429	252	390	698	505	579	148	653	607	98	425	427	677
511	710	692	345	543	492	298	230	319	379	125	36	20	522	343	533	646	564	52	411	116	602	569	218	438	392	198	244	357	193	394	654	213	684	0	246	138	42	56	496	245	183	436	323	504	706	391	64	117	713	325	21	516	242	7	19	448	108	415	554	330	596	711	673	98	682	525	376	631	43	183	479	255	239	463	356	196	105	439	193	608	383	363	605	131	6	213	171	433	429	549	98	674	212	55	459	475	458	622	461
586	17	158	523	232	132	303	666	357	250	339	555	112	227	259	688	57	21	254	529	372	13	261	688	607	547	348	236	597	83	168	483	215	394	406	0	566	96	121	448	406	636	475	74	654	213	556	647	289	440	339	427	249	110	463	618	421	410	320	21	15	199	719	143	158	499	713	174	260	115	482	560	343	565	154	664	287	319	122	44	713	70	323	271	658	315	697	114	99	573	283	398	678	222	22	457	632	494	16	681
533	698	492	706	101	309	52	193	114	156	427	619	476	449	626	433	624	672	320	443	444	662	72	235	154	453	220	626	390	83	506	362	413	686	400	205	0	491	555	186	651	515	598	171	10	498	629	13	625	323	5	186	585	69	229	198	571	275	345	511	628	218	479	248	611	346	414	181	570	252	211	49	296	288	490	430	75	224	358	357	33	656	457	489	90	32	649	210	132	217	472	396	628	664	152	181	606	523	624	240
90	566	1	245	392	349	39	155	566	441	613	413	280	436	312	28	474	433	449	54	202	48	427	15	705	608	535	538	24	397	652	38	498	392	35	125	177	0	724	338	455	636	275	255	341	55	619	344	503	103	42	345	660	186	280	708	458	141	650	316	180	454	275	434	565	694	138	40	306	14	482	643	645	450	325	342	156	688	445	146	275	453	130	445	26	587	269	469	528	393	487	124	573	161	43	279	488	196	520	227
632	720	206	97	82	570	478	70	84	687	562	568	197	67	130	194	708	229	209	87	161	283	1	167	155	13	417	228	448	537	565	174	445	389	229	662	241	379	0	177	171	473	545	670	83	313	496	362	282	111	48	347	636	619	76	382	118	674	28	244	419	46	89	101	57	399	288	191	89	596	477	324	18	32	616	321	23	268	632	600	294	86	123	342	497	550	263	642	322	598	145	152	567	198	580	300	64	362	641	379
309	206	637	382	686	704	550	158	61	434	118	8	276	576	260	604	695	85	261	471	316	377	296	83	402	468	102	697	260	466	191	421	336	632	652	116	161	424	509	0	155	64	535	322	543	150	682	494	220	622	550	614	541	508	418	726	288	209	252	186	612	238	482	538	443	150	596	580	672	454	298	40	323	301	345	510	579	100	661	276	445	495	209	680	648	523	272	194	221	704	623	130	549	504	665	375	99	588	653	681
222	315	418	71	530	532	221	425	143	77	138	698	141	360	13	100	310	442	435	580	625	275	106	303	427	401	242	490	166	185	319	366	262	209	128	384	178	224	77	581	0	18	325	74	80	715	546	203	187	518	4	353	365	674	564	595	486	440	176	373	407	351	396	97	106	290	39	587	174	522	114	300	209	353	295	442	496	86	195	18	109	270	376	713	439	594	656	628	255	79	664	689	326	288	468	435	606	76	511	222
181	58	550	74	343	117	204	512	507	419	466	2	663	474	541	358	45	437	183	691	653	635	708	243	713	127	69	314	297	246	290	331	247	38	717	648	115	141	203	15	673	0	150	530	33	413	30	679	499	353	13	139	409	490	451	338	628	62	527	386	693	299	591	171	64	301	168	318	452	182	336	163	278	640	6	340	37	261	376	440	708	598	372	44	256	234	549	381	229	688	293	331	473	412	260	287	676	459	261	408
310	321	141	505	61	520	360	69	705	232	50	700	198	183	576	707	670	58	224	7	380	514	322	687	705	159	714	656	381	267	649	508	399	377	493	108	714	459	205	29	588	135	0	74	87	231	711	39	75	81	69	326	208	678	336	203	645	434	533	613	339	176	376	551	453	663	224	278	50	323	224	123	390	272	565	133	155	314	457	349	15	618	483	700	289	311	256	367	95	171	280	487	140	527	661	285	411	481	362	524
264	473	727	377	470	300	372	170	717	292	457	644	67	312	421	609	21	275	76	15	470	144	180	22	425	586	152	116	579	522	676	157	55	259	338	640	60	60	49	376	495	133	337	0	278	480	120	282	249	386	281	200	226	317	563	31	200	319	483	164	522	519	662	73	468	417	144	708	165	437	697	461	293	500	393	433	204	416	162	130	727	223	523	33	296	266	567	714	239	405	691	93	178	469	479	359	477	676	341	227
581	663	540	165	354	434	237	290	316	310	596	658	312	368	695	647	523	133	606	465	406	217	138	594	255	81	397	644	463	317	709	98	402	84	281	688	549	382	464	606	25	447	595	241	0	563	106	339	587	5	557	352	106	392	1	452	706	230	349	559	640	580	572	150	32	108	590	622	620	543	508	396	685	389	508	449	40	22	173	440	283	79	440	531	685	275	703	179	456	286	368	12	722	295	218	482	639	701	245	595
250	171	172	432	567	453	673	602	217	600	297	360	558	139	465	527	26	528	390	57	404	47	649	623	69	228	354	572	666	559	187	7	132	373	631	436	463	152	493	384	292	415	34	177	406	0	573	607	391	58	546	113	433	266	437	558	218	298	684	25	700	534	199	394	334	32	37	180	684	230	610	114	61	428	253	498	604	279	306	299	698	228	60	353	194	300	305	12	168	378	136	637	495	39	190	609	671	471	262	645
232	686	154	465	380	539	668	210	104	116	382	250	715	536	710	202	134	197	245	675	77	624	649	86	553	57	472	306	678	680	211	90	317	460	351	457	300	164	369	588	351	482	632	241	658	314	0	595	498	364	534	535	403	513	431	320	299	418	362	528	202	238	30	194	91	121	714	383	567	558	549	711	25	603	398	165	125	397	696	65	238	423	122	233	722	187	262	225	597	240	149	89	97	134	113	13	379	199	332	438
312	276	312	708	446	263	602	429	345	186	255	253	410	428	197	492	47	394	203	330	342	330	211	356	28	613	532	74	398	120	514	450	96	642	658	438	329	26	268	162	362	545	297	726	129	590	492	0	503	517	724	354	589	356	422	659	539	537	602	585	690	468	583	297	112	138	260	584	528	95	356	310	624	286	210	66	205	705	279	306	484	283	555	598	212	84	97	138	621	164	290	69	174	329	486	485	203	147	403	656
688	599	319	209	403	141	241	577	244	540	666	344	514	698	544	355	423	538	204	3	195	350	432	27	372	332	340	366	187	415	582	521	450	48	96	413	471	567	375	225	211	557	590	162	589	424	420	352	0	79	135	259	177	661	509	369	183	357	459	353	277	698	619	54	460	625	113	474	561	44	60	185	596	122	715	589	191	662	102	102	12	659	442	178	285	542	563	311	209	349	705	103	159	655	23	469	699	509	39	589
26	367	427	481	331	721	481	565	201	179	617	595	334	108	21	290	623	88	38	540	727	363	424	128	532	516	325	364	61	234	420	245	155	267	478	84	360	97	50	246	336	189	474	336	707	687	60	330	85	0	593	427	314	230	55	211	541	137	655	667	335	531	695	192	530	11	580	182	188	650	271	425	596	236	288	648	68	99	445	433	613	369	657	289	398	710	246	551	306	125	498	20	310	313	7	337	674	555	637	269
315	24	695	80	227	375	685	68	33	706	657	364	255	144	354	162	330	633	446	567	8	565	696	670	87	89	299	16	37	228	344	502	31	122	299	669	655	638	142	191	47	532	174	55	514	287	425	252	61	71	0	96	453	133	485	491	303	199	187	567	187	607	336	550	474	50	95	418	725	121	85	442	154	153	320	33	647	489	227	278	222	504	76	10	433	628	427	12	80	399	194	132	359	67	47	600	42	113	558	454
472	491	425	16	478	72	29	173	525	624	157	413	368	129	570	353	360	531	367	478	33	525	25	233	588	615	275	439	377	573	15	207	535	98	718	306	713	498	113	57	93	346	347	684	109	447	701	607	48	485	180	0	633	323	528	314	41	442	608	463	664	380	315	469	42	88	197	534	614	461	485	507	329	468	682	691	14	544	262	84	9	495	279	105	161	558	546	601	5	431	192	102	18	250	319	116	68	642	672	203
665	570	525	68	705	430	458	140	642	11	589	322	219	431	12	60	721	563	448	201	106	35	345	147	623	56	636	722	438	424	458	236	453	160	483	583	294	531	529	299	351	686	291	642	248	349	629	295	150	168	487	393	0	713	73	175	626	644	356	50	402	102	189	422	709	53	139	64	73	250	631	85	244	404	402	230	484	384	45	593	293	285	605	449	386	371	482	50	68	427	700	595	715	295	637	604	509	628	396	108
375	570	99	44	501	469	518	506	714	13	22	11	487	49	630	187	383	611	451	341	307	433	194	292	558	548	521	574	261	698	427	188	659	327	550	363	689	245	470	511	515	252	668	681	379	443	270	226	88	535	576	352	597	0	193	148	669	66	121	474	14	105	503	142	289	707	49	374	312	412	404	525	703	586	470	113	351	650	199	108	672	416	238	548	54	523	450	28	400	54	390	539	665	397	436	38	589	91	320	183
550	348	30	507	269	85	542	650	241	678	341	664	367	327	474	30	512	347	454	4	568	183	429	688	2	100	486	586	479	547	128	358	299	105	553	405	216	407	120	628	139	354	477	497	605	336	626	668	644	328	691	48	473	12	0	517	153	56	6	254	248	337	499	363	645	44	510	19	645	438	206	354	177	655	601	171	437	228	537	249	714	452	396	689	136	334	146	516	602	386	153	210	5	597	351	508	645	501	123	164
29	56	457	551	319	48	530	48	90	245	619	511	329	553	356	312	1	18	54	688	424	717	53	391	417	559	360	353	36	578	166	566	188	595	647	112	100	142	72	397	483	48	173	681	647	345	116	522	271	470	641	184	165	668	583	0	167	7	182	125	119	416	144	169	155	442	171	268	462	1	15	161	326	662	497	671	79	565	214	77	76	522	202	370	145	199	409	661	50	299	101	322	512	195	45	680	227	627	606	47
190	282	576	19	18	473	56	584	615	727	587	481	354	394	613	708	282	194	570	234	554	452	334	195	229	501	533	583	382	183	72	450	389	493	408	60	416	636	417	695	224	357	487	694	669	381	194	408	299	186	191	479	32	296	296	257	0	65	569	377	159	604	13	306	652	394	406	690	644	583	22	373	266	35	498	73	473	9	629	68	363	316	562	651	717	455	576	268	470	714	704	689	254	605	546	97	20	358	87	407
332	696	402	384	312	315	406	195	502	367	650	540	336	247	394	684	684	419	282	558	66	172	392	697	523	718	481	162	54	116	220	713	253	461	526	251	338	600	58	542	430	228	16	188	588	60	50	149	258	360	578	188	84	291	289	370	383	0	18	217	541	354	308	377	87	133	193	314	208	464	633	613	284	160	709	579	353	190	338	289	634	78	306	286	404	373	203	145	387	141	130	510	152	76	272	218	458	599	194	271
138	242	114	46	506	319	677	11	194	358	441	648	144	27	475	693	354	90	667	343	242	136	95	558	225	555	81	615	559	128	704	431	705	238	267	7	369	542	332	610	271	385	222	634	655	525	507	224	278	247	705	360	491	588	580	370	638	251	0	352	167	555	457	407	105	598	22	309	54	53	347	595	490	414	313	527	149	16	266	42	438	459	576	188	231	134	230	174	670	131	370	408	673	259	154	350	255	646	529	457
491	302	28	364	45	536	488	338	50	593	650	132	211	436	129	126	19	370	373	257	407	264	421	716	634	7	154	199	320	562	317	14	403	154	183	492	319	334	286	305	99	205	484	165	427	83	501	15	447	365	25	255	412	578	137	136	722	453	630	0	703	628	666	611	682	382	577	529	557	13	703	413	326	346	335	696	518	22	490	354	401	370	656	165	355	680	252	564	252	359	693	299	586	283	333	8	29	164	476	713
233	466	622	646	332	199	726	549	53	43	693	30	138	316	501	607	460	147	349	254	522	180	386	619	366	310	58	335	86	427	674	345	485	423	208	432	600	202	218	228	5	143	187	522	30	301	26	492	662	57	171	168	612	681	188	662	555	188	558	96	0	356	173	102	513	42	30	557	323	425	136	513	328	584	566	528	53	339	188	390	205	656	440	560	582	71	488	88	293	714	429	629	541	241	699	385	492	406	349	635
666	455	203	388	435	110	18	84	167	48	9	408	185	445	187	271	372	55	615	406	602	399	442	152	278	526	254	16	344	282	688	256	333	241	454	152	328	561	506	332	635	543	621	549	549	200	289	434	291	315	300	100	261	219	416	286	373	461	534	684	476	0	218	164	472	654	551	129	352	82	516	294	93	516	61	358	695	237	331	364	133	285	172	11	380	372	689	634	147	265	715	49	543	572	634	208	348	465	324	701
701	678	641	265	426	222	691	452	442	327	706	61	231	252	444	579	461	484	618	111	331	364	403	715	332	95	388	482	379	596	406	482	565	576	244	52	232	725	451	133	528	395	230	39	631	66	685	43	573	351	205	11	220	580	474	424	160	140	90	301	28	44	0	569	452	652	321	604	124	369	300	62	372	72	96	16	61	246	101	587	290	501	48	329	216	634	6	709	216	113	255	264	226	268	154	418	424	518	650	120
513	32	512	547	243	295	584	90	360	125	479	394	598	580	491	449	575	323	681	142	11	328	360	30	26	277	554	18	366	170	472	47	238	171	253	388	557	585	173	316	144	663	248	73	54	616	545	34	58	276	229	680	674	12	205	462	316	529	203	616	168	530	207	0	133	231	560	125	71	121	390	645	397	510	237	573	163	451	112	84	421	510	594	702	543	182	129	498	66	89	574	490	671	189	34	71	122	480	260	66
145	142	13	26	558	347	352	561	704	554	367	400	333	669	164	567	196	409	289	101	337	380	33	146	345	708	652	140	304	525	717	479	641	144	32	404	470	340	55	213	230	424	283	73	81	542	86	6	180	322	102	180	103	50	518	586	515	14	685	571	34	676	85	551	0	597	128	389	320	336	259	62	607	610	449	289	610	298	638	560	610	207	717	11	14	189	260	526	347	271	589	437	135	400	513	117	700	40	356	353
356	707	724	319	479	433	309	700	486	54	350	354	642	376	410	293	218	57	128	74	209	204	177	461	398	105	1	27	273	111	702	676	175	660	9	161	178	111	455	22	24	46	232	89	612	564	59	370	414	426	417	403	185	242	481	358	518	63	287	289	224	40	189	269	241	0	381	698	650	237	492	390	172	657	292	161	276	118	558	499	350	93	73	88	394	565	337	394	453	356	417	23	98	701	1	201	549	121	170	475
697	360	254	525	436	434	268	209	484	491	390	692	367	720	448	715	438	443	441	715	690	486	327	444	494	583	333	50	564	614	429	432	158	573	380	113	301	608	159	534	591	246	319	498	689	41	604	125	527	616	494	628	233	550	720	48	73	80	251	455	702	204	628	296	362	295	0	201	176	623	402	172	694	284	27	471	83	454	450	119	296	143	555	424	14	170	522	64	685	721	71	695	156	688	454	497	663	58	369	260
561	482	183	556	309	4	579	680	515	210	353	587	612	539	420	342	313	185	487	482	327	187	492	311	450	264	707	379	149	497	403	209	504	8	142	727	689	483	702	169	181	487	272	18	669	135	104	621	721	419	212	301	559	375	305	281	357	162	388	268	447	237	293	526	571	502	617	0	333	150	128	259	325	520	714	647	23	285	719	414	717	134	304	678	131	704	63	198	696	501	408	375	715	227	9	675	249	696	115	556
487	701	229	498	310	655	299	537	71	265	532	71	576	481	726	689	437	79	112	653	488	456	134	653	458	366	268	346	303	275	417	531	193	1	64	107	349	351	264	662	251	387	694	690	593	478	287	286	378	176	542	483	59	431	179	107	169	234	506	171	375	297	31	214	558	606	65	388	0	240	492	559	592	38	125	199	689	128	343	278	575	104	162	373	151	516	442	248	722	216	193	119	485	722	144	364	714	538	160	694
376	20	520	256	69	477	17	592	260	25	169	426	165	511	42	666	50	135	621	696	161	538	35	243	226	716	293	222	313	498	391	362	282	669	52	282	195	128	423	508	367	525	609	240	576	460	80	478	403	314	383	725	19	270	383	96	409	568	97	691	517	556	661	426	574	322	428	85	660	0	323	164	522	719	205	410	698	583	338	248	573	29	308	184	163	559	474	274	175	405	334	193	481	404	540	311	29	334	567	588
225	433	180	521	463	253	378	68	168	359	402	288	461	519	2	234	136	242	647	62	9	314	232	647	268	304	23	601	115	341	81	448	702	341	72	289	139	434	1	302	290	453	77	22	347	251	520	378	363	725	132	417	285	273	670	374	107	156	259	33	232	711	106	647	6	541	160	382	28	190	0	318	310	444	581	75	254	396	346	489	598	510	39	317	174	550	566	232	699	555	473	547	384	121	1	272	28	44	685	696
288	97	52	486	233	113	55	675	119	342	47	349	574	462	585	593	649	81	230	506	109	591	417	444	107	438	170	580	584	699	470	562	270	16	580	683	532	28	86	41	302	128	16	695	137	168	81	271	697	656	616	517	588	723	532	28	34	137	218	692	112	383	492	365	70	566	84	87	143	273	662	0	361	135	609	231	28	140	412	221	157	495	501	376	46	490	28	106	565	337	292	395	63	362	480	313	382	85	513	89
587	161	506	13	446	354	62	171	130	213	350	515	536	660	411	674	452	400	464	136	229	186	230	650	4	21	153	657	346	493	507	136	65	165	334	19	633	553	398	721	712	305	286	195	494	522	210	51	20	490	664	631	412	334	408	340	566	425	346	571	433	21	572	592	132	371	124	685	648	414	16	262	0	683	368	367	505	113	600	480	366	135	627	195	682	335	506	666	590	165	573	470	529	686	173	43	322	468	26	227
484	169	107	586	671	243	723	180	684	243	246	52	280	60	368	551	51	391	412	603	273	39	453	470	689	71	60	670	319	514	697	189	16	119	25	395	9	427	521	405	384	286	298	510	319	366	557	298	528	387	384	83	301	407	185	626	354	385	634	653	320	59	685	3	523	438	392	658	503	10	593	196	281	0	225	490	700	544	301	309	169	18	645	54	689	649	372	434	175	157	579	697	432	95	197	571	618	495	146	591
703	131	39	300	44	653	203	9	489	596	721	315	452	636	702	515	628	53	445	701	483	186	155	374	194	2	96	205	341	269	12	122	596	321	315	653	436	251	77	721	294	254	441	205	501	502	379	650	477	408	11	592	569	72	145	700	561	499	72	325	594	514	84	169	518	332	12	301	599	261	592	724	603	53	0	710	118	688	82	532	193	212	465	688	604	35	228	405	9	162	557	555	345	702	126	398	641	395	226	379
5	167	46	582	597	573	310	466	207	619	364	607	58	409	489	91	498	610	366	305	260	451	14	478	475	325	117	602	682	155	17	720	330	208	240	376	286	417	110	290	309	327	336	584	682	463	725	398	636	259	571	223	270	207	658	480	446	51	46	215	333	513	177	280	582	248	97	270	544	149	689	614	431	417	140	0	231	271	700	137	248	443	173	395	448	481	594	291	270	3	640	537	645	103	344	260	268	284	486	280
496	658	394	608	418	293	192	203	629	215	479	406	222	600	62	635	146	39	451	523	331	303	638	291	102	389	499	606	491	172	89	328	32	374	630	147	490	687	408	230	448	132	520	343	427	256	148	646	430	1	290	361	1	668	25	67	217	712	143	375	83	1	358	288	687	211	653	345	458	548	494	695	421	65	166	500	0	668	297	724	450	696	109	457	240	451	153	55	572	160	61	40	316	448	709	445	115	270	695	669
11	402	407	608	84	727	292	196	316	371	495	610	174	649	19	207	341	65	450	189	600	59	55	491	137	181	369	380	532	294	113	443	692	338	206	436	693	519	408	617	657	618	369	82	249	526	190	594	260	559	298	390	64	58	236	178	557	513	354	32	441	218	320	657	387	205	287	434	551	725	221	573	186	609	9	270	676	0	562	709	316	179	599	720	260	715	649	520	423	419	364	52	588	47	565	53	52	49	457	634
299	263	109	668	218	367	96	417	568	55	156	196	701	519	101	623	536	180	641	263	389	305	101	165	506	226	214	705	613	340	572	579	398	655	560	274	357	158	644	380	328	315	392	433	245	589	206	663	341	584	82	656	721	573	557	706	228	630	435	450	415	201	143	138	497	574	54	168	380	103	439	87	231	387	248	256	599	609	0	631	702	537	442	538	260	96	659	127	447	358	516	23	534	118	369	308	636	520	242	397
87	42	42	276	222	251	431	47	433	300	492	529	429	39	181	64	121	607	52	435	37	110	612	489	644	502	283	244	523	687	621	410	465	421	613	124	639	75	514	247	341	85	522	144	663	258	284	62	372	299	644	521	661	358	118	101	404	161	461	129	269	541	495	575	477	535	652	73	340	658	363	584	597	580	420	378	248	437	636	0	17	55	207	710	335	346	523	11	476	194	427	86	395	182	357	136	521	7	683	585
8	305	406	498	334	469	514	664	682	493	353	466	586	596	353	423	256	127	109	489	480	207	706	140	316	317	564	276	618	588	480	526	684	21	570	523	129	67	85	31	72	345	688	122	605	110	655	313	448	38	363	524	372	557	123	581	671	520	336	178	583	114	333	588	281	561	590	660	613	682	398	482	615	310	247	30	588	320	624	328	0	265	118	659	11	618	483	632	574	600	212	441	462	101	451	204	5	353	553	339
449	261	266	532	512	427	535	10	392	147	283	93	451	28	88	194	468	257	270	340	253	561	135	589	575	473	248	674	706	592	150	159	695	263	556	13	608	13	21	693	625	475	271	424	226	178	53	19	74	528	534	63	261	185	257	328	350	195	698	1	443	364	255	322	387	291	513	48	444	549	450	599	416	493	180	691	168	556	154	650	676	0	349	105	674	709	342	363	362	686	385	166	653	85	568	311	617	83	618	137
526	84	210	101	185	678	270	561	16	717	460	11	428	706	567	661	47	166	222	387	479	675	584	537	642	665	19	426	474	615	419	405	619	230	488	148	377	644	405	502	419	218	209	487	436	182	661	371	666	358	700	121	382	181	123	426	175	92	531	249	531	255	726	721	226	403	538	632	395	166	67	683	594	212	128	197	674	528	434	686	24	265	0	285	507	423	455	714	303	182	269	138	340	142	233	450	235	21	705	15
439	620	37	378	633	413	573	477	670	499	652	706	376	275	203	501	183	655	30	173	718	167	161	603	209	310	544	331	199	595	335	282	289	623	532	623	545	512	385	684	87	502	378	77	672	41	488	69	447	313	427	176	9	124	492	586	719	694	90	561	114	423	59	99	666	174	315	158	368	425	553	717	200	322	235	147	372	266	246	435	41	263	37	0	660	368	603	148	297	611	709	622	274	583	280	69	358	598	485	665
34	232	300	58	157	423	72	53	108	244	247	479	138	207	538	476	705	346	530	583	400	709	144	710	605	509	679	137	284	103	307	238	127	596	5	352	214	232	605	278	582	183	511	346	334	216	724	508	527	398	46	563	352	302	233	663	238	680	549	697	384	333	714	507	245	354	109	12	364	210	335	401	186	646	289	574	518	613	617	414	367	65	414	189	0	369	50	474	626	6	221	190	323	651	297	389	406	534	259	663
443	724	419	724	89	587	529	397	480	496	460	12	55	484	374	46	474	96	539	102	225	680	485	650	36	625	267	642	495	428	317	304	585	411	653	141	584	633	360	9	495	689	414	615	138	481	101	392	423	671	440	126	552	300	217	62	29	280	511	5	509	642	476	219	274	430	190	629	388	366	667	415	248	15	457	261	14	325	576	468	525	153	282	516	627	0	69	417	501	462	306	181	399	381	553	105	639	27	477	424
311	507	436	221	370	517	141	473	254	223	294	158	90	538	246	371	140	218	272	510	223	284	2	364	205	344	64	54	683	285	37	92	231	452	607	284	548	498	278	704	702	10	169	462	279	521	540	199	481	549	21	501	422	710	550	427	490	600	313	433	280	24	624	583	150	162	171	48	213	180	170	376	372	371	673	11	451	454	230	596	89	147	560	708	689	269	0	239	7	677	424	209	140	659	579	507	383	474	525	9
158	505	650	147	611	200	233	70	570	181	510	685	97	198	187	366	109	157	387	406	12	429	10	594	532	6	450	406	599	700	326	332	688	83	612	545	98	344	542	459	388	171	611	313	351	480	75	194	651	224	390	213	66	435	616	580	499	1	108	600	489	344	571	183	388	277	651	504	247	121	290	448	161	449	99	363	130	86	237	663	716	374	67	439	457	435	477	0	568	615	625	425	594	57	122	503	531	382	553	440
121	540	80	717	596	155	311	350	227	705	237	262	121	80	343	426	87	175	62	151	229	240	707	620	543	564	519	268	453	379	46	401	245	307	638	710	417	34	154	547	316	414	55	630	572	485	561	142	546	1	121	356	264	612	75	278	559	246	346	67	375	278	89	420	431	181	214	568	162	84	509	461	136	170	127	447	646	657	619	219	126	265	707	699	698	321	650	581	0	710	5	231	31	171	201	380	622	393	18	98
258	645	380	115	562	124	124	127	408	31	83	675	463	332	116	165	199	650	386	241	331	577	518	151	554	68	37	493	238	478	311	540	387	570	297	426	11	681	71	486	436	11	719	306	11	276	704	505	347	66	273	392	679	202	299	651	198	617	200	448	564	659	69	532	367	723	96	328	460	423	695	275	717	522	19	645	228	522	50	207	407	726	373	139	5	669	615	103	53	0	54	421	226	713	495	511	256	261	717	103
399	165	397	171	644	6	618	71	540	555	144	385	643	343	285	56	131	672	14	498	416	495	650	560	305	52	317	46	699	690	666	58	652	361	573	509	317	224	205	558	183	337	278	208	401	305	26	584	161	47	424	64	125	248	494	592	263	633	276	105	93	531	298	265	61	331	615	581	585	603	72	207	177	317	699	174	115	654	557	37	489	461	323	233	390	272	41	508	366	283	0	197	659	242	340	486	381	490	326	486
61	649	56	451	615	718	532	405	500	702	107	269	264	528	186	727	141	37	422	652	402	4	241	507	569	663	579	487	445	524	509	124	528	428	696	286	424	459	390	548	83	54	679	727	374	17	92	58	670	615	183	525	27	438	420	22	160	130	528	577	473	157	167	348	492	145	11	83	500	645	298	482	177	382	471	621	655	467	536	140	718	222	702	317	133	239	707	463	180	465	307	0	297	447	21	692	289	126	616	599
98	466	519	693	176	215	390	145	685	563	76	675	508	490	220	2	55	355	615	281	360	106	209	140	232	524	162	50	101	506	148	692	62	503	536	123	342	705	105	32	261	725	292	656	164	441	394	187	627	332	5	361	7	386	496	127	657	346	474	251	684	154	146	585	193	98	116	219	621	668	515	223	492	73	313	414	17	279	91	126	591	471	482	123	401	282	550	694	72	631	157	453	0	49	464	645	1	292	577	44
181	605	8	719	209	641	148	84	120	540	704	667	313	219	42	50	341	627	288	243	211	452	517	492	66	315	305	675	515	66	92	433	56	337	564	479	420	71	229	245	281	699	15	69	704	568	628	520	217	5	279	221	690	307	11	654	15	535	32	15	136	223	705	582	589	536	288	193	43	726	271	172	298	167	235	419	469	496	415	164	167	236	353	644	338	48	580	277	463	17	221	546	708	0	569	334	194	97	89	336
89	1	140	454	617	538	36	247	390	671	246	104	480	13	629	180	480	546	504	26	477	546	714	532	485	689	633	165	411	363	645	408	246	248	257	554	424	651	214	132	208	319	664	1	637	222	659	493	139	453	16	523	545	194	39	233	81	22	63	125	177	156	289	206	3	88	669	487	261	576	50	509	6	666	265	31	726	455	262	680	226	566	312	356	363	410	113	117	594	496	3	647	463	436	0	192	568	694	253	415
82	571	620	132	402	711	40	353	719	82	371	251	663	282	38	530	601	53	559	464	598	274	505	407	354	719	195	503	390	60	382	598	273	575	193	716	594	433	531	47	607	518	46	401	627	17	120	155	111	153	299	681	638	121	186	337	657	584	483	75	570	716	243	269	633	228	629	143	517	167	91	714	481	264	207	225	467	516	417	228	268	239	618	327	61	553	91	631	81	88	423	328	65	596	115	0	242	616	568	109
318	454	322	388	370	698	408	628	719	308	43	14	170	63	119	101	194	251	704	403	127	710	528	12	647	680	476	217	434	413	368	352	710	583	75	227	465	148	380	594	691	260	132	390	472	136	706	84	309	464	295	656	321	563	62	494	461	78	610	495	705	625	508	415	69	529	127	530	360	116	661	549	579	484	412	536	140	369	40	543	61	585	651	640	701	63	45	186	701	58	634	81	132	144	434	640	0	21	379	342
561	274	650	124	6	692	720	584	595	417	25	725	706	304	354	288	279	23	433	423	380	379	434	323	560	727	632	138	196	490	512	235	444	660	122	395	111	157	534	240	55	489	599	215	497	92	159	564	531	105	106	248	191	511	202	574	659	355	571	34	339	164	515	2	30	306	288	613	613	376	301	380	205	586	96	631	454	551	573	380	133	10	275	392	361	549	613	138	233	49	498	458	359	519	682	430	40	0	331	60
129	362	269	14	271	299	370	222	218	436	558	168	689	113	428	440	83	347	391	686	428	113	330	713	697	456	71	134	518	48	156	378	70	185	610	135	39	55	348	135	163	571	254	617	228	374	710	427	467	496	374	251	471	71	341	108	255	225	397	471	515	65	133	362	5	375	374	348	616	56	448	232	156	233	614	229	563	606	541	569	338	106	472	362	226	533	402	294	337	528	610	229	228	717	449	481	347	566	0	192
348	276	671	180	72	350	685	398	691	508	361	95	696	35	302	267	509	365	305	51	65	576	31	589	160	137	522	678	716	463	411	329	323	352	177	628	504	34	627	576	223	519	595	634	150	514	65	337	374	303	626	427	77	4	71	3	567	508	467	168	116	311	145	599	171	277	47	544	279	225	385	209	602	120	122	234	568	704	367	492	142	267	678	578	689	508	291	10	45	439	512	183	333	87	726	633	618	431	6	0
