A	B	C	D	E	F	G	H	I	J	K	L	M	N	O	P	Q	R	S	T	U	V	W	X	Y	Z	AA	AB	AC	AD	AE	AF	AG	AH	AI	AJ	AK	AL	AM	AN	AO	AP	AQ	AR	AS	AT	AU	AV	AW	AX	AY	AZ	BA	BB	BC	BD	BE	BF	BG	BH	BI	BJ	BK	BL	BM	BN	BO	BP	BQ	BR	BS	BT	BU	BV	BW	BX	BY	BZ	CA	CB	CC	CD	CE	CF	CG	CH	CI	CJ	CK	CL	CM	CN	CO	CP	CQ	CR	CS	CT	CU	CV
0	150	511	624	62	321	475	530	324	197	561	306	524	304	556	338	501	474	252	244	532	516	276	80	626	66	533	643	74	258	163	180	306	403	230	198	340	539	253	200	103	44	2	465	61	75	4	572	380	600	371	371	67	388	201	511	537	32	473	264	210	597	610	311	550	37	246	319	520	303	92	305	208	47	411	128	462	8	557	117	358	370	57	601	328	578	569	526	203	356	98	447	281	46	497	572	459	133	448	417
585	0	619	241	408	69	358	479	300	274	543	269	116	52	424	315	585	352	517	581	31	278	111	476	506	100	101	183	468	203	397	169	541	547	9	12	383	426	344	231	594	181	546	85	290	161	502	247	404	133	298	5	588	365	460	405	152	224	439	111	564	620	523	285	559	424	200	428	307	296	481	355	27	312	377	531	289	265	116	133	183	86	501	615	267	321	216	207	597	589	91	367	141	323	516	569	10	248	392	267
526	314	0	538	609	138	39	442	118	24	191	107	336	85	237	610	462	247	516	87	214	343	321	256	649	201	442	415	94	553	618	339	376	630	237	173	415	277	36	446	174	282	465	558	175	119	179	230	188	344	288	639	452	273	210	502	388	80	96	265	394	341	608	9	596	146	363	38	570	62	26	637	604	519	103	629	186	76	553	86	116	313	434	232	94	241	540	269	41	647	303	560	599	155	107	121	1	417	246	585
371	546	289	0	451	251	157	594	310	158	472	578	564	250	160	619	301	517	469	310	143	149	495	521	230	60	208	324	174	350	236	548	435	384	465	348	501	536	611	432	616	418	294	358	195	50	125	492	224	316	171	189	298	483	574	576	74	157	276	628	98	496	583	142	470	24	443	542	395	215	454	365	354	22	456	630	389	312	80	484	516	428	597	495	243	437	184	230	257	97	409	389	124	530	302	190	529	401	257	28
225	570	127	373	0	188	237	142	567	262	104	369	639	243	610	319	226	186	430	15	39	184	27	315	452	97	260	452	443	276	209	493	188	208	535	197	308	514	352	555	211	29	373	452	488	327	126	106	304	479	207	431	484	297	436	472	394	151	252	607	389	10	401	543	33	389	186	536	269	590	12	470	353	119	57	237	167	429	573	80	79	215	456	360	535	107	640	172	425	193	269	550	364	545	145	608	645	216	324	487
109	427	440	98	78	0	422	389	172	291	222	404	87	266	370	91	479	390	119	650	63	514	370	643	378	631	505	478	393	42	527	96	384	5	115	578	613	493	471	609	295	583	22	639	114	69	48	337	605	35	479	461	425	24	382	357	364	60	178	207	82	431	80	312	88	240	542	28	368	345	529	21	637	38	49	490	111	614	197	650	616	424	642	643	334	21	117	173	371	326	138	25	243	582	180	605	81	531	395	423
277	116	648	76	84	420	0	20	457	584	623	172	609	86	346	205	74	271	261	127	407	477	497	641	124	342	202	491	213	537	588	67	142	330	143	576	92	255	260	508	230	464	577	505	609	17	507	181	260	178	564	51	633	516	36	339	646	565	586	115	228	232	416	15	303	272	156	639	61	477	45	246	534	406	260	187	512	205	16	491	409	436	87	28	59	594	478	57	223	171	489	630	61	410	186	379	468	323	283	548
493	482	383	428	67	595	396	0	242	333	429	208	515	375	511	134	317	428	288	646	224	427	541	224	411	469	558	633	292	102	512	380	277	603	67	450	582	24	567	346	189	244	586	392	430	269	500	619	475	41	353	620	416	144	544	470	98	291	166	535	411	477	98	519	245	389	431	496	172	192	504	361	113	144	403	584	72	598	434	155	492	125	330	485	234	110	78	534	436	584	71	552	73	460	7	306	513	77	96	172
573	93	289	181	271	279	206	519	0	445	97	272	19	528	349	77	97	166	442	12	644	512	498	112	453	574	330	410	648	557	103	37	382	501	338	187	178	573	159	338	135	463	168	63	418	130	376	646	598	508	411	372	207	487	287	484	621	601	464	552	480	132	455	354	110	571	263	606	493	202	95	130	273	392	15	271	171	408	267	172	317	83	56	586	204	618	100	646	120	478	261	214	276	276	243	532	77	268	433	625
220	601	48	43	36	231	22	209	270	0	279	435	534	118	570	578	494	508	397	173	94	92	142	527	285	45	380	406	568	237	475	173	559	200	622	414	427	562	64	615	375	219	224	156	52	88	39	397	535	629	293	163	251	83	294	566	6	241	252	504	194	392	376	198	460	556	511	565	625	128	7	173	237	214	100	471	490	51	309	277	258	332	539	397	90	91	174	637	503	75	166	66	258	231	314	483	443	254	388	40
72	126	137	633	64	396	416	1	62	104	0	500	359	496	180	305	447	5	352	581	334	10	375	392	244	101	295	198	22	315	195	11	28	247	349	465	235	621	83	220	257	292	601	173	634	272	58	152	488	501	565	380	249	96	363	209	440	640	368	152	485	496	649	414	555	534	21	232	437	81	474	162	263	616	487	128	560	149	191	556	571	180	37	400	116	299	500	71	28	202	477	38	246	454	197	535	561	240	642	638
592	636	97	405	163	262	549	378	471	398	128	0	282	313	142	191	193	46	72	472	568	349	579	443	373	554	649	429	565	312	199	565	29	589	9	591	340	579	142	396	623	254	20	242	5	518	252	220	74	15	479	314	489	130	376	32	282	37	252	519	410	225	563	428	362	533	78	104	611	370	75	330	239	11	649	250	210	641	116	306	481	587	605	162	544	174	256	450	624	498	450	481	563	284	195	554	565	577	228	435
286	179	409	98	91	67	523	196	580	475	208	509	0	25	421	607	98	103	609	217	421	193	639	70	341	357	380	162	391	417	276	303	470	244	370	151	320	574	565	100	275	148	228	69	429	596	475	493	369	618	318	623	57	608	328	444	447	530	371	221	135	82	590	251	180	353	568	379	83	219	290	370	191	625	221	365	457	504	490	121	570	526	431	534	462	615	395	490	32	426	130	225	640	274	203	460	186	485	91	580
200	307	95	529	518	228	557	116	239	638	322	413	152	0	151	124	596	498	75	387	411	376	146	614	637	261	571	415	613	61	220	453	638	562	363	34	168	496	68	575	595	332	78	155	394	383	388	359	536	54	372	548	457	274	379	438	169	117	388	313	277	402	332	467	28	140	459	34	524	481	342	418	574	440	437	224	439	95	224	638	462	185	62	199	266	556	529	109	432	268	160	555	563	196	584	122	192	50	302	200
163	52	196	490	225	525	642	250	53	328	308	332	295	105	0	257	38	323	112	318	413	332	481	127	70	626	539	177	430	360	145	69	104	355	284	464	164	577	272	510	392	269	378	11	79	530	333	340	317	456	453	140	512	427	357	380	557	104	136	602	183	55	32	375	80	350	485	417	262	352	106	191	107	625	567	462	418	317	234	143	315	579	52	605	59	342	390	307	251	555	138	443	318	150	218	499	445	293	619	146
158	359	87	445	213	98	57	462	236	424	39	634	157	264	28	0	594	98	255	629	402	213	215	277	207	120	122	503	248	50	627	137	59	576	110	638	54	101	136	283	235	543	123	637	359	365	62	538	202	158	145	643	397	548	436	636	149	73	415	401	333	551	489	618	413	83	646	114	421	1	469	99	111	121	503	44	422	415	405	13	126	326	590	522	380	270	537	595	255	629	400	36	516	631	505	502	68	139	198	166
170	569	84	621	375	218	423	225	424	170	436	60	482	481	526	331	0	284	514	253	84	583	635	594	250	511	647	478	597	454	193	439	472	569	28	157	388	134	482	122	216	529	221	385	544	213	218	407	222	175	268	542	616	514	325	639	218	486	522	309	311	483	85	319	32	598	560	204	49	251	419	47	616	428	523	122	466	78	289	513	136	424	405	17	481	164	645	537	464	511	426	23	138	51	215	421	83	433	270	153
45	583	224	231	40	510	265	109	79	650	149	313	578	615	368	463	11	0	332	366	249	272	496	3	253	98	89	117	94	474	340	643	255	582	60	272	465	33	327	339	215	110	48	496	418	460	50	45	317	597	214	426	446	581	398	614	635	93	494	425	113	441	238	446	89	35	412	182	203	152	183	520	380	637	468	215	486	515	209	474	438	309	127	320	522	261	223	253	562	199	59	461	483	288	478	479	429	553	2	140
457	60	364	595	415	566	333	189	410	237	586	362	332	32	359	363	414	252	0	396	418	360	111	57	617	313	511	601	477	467	437	29	169	528	286	262	298	215	538	74	559	185	642	334	336	367	147	245	343	123	132	189	617	295	591	352	571	504	132	495	136	137	460	402	633	95	295	213	88	270	125	645	103	93	459	524	618	68	62	27	600	300	648	512	569	365	183	125	296	607	163	537	118	416	576	137	222	630	451	390
643	624	454	337	208	172	547	245	357	26	370	561	522	612	347	415	650	220	334	0	283	154	22	155	339	167	536	190	5	214	272	503	306	539	521	61	30	389	572	261	586	404	244	593	308	168	199	573	352	298	118	214	64	285	642	146	65	217	266	426	446	377	328	429	371	82	444	294	555	498	390	306	435	350	503	167	532	402	555	386	559	168	440	542	186	441	238	550	5	609	121	110	486	54	132	163	334	473	59	347
58	75	347	77	596	540	76	391	63	329	374	202	205	478	227	133	499	256	109	443	0	585	179	290	595	468	568	477	81	494	650	20	371	452	421	144	596	189	283	37	589	202	509	5	501	566	631	334	16	386	332	30	311	235	201	157	62	463	230	420	39	589	481	390	9	643	461	169	314	630	467	194	495	488	415	632	88	595	561	403	448	164	315	179	120	574	347	37	601	541	121	569	567	555	208	644	248	466	519	599
601	99	292	482	198	129	252	184	289	634	16	196	308	15	173	442	625	332	325	174	12	0	602	90	502	78	570	24	464	21	507	588	206	591	218	202	579	114	1	131	140	65	360	335	455	623	410	205	19	571	505	347	208	301	569	69	173	548	448	573	190	15	35	56	137	159	421	278	24	440	125	483	290	392	222	444	199	316	66	604	10	314	368	354	557	307	351	202	305	342	397	60	492	552	650	600	260	134	463	259
353	255	198	623	208	134	324	482	348	52	190	181	410	373	487	542	301	22	482	643	579	220	0	271	236	529	403	296	637	319	414	205	291	631	613	521	426	27	72	387	89	245	161	215	220	498	357	187	477	504	410	637	486	58	544	108	209	136	594	553	621	274	601	23	538	74	435	227	115	388	203	76	64	193	596	200	58	547	446	625	560	59	124	114	136	627	490	135	434	133	437	119	67	162	3	369	366	354	1	426
85	482	510	307	263	528	90	623	427	18	123	179	163	184	235	387	561	224	626	184	312	467	56	0	575	116	185	585	230	516	461	67	58	549	424	617	2	273	593	81	510	345	282	339	317	583	268	306	415	110	318	570	412	237	436	86	474	576	247	372	202	167	120	521	238	593	188	547	416	420	486	494	352	256	373	203	646	173	311	374	216	344	378	640	609	530	323	153	368	45	122	180	70	306	137	344	588	546	358	523
27	314	602	110	649	595	429	533	303	198	452	308	23	503	495	617	394	627	434	252	403	622	343	334	0	250	619	368	637	299	262	349	136	442	93	422	2	626	78	206	575	581	547	65	239	85	272	307	386	175	572	98	215	191	261	472	503	210	425	604	75	18	30	303	521	320	511	411	60	515	171	385	463	1	14	328	31	435	58	399	57	321	304	191	525	596	312	457	445	328	79	607	49	534	584	39	511	33	285	497
240	358	47	138	165	371	392	473	204	90	302	237	556	352	590	387	538	122	269	39	397	311	53	11	95	0	566	327	450	536	191	325	303	379	479	318	393	490	534	441	641	319	243	499	251	134	500	495	312	88	1	21	216	289	609	175	623	151	172	374	495	463	403	584	528	24	600	166	312	17	104	15	62	135	308	190	630	170	268	122	291	467	224	577	157	229	367	602	524	614	17	389	309	56	596	341	606	553	1	158
543	601	275	160	581	388	73	349	84	644	427	312	429	345	253	530	367	80	123	276	141	154	581	542	371	373	0	29	484	233	459	425	421	140	613	229	272	391	56	610	486	153	538	449	498	444	343	130	143	608	577	340	514	18	156	634	348	122	460	554	310	542	366	620	493	210	553	65	307	475	178	131	146	495	425	522	89	130	585	481	412	255	489	593	593	490	136	563	619	159	480	336	106	122	338	147	163	362	27	237
563	514	636	138	320	558	579	463	546	273	322	408	106	574	471	141	117	247	83	436	500	568	34	50	28	569	67	0	59	72	32	441	251	550	120	12	72	179	116	350	375	455	332	427	6	482	115	268	340	3	271	551	50	377	227	122	190	47	500	295	258	607	386	629	350	259	433	29	161	496	237	512	417	196	512	220	60	452	78	429	104	503	643	15	227	342	84	286	95	322	431	449	547	523	152	419	291	436	623	555
508	519	55	398	621	312	615	226	333	300	626	114	453	170	266	304	503	138	74	457	410	476	269	312	391	107	192	467	0	174	145	47	609	434	599	465	514	373	220	601	611	368	606	519	108	407	79	61	357	301	477	513	115	136	186	213	455	2	310	17	211	10	621	24	363	45	530	1	375	10	153	213	405	459	614	254	530	200	241	142	86	598	17	297	479	104	139	181	479	385	151	331	542	245	76	260	30	444	275	379
461	215	261	405	187	616	622	223	590	514	94	128	157	522	507	98	252	408	107	342	17	140	596	297	452	449	124	22	301	0	105	384	552	561	72	230	204	27	292	34	421	596	376	395	9	333	551	94	373	618	60	569	279	209	389	380	87	513	408	584	251	25	102	207	145	588	450	282	613	1	12	372	413	240	534	333	177	132	643	197	93	376	633	368	54	44	241	11	325	464	126	311	73	15	613	433	606	479	590	485
174	495	535	273	458	480	352	618	284	647	483	333	167	313	559	95	609	377	150	397	248	15	645	51	198	263	92	599	19	205	0	178	444	10	459	148	163	74	64	12	134	205	605	455	357	146	283	605	262	238	137	502	260	92	173	553	540	473	639	381	261	337	200	569	304	408	288	545	217	163	184	512	642	491	455	262	286	612	528	179	579	439	371	169	526	476	48	213	397	188	437	183	8	373	618	534	481	543	251	185
4	548	606	189	315	55	383	387	308	365	447	204	495	579	137	472	167	16	156	95	234	432	286	377	37	73	133	523	268	292	121	0	416	237	57	448	253	618	606	295	274	178	547	540	629	200	388	579	328	268	411	469	602	466	597	581	436	140	41	383	496	166	300	234	569	357	366	88	275	619	630	333	35	10	529	350	202	313	155	531	88	231	62	63	582	60	154	277	30	495	465	304	6	380	103	634	133	208	482	141
593	210	49	206	91	175	477	418	100	528	582	488	314	490	220	78	355	427	611	460	477	224	63	582	205	250	251	25	507	595	431	233	0	40	584	50	361	152	28	282	102	624	244	218	71	29	168	382	171	413	357	492	350	511	310	602	89	218	437	201	328	27	486	202	233	471	334	552	11	32	249	589	337	250	332	198	605	58	497	547	606	625	401	159	299	311	650	388	475	247	268	84	34	410	19	145	612	252	197	631
300	568	402	49	346	625	365	76	449	558	422	98	298	345	170	574	571	249	367	405	226	73	399	17	591	277	144	237	310	224	584	47	542	0	47	134	632	329	26	412	190	420	483	368	197	277	366	642	296	632	446	644	399	420	261	270	386	224	190	323	556	451	642	13	466	169	241	113	222	88	270	510	578	541	56	174	8	639	99	283	324	128	542	20	562	405	44	559	323	638	286	295	36	231	618	326	237	170	165	140
613	532	177	596	157	619	378	141	493	278	452	455	88	70	626	192	363	159	59	493	123	1	327	536	564	98	564	47	500	429	524	98	325	548	0	405	227	568	529	631	227	606	66	512	110	163	521	133	356	411	1	201	366	503	303	262	307	44	459	609	537	502	147	69	607	44	440	211	325	497	262	220	474	146	86	559	456	40	59	151	142	2	129	565	600	71	272	100	628	199	166	68	525	117	319	530	559	425	548	10
178	124	40	378	81	144	204	280	446	226	442	566	381	379	437	9	334	638	474	109	266	79	469	413	517	137	84	432	135	425	180	64	109	391	122	0	96	468	432	66	567	360	352	80	369	286	405	276	425	600	590	185	30	195	583	595	311	592	595	599	260	421	248	371	602	230	639	247	76	90	601	357	421	506	315	225	613	63	441	419	618	248	603	156	545	39	184	541	588	440	550	155	377	495	551	541	389	506	106	442
525	645	364	634	388	452	611	168	482	291	307	346	131	492	56	225	493	306	58	215	621	598	343	112	628	99	150	66	253	492	576	511	1	551	506	3	0	173	164	430	212	349	186	340	177	320	494	356	121	33	404	130	603	85	5	141	169	585	310	425	232	375	66	599	440	286	612	89	185	21	83	94	178	169	322	645	397	404	340	545	595	223	23	298	515	548	466	113	41	619	544	500	29	646	454	619	138	448	237	421
71	366	71	71	602	64	329	462	307	109	300	56	281	213	201	103	552	548	458	516	493	14	208	620	547	148	171	388	165	232	578	130	516	259	500	500	254	0	30	61	148	634	536	18	180	179	609	71	200	150	462	507	32	492	43	291	42	327	304	467	313	501	324	146	555	384	213	593	29	122	433	270	89	480	434	101	563	289	182	223	275	177	506	316	205	180	262	475	6	285	506	260	579	506	530	360	570	575	550	317
378	412	167	73	130	282	495	362	50	77	236	508	84	453	70	550	431	106	19	163	421	648	516	345	91	205	461	108	93	15	327	293	312	372	459	1	347	190	0	571	155	3	255	99	170	582	316	454	169	634	300	541	601	330	61	162	313	318	597	568	104	513	71	132	33	213	363	545	7	302	114	255	563	361	345	601	554	205	568	103	256	442	311	187	504	466	9	529	94	152	396	601	284	299	179	440	567	102	135	101
592	183	228	296	255	620	103	49	542	8	411	443	364	559	280	457	327	395	508	406	645	539	568	210	415	637	6	215	388	397	153	525	337	648	547	106	622	237	480	0	199	232	394	412	492	221	360	356	523	196	195	466	426	462	165	382	444	77	229	301	342	255	433	215	560	473	207	202	497	160	428	138	99	183	468	485	474	122	225	102	384	166	234	382	286	203	60	561	453	203	348	335	69	345	273	494	27	411	232	358
265	188	585	580	391	311	207	247	131	8	61	487	257	432	82	435	5	105	516	55	647	271	521	533	109	188	138	278	595	458	263	585	580	541	505	454	248	411	102	476	0	379	110	586	295	576	153	582	490	170	549	205	188	634	142	101	536	358	649	595	601	267	171	299	555	367	617	486	614	162	397	429	74	42	622	632	503	362	63	335	385	427	566	224	632	477	578	612	439	545	513	636	446	209	424	505	552	528	574	462
374	9	588	232	460	155	601	151	47	41	8	383	58	232	302	533	215	17	425	504	293	67	230	424	198	492	522	197	17	528	451	19	255	390	601	471	622	46	370	320	416	0	545	237	409	275	297	271	342	567	372	533	563	423	328	391	293	148	595	646	601	507	187	342	85	11	230	586	192	387	300	610	24	558	462	240	155	634	119	425	83	140	330	562	399	489	468	482	564	333	134	289	308	127	574	8	487	118	20	142
609	106	67	250	406	525	364	136	150	513	478	86	557	396	139	332	131	317	389	451	500	37	561	557	363	426	524	492	463	215	285	626	621	640	356	68	331	158	273	472	113	588	0	259	474	507	247	502	194	548	584	358	74	92	576	355	197	205	556	576	245	171	423	39	113	623	298	11	415	315	531	475	195	269	67	622	317	132	107	336	416	414	175	393	113	4	573	367	55	598	123	551	128	419	612	620	229	101	175	568
409	445	2	122	143	9	500	346	148	157	628	103	232	404	110	533	481	584	8	3	33	488	96	216	255	424	150	523	395	53	275	538	312	473	41	621	241	526	240	172	477	426	512	0	567	483	383	205	500	368	586	289	66	208	148	540	185	530	239	361	95	280	228	260	1	237	508	319	7	361	330	490	282	648	78	16	624	257	405	431	280	260	330	338	407	470	470	631	207	440	571	141	148	213	471	128	119	413	223	432
606	14	81	239	338	390	325	602	79	218	433	532	492	60	222	439	29	354	526	4	645	123	191	448	462	479	468	46	441	526	10	426	161	633	577	211	575	136	390	586	21	473	161	269	0	394	559	569	90	468	357	566	440	505	627	519	378	32	119	393	280	480	390	336	426	511	477	621	360	203	441	264	6	473	2	603	194	416	107	537	252	635	383	125	203	193	546	640	176	131	136	5	132	20	275	62	272	504	11	153
360	530	480	155	486	508	377	47	85	580	532	293	126	37	57	451	363	644	552	60	145	149	641	98	21	473	64	580	3	642	108	108	554	334	74	395	291	560	126	130	147	508	54	490	493	0	314	434	146	237	76	440	312	35	264	147	644	347	19	442	519	386	602	358	182	102	536	120	79	230	232	468	173	384	251	613	574	241	226	613	26	342	416	152	529	36	109	347	492	7	2	451	356	406	616	217	376	506	294	320
535	239	169	439	569	346	188	637	539	260	205	218	317	556	110	493	73	561	596	476	147	265	28	462	115	510	103	154	420	19	321	591	131	125	102	561	547	554	237	468	157	14	137	598	437	17	0	219	599	189	553	519	75	295	35	218	469	286	119	213	125	1	305	619	507	232	25	102	39	115	322	304	320	170	166	127	244	316	588	419	600	589	611	617	3	528	136	179	255	154	588	116	470	552	11	410	556	98	321	191
80	522	82	518	522	77	251	157	527	243	316	449	126	89	102	457	599	597	230	512	353	126	541	544	315	79	347	141	521	170	110	417	87	465	518	533	372	263	513	320	449	318	263	452	470	592	528	0	289	553	375	571	231	527	49	391	110	452	39	44	21	380	410	252	58	479	428	460	556	142	45	553	525	79	35	276	517	207	230	534	187	365	178	301	15	14	167	94	391	629	256	314	334	495	418	477	52	584	650	107
166	373	39	483	537	87	208	549	282	509	49	205	485	285	413	633	39	45	472	131	154	598	458	304	29	362	475	593	438	344	104	521	254	505	134	632	113	567	273	625	599	12	486	450	581	316	430	272	0	6	184	411	442	125	585	593	204	310	145	348	28	579	176	83	308	30	421	175	564	241	546	133	422	320	484	520	39	393	415	523	291	339	345	358	387	464	227	347	542	78	101	497	42	174	510	583	502	32	373	124
126	52	574	572	409	34	129	360	248	400	385	330	344	253	369	124	444	572	447	231	75	116	431	354	643	487	22	565	333	559	43	258	129	475	346	292	514	157	648	33	332	642	340	56	568	302	314	289	149	0	253	223	396	341	635	495	490	223	498	148	460	518	64	32	571	401	357	363	521	301	366	195	324	455	566	617	541	163	508	446	645	242	163	581	191	234	233	383	182	238	368	68	5	21	279	380	312	592	72	544
243	1	102	332	433	227	300	22	623	474	57	112	325	109	211	629	141	587	278	371	257	294	498	242	495	305	226	445	294	361	91	363	265	513	593	549	477	152	455	547	422	325	378	181	56	390	332	645	535	296	0	632	161	161	54	432	226	250	179	580	563	110	305	209	91	91	540	282	598	610	467	219	296	271	555	253	516	370	497	140	404	361	512	68	182	440	72	190	221	544	503	553	483	53	317	71	419	188	493	552
243	623	315	414	159	214	82	514	648	510	480	344	411	645	136	531	353	635	341	444	114	392	91	198	345	619	99	346	204	540	103	383	271	441	207	80	172	200	99	536	186	552	517	53	187	2	338	471	284	622	423	0	38	565	578	80	126	526	186	355	249	497	71	162	17	260	293	559	445	110	19	397	197	199	563	278	280	262	151	39	403	343	149	225	69	267	201	224	273	643	163	621	470	325	30	469	45	399	467	37
371	243	181	602	318	206	595	550	76	282	34	581	565	639	471	200	587	164	585	39	278	616	37	258	198	493	173	512	139	383	245	616	343	504	623	602	41	223	35	434	571	176	503	29	472	17	4	293	345	473	97	70	0	60	76	91	155	453	623	642	249	99	187	431	589	245	76	9	51	258	299	590	545	201	18	292	355	236	4	392	399	280	297	453	291	598	603	479	155	209	626	9	568	121	248	492	160	165	371	94
626	195	125	498	20	494	313	578	152	563	320	377	32	252	482	306	191	164	634	83	488	469	162	379	387	360	135	60	145	380	259	161	406	444	472	504	329	270	309	610	91	581	419	434	19	210	306	617	45	435	535	646	471	0	76	396	342	237	134	10	125	568	409	207	363	317	566	308	78	536	2	324	581	357	348	25	476	134	444	196	432	41	77	59	161	499	388	20	536	126	633	112	42	301	43	400	59	615	219	616
174	560	589	524	430	260	428	632	382	34	463	396	482	79	372	187	617	276	54	414	69	415	517	98	225	619	46	13	555	609	430	628	573	274	542	342	243	567	551	103	226	585	406	117	128	418	24	22	485	181	617	235	580	606	0	156	135	618	198	59	14	162	59	123	392	551	576	322	396	453	407	638	615	243	98	322	263	322	152	575	560	201	124	471	510	620	207	435	523	617	30	417	51	460	82	298	469	335	95	466
588	615	126	449	566	114	215	324	114	201	309	215	237	379	228	435	302	585	386	167	393	487	282	324	293	243	540	87	1	195	177	167	234	595	530	222	356	365	521	130	550	81	4	32	111	612	429	323	523	52	102	249	114	443	619	0	39	250	549	519	485	645	453	602	576	282	591	12	364	603	217	218	254	387	603	420	650	277	149	381	54	235	165	413	176	645	609	218	309	624	614	82	601	633	218	17	124	496	175	110
365	493	90	133	461	429	620	41	495	197	646	160	222	231	491	291	615	537	130	260	478	37	65	479	617	246	10	390	41	344	361	462	438	226	105	31	431	449	170	472	433	585	532	487	62	69	104	149	289	579	296	95	301	201	340	237	0	486	302	182	352	222	414	17	299	1	400	354	101	400	283	471	80	624	563	324	185	78	491	131	406	189	493	301	289	252	7	471	361	429	1	402	322	177	253	566	538	395	467	20
53	368	191	196	60	385	183	96	41	491	555	119	543	637	495	331	265	265	269	243	67	34	253	231	419	525	363	235	542	407	306	269	300	81	258	95	321	33	335	315	252	494	35	517	229	557	337	342	605	190	511	556	446	538	377	104	232	0	350	340	580	280	257	265	185	41	440	118	592	58	533	459	455	297	44	293	503	457	611	594	346	554	553	382	349	171	565	223	478	263	274	647	623	169	177	310	59	58	580	52
159	462	426	50	311	531	634	405	491	205	176	142	312	624	602	262	649	585	146	450	160	75	273	101	590	59	22	414	650	74	279	46	512	77	113	518	368	638	525	240	260	225	70	502	463	50	324	469	254	61	475	569	182	548	621	246	544	42	0	344	409	75	59	90	492	439	107	411	542	126	164	75	322	7	102	253	23	597	294	94	552	519	102	118	501	587	38	259	49	402	611	488	473	274	36	489	204	634	417	19
69	444	455	505	78	281	469	412	278	92	490	562	491	398	30	116	546	57	92	253	188	553	350	516	577	113	257	599	621	27	349	234	107	419	136	209	189	364	96	44	67	373	567	580	447	572	318	118	284	496	73	139	610	57	108	604	300	544	578	0	569	475	549	169	182	599	60	11	453	207	251	477	566	226	496	21	196	51	331	580	479	550	505	99	382	607	576	103	592	175	74	170	333	284	639	615	92	338	156	397
194	336	481	175	192	48	414	15	456	556	311	131	6	595	79	559	122	111	226	430	28	325	342	32	348	622	429	280	350	419	344	79	282	197	392	186	220	536	43	480	65	371	562	353	38	563	638	270	169	394	537	411	38	333	552	254	45	474	285	622	0	490	503	96	246	524	122	22	430	314	496	181	242	184	274	57	585	364	540	621	383	9	606	117	555	621	632	134	378	509	252	362	357	169	467	542	373	467	1	266
298	105	20	193	48	285	616	442	478	435	95	211	518	149	25	104	631	231	566	177	447	319	421	514	82	251	63	5	354	257	103	181	54	581	505	94	310	510	632	282	61	187	641	465	279	277	352	468	351	30	175	191	132	491	73	329	60	608	207	541	290	0	256	70	468	298	263	444	123	325	395	199	555	417	315	396	16	627	80	66	410	105	354	384	197	276	275	459	466	126	19	582	425	136	341	94	331	198	108	249
548	592	116	381	281	146	335	9	527	233	352	251	399	610	74	144	183	248	314	240	382	466	86	80	467	468	171	326	520	104	624	379	334	392	255	117	239	427	9	272	497	263	89	484	385	475	47	595	92	22	527	331	621	317	386	508	557	308	467	342	154	620	0	483	584	47	174	22	359	53	475	369	204	13	56	407	628	332	352	454	647	243	375	432	615	57	108	531	510	106	572	79	373	512	445	145	375	248	366	504
410	233	617	345	521	15	160	321	329	372	626	631	400	144	208	132	288	304	587	119	493	53	190	196	420	418	644	369	606	601	401	507	58	590	133	590	444	220	309	332	197	405	457	639	605	465	647	483	27	142	126	454	218	25	357	298	93	33	174	126	647	326	153	0	555	1	432	228	235	487	578	332	250	428	295	460	239	123	397	474	218	441	27	271	131	239	444	334	400	60	208	261	452	245	46	332	534	2	252	606
285	189	499	260	115	397	498	143	345	177	14	272	181	173	587	197	565	512	383	220	72	599	257	458	59	534	49	95	359	389	633	514	362	210	562	276	401	355	409	33	262	643	2	444	600	601	125	153	28	223	57	238	627	555	404	281	291	572	384	199	326	69	328	29	0	395	293	183	9	351	453	422	355	338	193	560	119	371	252	648	110	200	11	247	68	593	30	518	367	457	343	486	561	17	152	618	240	634	638	554
78	136	566	525	280	536	466	248	460	639	485	110	121	175	575	148	62	524	133	464	12	322	287	376	284	367	478	99	354	601	446	106	247	248	109	647	610	197	649	110	591	123	444	176	26	122	402	288	420	404	380	241	426	250	336	589	592	217	124	159	484	450	216	525	100	0	440	155	570	257	167	379	220	334	636	101	490	170	167	642	590	312	222	187	590	625	180	552	521	447	589	84	449	310	276	402	235	615	348	236
551	257	311	17	371	134	451	136	500	534	77	323	578	279	394	430	251	521	47	33	532	358	215	619	422	529	624	206	86	325	21	288	395	419	48	62	345	435	384	389	3	419	21	205	60	593	407	336	100	543	348	559	602	466	472	47	625	359	465	282	361	213	460	208	387	367	0	133	377	431	412	307	346	355	350	467	108	264	213	364	297	338	97	206	525	325	548	480	110	166	262	340	488	616	620	442	256	371	359	365
350	93	21	608	495	387	107	296	105	568	339	269	140	609	616	148	395	243	395	521	644	184	559	426	478	593	13	250	51	334	9	69	171	558	607	613	254	524	351	396	413	544	63	271	101	275	186	348	577	444	561	377	403	200	69	3	627	450	39	636	275	335	51	4	261	548	204	0	115	513	229	649	190	567	43	383	582	169	28	105	109	143	67	388	255	441	57	50	89	14	195	639	413	52	249	637	275	311	426	208
595	92	475	614	313	201	496	115	231	517	166	579	261	288	616	270	613	227	386	439	355	289	311	205	185	193	44	256	288	157	231	432	33	574	36	486	574	66	166	607	43	225	608	504	16	87	346	633	169	60	231	245	244	69	553	100	8	478	329	549	369	597	545	367	585	403	157	505	0	288	296	479	253	534	181	594	163	277	10	495	605	212	376	470	433	411	595	432	400	347	534	534	377	617	150	152	367	521	514	274
362	463	535	587	124	113	160	562	641	333	541	353	340	351	102	404	28	89	646	504	439	534	289	308	88	480	559	194	429	151	465	550	362	77	245	573	302	573	643	619	489	76	640	92	97	255	365	168	310	147	300	143	343	380	314	147	384	371	294	582	179	132	423	248	412	646	259	132	530	0	47	44	467	489	569	244	586	212	27	33	260	457	137	194	223	311	129	598	260	554	601	5	118	351	426	223	413	309	597	282
441	158	96	264	40	616	452	375	186	305	288	466	104	62	603	442	260	320	320	505	486	255	379	390	279	220	217	364	57	21	126	414	317	167	66	122	408	130	368	60	530	309	494	389	58	203	383	135	609	102	534	259	554	410	531	247	420	607	19	307	36	132	304	410	616	513	264	313	236	30	0	98	373	489	216	462	500	148	600	490	632	380	499	637	382	122	577	225	531	305	103	467	429	23	34	183	401	80	345	148
217	530	409	455	99	535	323	325	618	159	522	533	302	2	190	338	599	643	624	307	627	395	385	499	467	494	94	615	55	523	72	559	520	133	125	249	141	543	182	35	84	245	599	438	365	374	79	34	203	123	278	603	246	105	50	598	95	35	601	514	46	351	437	103	299	132	521	288	598	59	25	0	312	440	210	44	589	237	545	186	333	118	88	270	311	102	175	402	222	145	217	85	563	324	443	156	185	297	27	120
136	312	547	476	212	125	571	623	619	208	5	621	239	10	180	551	437	372	352	603	175	547	84	246	179	579	564	554	219	361	237	276	550	173	74	518	324	278	486	212	595	131	538	252	406	527	612	292	239	600	275	516	423	481	265	428	208	29	476	207	609	118	414	236	61	294	53	109	70	532	239	565	0	620	262	450	507	146	215	236	395	561	185	44	45	470	563	100	588	173	81	181	49	441	324	286	199	233	520	558
641	272	472	529	266	320	607	431	634	40	134	451	529	147	118	146	622	498	166	2	255	191	526	329	261	182	461	84	8	50	341	156	361	231	276	133	48	577	485	372	592	59	390	92	269	110	206	534	117	605	287	433	360	537	491	23	67	294	33	437	122	266	171	193	279	320	167	149	496	341	81	467	379	0	346	535	218	526	476	298	577	608	59	365	490	475	241	226	453	299	447	598	81	511	258	629	50	362	404	310
577	285	22	56	73	35	148	396	12	5	399	255	344	168	571	42	577	467	641	84	427	154	205	277	487	466	619	182	334	91	577	349	357	203	262	474	277	478	567	596	584	320	367	276	95	433	367	107	122	59	263	276	148	620	107	27	580	199	216	236	275	463	609	241	507	185	422	331	37	555	597	23	95	116	0	292	341	320	450	189	572	535	620	505	78	313	400	55	142	241	42	331	371	426	274	318	87	563	396	287
343	282	516	37	520	488	283	230	609	479	630	457	71	144	282	381	29	360	536	182	603	301	105	192	285	557	5	418	155	227	396	155	207	270	448	134	498	487	256	368	157	278	577	649	254	378	642	105	602	527	202	579	170	499	154	286	222	408	523	361	49	183	335	536	111	585	206	284	67	342	635	34	31	461	447	0	229	223	648	339	156	378	313	571	473	88	162	80	260	506	384	480	649	287	345	487	41	529	489	29
584	41	112	569	400	123	115	483	190	581	109	386	588	340	345	291	625	314	131	340	174	436	313	569	386	273	617	400	107	136	638	61	45	391	49	193	599	216	573	1	647	74	355	466	200	82	163	478	63	601	218	431	58	176	456	390	72	293	469	15	577	578	628	55	326	264	481	131	229	328	38	603	494	93	398	446	0	64	234	412	570	597	509	168	183	455	115	330	292	158	428	124	638	421	404	643	488	123	209	636
619	625	92	277	237	307	234	280	598	146	530	83	144	305	4	17	409	564	41	170	348	82	81	121	56	524	343	80	449	579	457	423	600	211	620	156	570	347	565	147	21	526	577	386	591	33	128	282	116	99	588	269	495	457	61	239	103	446	597	389	24	176	571	212	157	126	646	466	435	514	163	75	24	326	306	114	644	0	115	69	233	591	303	528	480	215	604	616	557	225	389	372	524	568	37	570	468	56	578	406
89	320	577	201	42	427	128	169	251	296	71	411	469	72	610	202	336	495	271	478	7	182	27	80	76	415	148	610	410	646	271	479	619	537	584	212	380	535	189	610	614	74	531	99	194	540	97	420	602	547	3	20	506	643	265	510	447	202	163	95	300	333	535	158	643	225	367	313	470	584	528	139	22	378	552	379	149	272	0	346	395	648	499	585	296	34	245	264	392	314	319	633	335	270	385	467	83	328	601	437
72	65	648	418	51	428	632	402	121	464	102	252	56	328	557	290	420	305	615	583	51	104	315	337	468	474	496	64	564	289	438	521	382	154	79	399	525	74	604	44	436	454	345	476	178	251	138	79	384	314	99	433	466	332	273	423	401	226	158	461	551	272	325	207	311	461	77	135	282	450	147	380	547	172	567	73	215	185	598	0	351	358	352	432	460	348	456	513	522	353	357	412	359	270	111	15	647	586	445	417
98	563	152	388	504	202	362	361	601	41	233	397	534	453	525	599	232	43	25	419	631	349	59	237	247	49	289	324	42	555	601	289	403	550	322	238	621	628	449	173	118	420	412	90	203	548	296	41	480	621	12	117	31	349	313	638	489	422	351	555	291	608	439	380	111	63	154	69	40	326	413	618	15	9	103	20	649	9	136	240	0	245	353	643	559	315	641	115	444	464	375	35	114	453	340	377	618	204	109	423
603	408	567	619	354	559	246	290	552	237	501	286	257	338	260	189	36	219	170	32	269	267	366	42	334	234	396	282	77	228	358	248	280	458	62	546	578	463	471	181	553	578	150	355	143	608	283	491	88	367	241	214	543	354	215	89	405	427	479	507	251	615	205	647	103	333	560	622	407	128	317	214	529	397	222	489	172	458	75	160	602	0	402	51	458	381	602	143	11	585	476	589	392	535	149	14	50	313	635	289
555	550	645	135	328	357	492	398	410	381	284	527	357	380	416	519	64	620	13	42	141	90	234	508	642	338	627	301	612	416	612	175	485	108	21	449	24	269	543	359	263	459	130	411	434	87	527	333	401	88	434	323	529	314	122	152	399	430	585	244	272	39	264	418	286	140	238	403	242	55	610	270	574	347	322	583	243	404	351	413	240	188	0	127	329	508	433	404	199	594	389	333	259	110	400	294	184	196	228	472
454	371	338	137	434	211	329	34	611	288	373	107	27	113	270	313	304	556	137	306	324	415	67	237	148	33	108	355	394	572	475	521	643	459	467	412	168	519	121	192	334	41	293	99	318	234	419	281	508	555	589	3	462	557	252	387	465	7	349	439	569	557	584	250	308	25	591	339	439	211	290	403	139	583	584	4	252	446	50	565	232	638	54	0	297	341	499	348	340	587	275	636	169	157	325	6	101	395	88	648
377	234	50	323	135	375	1	410	223	337	527	625	299	116	180	627	159	20	163	418	145	379	423	41	277	413	438	542	282	28	504	267	227	81	580	498	41	530	360	71	403	573	169	42	568	425	529	191	94	239	59	370	445	148	179	279	395	441	2	94	636	39	447	99	125	333	552	234	554	119	520	403	464	16	485	200	361	532	402	88	636	634	320	24	0	421	277	424	181	222	86	18	317	387	42	520	215	580	270	414
67	97	588	480	220	647	622	141	590	46	460	645	294	402	304	524	367	646	576	568	632	58	544	1	223	237	427	33	409	224	627	340	579	24	565	41	380	295	489	635	191	530	2	568	647	358	25	185	385	243	645	243	609	132	570	378	269	411	634	451	57	221	423	106	90	61	229	336	5	19	186	368	182	565	591	318	266	291	358	275	602	106	248	595	5	0	237	463	256	271	220	219	74	103	471	249	153	188	358	118
516	285	392	432	646	27	153	111	638	32	128	69	526	386	14	246	412	43	519	617	578	524	491	178	139	148	38	275	263	523	135	201	109	629	111	50	156	43	19	58	301	597	58	218	525	506	176	141	490	409	233	91	583	41	529	345	83	458	335	441	631	621	596	196	188	302	279	597	71	499	617	248	501	219	458	482	521	520	69	74	299	456	328	110	121	510	0	222	169	77	112	46	512	326	337	292	107	237	516	211
380	521	461	611	232	244	59	538	118	199	9	201	353	6	252	93	508	279	9	305	4	245	68	615	128	638	616	249	509	417	243	573	332	500	306	40	279	223	615	233	495	310	82	586	426	243	464	23	363	138	120	481	367	294	218	85	10	502	528	357	268	475	155	164	186	457	645	164	142	563	509	198	463	451	320	303	246	323	40	468	445	381	344	482	57	135	25	0	479	506	417	594	82	423	362	189	191	136	281	118
491	580	167	560	619	635	48	641	381	627	397	190	405	310	279	447	377	498	525	18	57	507	144	100	497	512	480	641	488	79	543	441	562	469	516	587	557	282	453	482	351	80	287	104	275	5	540	199	65	643	626	500	310	14	392	599	447	251	40	480	324	195	621	226	518	543	617	467	452	250	521	125	262	290	245	418	603	567	592	406	46	105	20	556	385	196	537	133	0	488	57	456	233	189	111	228	199	447	163	471
631	143	41	101	464	369	633	474	176	499	105	330	405	72	393	92	643	581	275	439	147	418	565	245	480	171	416	266	34	467	29	204	29	417	131	487	334	276	608	517	233	40	357	214	92	402	539	115	548	195	136	4	112	367	513	372	291	469	552	561	342	518	269	88	59	147	19	582	341	389	107	612	369	85	367	438	147	12	122	526	339	58	22	53	170	295	102	379	534	0	37	404	432	509	270	108	410	152	260	244
566	345	45	333	173	60	433	215	452	524	547	193	327	460	634	387	237	184	147	186	8	299	161	229	360	313	9	111	596	76	304	88	429	18	77	650	239	233	438	246	431	627	302	500	24	589	418	151	630	290	153	629	298	387	592	20	147	393	371	519	546	290	9	55	166	286	176	451	424	384	210	500	305	169	112	517	203	282	342	26	179	281	500	524	527	151	179	25	13	649	0	162	390	113	522	358	438	216	211	600
169	280	32	418	210	469	378	140	110	355	406	314	506	317	256	349	114	572	337	366	599	153	77	532	592	309	99	234	13	291	512	327	23	419	513	562	314	561	527	606	312	551	623	67	481	180	24	104	278	52	555	396	534	541	410	194	582	502	463	165	45	162	35	403	539	634	467	574	342	81	193	604	171	212	57	578	249	462	187	347	370	159	524	98	365	424	486	252	428	135	386	0	545	254	20	344	574	380	174	444
359	388	316	73	109	482	10	255	94	622	344	471	626	534	194	114	620	328	369	230	248	535	613	84	431	613	67	219	208	116	290	251	39	497	14	4	375	155	102	341	419	517	314	133	350	209	142	416	505	512	305	489	293	419	169	287	422	415	539	92	196	150	68	393	457	117	150	20	199	358	294	436	230	371	263	132	585	264	159	296	77	443	417	386	128	601	52	271	68	328	470	419	0	451	180	516	205	17	292	3
409	147	375	454	70	39	547	25	383	55	624	505	450	382	457	32	284	64	74	395	49	420	213	564	47	161	129	492	502	44	520	498	508	492	170	238	615	435	572	225	626	518	23	237	638	170	11	57	586	258	257	249	312	625	648	132	16	155	601	492	65	456	459	456	368	649	66	262	1	53	337	376	155	355	614	497	336	173	594	321	377	225	224	246	305	136	509	566	527	309	212	545	173	0	251	174	558	581	113	513
132	324	165	581	175	142	145	514	544	468	273	591	381	518	50	283	395	124	243	145	618	265	201	390	461	243	235	131	630	297	593	516	421	618	481	62	42	292	554	590	92	588	466	415	546	145	294	476	129	184	325	321	520	110	79	330	35	429	139	476	120	269	67	202	612	382	256	78	528	628	649	35	72	567	411	370	645	598	537	551	598	249	251	256	195	212	156	634	566	185	510	436	55	536	0	506	5	38	421	326
21	579	339	612	1	538	507	634	412	366	466	446	450	197	252	363	83	40	75	358	300	120	48	597	92	555	64	286	212	26	427	452	338	27	511	587	505	50	198	629	536	223	597	274	42	538	77	575	618	579	245	301	624	20	193	532	438	214	437	185	401	119	281	426	179	572	472	558	567	62	164	235	363	273	609	331	200	424	445	600	595	424	533	108	508	35	603	170	214	128	303	99	593	442	242	0	637	285	639	257
394	44	329	289	624	127	142	42	4	183	406	537	398	265	182	396	502	193	492	152	332	461	537	263	492	18	90	179	3	83	318	392	253	127	106	563	217	104	392	199	478	490	173	540	303	80	226	30	428	496	106	329	395	549	421	603	475	199	481	234	480	398	581	511	101	514	573	279	640	195	338	358	333	462	3	496	524	375	28	570	352	309	219	232	120	404	452	478	617	448	101	346	74	16	250	414	0	180	222	538
483	625	415	238	375	583	194	66	206	313	542	641	463	110	598	328	599	347	567	240	202	32	366	265	646	271	380	447	624	5	550	176	512	100	217	560	127	127	508	444	223	542	139	268	604	106	323	482	347	322	626	607	242	34	382	593	405	399	215	232	94	276	504	413	98	190	189	58	76	579	336	373	320	506	154	343	158	225	202	502	229	204	140	203	226	168	354	604	8	43	82	497	304	612	218	426	420	0	231	104
27	279	48	638	201	237	240	92	380	420	629	419	23	66	636	451	428	220	593	121	36	196	297	639	576	629	122	608	515	468	4	448	421	647	146	562	352	42	622	395	576	336	317	587	216	70	438	477	620	296	447	11	615	204	517	127	126	166	342	574	35	233	503	81	23	264	374	537	207	501	38	374	409	256	65	526	604	485	169	109	605	471	573	490	487	614	61	537	527	54	44	350	110	394	404	312	39	531	0	74
311	428	120	314	351	97	275	489	612	635	158	100	38	334	25	154	398	591	512	223	358	598	302	32	209	400	277	198	251	613	183	410	445	579	84	348	31	610	216	502	398	374	105	595	168	116	435	389	540	162	352	574	426	524	387	422	119	199	312	211	44	255	364	509	184	110	279	456	343	551	531	141	330	218	225	288	371	558	116	623	179	330	349	340	314	395	235	17	254	112	160	585	84	493	524	25	580	280	534	0
