A	B	C	D	E	F	G	H	I	J	K	L	M	N	O	P	Q	R	S	T	U	V	W	X	Y	Z	AA	AB	AC	AD	AE	AF	AG	AH	AI	AJ	AK	AL	AM	AN	AO	AP	AQ	AR	AS	AT	AU	AV	AW	AX	AY	AZ	BA	BB	BC	BD	BE	BF	BG	BH	BI	BJ	BK	BL	BM	BN	BO	BP	BQ	BR	BS	BT	BU	BV	BW	BX	BY	BZ	CA	CB	CC	CD	CE	CF	CG	CH	CI	CJ	CK	CL	CM	CN	CO	CP	CQ	CR	CS	CT	CU	CV
0	64	71	131	62	97	118	98	64	19	113	116	71	41	103	83	91	106	163	174	91	134	55	2	122	59	150	102	43	166	118	61	42	24	81	79	43	126	126	153	160	141	9	143	26	94	179	154	3	84	65	75	23	126	121	58	68	24	32	121	117	11	170	4	96	57	168	123	89	144	60	164	95	135	51	18	43	165	59	111	110	66	159	21	169	150	22	63	11	10	24	91	164	60	44	23	19	72	171	93
172	0	40	153	91	45	99	154	172	159	2	7	117	23	113	109	114	7	59	100	108	123	52	29	16	72	6	89	151	122	8	131	169	160	178	66	25	67	140	3	155	120	55	1	83	143	90	128	134	19	48	171	88	19	33	157	172	106	81	22	91	164	124	57	113	146	6	120	136	42	73	122	54	23	63	43	43	124	56	5	6	125	139	90	165	8	79	98	65	158	57	160	168	168	48	119	65	112	58	179
59	23	0	66	73	22	98	156	17	12	31	15	174	53	48	24	41	58	164	148	176	23	163	43	44	46	53	63	143	5	77	106	174	11	143	122	120	105	152	16	123	17	165	99	57	86	72	113	126	134	7	114	137	106	6	91	60	163	34	132	166	23	114	163	135	94	90	115	142	152	127	133	119	137	117	82	51	127	78	46	45	88	174	99	98	167	132	142	121	94	178	136	78	36	62	69	112	91	82	134
176	88	28	0	68	151	152	75	92	41	4	68	95	150	31	175	105	31	55	39	144	160	156	62	31	28	115	93	99	36	150	104	76	143	138	3	104	43	51	9	81	59	29	136	12	108	121	28	154	22	104	86	106	34	67	45	93	173	170	76	40	73	35	73	169	17	43	28	6	149	16	168	142	19	142	89	162	109	70	142	22	26	41	153	117	18	84	101	7	155	143	76	129	58	18	25	36	18	143	89
143	174	141	90	0	39	60	110	151	127	143	155	142	48	38	110	116	79	48	165	113	98	178	51	26	51	50	177	52	50	115	177	32	131	43	120	107	178	73	7	110	110	54	16	109	87	134	4	124	111	28	78	18	41	51	72	158	40	147	108	146	174	103	1	50	104	176	122	39	153	120	126	74	117	12	73	28	13	63	72	126	20	100	13	160	3	124	82	62	107	154	178	59	172	152	139	179	140	21	116
35	136	121	59	94	0	85	99	49	143	141	95	10	70	41	173	63	174	32	87	21	15	148	81	41	1	120	111	128	165	59	139	165	53	176	97	84	123	96	169	150	6	82	19	99	51	153	140	35	101	28	146	11	136	121	78	157	162	147	39	63	87	139	170	161	32	27	176	85	149	15	118	134	73	89	150	143	84	158	173	61	96	17	155	2	124	90	4	150	7	163	77	122	157	142	171	82	117	171	151
20	130	177	161	83	1	0	43	179	111	143	138	123	16	107	63	177	31	2	94	95	58	90	19	37	84	87	92	12	120	49	175	178	131	93	164	41	135	78	36	95	119	17	177	19	151	85	19	103	14	101	114	69	32	140	105	116	179	75	179	159	76	123	76	122	89	15	174	81	105	100	63	73	7	44	34	16	171	4	173	110	77	101	14	105	95	145	108	31	3	28	96	25	125	63	31	87	7	109	10
70	11	108	99	21	29	159	0	137	143	63	28	99	135	89	128	5	111	175	114	154	119	69	167	119	4	152	35	16	13	16	106	95	59	83	88	54	125	75	18	97	158	7	67	103	2	54	68	168	85	11	66	39	143	60	25	71	125	60	125	117	109	44	16	134	167	27	178	38	175	31	160	146	44	80	111	46	167	106	11	87	116	51	110	156	159	11	160	129	148	141	53	78	12	121	29	140	139	1	16
160	121	131	113	132	137	109	163	0	116	112	115	45	75	131	76	27	53	174	91	31	124	66	176	139	65	152	95	145	40	57	12	35	52	112	73	112	102	7	118	97	52	80	9	97	151	19	30	5	80	100	166	68	92	47	157	17	93	36	92	47	106	96	113	173	20	72	104	83	22	143	175	97	65	158	149	62	14	67	110	23	154	44	178	93	27	120	179	111	23	131	46	32	105	55	102	133	56	121	141
133	3	65	36	128	134	143	15	39	0	64	19	8	153	5	135	52	135	54	29	51	17	40	56	162	93	3	14	70	24	94	25	49	30	125	137	73	76	5	4	16	60	71	73	114	17	158	12	146	27	176	51	35	143	113	9	100	75	19	70	13	131	58	102	73	37	30	54	16	73	128	73	172	70	130	140	34	77	55	72	51	94	146	150	160	130	15	79	31	165	171	153	15	93	134	70	6	23	23	52
134	30	17	141	27	172	46	8	91	161	0	110	19	85	113	81	113	106	104	122	49	63	123	49	3	76	154	137	18	118	1	83	22	54	12	123	119	70	115	133	101	85	111	75	101	156	136	94	4	175	51	80	59	152	112	39	146	146	57	38	80	91	154	2	136	100	136	65	14	127	100	165	146	111	4	160	166	101	57	10	133	119	53	65	107	79	15	51	171	9	122	59	18	59	157	51	158	157	78	59
140	67	149	79	20	44	102	53	23	114	53	0	156	167	77	20	113	46	98	124	106	60	72	15	14	87	57	126	114	149	104	165	157	92	21	142	168	58	163	9	113	143	169	24	101	14	154	138	150	132	175	35	73	122	154	28	160	1	32	121	110	25	98	7	86	133	99	114	125	169	31	176	112	157	98	172	148	116	131	1	13	111	16	85	160	178	57	162	90	171	72	175	9	28	33	150	109	101	146	50
30	96	21	67	37	52	37	91	174	67	170	6	0	165	156	177	75	38	18	41	93	113	18	108	12	35	95	13	52	161	96	173	147	82	89	72	121	131	106	91	18	155	25	149	146	91	134	143	37	122	101	114	140	95	112	152	47	88	2	168	81	159	95	30	42	21	157	95	170	158	97	133	93	153	84	37	97	179	161	97	162	42	147	172	44	154	127	21	83	61	39	53	98	9	54	33	118	71	148	38
148	31	63	60	122	80	148	152	84	51	72	84	109	0	127	23	132	128	36	143	42	91	134	58	169	103	105	1	35	120	62	140	64	142	134	110	74	8	126	67	115	11	20	114	98	68	174	138	54	172	147	98	60	34	107	63	107	147	10	118	102	82	75	136	81	104	70	38	134	113	78	43	155	19	121	113	5	29	151	33	90	100	78	134	40	8	154	76	20	63	176	118	158	157	132	177	114	83	4	52
47	114	84	36	132	26	58	5	146	78	92	96	109	90	0	52	153	51	103	54	58	162	175	88	156	24	148	159	28	116	25	124	136	27	174	177	144	97	73	7	161	85	122	70	171	134	94	177	53	77	38	1	108	137	91	132	104	95	158	128	153	105	12	60	97	83	146	87	45	123	158	14	36	63	59	73	123	148	115	46	71	121	155	83	1	133	55	95	160	57	67	44	100	153	158	19	133	62	60	11
63	136	52	112	73	87	118	53	143	111	59	53	141	108	35	0	170	79	147	42	153	71	104	133	132	70	107	58	122	56	158	37	87	41	14	174	178	178	3	37	169	124	124	172	179	88	112	152	30	128	17	145	123	147	46	31	89	75	160	136	7	132	16	167	26	128	90	167	47	80	109	58	65	148	121	127	149	156	17	117	179	46	34	101	10	170	47	58	38	166	10	63	58	39	136	141	141	160	116	130
11	151	121	11	10	10	160	5	145	79	152	10	73	53	82	113	0	53	115	45	179	82	43	55	79	142	59	11	72	1	59	143	13	28	50	84	60	39	91	88	67	121	77	45	44	138	16	5	25	47	31	158	28	9	47	166	72	139	54	95	57	119	115	40	54	121	155	151	27	39	116	62	73	105	30	52	172	164	62	147	33	114	95	55	31	68	68	154	53	141	123	174	118	166	57	136	69	91	22	34
167	29	38	15	3	59	137	47	120	131	165	83	123	90	133	135	13	0	102	95	84	118	4	51	94	10	119	22	50	174	1	98	63	52	174	141	36	107	75	77	13	104	169	43	30	19	147	70	50	179	73	139	127	35	58	162	23	19	124	174	83	123	16	71	105	55	31	79	58	1	130	48	8	150	173	12	67	12	61	109	29	56	156	101	147	96	161	76	81	179	64	105	36	142	87	25	134	70	87	27
95	116	38	131	125	132	96	140	169	142	49	76	78	78	161	27	88	2	0	99	116	81	148	148	85	65	104	51	137	28	105	177	177	43	134	77	33	58	129	167	161	117	18	124	178	17	142	97	150	119	51	157	130	88	165	71	3	125	150	33	111	58	14	82	67	34	112	25	168	24	84	83	135	78	125	88	155	77	174	117	156	20	116	6	162	126	34	43	104	86	113	167	75	13	145	26	143	13	123	129
114	64	4	169	110	101	131	37	39	156	39	125	149	19	25	24	148	75	81	0	46	82	88	26	81	4	75	38	5	122	44	54	168	143	15	34	163	18	159	123	60	105	122	124	174	164	73	102	15	160	19	106	9	163	81	153	28	142	154	163	130	1	38	90	114	48	33	72	124	116	63	45	113	82	70	74	154	96	52	134	100	89	86	139	163	3	68	35	133	22	79	39	134	179	67	112	125	163	1	80
143	178	19	112	48	30	12	63	59	90	92	40	57	48	118	37	29	74	71	164	0	35	93	131	29	54	98	106	138	2	50	21	14	144	8	144	74	161	78	37	129	140	22	179	49	35	118	139	112	139	44	58	91	22	58	169	62	62	58	100	73	12	120	6	88	23	72	88	159	55	76	68	143	51	103	93	65	61	166	110	160	111	27	84	119	163	51	29	91	121	106	47	54	72	65	108	125	41	130	128
87	124	177	112	130	102	126	125	124	88	58	12	70	63	122	175	99	82	91	49	152	0	2	168	177	97	139	172	66	112	147	121	81	54	18	69	177	145	19	55	157	170	134	123	102	87	33	159	76	173	26	137	40	125	27	147	21	12	17	49	32	82	63	127	100	144	87	126	29	8	179	179	146	38	106	19	95	104	93	77	125	122	137	88	99	76	166	50	170	71	100	1	105	141	110	135	84	16	23	173
19	136	176	115	98	170	75	50	106	80	151	83	153	91	37	46	20	175	23	152	133	39	0	83	120	167	175	23	129	110	139	131	86	139	164	179	150	24	31	99	88	176	141	45	128	121	167	129	112	62	57	47	139	140	130	16	57	97	173	61	116	114	90	147	43	17	78	131	102	4	61	20	107	149	144	163	161	36	70	126	59	123	92	153	49	49	103	27	19	6	95	19	149	74	117	89	82	117	79	171
110	98	148	139	80	175	28	22	38	122	100	5	39	77	98	111	60	162	132	163	147	99	8	0	147	54	30	169	39	143	113	169	10	94	165	53	62	99	114	126	104	39	89	125	24	67	34	131	128	48	24	7	14	84	176	36	166	166	17	174	28	152	100	171	74	137	27	26	169	156	101	164	14	121	73	37	39	8	142	105	133	7	46	105	40	89	126	83	9	63	28	11	173	137	63	40	79	132	89	179
94	68	143	111	94	161	161	31	113	20	5	32	155	165	18	85	49	118	153	51	116	159	117	62	0	84	132	38	7	116	23	95	55	43	107	21	56	34	107	24	4	25	126	148	90	63	150	129	91	40	179	101	15	165	26	4	52	113	85	18	17	76	161	84	68	6	52	89	89	177	74	49	62	25	7	136	94	98	118	164	111	2	53	155	45	38	81	73	14	117	106	64	110	38	136	164	42	114	166	58
127	78	177	27	161	88	108	70	54	4	99	109	179	84	145	135	169	163	8	152	41	176	169	66	12	0	38	104	3	82	94	1	96	7	10	57	119	67	64	170	113	7	114	125	4	119	64	24	116	79	23	148	102	79	130	82	119	9	95	41	18	14	22	143	6	23	119	59	101	19	145	15	82	23	52	110	101	110	157	59	89	134	40	103	83	147	170	97	40	17	76	118	40	178	82	103	129	28	167	170
19	49	160	155	130	13	79	11	74	160	59	115	59	24	9	105	115	28	96	127	8	162	57	71	144	75	0	68	88	15	40	33	2	88	32	8	175	7	149	106	139	76	138	125	117	149	118	87	42	8	28	143	57	123	70	109	28	23	3	57	17	109	169	126	67	2	124	120	60	107	166	134	91	149	79	43	122	89	57	74	133	113	100	110	64	90	122	77	77	127	100	160	128	70	135	133	102	117	145	63
20	112	73	28	138	94	73	8	164	147	67	125	71	157	37	171	50	176	37	38	123	176	143	172	86	84	98	0	148	112	99	177	15	169	61	7	178	107	62	146	97	106	142	25	23	103	52	2	5	109	85	28	107	59	102	6	35	89	168	118	35	5	50	13	65	37	167	75	169	78	93	14	144	172	159	45	13	1	102	75	133	84	147	75	45	34	99	109	151	112	49	136	134	61	168	100	78	6	118	162
109	91	139	69	32	43	147	131	133	50	176	153	97	62	32	57	98	143	81	116	1	102	121	178	5	160	154	65	0	161	164	60	96	67	116	125	154	60	111	117	31	36	164	176	45	176	18	119	83	74	110	4	60	60	13	27	43	121	146	94	73	149	44	78	89	22	35	77	33	4	151	131	80	91	11	135	114	129	139	36	170	107	23	49	169	100	75	68	127	91	164	18	169	131	174	86	134	66	138	34
171	60	140	175	176	6	116	138	23	30	122	21	129	174	87	11	34	91	118	42	171	159	20	51	123	104	110	164	132	0	160	138	57	63	34	175	123	56	18	76	23	72	43	42	26	139	31	29	24	170	137	36	43	127	56	173	105	99	101	17	88	14	39	122	123	58	156	7	64	176	139	12	59	122	169	89	80	176	6	128	128	3	116	2	74	134	175	27	60	27	57	57	57	165	152	176	82	176	153	67
2	23	49	148	25	6	74	59	174	15	106	52	54	30	6	174	139	59	48	88	66	36	161	151	68	132	137	178	124	87	0	89	76	94	75	144	20	163	73	94	35	129	165	50	127	143	133	134	32	67	62	174	160	22	65	126	104	89	62	13	145	115	11	52	98	74	49	23	18	169	98	24	127	154	172	15	81	158	133	170	82	144	91	178	111	60	44	113	5	153	120	80	94	19	103	38	95	99	106	31
129	51	155	155	112	53	73	105	28	101	105	22	77	11	110	69	114	39	106	85	152	160	69	114	142	149	67	84	34	25	90	0	130	67	61	32	108	135	101	56	63	23	60	116	47	108	63	169	121	109	25	74	45	89	92	99	159	68	124	142	99	114	162	88	136	69	171	139	26	20	58	62	33	60	10	136	60	96	76	62	17	14	157	67	144	141	170	21	107	99	19	25	19	132	177	116	138	168	165	149
114	72	7	158	86	142	129	108	101	165	64	119	41	54	36	173	114	116	152	136	53	145	32	163	3	56	127	94	56	15	88	158	0	45	67	158	155	167	34	174	164	75	54	106	174	3	106	9	32	34	74	135	51	171	53	93	28	13	65	17	91	170	110	139	166	103	56	51	29	44	177	157	102	46	98	27	158	98	93	81	147	71	32	160	125	154	143	109	88	136	49	73	4	79	96	94	158	98	12	21
157	113	49	60	126	57	54	38	156	2	112	81	65	55	13	74	41	44	90	163	53	148	151	30	90	135	30	164	155	130	43	65	135	0	6	50	176	66	84	30	139	173	128	10	126	6	96	80	124	58	87	22	105	175	11	70	29	82	124	164	62	87	121	34	147	77	85	21	164	155	157	99	21	61	141	48	137	32	5	89	32	173	119	20	17	51	62	75	49	117	132	50	151	143	133	170	141	51	147	4
159	61	117	37	161	94	9	157	150	76	35	28	6	175	168	55	109	64	77	141	125	155	53	101	101	118	100	16	169	82	156	156	83	134	0	43	6	151	141	109	20	92	177	171	26	165	179	70	95	141	132	72	178	35	104	124	76	131	91	75	86	3	30	165	121	55	2	27	152	164	59	39	65	117	43	17	101	154	106	137	16	59	98	173	147	57	25	70	45	87	134	79	46	109	171	3	177	106	141	82
29	29	125	19	77	63	84	22	119	106	151	176	91	155	150	178	22	81	170	95	35	58	26	97	51	24	125	103	144	144	104	45	172	41	26	0	115	71	11	67	169	136	136	27	115	5	171	3	44	112	173	110	41	109	120	154	151	179	76	114	15	175	103	142	54	31	31	156	173	76	156	94	143	74	165	124	92	91	160	79	62	98	155	94	63	54	174	141	66	116	63	147	68	105	144	61	15	68	143	127
6	167	55	88	108	18	131	163	49	139	113	71	16	105	133	11	71	141	65	63	140	122	76	43	147	105	36	104	16	96	154	97	15	137	78	103	0	135	84	114	29	43	162	64	44	98	168	131	107	76	155	136	72	165	24	105	26	42	137	121	114	138	161	79	6	74	43	177	72	167	5	45	86	164	75	31	45	58	48	129	51	17	114	138	121	77	83	153	30	56	167	49	139	48	27	137	75	24	66	169
4	87	94	154	44	25	81	49	32	170	112	26	158	19	126	140	11	92	40	65	33	84	52	71	154	26	138	145	130	95	58	134	101	155	2	25	112	0	140	42	33	110	70	66	40	104	53	28	42	128	87	52	174	99	29	51	12	120	173	134	113	177	101	50	35	77	37	100	108	34	141	18	101	127	163	21	23	82	161	87	57	98	31	70	33	18	41	47	76	55	113	72	25	111	137	9	125	154	78	87
135	5	129	28	45	45	152	174	40	34	44	53	141	131	127	141	26	58	61	146	132	124	120	44	53	112	82	9	167	157	58	82	170	150	34	50	34	7	0	86	50	145	24	146	4	154	120	93	9	99	143	49	46	115	56	168	110	29	57	9	34	90	58	58	115	72	61	40	146	27	37	47	21	89	177	2	45	130	43	67	175	33	32	33	107	37	137	168	17	7	93	71	170	177	55	147	104	108	52	60
82	93	38	63	45	60	150	176	170	99	172	2	10	62	56	147	162	122	33	110	18	56	99	172	179	62	52	127	165	38	95	46	49	124	51	83	138	109	59	0	41	83	55	49	73	159	31	154	159	40	110	82	77	11	76	154	51	148	176	169	81	35	27	20	30	28	113	83	133	16	151	168	178	58	176	5	26	130	65	62	7	120	15	10	168	112	174	4	71	52	76	140	23	106	78	134	108	51	23	21
14	165	82	5	164	36	22	156	97	89	167	110	94	5	66	76	161	100	19	108	25	144	8	9	161	62	122	12	56	176	86	9	141	72	66	1	168	55	136	148	0	69	139	173	130	127	138	37	12	125	20	40	162	126	50	72	66	139	72	161	159	83	5	117	98	131	119	68	100	58	87	10	154	84	41	149	38	22	27	119	179	97	77	3	82	51	31	93	132	108	83	88	31	33	25	178	146	131	139	124
122	99	110	5	173	61	104	45	15	73	7	99	18	19	1	85	13	99	71	67	102	60	105	146	126	138	10	16	149	163	123	117	67	25	99	37	125	166	114	141	122	0	147	167	38	56	74	59	24	93	77	176	63	146	44	137	48	80	55	154	82	168	177	71	100	42	104	155	112	100	97	154	165	66	51	68	103	14	127	49	95	167	94	49	24	126	92	15	145	15	136	143	87	24	71	61	148	140	62	63
116	123	70	118	121	67	149	42	18	96	90	104	72	15	65	10	1	39	154	133	33	4	95	130	66	130	100	137	59	120	89	45	52	103	99	107	44	155	1	39	52	17	0	34	64	22	40	52	37	127	108	69	47	178	14	20	142	1	177	100	124	12	59	65	68	163	69	151	20	116	52	10	79	103	164	76	123	99	165	76	131	143	165	174	108	9	142	4	117	64	106	56	79	149	56	142	173	172	109	95
111	67	104	18	49	1	82	12	156	168	43	127	179	111	86	167	30	70	31	178	90	12	18	86	63	20	85	149	173	100	9	145	74	82	42	5	80	25	57	118	43	93	2	0	29	120	45	29	61	29	106	172	53	19	15	84	167	132	76	157	100	111	104	29	15	61	56	6	62	2	22	65	95	104	60	59	153	146	11	133	165	145	46	143	84	145	161	4	77	46	84	30	30	83	153	162	9	59	167	96
14	55	10	38	54	167	66	16	47	152	93	101	128	30	49	53	64	70	103	77	111	65	106	124	85	147	45	105	148	25	105	94	93	140	21	168	56	135	27	118	151	43	125	12	0	140	131	165	7	139	156	77	56	55	81	107	36	99	122	24	62	120	17	82	136	131	104	179	10	112	5	174	31	88	142	153	57	48	27	176	61	143	8	60	118	144	159	111	34	49	51	20	3	112	40	68	90	53	38	163
3	58	161	98	169	74	131	72	110	139	145	87	43	174	101	117	173	84	130	157	69	7	20	69	98	18	133	78	149	6	91	153	18	146	150	17	134	67	173	69	134	150	26	93	154	0	120	115	19	152	24	84	167	148	96	171	78	122	105	108	18	115	74	12	146	114	103	55	60	93	156	86	118	135	46	124	96	146	163	124	18	156	178	104	64	63	34	107	172	155	32	124	88	115	64	153	60	37	179	92
133	173	62	140	124	156	129	112	142	78	8	85	11	139	45	139	151	96	99	107	9	92	174	102	143	126	101	19	177	3	65	96	58	74	13	26	8	63	43	14	168	165	83	36	56	21	0	95	105	157	176	133	23	65	124	62	60	35	64	68	90	134	26	94	150	109	161	145	49	37	24	53	50	127	142	177	74	158	135	148	168	119	68	66	161	70	78	53	15	54	41	134	163	108	118	162	175	48	170	159
157	11	117	133	99	112	70	43	120	165	73	109	123	48	163	54	34	44	40	33	120	172	102	96	142	73	139	73	60	135	170	57	158	75	41	144	105	151	26	83	174	147	22	161	128	65	61	0	155	52	138	30	96	112	131	2	114	85	126	20	172	159	142	21	85	57	82	170	69	166	16	125	95	25	1	30	166	1	46	80	55	176	8	81	59	138	172	86	121	7	72	126	11	28	21	37	106	5	10	31
31	160	122	71	158	123	66	41	5	140	134	123	147	47	65	107	16	146	81	153	163	108	13	63	29	55	132	19	121	127	53	164	172	110	62	1	165	133	113	159	136	145	167	145	25	2	126	141	0	108	123	31	82	170	114	56	95	163	47	24	9	109	160	48	21	76	87	30	158	65	155	163	122	24	45	160	6	161	87	129	64	155	21	119	120	71	40	122	147	22	164	33	58	76	172	75	24	100	144	164
51	96	102	174	56	90	79	124	126	122	83	10	102	28	91	34	91	106	39	172	113	118	124	55	90	68	115	90	4	27	28	75	106	69	176	75	174	12	7	89	99	45	17	144	159	124	53	11	174	0	2	170	26	169	58	10	153	176	39	80	156	176	111	31	25	150	143	152	147	161	93	107	42	165	2	126	128	135	127	34	87	125	179	56	146	89	77	161	100	96	10	5	82	126	89	179	52	32	64	44
43	113	55	93	119	13	163	179	162	162	173	90	24	18	23	68	168	126	22	101	154	111	178	65	66	93	175	18	122	123	51	96	34	162	129	74	130	165	167	161	7	97	115	24	20	94	92	147	11	65	0	176	94	153	23	40	57	39	135	100	128	142	120	68	91	46	95	6	83	121	17	102	86	13	31	130	52	22	99	123	67	37	128	99	92	141	29	66	66	20	172	103	13	152	141	61	121	91	106	97
9	118	105	63	66	109	30	165	165	84	43	96	27	42	153	4	146	69	30	63	9	171	83	77	64	119	123	117	56	18	85	47	121	127	109	107	94	45	44	178	112	15	24	158	155	147	135	90	124	156	138	0	147	118	176	74	61	67	97	47	131	67	172	34	149	36	76	61	142	35	98	173	73	67	54	11	170	174	83	29	147	149	104	156	91	167	121	58	175	172	162	43	63	95	87	68	37	3	121	93
151	34	139	96	133	174	151	164	94	54	77	45	9	39	15	148	106	12	9	67	88	2	10	108	92	100	53	152	34	175	176	67	131	115	135	135	166	162	100	124	44	36	40	78	128	129	109	23	146	155	110	13	0	61	58	151	77	157	84	179	176	40	148	125	48	157	22	13	15	87	105	162	94	138	90	97	134	58	99	8	130	66	63	113	50	15	20	20	88	124	24	45	124	49	159	103	107	105	62	27
40	129	133	34	122	104	35	125	89	68	170	159	123	179	51	20	30	44	70	146	155	53	153	32	11	10	104	37	130	80	62	144	138	115	152	117	1	9	157	158	96	83	32	62	1	76	67	157	42	147	78	51	37	0	9	109	132	49	157	83	113	125	69	48	131	17	118	85	122	173	87	79	165	16	169	6	17	161	15	98	11	124	175	52	167	154	124	84	56	7	160	131	73	6	38	46	169	132	30	23
79	88	100	134	74	131	122	158	31	78	27	123	129	67	178	73	176	135	46	143	177	19	144	123	139	114	26	25	178	40	42	174	20	84	46	124	140	85	82	83	35	174	5	80	148	155	29	105	117	15	48	136	87	114	0	162	50	42	124	7	90	38	155	98	164	120	127	112	73	173	106	92	29	17	151	163	45	153	43	77	30	127	127	5	19	114	21	142	8	49	20	137	156	40	56	11	64	39	96	158
67	55	18	171	132	164	22	80	117	88	32	158	44	93	23	128	70	150	62	151	87	163	154	39	9	153	114	138	93	147	91	47	95	54	146	65	95	141	56	169	173	77	135	63	53	2	150	9	127	33	112	52	50	118	44	0	107	176	169	41	16	24	160	3	77	147	155	115	107	108	142	53	83	20	117	93	140	6	23	105	154	68	153	23	145	85	3	153	120	22	85	114	158	168	99	174	44	133	19	44
21	97	145	29	108	132	41	40	84	122	21	60	51	76	129	164	22	31	179	1	103	81	173	174	68	16	9	164	173	29	87	84	30	81	102	127	135	132	164	64	166	17	35	153	120	125	128	137	44	63	65	127	77	77	37	59	0	152	25	153	43	106	120	67	145	60	134	50	13	29	36	164	148	96	136	19	76	110	86	165	34	126	109	102	115	17	123	165	53	123	122	8	160	177	27	78	56	167	86	122
114	54	9	56	175	1	149	119	151	98	115	66	131	56	130	165	103	43	69	11	49	8	46	45	138	97	136	121	145	143	172	111	142	84	100	125	52	101	64	17	100	163	11	169	122	65	123	70	31	179	82	167	121	114	174	39	147	0	177	179	150	86	106	97	32	161	69	173	91	77	23	174	61	72	109	170	32	51	152	61	38	155	91	44	59	102	64	96	110	42	61	169	160	164	108	62	11	154	10	112
107	29	148	17	141	175	71	103	55	71	106	24	175	34	127	108	58	153	18	148	169	137	73	42	118	27	177	83	138	101	119	126	143	21	95	16	16	36	144	48	9	177	147	38	38	83	167	132	40	119	161	138	75	20	167	126	148	61	0	69	13	28	117	29	129	98	16	163	106	103	116	113	178	98	76	107	74	140	137	70	104	37	70	83	127	28	90	14	113	40	111	43	3	40	34	82	17	154	40	40
132	140	173	47	167	56	26	52	14	61	104	41	131	90	48	158	93	32	6	132	171	161	91	146	92	161	104	47	37	97	96	164	154	120	133	153	119	135	75	67	155	87	104	109	62	15	61	125	64	28	107	66	137	41	36	173	40	26	141	0	57	141	100	8	122	169	44	12	27	141	103	19	72	71	49	4	66	92	115	160	160	169	175	96	121	165	98	9	81	15	66	39	113	1	140	95	132	102	102	17
70	28	132	125	89	77	148	140	129	175	34	155	22	55	58	8	33	62	140	136	143	142	126	125	121	144	109	114	126	132	110	26	37	154	42	29	74	36	99	43	165	87	8	71	150	11	99	73	147	164	117	122	8	145	148	150	177	23	87	91	0	152	176	74	125	91	143	156	151	104	114	21	146	116	148	67	125	142	83	6	123	138	154	126	134	95	40	42	46	87	129	8	130	24	47	71	6	170	34	177
106	52	53	108	29	168	6	9	4	3	6	87	142	58	45	45	51	162	10	125	46	116	110	178	145	10	116	126	35	176	37	68	49	50	73	78	107	78	121	67	168	140	22	109	59	76	84	84	111	77	171	144	85	114	165	100	174	175	65	156	89	0	31	11	134	74	166	71	88	65	143	11	136	129	101	26	90	161	22	130	34	105	170	66	44	50	97	152	32	145	14	5	67	14	78	9	93	17	44	100
54	96	103	122	175	80	150	76	47	81	159	7	27	76	173	151	160	104	99	82	176	13	46	126	160	86	103	100	171	179	61	37	52	103	88	162	95	101	95	164	62	106	42	1	178	17	146	81	33	120	35	69	50	16	148	75	77	103	179	62	29	54	0	37	160	73	162	69	171	174	129	140	6	179	30	111	170	146	5	40	134	84	169	14	9	139	179	157	125	52	49	9	50	166	91	118	110	158	152	89
169	102	128	112	44	132	130	50	156	10	166	56	25	168	158	99	26	99	132	88	34	46	73	7	56	117	76	170	177	168	137	23	44	4	4	43	49	75	170	31	42	5	120	155	171	91	44	50	161	122	122	142	98	112	110	23	154	63	125	127	58	171	107	0	162	136	147	162	45	99	126	36	167	16	104	63	77	114	147	113	127	96	108	53	43	32	127	83	27	21	112	54	152	142	59	63	83	67	143	163
158	70	1	15	161	92	65	70	61	175	57	31	64	35	127	118	155	100	11	156	108	63	11	179	85	175	83	127	105	28	24	163	7	112	21	26	57	156	138	131	164	31	143	101	41	15	41	17	74	103	179	51	65	123	132	26	101	76	113	74	135	44	24	101	0	133	51	1	21	153	67	89	130	5	18	38	8	28	148	105	35	30	18	65	133	124	141	156	80	162	135	126	121	104	39	65	100	154	103	150
158	124	2	44	34	12	49	169	154	71	28	132	63	60	113	1	142	46	6	153	85	61	35	123	82	162	150	25	18	165	104	3	15	137	117	168	60	6	55	159	65	88	81	36	41	119	142	53	11	179	4	102	20	176	21	145	134	102	27	30	82	93	30	91	83	0	4	148	155	82	147	94	101	44	33	39	36	117	93	173	68	155	48	121	52	98	137	127	49	169	120	128	84	15	20	115	121	142	100	116
28	87	18	45	9	166	41	60	117	73	136	36	26	7	78	72	89	26	173	112	112	119	53	160	158	136	53	78	85	120	79	3	18	1	35	103	147	38	139	116	129	88	120	37	83	155	42	165	83	46	169	98	22	58	18	160	88	169	2	51	141	150	38	166	17	2	0	22	103	104	141	143	77	140	171	31	58	120	100	138	102	62	111	104	8	128	141	103	99	132	44	141	9	129	90	146	41	11	66	2
9	170	82	97	141	29	148	117	5	111	154	15	3	42	125	5	145	16	5	101	10	124	12	112	105	175	153	128	111	57	6	158	142	38	13	3	88	31	61	36	163	23	179	37	62	9	171	68	125	98	38	115	148	44	127	127	103	37	57	52	173	112	85	164	137	39	86	0	160	84	140	58	160	63	85	136	81	162	59	46	107	138	82	107	33	116	1	42	3	167	11	40	20	111	62	171	162	106	80	94
74	54	153	159	51	162	88	64	166	126	165	83	6	129	126	100	41	178	8	135	89	168	67	52	147	90	3	107	98	73	143	17	151	88	100	6	18	103	159	9	7	83	49	173	24	5	123	113	121	111	117	85	132	60	135	75	24	160	154	58	3	79	56	120	8	55	62	120	0	128	44	149	137	2	124	44	142	26	129	13	152	37	33	125	141	128	102	130	44	39	150	173	32	80	173	89	43	25	175	147
65	38	33	92	124	38	37	72	147	98	22	20	130	59	133	26	47	51	142	28	82	160	38	150	158	13	143	45	166	12	38	82	18	19	108	130	103	119	28	173	59	37	124	104	88	27	173	101	78	179	141	44	127	2	133	52	138	99	80	88	171	123	114	52	100	4	61	177	151	0	32	101	126	166	156	78	179	6	119	31	28	146	105	10	172	54	4	141	44	38	16	13	91	87	133	145	85	167	148	101
58	22	44	4	111	113	82	80	169	44	51	158	55	72	78	10	87	103	36	122	139	10	137	67	20	85	146	45	129	108	136	34	168	38	150	176	175	99	87	158	39	61	132	141	123	26	126	91	123	101	85	171	101	145	82	6	157	90	42	52	28	134	102	59	136	179	47	106	48	160	0	108	107	102	66	69	122	146	105	132	71	43	62	178	38	155	101	152	125	47	79	95	164	140	135	76	138	135	98	159
105	150	79	156	125	113	12	82	80	131	21	4	20	121	112	136	133	1	10	74	69	178	151	172	171	122	16	35	135	73	107	132	67	97	117	111	31	116	177	72	72	163	57	105	97	61	25	139	4	107	36	62	59	149	34	24	84	10	68	8	129	11	37	67	176	110	71	52	17	97	140	0	131	8	14	59	31	68	83	136	35	135	9	124	140	28	135	48	112	66	123	101	7	115	150	39	88	87	164	22
112	56	159	97	5	46	125	154	93	40	156	160	1	100	26	62	154	147	132	146	173	150	86	92	30	129	3	37	24	104	115	17	164	10	16	43	113	38	69	12	52	8	167	85	174	45	36	62	111	165	160	175	153	160	127	125	74	161	86	41	57	117	145	64	150	65	90	114	145	151	11	143	0	59	52	162	8	99	140	52	162	10	94	38	8	112	30	3	115	11	45	166	138	99	25	7	33	58	57	41
78	63	109	99	29	56	76	86	112	43	86	149	52	67	108	119	69	169	101	152	121	108	16	161	83	112	18	145	159	93	166	93	20	135	44	3	54	149	56	104	158	63	9	59	36	111	50	137	140	92	123	96	144	143	167	160	155	82	34	79	6	125	78	119	113	167	172	104	92	79	121	68	46	0	27	11	106	43	120	49	62	14	20	80	55	68	55	172	176	166	15	104	45	70	130	114	141	135	38	88
105	156	104	19	1	80	33	63	134	52	111	84	107	159	176	136	117	38	108	80	41	47	177	147	53	171	12	60	178	115	22	135	47	75	29	157	102	51	132	62	1	126	86	125	82	98	74	129	66	177	171	103	77	68	81	35	157	124	34	77	122	143	147	122	103	10	132	35	11	105	78	86	68	94	0	50	51	169	46	53	127	7	122	75	154	81	5	108	15	13	160	105	21	67	122	43	92	73	150	131
103	74	29	120	118	90	22	162	119	175	38	9	34	165	63	158	175	47	119	140	109	31	168	75	96	90	141	41	140	97	134	12	58	144	85	167	139	141	26	72	167	32	99	150	164	61	15	17	151	99	136	142	112	112	157	58	141	50	126	68	139	175	143	152	21	78	46	8	74	179	169	75	172	119	167	0	133	138	70	164	37	154	110	170	30	4	118	147	68	123	23	75	104	144	75	25	139	173	141	149
13	57	19	172	93	6	169	72	128	99	129	37	103	111	20	42	30	47	134	51	128	66	3	56	9	106	89	53	112	51	58	10	74	27	39	116	154	93	61	129	82	163	23	170	117	87	112	126	168	163	160	82	21	92	79	18	16	129	39	77	99	169	79	27	103	39	67	44	161	90	155	14	156	127	24	99	0	150	127	71	97	30	41	11	123	15	19	120	39	106	176	135	46	47	48	146	156	106	69	157
4	17	73	30	142	142	142	142	59	48	52	154	62	75	39	42	108	55	104	137	100	168	10	45	172	152	177	25	30	55	78	36	43	110	92	120	155	128	58	174	61	179	36	83	110	48	164	96	178	136	125	78	16	109	83	163	152	99	115	25	21	177	41	107	114	17	24	81	14	75	142	130	50	49	178	109	130	0	60	159	81	116	91	38	130	30	102	107	130	139	24	150	144	166	13	13	64	57	165	47
50	88	107	166	18	150	138	178	172	113	81	30	47	2	67	32	100	42	38	125	90	171	6	161	49	69	167	174	68	71	109	30	177	5	115	49	13	9	135	125	11	149	63	167	163	82	72	16	104	4	29	146	173	171	163	40	151	37	30	87	158	126	152	68	79	51	10	171	115	7	160	84	112	163	27	97	83	42	0	19	143	117	165	171	13	121	176	71	150	90	66	1	167	66	166	103	100	92	135	128
168	127	157	30	179	58	81	104	134	170	55	27	127	73	151	128	30	175	124	179	81	172	14	28	49	156	101	8	35	45	155	172	56	68	61	174	154	84	93	73	177	93	19	11	133	178	10	26	169	137	44	95	109	101	145	60	4	14	148	23	147	52	166	169	17	34	120	93	108	102	114	22	28	23	83	3	172	29	135	0	54	173	121	172	166	141	173	1	80	56	169	163	144	128	58	108	73	112	130	90
134	141	88	174	51	169	139	51	80	89	119	10	151	112	168	60	59	27	129	44	147	56	101	98	153	68	40	62	54	77	48	136	43	91	36	102	123	53	51	105	89	98	105	170	136	74	179	25	142	163	74	56	174	50	108	162	32	41	73	39	147	55	1	85	20	179	98	42	165	24	5	127	86	133	42	39	34	169	44	80	0	109	66	68	56	61	144	178	114	134	157	128	145	86	96	59	51	166	150	24
152	111	163	82	4	172	131	28	133	99	52	130	150	58	171	94	122	14	66	161	133	4	40	18	111	173	127	50	179	43	78	105	26	39	50	141	82	118	85	121	51	33	45	76	23	7	29	156	162	64	125	133	20	57	123	9	7	37	48	107	82	3	118	74	60	107	123	117	93	7	17	127	125	77	164	119	155	155	60	60	142	0	102	177	154	164	55	130	34	125	59	171	143	142	44	109	113	130	95	112
69	10	49	74	57	121	114	92	37	160	23	100	83	29	9	66	84	8	77	68	179	9	131	96	138	35	72	176	55	65	90	10	69	41	31	75	127	12	20	97	66	66	14	152	10	136	28	58	132	99	58	128	17	28	122	71	93	77	22	95	156	87	103	7	120	102	156	141	5	81	9	9	62	5	5	123	31	79	36	42	70	164	0	126	10	27	111	31	125	162	29	118	64	65	164	60	69	89	15	99
87	174	33	107	56	142	26	21	96	99	31	57	154	156	127	172	161	149	59	5	23	53	9	34	122	29	67	20	152	2	174	22	160	172	35	68	111	55	154	179	150	162	155	22	72	149	96	71	50	152	179	90	53	29	158	38	171	176	16	121	172	54	73	34	11	179	63	166	129	111	106	50	136	28	29	143	59	98	10	62	70	10	146	0	77	70	7	90	105	45	167	91	6	14	169	119	54	66	122	95
45	94	152	170	144	164	96	41	98	71	24	27	69	83	165	50	155	138	10	133	154	129	142	95	103	23	82	132	148	161	92	127	112	19	13	26	52	7	82	80	89	158	116	22	109	107	123	178	130	163	35	167	175	33	91	156	115	93	148	141	35	90	58	86	60	162	65	81	119	124	136	30	91	65	43	105	7	70	49	57	2	69	88	87	0	84	69	16	68	49	85	65	102	6	32	71	8	154	76	169
46	153	157	98	37	100	106	141	162	169	171	103	2	64	60	13	127	103	55	79	78	44	87	136	171	92	67	62	95	169	144	6	135	55	2	132	103	157	12	29	171	165	49	71	133	7	172	108	4	77	150	152	111	14	35	134	169	139	104	94	152	40	125	66	161	148	122	21	16	148	36	56	137	1	8	42	160	59	1	96	82	61	148	133	116	0	37	27	23	86	163	75	35	73	7	85	132	45	92	134
94	90	22	134	107	1	38	89	76	67	107	177	159	49	129	129	38	118	171	58	128	60	152	82	103	143	146	67	8	91	45	68	179	67	78	100	42	152	1	25	83	159	147	81	132	72	127	123	178	42	158	32	80	66	132	156	43	9	98	128	66	124	165	69	4	15	27	67	115	20	78	27	114	179	65	122	43	59	55	176	40	163	49	88	175	73	0	53	77	29	114	19	62	148	167	162	89	179	7	98
66	164	82	84	77	112	109	9	142	150	61	3	39	125	46	123	166	54	145	35	89	124	51	13	69	89	71	163	63	146	50	23	79	124	133	94	132	34	95	121	103	158	44	52	174	97	173	16	27	75	14	14	175	3	147	134	20	33	39	111	19	90	74	68	108	127	18	38	19	5	50	102	175	78	123	134	74	119	93	5	7	177	80	26	70	88	16	0	134	13	93	131	81	102	132	1	178	74	123	37
10	135	68	146	58	3	76	30	99	151	149	125	145	56	136	141	59	108	101	38	175	66	99	100	132	46	68	34	89	16	63	88	118	123	75	121	92	22	151	22	128	121	173	82	121	4	120	141	135	108	159	107	159	107	119	159	136	110	178	51	160	18	161	73	69	104	45	91	128	134	61	109	74	7	105	143	55	161	76	19	64	5	47	163	99	177	72	5	0	121	56	137	170	25	17	159	47	14	146	22
68	138	61	118	59	179	82	138	132	89	140	136	165	1	68	12	30	143	171	58	107	31	71	146	157	125	161	155	19	146	171	59	40	167	6	149	118	102	145	43	145	27	77	3	147	101	60	125	171	46	171	144	79	145	161	89	90	114	90	15	116	157	130	1	88	28	30	90	146	176	33	104	43	105	170	7	128	84	115	136	52	87	95	91	62	97	61	118	150	0	18	66	73	154	19	46	124	26	122	11
62	133	4	113	79	23	26	88	34	76	104	69	76	118	36	51	161	39	157	105	18	2	15	94	5	122	160	107	110	71	101	53	90	56	140	132	150	69	142	163	46	154	13	120	28	155	25	55	72	33	154	72	60	137	40	101	89	129	94	33	95	86	143	159	90	129	89	172	106	87	7	25	105	174	147	87	106	71	131	53	72	60	169	85	56	14	31	106	128	71	0	150	124	169	159	174	44	50	142	96
44	81	110	55	162	13	105	91	19	104	32	18	40	128	35	93	162	176	172	170	84	48	2	90	65	118	163	71	82	11	99	110	161	127	137	155	161	103	146	73	80	71	6	155	96	16	135	11	21	143	100	101	120	74	78	48	122	166	99	127	53	96	66	49	51	95	107	37	38	133	86	93	152	97	150	56	86	52	72	89	51	10	169	89	74	118	8	119	54	126	69	0	32	30	130	176	35	21	13	137
12	164	48	94	40	176	147	168	143	164	68	41	113	162	120	88	47	49	76	129	133	11	123	60	163	160	9	57	124	16	128	55	166	40	40	26	36	111	23	111	160	130	31	43	27	37	146	130	153	82	58	159	19	162	31	104	35	130	93	20	88	128	117	119	20	146	134	108	120	59	110	25	164	173	78	46	132	110	32	60	103	5	133	89	51	20	42	9	77	105	67	80	0	35	133	179	64	52	106	177
56	125	77	27	105	126	136	39	76	122	38	39	82	36	59	132	161	175	80	121	129	139	171	166	67	65	95	108	112	27	149	97	93	18	139	45	71	158	174	64	127	150	82	105	23	9	134	30	176	119	126	102	92	91	139	69	175	34	153	121	119	152	152	12	84	112	178	85	131	164	80	63	76	75	48	161	108	129	132	120	178	30	98	28	152	37	172	157	93	24	128	167	47	0	87	5	16	106	74	47
172	3	109	15	34	99	150	49	150	32	105	87	105	114	32	17	14	84	35	155	160	89	58	104	141	117	174	77	81	1	148	137	62	96	38	133	106	42	12	130	46	68	64	80	74	52	102	91	60	174	47	37	133	25	66	58	100	150	141	163	60	160	51	136	17	161	66	176	83	36	85	17	133	174	45	159	87	35	97	47	40	103	77	104	83	173	170	69	147	167	20	47	147	64	0	33	80	169	168	54
64	32	57	85	108	42	129	1	63	88	92	84	8	31	84	32	64	18	177	157	164	49	134	71	33	74	20	94	55	122	84	168	56	160	117	133	177	108	177	112	118	86	103	130	143	15	44	141	84	39	150	62	10	153	171	29	36	25	135	122	141	88	137	28	146	80	32	19	38	152	112	26	33	146	9	78	80	162	95	177	40	175	32	80	14	171	165	59	87	156	167	64	146	104	48	0	13	24	176	85
112	1	18	59	126	94	7	30	91	109	148	75	151	120	158	156	154	58	10	146	34	3	179	159	175	26	173	20	9	93	157	151	68	29	10	8	153	122	178	31	126	138	130	110	154	73	121	96	167	147	116	46	105	143	129	114	140	67	41	169	18	33	36	163	176	136	11	178	129	81	75	87	84	101	154	29	155	5	24	30	61	21	80	123	148	66	127	156	157	26	66	168	120	134	144	49	0	35	160	118
71	142	31	34	134	13	20	134	89	99	67	118	135	113	102	121	38	113	125	59	91	74	169	77	43	35	29	13	88	25	37	117	57	142	121	172	141	80	72	68	125	132	149	33	129	149	62	36	41	59	179	32	142	151	71	166	118	133	43	121	71	13	10	95	140	170	34	114	133	35	153	85	179	44	153	157	76	70	72	32	145	43	168	138	140	73	27	122	13	71	24	6	40	7	17	178	122	0	161	150
105	115	142	136	49	150	68	16	172	35	6	89	146	6	78	39	71	176	33	134	4	81	12	95	28	87	105	3	167	82	13	155	62	105	121	61	108	111	126	26	95	59	108	137	67	109	83	18	138	51	3	131	44	5	28	153	118	63	118	168	129	121	113	24	145	130	173	24	82	102	59	46	43	176	97	45	7	142	93	46	172	15	31	5	146	131	153	108	69	33	60	24	120	26	80	129	178	125	0	21
97	137	74	20	31	66	6	177	80	145	176	26	88	16	95	81	136	98	60	172	21	112	90	4	36	30	55	154	145	105	28	104	112	131	84	126	114	142	88	124	39	116	35	20	17	116	12	38	124	31	110	178	25	139	43	149	10	65	63	55	146	135	41	106	70	99	57	44	127	12	90	86	146	54	51	113	143	148	142	77	20	92	170	71	34	57	95	157	63	168	146	55	98	51	12	11	85	138	90	0
