A	B	C	D	E	F	G	H	I	J	K	L	M	N	O	P	Q	R	S	T	U	V	W	X	Y	Z	AA	AB	AC	AD	AE	AF	AG	AH	AI	AJ	AK	AL	AM	AN	AO	AP	AQ	AR	AS	AT	AU	AV	AW	AX	AY	AZ	BA	BB	BC	BD	BE	BF	BG	BH	BI	BJ	BK	BL	BM	BN	BO	BP	BQ	BR	BS	BT	BU	BV	BW	BX	BY	BZ	CA	CB	CC	CD	CE	CF	CG	CH	CI	CJ	CK	CL	CM	CN	CO	CP	CQ	CR	CS	CT	CU	CV
0	553	609	1	401	641	350	178	163	488	282	631	157	51	469	8	80	622	278	102	225	182	379	627	145	345	228	319	649	336	399	358	94	550	26	192	142	12	597	544	89	61	18	625	392	226	224	85	29	712	575	539	55	491	193	95	539	677	354	90	366	746	198	623	655	53	450	238	216	731	480	251	626	589	358	521	230	479	655	279	392	345	97	418	716	721	689	765	248	319	623	680	600	450	622	306	347	720	185	74
493	0	319	423	448	197	695	570	130	242	497	456	308	516	381	330	725	15	693	225	167	187	89	239	603	89	655	531	596	515	87	595	29	405	165	402	614	633	566	321	606	609	620	232	373	337	275	164	217	720	738	557	290	41	81	111	705	338	592	469	284	565	339	170	129	246	354	287	308	762	660	439	107	106	7	280	265	372	70	302	41	29	209	514	196	308	237	726	720	690	704	152	361	117	12	685	290	490	22	745
601	59	0	369	759	308	148	644	499	118	716	108	472	371	564	569	166	608	32	233	640	175	646	440	227	596	471	197	557	732	386	266	206	249	464	92	767	385	246	693	691	722	620	618	212	120	697	50	544	296	121	518	708	585	109	144	399	734	679	490	234	211	605	230	19	325	228	66	589	225	256	441	599	726	570	587	329	664	19	768	474	71	503	493	301	664	733	226	592	189	143	247	504	602	200	319	585	325	516	275
49	348	755	0	152	271	698	590	697	553	61	519	24	108	445	355	324	279	305	401	735	232	341	756	549	494	10	547	450	111	51	20	569	254	465	351	465	310	633	574	276	563	519	34	487	87	341	410	197	381	576	515	622	317	63	471	394	427	227	590	148	235	259	264	297	140	631	58	573	81	66	165	443	59	212	543	401	603	25	107	254	278	656	90	219	687	136	159	416	286	374	581	270	411	207	636	209	233	664	448
639	451	583	263	0	432	155	654	670	417	206	309	342	522	328	706	657	1	700	227	117	698	769	464	301	737	636	245	88	110	595	448	183	160	235	287	361	279	309	624	293	104	457	47	430	642	655	193	509	538	612	508	223	114	62	300	463	580	251	276	514	392	588	419	434	215	646	736	714	756	455	716	561	50	346	178	259	579	254	430	111	175	596	558	235	547	279	573	308	660	505	177	718	736	461	173	737	375	210	684
410	502	46	109	538	0	162	716	304	187	597	753	278	620	430	732	172	515	535	407	704	438	564	443	94	362	349	304	221	357	163	151	741	487	170	150	314	232	604	4	489	642	551	553	31	109	266	307	595	440	121	655	597	158	184	343	491	312	228	118	22	287	502	73	334	256	221	12	166	23	646	482	98	340	363	323	758	134	759	700	705	428	28	183	174	137	671	206	658	720	155	321	438	370	184	5	509	336	157	690
47	504	391	537	723	141	0	611	245	679	660	382	365	128	126	13	419	227	420	417	628	65	470	43	458	650	173	631	454	274	452	300	697	420	277	380	256	740	664	23	538	167	754	265	692	560	234	547	417	491	336	569	331	644	422	132	663	207	440	103	339	363	429	235	185	467	167	437	702	765	565	152	342	105	237	236	744	396	289	121	411	66	131	256	161	283	187	723	325	111	7	666	613	497	706	146	510	411	52	228
400	395	609	634	635	282	430	0	362	603	598	77	93	159	453	745	451	46	431	277	47	535	196	150	71	399	474	741	304	123	127	89	253	284	165	563	562	157	752	615	15	195	402	499	60	259	227	487	332	126	487	387	467	140	239	132	483	681	769	630	571	388	220	734	27	137	613	346	282	25	289	419	597	143	303	10	451	437	637	199	338	637	540	97	87	185	86	364	46	121	309	657	758	539	551	506	399	414	327	102
289	633	502	587	277	331	568	499	0	583	5	325	629	620	437	461	767	478	612	57	578	419	579	702	308	343	739	38	270	269	160	184	412	665	362	753	371	728	701	95	244	181	429	350	549	75	577	733	478	303	369	430	30	119	762	746	219	447	148	303	163	111	111	488	355	91	751	294	585	350	437	229	325	592	488	335	198	667	5	226	39	299	412	628	505	263	160	657	112	449	70	534	254	389	83	753	237	671	746	163
537	129	199	560	333	144	762	571	659	0	78	291	178	118	133	720	257	666	597	456	257	526	209	750	4	486	494	483	535	430	44	550	662	32	408	255	615	504	379	533	14	323	735	212	197	510	30	140	300	569	401	439	450	259	544	676	512	125	325	86	209	637	708	239	173	758	623	37	188	112	15	461	438	340	305	748	47	222	204	614	300	502	337	436	32	579	92	377	222	326	171	107	179	609	574	134	269	739	65	633
3	575	553	339	740	454	749	228	396	275	0	415	612	246	174	538	712	401	489	271	10	223	58	53	195	745	538	215	436	606	638	188	325	308	647	213	296	377	168	221	227	374	330	541	474	701	558	622	344	610	383	598	349	699	188	43	407	2	24	117	184	515	171	171	139	684	672	655	374	495	589	280	261	395	245	615	574	711	543	710	469	371	421	571	659	423	196	318	566	175	392	612	59	245	322	90	689	761	161	348
740	214	596	739	657	244	678	480	273	158	396	0	390	240	474	83	107	107	285	616	247	313	457	400	393	98	472	30	397	427	532	503	190	261	631	504	147	303	619	173	696	112	757	173	433	430	435	668	252	724	591	129	435	299	721	566	680	682	342	95	193	248	429	522	138	280	573	167	86	384	334	702	54	754	394	764	129	580	546	69	66	132	517	16	350	559	1	190	682	47	225	253	236	465	686	395	165	487	44	563
86	49	152	147	563	208	536	446	48	513	464	116	0	92	444	610	205	356	387	365	192	288	640	602	195	610	184	315	484	342	717	421	462	287	237	112	278	393	164	721	475	25	607	370	587	420	504	606	143	445	361	501	201	42	626	536	681	608	630	217	759	476	276	393	611	170	740	89	544	386	207	149	199	89	558	319	556	488	161	305	362	235	395	623	395	30	162	53	207	311	240	766	107	373	163	736	307	310	685	306
657	48	649	617	486	617	713	707	618	1	622	566	704	0	82	609	244	94	103	179	248	202	592	455	597	136	728	520	669	207	644	193	505	198	141	33	265	256	262	700	11	243	440	583	29	735	74	529	591	250	668	87	459	597	374	505	288	568	162	408	108	675	113	613	355	699	536	376	382	387	418	671	257	105	430	732	639	165	289	477	333	271	315	95	474	253	160	560	741	187	388	82	456	625	494	347	656	512	303	708
168	219	184	518	4	697	250	631	720	90	613	631	626	348	0	492	305	130	269	106	728	649	469	277	141	336	16	53	126	21	193	592	635	281	676	251	297	223	678	123	492	344	449	281	56	441	131	714	669	541	453	569	476	560	83	399	495	596	498	658	296	317	123	83	189	742	58	472	581	257	173	585	614	359	123	529	655	497	274	117	681	336	647	12	590	265	462	738	710	459	147	676	615	153	486	193	509	273	698	490
162	399	597	739	492	557	725	362	74	769	338	166	439	401	44	0	264	704	298	515	625	391	744	309	74	524	703	276	168	119	69	696	145	298	639	619	132	282	330	496	712	677	271	172	303	649	484	641	415	593	314	674	580	253	381	130	162	333	425	535	719	678	479	724	265	213	366	761	399	294	95	477	17	3	76	303	141	87	697	417	685	408	757	512	117	230	140	767	245	328	734	338	27	350	720	278	477	646	69	765
560	445	584	203	348	39	521	460	325	604	347	719	670	35	760	455	0	285	448	289	346	102	154	165	705	392	473	92	602	525	52	186	759	512	195	462	29	111	708	479	166	8	224	732	549	366	479	652	558	768	53	421	220	482	419	423	167	334	598	388	45	755	350	105	504	625	433	514	545	376	48	158	560	702	244	110	563	767	340	419	266	193	344	591	214	487	166	619	648	506	396	450	621	763	37	258	51	73	513	437
354	756	230	740	664	393	320	401	649	357	154	1	91	190	203	755	279	0	762	637	11	394	543	612	515	131	672	490	622	287	15	279	638	459	212	356	359	57	205	331	27	560	426	184	718	397	371	517	94	279	184	445	278	104	108	124	105	661	353	209	46	612	330	159	100	325	115	570	144	30	455	152	586	594	41	161	138	225	740	79	582	16	343	157	625	544	130	390	87	685	89	319	650	454	148	355	630	459	558	391
723	293	768	494	290	270	24	601	570	698	502	1	330	461	616	96	6	218	0	118	240	17	656	261	43	208	72	752	664	692	320	476	661	577	291	51	105	38	121	184	115	16	326	355	377	618	588	707	584	55	416	739	513	483	508	118	616	202	423	489	351	716	446	21	594	680	537	205	541	69	256	402	500	672	743	221	754	86	184	580	719	109	2	753	768	483	765	543	131	3	474	637	12	71	585	246	73	215	653	51
585	140	309	160	501	435	350	417	458	532	141	701	20	4	406	22	428	764	271	0	284	143	356	762	540	12	675	364	139	559	279	636	735	388	443	294	557	83	358	159	344	741	47	120	160	28	628	642	240	262	760	687	50	216	687	664	194	318	707	131	608	676	764	767	179	663	106	489	512	270	673	23	184	631	118	340	55	259	145	739	309	2	484	249	192	180	251	218	139	622	99	273	347	335	712	691	104	290	277	83
597	532	534	126	69	754	735	321	26	307	551	629	568	493	752	109	96	168	617	163	0	76	3	117	155	429	97	382	213	31	594	733	242	125	29	596	608	693	47	757	58	234	325	409	374	501	551	215	117	121	29	738	707	269	352	733	614	665	89	270	25	637	435	204	700	319	209	358	523	191	755	505	648	26	570	578	143	80	718	493	614	548	625	647	665	441	15	257	723	599	267	74	241	627	13	747	365	27	529	380
746	23	718	441	488	618	754	164	495	60	548	356	429	262	330	140	589	626	26	517	144	0	311	423	234	78	732	600	337	72	648	471	767	368	342	222	581	189	606	616	754	18	225	104	82	205	49	628	155	608	581	458	136	370	348	55	269	457	378	60	37	625	409	17	14	26	333	752	420	451	334	586	92	289	132	732	754	108	221	374	768	659	330	613	261	443	452	131	689	615	47	216	309	677	353	442	469	103	235	629
210	694	377	85	637	260	502	581	317	104	170	22	217	737	573	126	415	326	366	320	85	719	0	122	553	82	668	236	158	655	643	271	721	535	280	252	412	508	169	216	403	454	417	110	303	52	647	292	257	188	42	590	4	71	479	177	585	765	229	91	309	207	258	93	646	7	124	368	172	561	658	669	324	402	152	440	133	96	632	623	101	263	577	270	745	97	730	692	631	516	104	491	485	71	246	324	72	518	375	369
103	63	301	759	147	17	264	144	508	386	575	109	615	543	101	541	52	476	355	189	607	463	515	0	536	750	260	447	659	423	13	93	115	225	102	657	733	680	641	187	508	725	736	107	372	204	743	276	170	107	555	61	412	339	289	559	282	514	473	21	432	66	273	713	349	635	157	640	509	5	593	530	461	10	768	515	55	95	486	711	680	321	536	223	497	407	624	516	213	662	222	351	36	287	45	235	93	283	595	445
373	217	638	239	444	292	76	720	750	3	666	415	582	162	341	442	298	400	167	498	241	168	368	137	0	515	363	504	473	259	327	569	481	629	611	372	64	238	42	196	465	397	495	510	416	431	327	332	403	703	230	540	165	769	625	220	635	408	231	300	23	459	466	18	497	114	265	378	748	152	365	48	424	646	731	48	68	276	9	681	125	11	224	65	679	530	662	153	491	35	19	583	253	472	415	446	212	508	425	384
274	345	242	498	328	77	102	92	398	72	104	589	294	2	662	71	35	604	328	700	415	383	539	728	111	0	130	508	52	184	600	493	355	407	449	222	84	154	654	356	409	737	174	240	547	109	329	450	485	546	231	583	582	254	595	167	280	293	54	77	755	59	421	278	130	411	465	5	426	305	90	318	727	259	392	218	139	317	512	167	162	736	119	396	86	316	703	106	380	485	76	212	420	182	631	671	768	318	293	446
717	677	668	614	268	17	63	692	585	88	386	480	769	358	539	76	20	384	499	1	86	664	308	317	419	445	0	658	562	764	191	124	335	355	385	314	60	660	301	581	370	233	8	126	304	56	240	326	684	245	695	118	85	125	495	746	649	591	767	373	743	96	371	275	223	253	576	244	646	121	466	277	287	295	358	247	637	340	430	747	741	746	108	34	433	474	493	155	517	289	115	350	676	614	568	39	290	254	626	649
569	125	542	361	94	384	724	677	517	304	319	718	272	80	98	625	725	172	261	69	505	155	646	133	548	180	293	0	151	548	515	206	522	742	674	226	381	762	736	190	71	550	20	62	633	214	149	389	443	347	669	692	49	547	504	603	89	16	546	701	487	216	500	739	490	204	438	68	709	289	224	496	656	23	109	682	673	10	324	640	138	295	2	555	691	324	20	2	691	19	479	230	530	158	559	267	554	768	298	740
566	48	406	555	558	175	465	250	2	318	678	737	609	438	130	9	281	278	475	486	732	283	319	204	554	164	295	183	0	367	84	652	732	49	598	590	242	762	627	676	337	589	411	427	714	425	678	703	357	703	63	33	586	116	319	87	210	659	755	702	466	450	50	400	307	87	33	218	652	746	351	343	443	566	407	251	200	762	535	475	738	9	135	425	149	152	379	406	414	281	14	695	345	467	622	76	354	528	490	124
722	588	275	571	255	84	320	247	562	154	290	618	511	334	348	41	604	481	585	37	132	354	111	52	512	747	324	617	230	0	461	103	306	7	98	222	213	60	35	660	5	451	567	534	610	559	493	677	629	490	651	472	474	557	519	598	717	524	429	168	565	89	196	274	507	601	348	582	150	351	606	356	515	169	701	272	359	155	439	54	375	532	322	280	253	7	372	266	193	117	317	269	210	434	149	122	232	693	705	76
634	572	411	709	569	768	399	750	708	720	296	176	403	284	337	176	52	393	574	282	627	381	522	218	468	693	679	284	701	668	0	426	33	427	687	24	285	384	575	348	240	174	520	450	170	602	731	563	105	241	697	383	446	332	486	161	186	210	629	179	190	69	211	156	448	216	83	56	693	530	263	149	755	593	392	316	703	78	125	729	365	70	650	413	165	701	10	461	327	696	682	639	563	344	535	277	484	728	320	301
41	521	578	446	140	580	241	80	692	204	623	462	113	551	533	322	38	701	142	76	170	605	367	382	617	256	53	231	243	102	61	0	64	689	344	49	122	252	22	75	50	316	489	237	446	645	217	564	577	30	74	426	767	519	529	136	644	256	423	478	222	132	733	456	503	358	337	298	532	508	515	513	498	361	698	349	349	485	97	292	725	68	266	180	556	222	571	713	24	320	461	423	597	655	170	148	639	218	162	118
546	133	652	705	581	334	265	508	406	189	147	755	546	528	213	286	156	91	28	12	317	173	336	616	687	645	748	686	526	393	47	63	0	293	39	42	153	624	82	30	173	595	259	647	474	136	241	597	143	286	213	368	136	208	59	270	418	440	562	205	71	567	516	402	548	478	571	113	670	13	433	608	475	578	497	103	477	597	709	434	540	572	266	325	519	175	223	474	738	227	297	242	265	237	194	447	260	639	405	431
472	10	469	96	239	235	371	464	252	571	412	53	736	72	453	279	258	223	37	17	96	521	575	276	218	733	532	495	298	105	51	488	402	0	216	192	139	577	307	194	341	279	362	440	266	581	367	570	310	662	239	677	556	725	602	168	4	57	18	484	287	525	403	766	330	262	39	30	658	740	215	107	701	252	606	328	147	434	740	75	744	742	458	114	445	190	466	606	271	548	358	392	572	618	674	690	584	77	396	54
100	708	274	475	549	645	724	516	732	622	736	416	693	767	187	56	377	411	591	749	563	311	443	633	70	732	118	57	305	418	121	543	690	62	0	644	277	644	514	362	587	129	94	319	584	88	734	602	521	125	707	607	617	649	277	619	450	380	99	602	308	678	751	68	745	495	235	186	345	473	660	272	453	657	170	490	131	518	638	241	396	111	112	748	172	611	463	352	595	441	741	321	489	341	72	744	437	488	761	254
143	214	684	258	705	726	638	41	720	577	659	641	730	494	656	694	577	418	440	643	560	143	465	220	626	12	501	378	363	210	297	729	189	132	517	0	380	420	434	623	148	117	519	604	78	550	609	332	310	403	739	254	369	718	588	312	661	67	753	604	591	110	569	195	497	701	349	293	743	561	375	519	415	658	562	417	361	609	543	518	674	203	150	340	417	677	405	562	117	352	168	404	595	252	465	597	605	340	388	696
714	650	323	549	421	394	526	48	624	126	413	722	331	349	392	196	207	104	279	28	47	140	621	274	639	709	307	677	688	16	362	71	199	645	144	701	0	643	533	496	150	93	298	406	308	583	421	666	552	691	246	93	519	482	45	760	216	39	743	667	707	535	539	746	624	731	85	431	41	538	142	1	751	628	715	218	546	412	743	319	358	32	144	22	6	291	76	506	751	455	132	59	382	743	471	291	742	632	139	556
507	417	475	690	114	45	508	582	161	175	102	666	472	159	352	464	218	173	463	81	566	400	7	585	82	524	582	203	280	652	561	250	41	185	577	345	114	0	137	46	475	676	66	219	717	651	543	603	471	402	763	257	467	285	416	694	172	191	274	135	114	447	689	66	125	166	30	702	238	478	14	339	424	724	603	751	331	417	142	461	553	383	50	671	696	663	508	186	342	9	575	80	483	373	495	355	431	282	607	100
261	682	628	354	721	152	510	655	256	432	228	698	233	482	94	326	318	609	293	682	390	434	491	443	579	415	358	59	194	461	255	47	677	239	451	386	341	216	0	320	16	11	552	466	124	228	441	427	136	288	666	446	352	512	504	307	329	718	686	447	191	463	211	484	546	495	130	327	549	379	662	157	556	578	174	34	283	160	84	65	482	572	333	330	136	598	546	269	10	257	510	600	43	434	126	232	98	382	380	653
140	342	339	390	733	97	665	77	670	24	260	761	525	739	308	435	251	627	198	339	642	195	243	452	93	249	177	714	243	44	658	515	373	570	233	543	429	614	710	0	688	661	537	7	721	199	520	372	591	757	660	15	434	254	667	81	481	427	73	589	413	611	611	324	84	504	22	345	636	178	257	664	163	31	451	40	607	203	337	104	454	296	84	328	314	476	248	355	126	480	270	74	89	213	285	155	146	200	585	158
643	727	449	676	313	96	670	227	61	619	733	727	626	59	135	200	161	630	365	407	366	593	260	406	699	285	495	135	647	546	671	200	372	346	586	684	199	522	219	129	0	214	652	285	642	176	426	463	384	191	291	361	205	32	251	172	352	218	605	512	464	639	414	734	522	222	607	105	654	461	158	654	105	314	568	225	643	82	598	44	162	260	374	534	12	423	741	63	44	624	443	57	317	443	272	223	246	678	226	435
88	277	205	247	458	755	65	765	641	564	277	425	197	343	401	316	44	515	112	613	598	522	124	310	203	269	82	34	639	102	645	639	204	466	272	600	55	288	77	84	643	0	133	104	87	4	143	684	473	124	111	489	138	580	249	243	725	473	699	670	663	446	316	235	402	451	358	400	39	421	437	364	400	124	196	210	628	621	3	230	137	457	763	646	225	257	207	451	321	8	333	248	686	367	64	728	664	591	120	690
604	335	438	727	225	462	445	226	615	273	376	691	598	741	666	341	625	548	530	624	268	548	33	63	193	398	102	124	535	292	596	400	24	354	350	46	241	640	86	362	518	222	0	339	95	373	162	125	756	322	141	162	619	589	348	697	102	767	479	373	80	626	486	620	698	436	257	159	375	277	102	733	45	651	495	742	687	134	121	189	91	27	417	715	729	635	506	688	328	68	310	558	38	698	737	340	671	173	659	749
90	258	690	52	395	575	6	664	690	667	179	625	147	600	386	722	657	73	506	12	123	463	77	415	99	542	197	379	196	35	84	16	119	634	190	438	602	519	344	189	403	157	312	0	52	7	363	312	707	663	317	187	757	22	567	720	643	91	561	296	355	169	514	464	577	722	262	99	422	34	346	433	351	580	725	440	203	82	175	514	721	488	108	277	731	319	125	130	491	7	458	648	619	247	54	411	147	463	321	128
207	304	215	529	758	31	142	557	425	505	451	658	374	721	704	714	315	580	384	60	491	724	650	67	398	126	70	703	252	151	53	593	261	301	323	275	422	481	321	305	447	696	632	49	0	741	294	110	566	275	644	511	474	420	92	728	651	84	663	30	380	315	466	333	89	743	56	209	377	269	350	66	648	469	670	318	391	544	357	41	63	759	64	664	684	40	482	27	189	169	356	91	491	213	534	499	671	724	689	90
352	63	419	633	604	587	464	428	565	439	693	662	274	257	455	608	39	109	265	660	52	252	309	487	317	560	666	413	453	296	576	597	195	241	169	82	22	557	426	185	651	264	527	481	640	0	599	231	19	372	203	245	15	414	150	705	525	483	102	376	159	519	235	529	445	158	534	299	581	707	508	72	268	434	468	515	475	337	620	396	515	389	745	681	462	634	291	200	629	568	254	422	709	106	411	403	578	52	726	472
376	53	126	50	417	49	288	343	346	656	728	221	681	762	600	182	384	110	518	692	57	521	360	389	334	116	381	200	700	243	586	213	100	353	169	226	237	176	237	377	87	603	45	675	684	383	0	503	329	755	653	347	35	244	188	256	623	145	480	294	594	583	291	514	144	559	343	542	288	297	109	232	532	465	468	314	384	612	295	524	226	473	284	36	402	37	297	552	397	213	446	155	161	505	75	252	21	252	64	545
463	754	111	218	669	2	564	474	481	26	208	660	57	425	274	450	155	287	281	81	648	70	307	430	347	719	470	149	359	292	337	1	423	347	564	404	83	115	277	631	490	5	341	255	762	383	362	0	366	169	144	566	2	758	182	144	330	637	169	271	552	533	149	364	102	464	244	256	608	236	450	354	65	118	523	186	720	131	31	429	637	302	449	126	247	396	703	401	375	189	113	755	727	505	104	166	181	599	192	498
504	595	125	724	317	521	327	708	404	198	80	411	537	299	647	158	730	536	22	437	234	624	272	748	82	750	390	240	310	455	324	468	252	156	5	99	588	393	24	529	331	343	126	528	342	409	594	24	0	556	734	730	592	271	757	384	396	741	291	293	711	579	482	339	36	717	625	235	449	508	686	677	144	716	164	558	537	76	72	2	345	751	2	581	137	298	74	733	8	708	717	458	137	322	477	286	156	615	190	752
695	297	426	391	414	662	435	131	152	700	563	94	253	569	515	312	528	101	744	508	759	196	271	727	556	581	475	326	39	726	38	199	421	723	330	331	122	579	711	722	265	414	488	9	723	413	58	38	546	0	703	135	155	359	191	578	204	354	550	623	198	207	75	707	714	708	203	297	167	504	300	469	575	351	185	417	204	519	401	403	356	739	195	642	26	701	148	459	408	154	238	743	694	10	686	151	414	79	26	465
572	647	311	284	90	696	564	138	129	35	748	635	724	155	40	766	585	110	425	155	507	626	553	198	163	632	450	695	116	395	698	315	534	572	469	52	567	63	509	559	721	198	757	288	100	388	110	80	478	264	0	481	83	244	120	670	265	362	101	697	94	3	708	66	385	333	277	170	466	466	110	236	319	342	237	565	536	669	688	762	107	418	277	278	635	224	421	322	638	708	175	728	75	382	311	128	457	398	104	136
754	560	424	79	49	353	505	737	424	739	465	131	83	570	543	139	43	353	641	474	357	104	219	639	206	682	242	149	483	254	638	403	587	365	329	362	349	180	101	290	128	152	635	27	674	645	522	2	302	648	347	0	528	204	607	480	270	52	304	559	456	561	748	104	643	503	208	224	486	136	374	296	720	259	364	5	768	94	193	639	178	23	134	746	685	337	167	59	151	609	739	209	326	315	525	303	470	576	766	717
567	59	517	134	618	551	295	108	242	285	177	741	495	346	353	76	204	127	220	166	694	664	461	447	407	745	487	668	372	525	626	677	386	118	195	420	346	611	699	278	84	413	81	685	253	211	146	316	519	48	749	241	0	604	409	399	563	758	420	468	637	28	472	427	751	386	511	356	313	89	249	65	257	195	5	375	683	385	697	571	725	14	316	381	484	660	641	483	601	614	671	65	73	646	609	163	88	721	110	478
683	307	453	357	710	368	629	662	696	195	412	287	765	633	625	622	342	1	111	236	434	409	399	449	129	611	563	103	678	248	447	413	284	76	759	566	410	551	505	711	485	110	225	180	91	32	144	3	134	270	237	68	235	0	726	269	270	470	167	466	157	485	359	471	764	331	132	710	699	261	71	266	168	383	319	321	350	765	757	7	465	95	37	326	229	136	658	149	614	14	35	283	140	396	406	505	484	262	604	373
132	24	390	411	572	657	619	318	421	107	178	237	321	614	121	2	637	323	231	731	271	225	316	741	430	173	661	153	442	453	469	415	741	145	510	490	690	501	238	238	662	717	242	39	302	102	459	244	48	423	201	114	647	58	0	114	331	299	227	539	766	307	622	226	344	253	518	371	636	63	191	187	18	728	74	82	578	374	328	293	510	80	427	447	311	239	367	23	603	737	345	56	265	748	509	380	645	359	710	15
402	225	200	734	633	624	269	236	94	36	169	431	115	339	248	765	22	110	607	227	209	338	650	592	239	596	708	609	395	476	398	10	269	79	57	523	591	439	147	71	617	372	134	122	450	104	212	412	69	603	8	149	13	26	149	0	496	311	153	456	216	741	16	191	739	545	586	480	226	288	707	402	636	540	250	396	557	666	349	524	535	626	764	147	610	642	234	200	617	228	603	373	206	607	489	672	628	385	735	234
188	183	369	41	231	92	133	371	600	240	1	52	504	525	99	549	382	63	375	496	336	3	158	246	72	152	429	725	375	201	684	516	350	687	619	616	627	610	364	595	587	744	79	496	482	712	558	193	283	33	610	121	672	26	671	147	0	583	372	462	344	372	767	155	422	553	102	105	464	769	155	86	480	762	250	679	712	736	370	490	163	748	769	3	293	238	274	321	538	544	496	268	99	68	277	249	8	365	216	360
272	671	78	105	171	227	631	342	8	590	196	464	664	284	469	14	193	199	190	571	738	753	693	654	527	208	197	88	483	301	600	486	192	450	433	196	253	469	598	500	512	58	307	582	92	270	215	219	524	700	345	546	632	456	768	508	458	0	577	105	431	295	214	114	578	29	59	213	542	253	257	716	294	494	161	636	484	305	29	422	625	636	27	108	404	519	104	200	355	412	87	536	733	548	733	202	728	199	430	651
544	427	159	28	663	337	152	153	235	173	477	428	439	373	621	211	704	164	383	440	16	493	627	494	150	734	577	602	232	421	549	195	615	427	95	190	16	674	436	370	741	217	679	47	273	703	78	656	310	297	8	754	21	194	215	65	684	172	0	95	150	196	721	104	75	108	219	137	13	420	730	6	57	693	63	568	232	335	479	53	739	767	692	680	579	550	333	437	332	120	99	282	41	534	137	12	351	268	126	619
48	583	242	675	566	375	483	252	636	624	147	142	609	468	304	336	12	426	656	76	163	638	631	739	2	282	314	145	646	272	259	202	767	709	564	706	646	589	397	520	177	386	376	218	224	717	143	642	731	448	466	235	507	2	235	240	683	202	628	0	372	515	405	115	303	317	347	544	729	82	103	756	188	49	58	443	289	507	493	733	346	702	251	403	494	172	648	283	491	283	270	738	669	181	696	562	90	461	369	607
294	702	76	677	419	680	256	165	173	166	44	255	53	746	218	490	438	717	263	310	186	573	25	449	623	347	696	719	509	583	264	400	289	678	83	115	660	715	128	411	370	286	357	202	69	28	723	2	645	202	387	200	615	47	66	751	255	224	556	332	0	442	179	357	265	263	311	179	83	261	12	95	16	138	282	624	387	23	169	546	87	258	178	469	225	733	443	219	757	268	485	415	576	669	683	144	164	369	400	718
36	392	454	568	226	285	644	502	514	62	344	655	511	23	729	561	697	142	405	366	432	735	80	162	409	549	766	409	137	625	649	621	679	465	58	440	592	363	377	530	532	692	290	694	407	402	87	746	270	141	654	467	49	606	70	177	538	395	441	242	703	0	130	741	276	331	476	685	223	578	570	666	609	469	534	486	10	420	54	47	421	524	420	582	88	438	510	666	354	645	495	408	360	711	701	377	719	572	450	748
363	436	685	648	290	760	412	538	26	401	643	169	245	341	157	576	592	568	79	55	79	3	378	707	664	212	122	296	105	714	278	616	697	445	468	254	179	267	698	74	421	100	114	564	197	270	500	112	291	44	485	368	718	765	346	69	652	273	502	737	145	739	0	321	39	209	262	382	428	767	114	345	327	211	623	759	139	63	150	335	53	537	762	544	353	716	297	409	104	88	719	213	505	312	132	39	1	289	653	399
207	517	122	467	406	233	339	34	422	489	375	234	238	331	91	618	3	443	576	112	510	29	501	379	755	751	517	489	646	387	431	194	225	149	83	159	674	699	101	767	218	680	299	475	113	732	22	576	717	437	641	61	530	606	645	687	708	221	438	519	176	608	375	0	358	61	285	736	332	269	361	49	117	613	458	324	145	542	195	81	266	193	408	187	330	502	425	68	585	742	331	613	179	705	554	286	289	507	590	698
519	108	110	402	743	14	485	365	303	85	511	740	575	628	769	324	4	5	302	599	177	630	374	279	2	71	280	58	42	233	597	311	721	701	230	149	558	347	601	196	393	295	106	227	285	237	34	459	651	134	430	195	240	407	630	472	366	656	143	299	730	325	568	577	0	210	555	626	578	274	129	484	81	456	718	494	440	212	196	446	627	590	588	494	30	436	654	415	467	129	594	401	83	699	724	53	372	96	593	769
70	638	61	536	754	688	90	327	374	335	59	338	253	438	227	242	631	605	41	280	46	81	283	297	411	258	371	450	299	458	443	588	419	111	244	68	748	342	255	342	259	512	301	344	197	438	347	635	597	11	418	474	325	744	682	648	193	326	537	19	107	96	275	34	377	0	651	721	757	485	400	669	143	499	663	5	727	37	444	707	151	502	98	405	167	61	299	226	364	589	631	74	94	457	80	73	485	401	632	234
262	584	764	665	206	520	524	197	706	370	83	470	445	459	70	302	193	98	625	172	329	353	500	586	629	406	741	306	154	265	711	493	462	339	695	110	135	474	247	368	109	686	468	565	764	120	316	73	67	644	283	472	595	650	641	227	229	581	692	209	120	30	653	89	568	490	0	269	348	583	505	277	628	158	341	275	406	143	357	192	536	450	359	37	7	401	270	748	508	262	504	305	623	656	3	174	448	706	194	137
605	102	92	65	42	396	405	169	751	272	470	604	329	220	767	760	541	339	95	214	61	723	160	240	358	132	510	757	676	515	304	721	588	660	380	444	408	129	418	390	182	463	138	316	281	39	644	656	223	204	332	110	385	373	177	11	84	344	337	100	451	28	578	558	430	20	699	0	328	613	225	269	230	627	649	84	101	303	755	477	635	517	306	718	39	226	382	727	669	398	487	359	165	171	453	321	538	647	117	516
712	80	358	201	191	339	473	655	353	235	248	765	508	283	667	701	330	124	680	392	121	745	493	378	337	643	689	195	66	502	658	455	586	597	446	443	728	584	195	285	516	533	583	602	289	738	249	9	96	42	448	173	68	628	444	210	416	204	75	260	154	193	43	338	109	743	274	738	0	495	344	319	42	206	480	729	648	102	385	123	480	560	3	36	40	166	690	684	615	119	275	634	196	706	51	88	740	250	364	279
285	4	157	343	669	714	457	669	710	45	531	654	577	474	718	476	403	297	519	443	496	245	339	34	303	336	421	391	316	634	380	90	643	646	195	433	170	263	147	232	728	497	655	626	699	481	71	374	225	571	425	539	189	139	7	357	395	26	495	563	345	408	231	92	423	151	464	508	594	0	751	506	378	355	707	215	644	633	289	578	48	390	315	647	538	498	193	400	455	583	624	109	268	609	743	754	710	275	375	614
715	690	696	526	530	210	733	195	676	443	733	449	492	599	761	377	466	114	125	564	160	736	591	361	65	353	157	7	732	77	519	545	49	133	550	131	465	657	352	260	575	443	753	67	727	119	381	194	351	234	747	740	172	541	606	202	314	167	624	341	234	516	42	330	153	729	301	132	395	468	0	620	528	195	414	183	452	455	513	1	69	603	620	355	275	394	76	99	353	761	301	163	50	316	542	94	555	496	319	432
692	445	539	732	47	160	31	22	486	614	512	232	159	388	552	759	318	746	512	309	11	716	99	246	271	607	383	340	665	325	293	109	28	397	379	115	664	594	323	509	746	165	120	63	519	652	242	32	306	439	557	171	300	9	516	71	296	739	558	185	80	51	762	568	105	126	213	340	513	282	284	0	474	189	93	595	763	663	73	401	750	342	767	116	610	356	462	95	292	172	317	311	723	164	49	513	121	290	437	672
577	342	450	169	359	128	308	21	544	520	82	378	412	162	12	426	218	401	729	218	627	319	224	415	589	688	291	255	143	487	648	552	182	118	677	388	189	632	663	324	206	684	583	233	424	572	731	22	700	144	116	12	704	742	138	525	603	295	585	745	254	415	711	68	415	554	255	674	706	600	175	698	0	648	397	178	278	180	202	17	124	518	534	161	484	365	370	432	489	5	188	663	710	686	419	397	611	49	561	353
634	610	11	22	670	589	525	266	191	688	693	279	87	448	754	200	344	167	81	226	42	432	6	363	293	515	434	231	422	759	468	216	107	585	72	483	261	745	584	112	311	291	615	759	410	754	338	205	138	173	109	385	444	551	729	631	415	656	665	382	69	602	545	453	163	573	723	530	757	272	321	343	514	0	594	656	505	650	74	441	387	329	349	637	426	55	618	134	517	462	181	196	670	65	509	137	530	483	637	314
277	223	465	254	266	651	544	731	81	675	437	283	347	159	144	135	365	755	560	93	398	234	36	609	481	22	322	542	580	372	164	525	397	239	368	681	414	357	66	520	571	733	701	711	662	206	24	657	268	293	217	263	517	750	730	756	655	104	14	622	88	18	569	35	376	446	401	383	562	672	408	362	255	20	0	224	552	174	286	499	749	706	613	61	231	292	436	339	78	591	286	697	718	449	457	692	471	753	377	85
287	87	274	621	590	67	759	321	368	660	4	540	10	179	472	309	393	518	283	227	273	56	560	267	476	225	156	696	259	704	57	208	506	10	498	387	115	399	164	718	211	548	335	15	556	547	473	125	520	288	187	226	568	50	709	757	8	615	264	412	122	21	30	44	212	676	276	219	543	600	17	741	412	287	424	0	191	204	391	716	419	236	686	16	613	641	532	124	638	121	206	209	468	599	87	620	236	425	601	405
97	598	396	609	259	552	678	11	635	729	156	92	513	678	510	567	409	304	505	67	31	301	80	84	747	315	305	391	126	315	337	740	692	757	716	652	276	58	537	734	207	740	538	208	698	410	433	326	702	55	231	216	754	154	634	744	757	680	195	157	629	312	667	173	668	307	350	707	153	731	19	558	612	343	213	644	0	731	670	185	503	379	383	276	485	38	557	528	564	107	359	538	101	709	372	746	499	390	205	340
273	128	125	422	758	652	735	708	502	306	545	679	439	116	211	597	660	268	115	404	415	625	758	611	227	540	477	495	85	107	176	659	123	696	537	646	421	427	431	256	654	232	53	393	706	398	503	38	339	51	149	474	85	10	559	179	540	307	501	347	518	185	150	634	70	31	246	116	154	400	768	271	15	570	228	585	435	0	97	237	377	332	285	556	327	233	47	522	181	664	541	333	600	643	240	564	12	255	443	77
21	505	245	705	415	513	605	657	745	649	216	382	718	253	587	431	414	545	366	591	755	276	360	327	390	519	303	309	55	95	316	671	180	541	224	189	518	376	753	485	731	146	444	601	662	118	334	244	452	454	367	510	274	192	523	93	715	599	362	426	310	328	715	65	717	423	623	667	503	1	515	23	281	305	730	760	179	698	0	251	189	116	635	557	517	386	178	632	38	267	73	664	459	613	477	178	65	325	669	709
735	314	614	679	632	70	594	335	236	375	761	315	587	305	315	86	535	610	398	615	456	93	72	768	630	698	345	608	755	738	77	189	379	38	55	739	122	320	754	490	651	768	98	724	318	128	427	169	443	500	348	19	285	9	18	5	318	285	195	521	115	692	715	495	60	439	385	486	540	638	226	205	424	6	652	150	63	411	254	0	123	202	425	98	64	178	1	317	245	489	14	93	653	543	391	75	311	126	16	300
125	271	743	293	447	691	697	315	70	339	347	339	168	407	536	488	587	700	577	530	312	444	388	758	28	380	113	450	118	136	714	466	525	175	73	497	632	185	44	543	739	307	353	498	210	288	696	70	694	190	346	536	55	614	311	51	75	277	526	95	231	384	746	398	134	544	498	138	485	620	330	397	586	741	537	330	293	615	640	412	0	649	273	761	585	14	414	52	172	61	489	9	719	309	262	210	401	367	295	24
127	460	361	535	511	86	739	192	687	446	370	561	105	46	53	90	371	548	511	570	500	606	453	226	442	673	45	542	724	295	257	608	254	296	661	87	739	463	546	59	11	661	77	57	525	557	269	611	452	361	298	131	701	745	119	264	9	122	225	372	104	299	417	93	656	643	558	649	47	49	318	483	41	555	335	766	583	253	468	424	742	0	10	116	333	440	586	39	671	300	554	710	588	366	233	8	178	367	3	170
181	171	215	382	678	685	124	255	295	705	235	117	3	161	641	29	30	374	147	477	500	116	162	428	129	225	123	68	547	744	135	329	766	364	439	457	446	183	79	412	527	364	708	572	583	542	433	135	696	671	472	748	489	335	237	403	630	723	761	233	253	138	522	403	237	41	609	130	576	558	297	657	518	56	563	182	419	584	620	605	74	335	0	669	239	365	740	717	599	619	8	712	413	735	220	415	463	695	121	384
288	451	139	447	434	720	13	307	97	342	715	332	730	137	635	516	66	230	398	117	495	41	707	392	28	730	82	49	499	538	581	188	470	580	611	74	639	50	530	36	166	17	19	489	388	289	577	237	408	275	541	177	622	617	404	732	198	18	547	540	757	617	375	708	597	212	459	593	459	595	513	576	116	549	714	375	73	683	617	655	639	119	637	0	344	283	18	43	29	251	114	580	310	372	256	75	12	215	746	548
31	165	716	428	190	228	195	682	328	576	98	556	433	544	65	768	678	174	34	99	15	681	464	557	241	488	161	628	475	53	69	432	671	158	184	584	28	234	582	591	43	743	538	375	406	272	14	97	143	46	43	145	133	705	99	649	163	450	409	757	751	90	303	693	348	102	338	309	115	25	165	434	70	278	229	507	439	63	271	297	557	138	18	739	0	689	724	766	161	524	507	60	271	198	745	696	53	647	227	735
596	121	39	257	327	425	152	534	491	301	507	364	78	521	768	270	593	221	605	693	644	32	614	564	674	173	218	415	686	684	7	541	703	490	320	279	614	249	491	649	532	68	329	231	453	750	303	279	526	635	592	414	45	457	123	285	396	383	117	329	337	498	564	356	59	299	185	716	318	574	650	303	23	258	24	12	499	649	744	717	489	82	307	68	370	0	607	402	543	201	147	364	571	50	546	693	646	524	463	370
277	303	598	534	705	339	379	458	586	242	279	544	17	550	527	308	616	499	653	138	6	255	194	451	336	180	463	363	671	299	452	761	213	5	584	238	29	189	420	292	131	93	512	515	554	760	394	65	313	732	274	329	226	676	758	358	403	131	451	425	670	505	158	614	405	446	186	278	474	603	15	550	747	109	721	503	233	17	195	390	235	162	256	286	245	588	0	508	655	198	657	75	192	190	160	34	576	262	655	282
678	324	274	33	743	228	48	96	54	251	381	4	436	512	433	469	326	210	248	709	493	571	14	407	180	597	703	523	759	509	209	155	256	215	675	318	198	332	678	560	512	227	73	334	86	226	682	512	272	200	112	467	177	476	234	115	710	559	301	253	155	165	254	617	717	139	635	569	392	554	494	263	31	711	532	143	575	743	241	232	264	168	222	149	152	609	362	0	678	292	230	324	338	435	738	33	425	247	140	577
360	303	662	149	260	381	757	47	99	686	300	493	490	656	43	31	568	104	652	18	769	87	633	88	711	756	720	609	31	163	218	631	295	138	577	477	360	244	465	196	204	654	284	301	219	44	308	501	201	369	751	190	153	259	424	345	734	322	33	643	588	169	263	762	69	201	209	629	131	169	632	45	227	458	604	199	728	452	764	274	120	99	483	278	505	283	586	396	0	216	366	242	457	420	550	60	441	331	218	231
10	536	38	503	527	672	720	524	135	396	412	549	663	565	208	459	142	628	510	731	142	298	190	559	599	7	464	495	663	72	309	288	322	417	136	171	472	602	622	300	180	119	181	341	153	650	116	451	743	5	131	516	332	540	584	349	671	164	637	463	273	46	618	570	598	270	631	249	415	711	444	300	297	487	740	707	569	434	107	394	287	511	330	440	151	479	137	146	583	0	628	433	46	728	140	347	690	121	180	637
264	394	217	265	288	272	406	505	600	722	605	95	179	567	634	600	91	550	640	554	659	59	36	128	232	729	88	271	462	545	59	334	467	101	498	262	223	459	128	455	127	489	574	730	500	672	68	609	268	506	540	85	475	625	644	386	131	441	311	467	203	522	6	424	540	569	670	484	20	602	265	30	60	448	69	251	712	278	174	708	534	366	228	521	237	175	418	244	757	484	0	601	161	571	336	588	12	589	124	537
169	634	328	125	400	329	203	65	34	267	70	645	415	336	164	639	763	288	510	339	323	415	767	386	693	243	171	143	284	530	767	591	468	546	96	246	502	100	1	452	489	227	476	430	190	146	670	234	329	364	293	164	611	412	180	612	218	298	55	380	160	669	140	342	296	444	720	125	356	741	281	714	625	491	140	205	28	459	596	200	87	272	463	503	319	718	461	298	342	559	276	0	20	710	627	12	66	125	252	580
9	457	495	529	385	74	17	464	623	166	138	488	615	105	655	708	579	120	159	103	232	98	636	573	43	511	617	511	405	101	675	474	4	194	81	424	364	329	78	372	438	239	273	121	448	144	414	385	237	438	690	679	460	51	83	322	761	302	138	611	96	15	78	375	761	336	426	683	168	18	171	326	739	13	320	633	236	481	555	457	292	236	369	363	69	243	182	102	482	419	503	247	0	576	591	115	157	343	559	26
434	558	65	726	638	764	243	526	327	602	69	357	236	543	418	271	225	415	646	699	23	379	335	644	280	371	565	129	256	670	677	420	619	122	722	120	282	193	597	534	762	617	236	312	378	553	289	652	306	729	4	684	481	560	671	144	728	375	332	272	470	360	134	651	542	276	747	745	216	710	100	282	120	747	391	537	741	636	160	177	39	268	681	726	31	76	611	353	285	524	284	29	496	0	669	591	24	59	440	241
259	517	683	128	712	376	741	275	609	283	646	700	565	506	451	178	321	756	298	220	396	417	520	216	43	485	24	75	205	188	21	307	188	372	475	722	176	430	757	56	399	760	137	682	191	588	102	755	553	139	159	137	252	518	415	41	501	571	522	507	453	769	736	335	42	402	558	402	357	348	584	668	688	438	81	604	11	555	610	603	263	73	767	413	265	176	660	763	453	695	585	144	450	200	0	318	28	434	128	713
257	543	562	766	64	16	107	392	175	200	748	271	251	72	595	91	153	491	4	531	89	623	321	603	509	118	361	306	572	729	111	380	652	449	151	71	400	6	505	546	572	768	667	2	395	282	132	200	709	444	626	295	173	59	739	634	679	532	152	690	183	335	305	151	310	646	562	334	668	263	546	430	127	587	401	8	444	16	95	682	200	211	99	156	330	619	552	726	751	439	454	605	167	588	385	0	357	762	398	121
299	723	71	102	670	636	243	747	73	11	210	39	232	186	599	412	95	596	615	576	167	193	301	223	107	625	577	128	312	183	361	199	630	379	173	585	32	248	458	422	90	64	558	266	160	377	515	7	643	251	614	556	718	16	270	584	342	29	650	190	347	693	683	658	400	71	127	590	362	647	249	555	104	443	552	203	626	457	109	730	740	501	487	637	681	364	383	372	239	414	205	430	512	209	676	537	0	544	614	62
684	446	183	716	510	476	453	260	372	52	330	716	143	562	702	231	518	82	84	519	71	283	643	181	91	216	232	429	204	364	597	745	130	383	307	554	378	17	145	604	754	64	125	760	442	656	149	33	54	420	451	174	426	468	64	411	25	255	551	186	11	122	497	261	246	643	108	234	690	543	97	373	754	230	615	601	719	691	466	453	584	383	614	129	639	53	275	533	520	80	502	211	693	133	611	556	53	0	713	16
53	315	540	587	565	283	377	220	653	668	66	92	333	679	419	480	79	521	508	761	149	41	470	444	599	541	367	163	9	565	362	238	523	147	765	516	129	130	19	529	26	679	10	406	389	55	8	161	677	383	115	681	741	590	659	375	6	315	326	191	154	400	130	377	617	53	354	22	344	353	506	550	182	529	468	491	169	214	642	363	713	164	44	344	276	677	232	374	40	66	712	511	448	617	651	508	282	662	0	233
687	529	717	66	650	359	670	592	316	341	208	738	758	512	147	298	423	544	202	111	693	610	25	665	176	369	469	547	75	476	613	195	493	251	704	116	738	478	588	698	285	599	104	391	357	266	754	117	147	219	750	769	87	508	142	708	639	263	703	2	714	614	318	37	151	216	469	29	566	33	96	583	164	338	760	465	755	418	309	426	18	194	562	487	624	57	206	703	219	572	477	260	477	76	578	134	543	366	456	0
