A	B	C	D	E	F	G	H	I	J	K	L	M	N	O	P	Q	R	S	T	U	V	W	X	Y	Z	AA	AB	AC	AD	AE	AF	AG	AH	AI	AJ	AK	AL	AM	AN	AO	AP	AQ	AR	AS	AT	AU	AV	AW	AX	AY	AZ	BA	BB	BC	BD	BE	BF	BG	BH	BI	BJ	BK	BL	BM	BN	BO	BP	BQ	BR	BS	BT	BU	BV	BW	BX	BY	BZ	CA	CB	CC	CD	CE	CF	CG	CH	CI	CJ	CK	CL	CM	CN	CO	CP	CQ	CR	CS	CT	CU	CV
0	175	478	326	493	442	362	199	182	130	98	290	399	242	234	225	398	521	385	507	399	509	318	68	228	574	325	92	516	137	530	466	564	544	29	392	127	456	144	196	346	339	405	273	282	169	29	413	339	306	590	539	110	285	14	272	501	67	185	101	437	220	392	106	589	103	370	65	420	356	510	424	350	376	17	241	152	208	20	390	353	480	366	13	154	145	573	181	357	547	328	493	502	147	276	578	82	335	57	257
226	0	556	530	166	514	433	272	349	437	364	448	209	448	292	525	3	354	441	43	328	146	533	119	550	223	499	195	379	66	194	552	124	105	354	408	320	354	343	38	74	98	5	323	535	36	515	83	160	282	219	252	390	15	456	188	385	284	328	69	127	324	520	274	298	97	45	55	38	246	61	2	105	317	489	312	51	24	459	502	251	143	260	200	460	551	250	313	311	232	545	299	488	100	318	391	209	390	184	55
577	114	0	565	490	131	257	229	318	215	312	71	104	158	117	382	82	514	355	274	539	576	497	27	155	8	114	433	298	154	553	302	10	518	159	11	570	393	564	183	272	527	348	413	207	471	79	348	72	311	415	437	393	452	268	356	5	563	292	490	395	198	218	589	587	235	73	242	424	409	223	522	575	49	359	303	60	434	505	288	458	434	415	414	410	282	64	494	486	350	572	562	104	403	416	21	121	243	161	309
17	494	273	0	531	248	173	358	228	75	104	406	45	586	204	322	421	193	307	427	145	121	182	363	318	19	435	492	459	348	261	214	432	204	140	260	559	553	481	289	262	451	474	163	582	33	53	580	556	538	9	441	291	393	97	336	491	153	97	232	196	86	544	560	427	232	270	268	253	477	581	85	525	533	440	56	242	181	188	241	318	187	227	488	255	368	300	105	387	406	305	112	529	414	251	588	520	262	445	398
407	289	88	334	0	165	285	23	384	390	478	573	532	557	568	571	157	222	543	439	512	559	12	417	11	349	334	526	14	219	491	347	298	262	219	171	385	198	224	62	297	415	383	20	74	385	222	222	546	554	280	512	307	328	402	95	355	294	232	461	373	75	68	142	531	51	306	38	549	363	5	365	479	338	242	254	561	9	559	372	443	203	208	201	513	338	48	270	99	332	222	485	563	41	259	583	47	194	36	110
502	264	8	395	522	0	562	441	413	168	494	372	454	526	80	15	186	378	407	175	362	12	186	251	99	270	375	508	183	206	264	317	512	29	246	286	299	263	559	132	442	153	364	385	572	25	7	486	222	495	528	242	299	553	228	302	140	490	219	559	438	151	139	472	174	193	185	296	302	40	32	553	352	261	73	437	157	264	436	312	349	176	567	471	110	136	395	12	204	243	92	417	244	492	553	430	535	157	578	205
145	379	334	472	91	551	0	555	236	280	161	173	376	100	353	358	215	518	341	388	530	346	466	561	477	257	32	275	74	309	277	40	40	305	275	354	193	346	432	534	329	28	139	548	566	63	305	173	379	318	480	65	588	173	466	557	354	123	550	445	489	57	219	15	468	463	530	96	511	158	179	464	257	29	392	266	414	166	542	492	11	414	237	292	493	462	80	211	322	543	584	477	377	550	335	46	171	483	566	304
510	304	79	70	328	553	356	0	460	283	172	414	22	433	70	117	508	311	411	6	96	104	63	268	64	284	482	529	552	87	66	361	183	457	569	453	471	531	4	587	81	163	41	64	144	141	542	65	148	92	166	262	417	198	51	111	36	268	538	113	370	329	245	484	343	251	536	418	581	444	272	365	86	237	366	532	296	485	68	116	32	487	316	473	234	526	515	158	498	579	131	453	158	444	405	379	71	95	395	135
251	503	449	563	45	449	404	587	0	506	410	556	558	362	267	371	40	588	337	95	404	29	414	473	285	72	225	94	232	337	382	162	130	179	89	164	281	171	173	285	466	510	352	40	58	338	406	114	11	488	394	114	518	290	51	36	441	311	338	254	465	453	75	132	376	265	586	87	309	484	506	392	552	400	101	66	207	514	278	198	237	584	79	386	577	404	540	591	113	476	246	136	144	525	424	19	520	284	117	220
360	334	474	58	108	46	379	342	477	0	260	264	234	66	110	245	443	384	8	467	200	565	49	236	149	204	295	527	394	25	557	376	413	556	141	263	4	358	150	141	246	29	392	223	407	361	77	563	369	299	295	118	89	125	492	348	399	24	555	55	82	131	339	574	470	565	143	276	407	49	29	268	245	347	488	152	109	573	315	479	190	181	498	533	201	287	35	20	69	223	325	331	289	4	589	234	525	305	577	458
78	27	221	395	311	118	296	456	226	576	0	428	149	312	248	408	454	505	590	373	355	291	104	91	15	273	241	565	453	446	83	45	49	194	156	445	328	150	525	347	537	1	588	75	113	382	152	327	95	380	220	331	350	222	37	148	126	176	1	288	146	245	205	223	169	206	503	514	148	269	465	121	538	403	165	160	509	65	127	471	395	306	112	216	2	408	341	198	111	310	227	538	110	235	529	562	470	327	484	18
58	464	49	97	237	3	481	38	159	397	569	0	401	201	567	511	235	406	313	369	569	64	258	225	246	135	403	29	185	231	541	518	537	513	473	119	163	202	426	138	120	560	560	11	116	508	287	152	23	157	484	339	143	208	280	365	41	195	365	199	407	226	562	535	360	194	210	215	28	551	168	582	436	529	447	235	170	319	103	307	134	63	476	234	224	33	278	146	416	204	382	398	448	454	524	384	360	121	362	126
132	226	232	491	181	224	494	180	514	489	167	358	0	487	96	15	233	255	79	560	7	329	567	479	434	576	264	125	239	547	276	437	347	9	343	142	380	260	124	21	131	51	467	508	321	467	454	459	376	329	546	388	590	572	407	62	243	336	231	160	235	490	240	580	118	433	551	308	342	552	248	557	265	378	129	144	6	272	156	311	39	361	256	198	209	507	357	176	248	70	445	266	254	162	521	395	192	414	88	587
456	369	490	127	570	153	465	189	485	34	147	89	494	0	90	472	14	442	166	93	308	444	263	372	254	140	569	409	400	495	195	234	202	287	299	561	165	528	313	318	303	446	107	349	458	495	569	123	313	52	371	461	553	148	65	309	294	289	272	186	510	67	534	446	236	408	90	532	200	158	259	232	351	591	20	466	124	201	215	303	481	63	444	485	173	350	587	324	330	181	270	138	452	113	529	273	56	240	129	387
318	188	55	326	318	203	65	575	13	146	502	264	387	186	0	565	437	206	119	86	15	239	467	293	491	531	176	137	425	233	8	106	375	69	115	289	273	30	529	109	564	192	591	522	104	397	294	268	38	340	259	437	205	543	165	100	3	22	211	294	85	509	112	466	372	160	429	470	65	489	417	162	33	532	294	454	566	298	404	248	474	162	270	37	484	75	587	487	430	393	393	501	47	468	472	85	512	395	238	183
109	306	39	218	427	563	166	297	36	468	313	165	386	357	523	0	494	217	461	457	363	153	510	294	14	77	53	124	316	443	4	44	176	435	196	211	518	305	388	491	239	347	539	476	466	543	407	6	309	520	453	235	447	256	214	469	56	215	431	558	586	133	369	445	404	213	29	254	148	575	522	475	288	196	520	357	279	281	88	550	546	371	240	273	339	420	237	16	514	267	123	409	237	297	162	171	339	464	79	495
191	509	251	273	210	523	438	94	536	462	306	462	178	31	257	245	0	126	366	550	252	179	456	80	447	437	344	487	76	91	477	490	50	443	468	220	380	315	78	198	414	285	513	517	557	527	330	549	278	224	533	65	577	47	370	120	153	352	55	63	300	566	497	219	296	467	181	79	341	70	326	44	411	562	361	286	56	322	446	281	53	317	536	35	117	273	45	351	527	379	346	80	25	479	133	113	26	404	437	296
464	451	423	421	512	152	513	278	238	149	314	554	472	436	17	163	371	0	382	4	442	581	119	380	521	226	133	300	19	426	283	152	589	95	184	320	185	123	510	458	307	468	35	560	268	516	415	168	574	484	402	138	308	462	319	96	499	384	178	391	418	402	37	212	472	472	353	29	383	397	545	284	165	188	78	221	483	313	180	412	173	207	403	138	424	410	3	161	182	578	544	118	195	186	548	76	75	169	301	110
167	116	141	24	448	553	374	140	557	175	231	534	54	63	14	559	80	123	0	419	581	464	256	556	450	177	106	560	290	389	56	229	147	514	432	528	398	563	167	541	531	56	361	181	360	216	486	572	458	421	133	499	195	262	354	481	224	514	142	62	254	41	406	428	368	299	240	405	210	391	506	482	219	23	125	19	42	326	408	284	268	45	87	486	492	326	475	96	320	317	251	233	517	150	299	81	271	127	223	284
497	574	268	222	251	441	190	367	93	16	259	330	567	64	85	505	105	490	199	0	230	177	309	483	62	119	43	364	396	118	345	510	411	9	460	436	100	308	124	281	497	449	36	60	235	325	536	15	47	541	426	341	8	33	545	324	287	333	245	289	492	443	407	364	56	74	441	274	89	379	508	469	378	370	316	181	524	509	401	399	470	308	540	579	54	490	414	2	88	39	571	264	357	484	188	455	508	97	300	408
121	482	428	551	322	552	144	101	411	347	273	346	537	3	237	113	313	588	370	481	0	230	449	158	239	81	191	301	491	400	574	306	581	186	267	456	529	53	580	493	198	510	150	471	511	68	65	438	284	322	255	416	56	329	150	398	537	78	270	108	472	484	293	284	485	204	417	516	162	532	577	589	146	144	551	148	513	571	240	394	95	589	50	4	579	193	166	73	403	504	364	202	570	261	308	419	122	47	41	318
110	464	309	338	275	538	219	130	412	324	469	435	243	427	560	511	251	171	527	417	89	0	403	196	582	160	70	402	433	449	313	563	101	430	397	196	209	306	291	277	425	592	561	286	268	67	21	52	476	513	36	251	83	136	447	563	459	251	332	359	421	61	12	482	557	228	204	242	229	421	376	364	213	500	370	17	72	84	244	468	447	166	61	427	143	340	126	226	542	358	47	146	485	44	57	55	130	270	320	345
361	372	435	473	204	119	112	480	113	73	308	564	92	345	241	403	117	424	291	300	464	536	0	182	173	509	285	193	441	429	447	292	162	259	405	419	89	21	378	495	415	333	171	205	354	367	177	566	24	416	66	201	22	507	217	401	59	482	556	568	541	230	564	4	20	424	276	148	482	221	371	210	176	344	531	327	290	420	555	524	529	10	464	267	253	561	549	4	415	219	473	139	377	183	162	211	30	466	515	561
8	380	522	465	259	6	49	159	202	268	276	55	437	549	401	404	13	379	289	9	1	126	297	0	498	125	198	266	142	351	286	9	12	28	334	315	308	32	132	174	323	452	406	421	229	155	584	125	540	117	363	312	152	341	454	194	338	241	138	447	551	547	5	352	248	239	274	38	311	517	231	452	258	170	68	8	13	9	459	11	206	167	206	212	8	129	539	201	185	252	508	512	429	470	240	465	219	26	52	353
567	141	388	104	23	354	513	382	413	343	211	316	483	481	489	410	443	101	186	221	100	459	39	417	0	419	302	395	285	332	556	471	529	182	318	228	114	569	239	107	69	557	394	73	121	575	504	442	241	272	108	411	573	406	545	2	217	571	167	214	288	341	32	250	532	57	395	3	159	353	155	280	111	394	418	580	155	5	110	159	3	399	63	561	508	367	86	360	498	317	503	395	260	114	390	442	464	128	105	125
412	26	483	252	373	39	554	411	17	99	132	555	245	252	451	92	398	132	191	541	84	5	134	438	74	0	491	74	5	279	420	52	412	352	50	499	88	265	287	158	229	310	569	141	82	272	117	539	317	154	458	9	20	249	433	553	30	234	554	30	59	179	37	102	110	239	216	114	387	553	441	21	520	264	472	283	522	548	192	509	496	140	564	282	532	575	242	360	260	290	355	586	204	277	341	99	114	21	347	518
264	202	419	579	504	491	288	186	340	288	582	74	585	283	454	240	464	314	256	51	18	7	229	291	32	508	0	578	546	185	99	188	46	477	507	16	31	64	136	143	462	263	422	129	504	204	551	386	244	97	458	178	160	139	305	114	393	434	568	297	513	179	221	527	145	438	296	54	118	103	567	133	340	464	102	252	364	86	345	508	284	176	558	324	337	91	354	94	160	74	419	526	69	152	588	419	308	338	350	168
506	158	273	287	578	77	277	116	366	97	479	142	257	315	362	372	216	503	124	352	568	310	570	321	480	536	427	0	563	423	566	439	393	171	8	557	2	144	54	291	500	316	102	485	582	283	185	554	283	126	140	274	21	524	410	253	149	299	80	406	178	474	391	105	582	456	22	378	142	368	207	80	59	166	291	235	132	341	265	157	230	450	448	573	472	519	558	344	339	338	50	330	481	257	342	547	396	136	420	432
153	14	565	66	277	177	412	198	62	444	469	109	319	149	137	119	323	491	128	89	66	266	520	248	284	75	506	141	0	192	227	579	538	243	429	213	259	563	496	127	14	277	432	364	381	243	295	499	138	169	73	572	334	452	376	387	395	123	15	468	380	222	381	221	427	561	362	450	18	565	89	36	319	290	529	287	395	244	91	484	571	242	393	230	61	129	343	348	296	387	398	282	163	119	185	455	161	390	250	492
144	404	236	34	106	559	357	222	465	207	111	329	397	401	91	471	510	500	66	180	172	510	546	302	578	394	420	341	448	0	370	25	437	193	357	568	414	467	478	369	200	459	133	457	310	180	143	442	164	462	422	477	417	367	162	323	41	501	113	590	210	26	496	497	440	280	350	328	569	290	510	36	304	543	136	126	223	45	75	524	363	165	89	175	136	348	297	432	160	458	481	394	193	209	139	223	443	15	562	417
228	316	271	179	4	403	241	559	19	104	467	114	372	591	286	509	560	519	531	212	310	345	152	93	266	301	258	231	58	209	0	223	40	60	381	199	524	449	49	348	342	1	57	544	239	322	163	265	31	295	314	144	271	207	280	539	310	350	324	59	50	229	484	560	459	105	545	93	212	431	209	121	164	235	409	389	570	14	431	263	493	520	2	61	576	194	327	18	429	123	587	171	485	574	476	275	11	504	425	551
399	336	327	151	590	211	466	146	241	550	583	443	536	185	272	39	436	195	192	202	123	472	59	257	362	491	243	443	467	430	109	0	321	576	92	464	467	440	441	419	86	279	467	438	135	415	378	584	52	481	252	507	112	53	592	494	270	473	299	29	183	481	560	574	564	473	464	570	56	475	47	85	239	500	462	221	1	104	405	148	341	22	200	134	16	141	356	542	49	358	93	137	212	562	74	185	27	570	254	212
410	36	51	34	283	178	262	141	589	391	215	479	16	489	88	48	580	518	182	406	370	153	335	499	75	508	377	493	101	194	310	564	0	210	187	542	151	89	161	140	92	269	517	411	204	526	85	410	438	257	135	288	467	514	396	115	186	557	74	500	28	583	551	500	515	520	439	163	104	567	429	482	170	490	112	552	255	229	286	539	59	293	412	183	33	269	438	63	450	12	263	561	270	88	12	257	472	99	260	203
85	164	307	396	229	324	205	257	218	571	138	136	467	393	64	173	576	582	243	254	129	197	357	111	506	3	546	226	288	363	413	407	125	0	434	583	576	329	356	495	465	87	103	30	256	479	279	100	8	359	303	13	93	125	218	7	14	109	101	135	307	78	352	359	560	505	146	122	141	537	482	556	32	408	158	308	73	82	571	325	319	438	390	149	210	378	213	453	589	424	354	409	59	493	400	260	171	44	360	106
469	136	19	118	474	254	374	184	397	510	532	79	537	234	222	278	365	210	415	115	16	500	14	592	357	285	154	221	140	82	192	89	554	509	0	63	471	313	219	274	268	310	513	337	443	9	316	194	187	2	136	383	133	359	245	410	268	272	171	323	58	66	7	573	441	84	354	442	90	427	412	502	401	460	151	371	458	507	590	443	489	585	538	206	260	257	392	59	498	7	373	15	217	296	299	253	5	302	105	272
548	185	117	310	532	75	6	99	464	338	248	420	358	114	37	577	31	7	54	431	287	24	573	14	24	86	184	375	71	572	522	437	122	288	528	0	243	220	444	434	431	293	201	212	516	266	295	481	445	489	146	136	69	372	191	496	165	398	186	15	356	216	497	422	481	451	359	137	39	327	584	510	4	15	452	298	123	83	558	64	33	325	5	53	519	378	405	278	127	503	35	549	298	562	246	347	399	93	297	292
174	229	6	396	191	547	515	284	430	179	55	278	195	466	428	272	239	452	218	526	583	530	536	390	383	98	417	518	98	255	81	63	145	180	153	424	0	565	512	496	218	235	47	502	121	348	46	25	435	24	413	42	591	366	430	421	232	116	582	122	196	531	96	24	209	153	50	204	564	85	113	55	129	574	338	205	575	277	505	57	193	489	29	152	527	132	538	461	346	109	244	376	241	91	10	527	74	388	236	45
430	312	310	210	414	571	110	347	168	266	71	150	500	137	329	380	147	69	452	141	348	135	389	239	60	228	167	473	125	317	448	180	65	52	400	421	379	0	493	111	144	199	461	283	463	482	381	379	302	49	119	418	358	447	328	29	582	122	370	574	479	561	581	162	128	530	565	399	76	360	578	104	159	468	40	565	502	551	144	43	444	188	315	511	44	300	518	13	339	73	200	557	392	255	214	251	87	8	423	290
524	567	187	308	572	263	140	589	274	426	248	177	80	63	122	434	338	38	385	365	516	472	364	95	404	477	225	374	568	308	532	278	157	571	438	508	21	171	0	345	500	28	431	276	300	30	445	286	375	201	287	229	346	38	368	589	565	295	86	81	102	196	160	293	455	333	232	413	262	350	505	119	346	542	531	98	451	140	166	65	290	26	303	152	220	139	143	487	377	66	123	54	428	551	131	38	88	175	431	454
581	262	76	68	312	552	260	403	216	273	411	392	334	580	503	401	67	163	134	193	11	464	409	585	228	96	75	446	171	476	483	359	389	460	109	549	545	143	424	0	445	442	576	115	311	264	460	383	201	376	403	462	456	430	581	504	578	10	95	313	223	409	76	368	419	391	220	120	321	290	128	201	589	501	465	332	355	257	22	519	515	399	238	581	68	30	75	411	22	490	266	354	454	516	212	332	264	331	244	249
533	300	96	363	283	196	117	121	79	67	33	316	445	66	37	239	591	196	229	355	438	18	24	448	107	256	518	191	255	266	484	567	551	77	162	541	230	481	420	157	0	431	46	450	555	161	380	6	556	505	464	71	264	313	296	178	345	244	551	22	90	408	102	533	322	429	570	523	206	172	201	457	526	125	412	448	92	535	388	283	108	359	441	459	502	105	565	493	197	368	224	78	46	176	554	73	545	451	198	58
534	342	324	447	552	109	472	312	445	465	444	139	174	231	357	554	422	308	586	266	497	93	447	419	112	440	136	157	375	15	187	40	489	68	476	301	397	564	290	298	273	0	351	361	127	105	43	239	27	131	137	79	500	583	439	132	563	335	573	417	156	446	263	311	583	97	266	465	137	322	238	357	189	28	401	319	228	237	48	565	139	222	269	160	174	516	583	482	312	464	464	174	337	10	148	98	456	195	282	119
551	45	12	82	455	359	27	174	516	179	7	405	282	7	203	321	277	298	184	305	88	569	23	573	515	138	413	199	498	164	277	472	330	559	157	304	437	205	144	494	412	405	0	473	140	578	59	566	164	442	339	590	152	156	50	252	280	106	90	34	137	364	276	288	564	352	109	173	592	214	73	33	584	364	328	109	274	121	565	77	38	523	281	209	498	214	583	264	144	509	372	548	478	178	45	72	425	490	9	427
109	286	191	310	420	65	462	401	385	392	230	223	496	11	50	104	548	248	317	499	420	17	208	408	202	582	333	132	192	316	338	59	398	475	187	501	426	265	317	527	589	28	57	0	230	455	194	381	349	574	301	296	209	18	338	219	14	440	93	18	555	322	315	565	165	5	408	250	482	449	379	164	117	87	53	71	296	238	443	95	37	58	113	462	500	291	354	164	108	486	130	538	310	133	232	580	453	159	401	255
266	169	134	443	234	500	232	296	252	267	91	433	4	237	562	5	7	506	83	106	488	299	524	330	381	228	220	510	33	244	380	230	191	254	406	436	294	71	503	24	568	65	496	155	0	66	548	341	443	135	11	444	90	95	214	324	179	108	54	506	204	348	328	452	587	416	531	285	421	444	138	392	259	398	36	429	440	175	142	539	246	32	21	320	258	427	302	419	452	224	161	215	417	586	111	556	207	338	117	365
45	149	271	368	309	513	103	558	214	143	444	281	96	334	228	370	33	415	574	214	392	590	320	2	435	372	176	18	201	16	495	387	454	92	551	178	323	57	473	130	387	358	546	307	343	0	227	319	424	166	583	27	202	190	480	477	241	228	413	305	321	334	216	196	210	554	127	236	15	574	301	117	509	153	399	104	404	572	559	232	127	455	453	531	322	225	339	380	247	121	488	346	11	397	244	235	106	295	535	362
256	329	75	486	314	36	397	150	305	566	161	282	361	500	544	173	339	223	448	295	431	161	483	19	128	100	133	359	207	511	573	22	122	175	413	525	530	384	447	459	162	251	95	390	390	356	0	181	520	545	367	585	47	376	54	340	550	7	201	39	33	505	237	288	179	463	189	25	419	537	6	113	176	130	271	295	273	22	363	263	44	215	377	348	564	280	282	471	168	518	377	99	431	452	272	102	324	208	319	473
292	358	189	263	160	129	391	517	237	99	458	33	77	266	125	346	45	317	400	498	286	542	459	396	133	427	292	516	102	546	454	338	99	239	160	157	150	269	164	119	32	569	80	285	379	326	22	0	197	45	115	82	141	399	537	391	576	282	49	583	456	245	532	8	310	53	190	236	190	266	298	554	554	201	172	462	87	588	153	21	396	41	171	169	462	196	218	435	89	273	307	507	183	299	380	387	150	374	133	407
576	90	259	434	240	346	23	458	365	366	205	403	432	283	198	8	109	47	15	198	314	427	103	591	390	507	71	185	436	108	196	74	193	497	329	468	459	298	131	286	237	160	474	495	482	405	319	339	0	560	6	524	223	67	68	377	73	509	232	491	76	79	94	385	359	482	14	221	121	465	349	579	23	305	152	362	565	550	250	372	395	207	434	264	544	233	363	36	460	380	51	165	592	56	518	267	423	448	420	349
474	273	85	10	169	165	277	1	124	279	325	154	146	317	67	443	119	132	237	447	215	440	513	307	489	66	71	160	270	98	482	445	399	564	280	191	401	170	225	554	584	315	427	325	497	442	524	299	588	0	178	393	179	282	362	213	355	87	27	462	28	439	254	271	311	269	281	305	391	353	304	470	228	109	337	147	399	35	570	93	6	38	31	13	302	56	439	288	344	9	5	6	202	289	194	289	14	449	501	317
184	548	357	451	454	257	333	297	243	82	33	567	186	277	208	553	536	100	303	409	81	180	568	191	324	482	98	382	197	308	3	260	440	547	280	135	540	458	271	569	25	223	447	298	157	147	455	90	538	113	0	445	562	103	564	262	74	461	243	34	45	57	101	314	576	466	49	330	434	56	321	557	501	342	88	106	107	442	305	384	258	1	585	327	346	194	66	116	525	360	548	226	177	564	55	120	357	199	249	269
270	138	319	282	534	400	103	95	589	287	246	301	242	297	406	576	167	502	388	408	324	212	376	300	71	43	70	149	271	330	186	477	423	588	308	314	435	456	200	19	383	101	121	205	214	120	591	381	419	427	63	0	526	488	420	168	465	115	451	63	77	316	364	86	183	474	286	154	370	435	189	304	56	297	285	14	557	202	191	160	47	236	366	207	225	141	171	568	331	455	450	7	130	185	260	519	186	14	136	449
382	473	89	374	339	591	33	205	251	226	24	355	444	58	481	89	61	137	389	100	380	297	372	164	505	511	136	456	274	291	14	196	426	527	15	497	269	67	569	122	53	90	324	380	413	274	472	415	130	455	196	366	0	22	9	393	217	331	431	374	87	198	176	187	383	307	301	361	385	236	173	295	414	289	391	186	166	418	103	209	184	378	405	522	368	480	497	332	577	348	424	14	310	418	220	89	570	433	427	466
344	10	349	590	120	94	440	509	228	330	557	291	99	393	389	11	248	303	86	198	214	191	390	267	366	150	239	475	513	357	535	269	480	456	419	246	550	526	546	399	545	276	579	310	293	193	18	168	38	557	516	62	450	0	164	406	496	41	370	534	164	569	201	502	302	170	155	299	138	472	223	197	533	392	246	43	12	8	160	564	449	578	556	385	543	410	234	168	34	50	193	493	159	478	51	547	290	102	495	332
313	17	452	414	390	8	430	228	542	3	160	298	356	364	299	149	137	232	65	223	126	429	118	501	24	407	472	215	7	109	274	108	477	455	328	112	54	245	202	238	348	435	296	435	408	171	416	590	357	309	276	322	534	151	0	504	330	353	376	134	174	149	375	252	366	105	272	2	355	72	568	232	120	223	126	414	295	478	403	453	363	383	585	151	10	187	308	431	306	459	141	155	451	101	426	251	284	559	343	239
422	427	541	452	388	86	246	415	435	3	416	13	133	531	156	523	367	42	332	480	409	572	443	97	37	458	48	296	404	497	204	320	495	144	279	56	583	494	24	308	103	347	449	259	357	34	403	347	225	381	172	518	541	177	31	0	26	182	117	414	351	79	324	22	184	379	538	128	432	492	210	92	187	11	324	314	393	420	254	518	57	159	202	229	552	173	281	329	79	576	454	299	227	20	80	73	59	392	554	384
557	561	100	223	86	189	152	552	398	487	79	240	109	482	265	145	202	54	267	392	459	571	547	352	188	236	2	164	70	108	120	52	463	192	423	518	458	87	437	381	492	46	235	454	590	116	134	93	537	113	227	45	289	543	535	186	0	99	344	239	138	467	357	101	295	102	299	413	362	166	418	195	230	280	478	251	61	296	326	132	237	266	299	304	533	99	538	292	381	500	398	195	178	526	546	524	511	546	327	319
261	520	485	445	380	77	174	176	101	497	438	71	585	1	98	556	272	45	159	294	552	223	50	210	108	565	452	67	408	517	531	430	391	539	171	206	273	384	258	500	52	89	542	373	416	124	359	580	98	42	297	237	111	191	34	451	34	0	532	302	543	106	341	6	314	496	364	324	220	559	126	509	197	541	95	371	298	75	84	564	397	56	20	428	508	464	557	348	510	522	117	389	517	352	213	403	318	63	569	444
57	1	452	309	484	281	519	526	416	114	410	571	236	253	340	344	406	55	363	420	84	259	530	463	73	150	176	537	215	255	257	484	226	175	231	519	391	313	569	561	427	349	325	494	37	342	347	383	249	267	579	164	532	338	198	5	218	120	0	18	561	431	497	129	213	297	575	407	484	22	88	228	273	278	257	249	229	37	302	173	256	343	360	485	555	6	235	131	118	254	375	454	110	451	165	440	416	315	441	203
378	244	524	247	579	169	334	403	136	545	386	162	143	206	503	101	260	527	510	427	41	37	223	205	209	64	585	175	327	296	504	127	524	200	353	12	365	132	466	571	254	215	280	567	368	62	389	464	383	2	160	247	197	381	461	48	15	475	77	0	187	172	313	376	257	451	318	359	138	46	59	146	267	455	566	334	383	143	284	419	134	175	171	231	585	50	282	51	80	337	312	440	63	305	358	19	378	360	419	307
209	559	571	34	557	446	14	34	222	210	204	308	117	190	310	35	87	512	66	331	445	531	14	567	462	21	448	3	8	379	256	355	194	318	380	348	116	189	493	144	440	148	26	67	196	572	96	22	23	293	210	46	419	523	473	456	591	329	334	314	0	429	480	147	2	148	23	260	498	151	564	585	321	470	263	81	296	545	123	491	535	550	445	201	128	261	466	128	503	389	497	320	469	369	323	272	130	238	200	412
371	180	196	438	545	76	221	352	220	66	381	203	560	459	430	323	101	559	333	95	257	101	46	174	87	387	513	434	331	375	404	13	481	71	495	396	422	445	210	82	235	416	376	178	363	305	253	25	190	508	135	546	493	480	30	316	571	147	411	8	545	0	27	70	471	171	37	311	432	100	265	363	88	294	540	88	286	9	549	34	508	100	152	321	442	456	500	434	348	494	172	295	120	229	481	19	476	458	123	137
322	310	283	45	197	560	115	50	397	270	495	484	185	333	350	58	472	380	573	56	212	389	380	585	304	493	287	426	115	471	516	293	279	359	432	322	128	507	204	235	407	86	479	491	177	192	178	190	33	164	99	126	221	519	143	31	3	408	28	298	220	324	0	7	412	154	556	419	385	427	543	121	109	504	389	223	497	74	119	588	528	104	87	303	399	277	313	591	529	329	409	429	436	55	164	177	32	108	44	414
583	262	195	337	359	45	378	22	518	282	7	477	64	30	240	350	295	263	477	582	490	336	283	216	227	318	32	330	502	96	130	499	443	453	332	178	435	377	440	223	139	68	57	319	93	101	159	218	20	231	456	305	480	97	286	111	579	171	139	263	138	582	279	0	265	501	314	70	426	158	196	81	535	287	258	531	223	337	168	182	298	535	136	37	61	532	396	311	254	289	139	528	547	124	80	266	533	130	269	281
290	457	484	505	206	71	259	107	558	579	427	573	350	488	298	311	442	193	431	157	290	181	159	59	545	465	259	530	356	249	448	573	250	240	168	461	120	333	295	243	217	519	510	402	220	276	540	551	139	8	364	83	9	173	371	154	220	511	160	493	151	409	100	482	0	197	243	387	445	219	276	130	436	457	305	473	128	104	479	400	93	60	6	524	112	21	425	400	227	146	85	138	231	555	267	501	373	379	547	55
197	124	532	564	517	365	80	338	310	290	442	100	329	93	236	292	233	116	46	307	201	382	109	260	240	189	369	388	528	502	273	227	137	55	564	408	441	235	260	284	438	495	233	55	494	542	321	586	478	143	335	285	257	291	95	226	341	20	215	401	271	279	328	148	568	0	498	438	330	55	405	353	190	544	154	357	113	152	417	8	367	269	111	399	144	262	299	583	489	306	577	538	350	490	411	186	169	446	392	575
278	170	71	220	536	239	54	339	286	217	265	450	423	142	386	199	399	434	110	572	1	490	591	460	105	66	461	495	567	196	54	511	136	219	2	291	78	239	64	360	290	333	64	49	16	157	581	483	224	252	200	427	527	61	111	220	50	530	236	108	172	295	568	547	27	26	0	253	583	159	486	63	457	468	33	466	230	148	396	344	555	546	429	198	61	86	498	180	91	28	371	34	357	411	12	482	168	322	558	41
459	263	349	277	450	509	306	49	517	584	327	426	55	364	331	569	355	1	423	212	585	2	66	337	207	476	18	88	367	456	73	245	137	164	519	81	98	454	511	330	450	210	158	497	557	532	129	500	286	299	486	96	259	401	196	509	24	471	382	88	298	107	356	265	355	535	289	0	152	123	209	401	81	167	277	148	158	180	274	372	20	203	260	361	571	435	216	343	263	418	146	152	195	398	43	54	86	73	247	200
486	579	65	386	592	235	174	235	515	101	312	206	123	122	411	187	358	55	37	495	471	583	417	166	321	438	76	377	306	473	47	415	257	434	165	170	371	143	142	135	67	351	327	228	35	382	587	104	290	591	281	448	493	481	227	303	391	342	258	218	101	99	407	588	46	451	222	15	0	341	181	95	232	29	261	539	113	225	525	439	489	140	428	533	424	559	547	162	25	359	3	575	536	250	579	537	409	149	578	275
189	262	70	406	6	65	505	219	24	423	438	211	351	127	333	326	375	461	74	404	461	308	216	262	540	399	187	152	109	332	194	141	20	57	570	501	276	365	449	517	37	126	470	410	305	451	431	295	165	206	373	446	66	308	351	493	69	574	441	582	145	449	300	497	526	338	578	446	373	0	288	304	232	452	264	120	286	21	474	207	399	523	513	200	93	133	70	354	30	287	123	44	189	220	130	342	247	474	146	99
191	527	78	303	414	99	361	14	459	415	208	83	573	320	35	494	31	275	541	516	516	477	425	286	106	98	473	132	163	43	584	61	417	508	389	421	419	284	199	204	460	65	581	568	45	344	115	49	580	378	91	49	180	173	14	519	189	391	52	455	291	277	136	432	416	482	8	204	150	424	0	328	377	101	301	565	509	162	448	370	547	477	208	199	261	344	168	106	90	239	407	80	301	252	572	366	471	129	254	569
540	511	85	218	102	179	33	586	146	156	70	270	9	419	322	66	239	357	287	394	308	392	252	392	272	530	120	72	219	211	375	501	422	547	215	131	132	277	507	576	18	413	46	558	409	348	153	318	181	105	35	242	295	221	74	579	381	407	276	70	384	135	371	580	139	402	458	170	24	171	1	0	510	120	482	224	377	48	326	237	527	177	300	299	200	308	385	315	21	46	91	7	421	469	262	218	421	550	158	341
142	12	140	493	23	409	471	293	186	551	55	188	460	415	576	175	298	143	536	5	374	557	444	61	449	116	480	167	338	62	5	114	231	392	182	190	212	24	179	343	590	397	570	3	196	72	39	128	11	277	28	156	50	106	140	325	590	548	7	520	503	206	571	269	26	507	106	496	507	552	469	360	0	23	45	7	514	533	203	334	99	394	156	49	36	127	20	73	119	8	268	459	441	135	376	90	163	173	98	361
2	429	289	337	214	44	285	369	70	162	270	392	491	491	334	292	305	304	472	154	455	464	312	29	582	563	567	94	465	142	165	120	291	402	407	342	521	376	213	88	239	379	6	235	248	504	233	154	265	267	353	332	323	103	448	427	493	167	144	569	234	579	200	285	234	34	432	130	112	305	78	90	127	0	275	391	468	258	311	90	403	414	433	228	95	175	185	382	223	65	341	536	455	589	346	280	236	86	437	432
172	253	227	438	84	515	318	205	254	483	378	148	500	444	218	124	567	401	507	11	182	74	97	350	384	146	105	176	441	172	561	542	399	587	388	406	168	532	560	399	541	283	548	521	231	30	547	578	162	211	438	529	572	586	212	325	297	502	417	281	529	443	52	316	437	208	96	474	109	44	294	343	413	247	0	145	552	76	97	499	161	384	30	164	157	293	366	144	448	540	138	271	68	96	91	127	571	448	513	112
297	229	450	303	451	282	387	592	546	585	525	168	364	245	394	184	228	349	281	403	215	102	531	321	536	529	491	525	310	322	157	47	459	442	62	317	409	207	213	381	484	544	182	321	116	310	412	19	551	169	264	462	333	92	83	553	122	335	418	529	152	206	571	343	359	230	517	232	124	361	494	491	30	101	396	0	428	26	244	162	283	266	119	553	370	415	579	58	512	167	555	371	63	559	537	531	292	300	158	277
272	459	76	264	580	140	419	173	365	201	394	568	354	521	34	544	524	70	571	126	176	267	218	94	502	80	521	344	59	580	396	324	22	562	411	187	268	17	131	357	50	498	47	467	501	266	501	397	165	501	465	28	462	70	215	561	96	338	12	329	63	38	290	449	527	413	286	10	290	474	26	5	342	259	50	214	0	255	582	552	538	106	456	546	424	22	205	118	38	281	532	3	536	136	270	508	580	352	238	453
264	529	584	295	424	6	154	138	310	460	486	181	76	109	416	227	430	234	483	555	515	474	383	374	590	329	60	96	469	122	239	406	279	28	229	309	510	312	212	466	166	502	51	242	189	224	320	42	188	159	190	41	47	164	193	214	104	425	591	61	527	500	34	567	176	199	414	18	190	346	51	319	497	561	149	116	101	0	387	221	525	272	362	246	57	76	558	209	334	315	107	159	70	29	592	88	427	127	443	395
151	509	333	179	141	223	344	64	421	496	176	153	3	373	312	137	330	80	414	523	442	529	324	225	232	109	367	65	241	518	456	192	88	476	317	29	35	333	467	124	442	58	343	162	373	243	86	309	293	584	16	78	396	320	367	285	6	527	138	439	154	411	180	381	523	313	524	156	515	296	382	295	119	295	281	543	127	553	0	221	178	574	138	557	238	125	224	67	102	304	539	109	317	353	171	224	237	156	411	429
379	549	526	445	228	84	177	149	76	309	94	539	35	291	120	98	275	229	259	116	582	74	540	289	336	501	536	551	565	123	576	312	278	192	114	115	292	482	277	350	336	195	419	222	212	117	310	488	219	331	166	228	273	41	507	229	340	585	352	487	553	9	583	382	32	523	378	89	486	332	523	104	283	549	151	65	401	574	71	0	92	95	277	378	518	441	189	552	253	199	445	306	407	9	578	506	500	475	240	545
297	130	245	335	226	145	76	429	191	395	248	463	421	310	21	386	248	525	311	386	297	501	182	59	550	54	373	514	38	50	19	124	332	281	4	196	525	95	541	43	445	177	219	443	241	384	68	7	79	96	392	395	464	480	301	110	465	12	327	527	82	192	508	461	15	529	249	438	371	196	412	431	545	517	86	581	500	382	376	108	0	354	560	49	322	355	352	565	29	169	312	451	412	277	339	273	149	410	547	339
485	432	435	237	280	455	192	119	582	170	550	130	282	152	228	291	8	170	334	245	410	280	43	583	370	226	294	546	280	548	348	152	16	363	540	302	334	591	59	216	74	482	376	176	398	337	338	52	248	70	32	146	421	297	316	56	153	256	506	391	368	234	567	238	372	437	263	50	234	176	496	189	277	67	7	254	117	536	539	427	91	0	319	277	572	150	506	519	241	78	339	54	37	218	80	452	143	484	490	436
93	539	341	31	526	332	480	555	439	483	360	330	168	574	524	286	559	105	541	281	171	549	415	115	472	316	434	356	124	169	249	103	191	261	433	463	283	214	495	116	219	117	161	433	218	331	471	583	264	193	352	459	352	578	425	157	455	70	90	97	91	132	197	403	569	475	285	559	421	570	171	326	142	509	555	112	222	356	294	287	566	223	0	137	176	203	359	477	473	532	285	300	562	432	141	367	119	464	216	175
242	145	585	578	433	439	313	161	254	350	80	529	24	350	314	582	537	201	577	503	143	63	137	469	375	497	181	417	417	460	535	235	224	70	104	230	492	61	9	135	362	578	215	106	29	46	155	337	416	409	446	34	554	450	211	465	398	414	507	384	82	146	561	487	516	212	226	442	591	396	48	459	2	410	465	227	499	591	290	60	130	203	44	0	449	71	525	3	207	366	481	363	364	153	209	182	520	62	304	88
53	513	250	129	495	204	298	4	48	208	563	473	574	575	161	58	285	93	449	291	176	571	272	154	571	537	217	32	68	112	572	396	195	425	109	544	366	573	567	320	188	397	199	539	90	54	115	467	339	327	80	580	216	218	471	546	84	550	246	273	327	381	415	213	121	291	73	568	326	122	341	574	379	225	356	121	348	516	101	328	461	389	561	583	0	418	30	94	268	503	541	281	157	429	239	235	204	198	191	335
479	532	439	286	404	75	184	429	278	209	502	351	338	416	367	229	37	289	4	395	138	234	244	445	71	588	294	483	175	101	503	390	510	54	124	224	463	154	184	571	168	504	385	501	116	93	501	311	218	500	138	449	283	391	233	96	246	150	260	353	283	571	487	224	442	26	558	340	140	289	88	101	570	418	296	499	63	383	30	434	526	445	524	109	273	0	100	393	430	14	394	470	65	336	59	568	519	38	354	557
250	488	197	374	167	254	156	535	347	273	370	121	469	375	176	505	352	446	114	559	164	174	172	82	307	165	234	318	356	283	486	452	385	400	560	422	269	442	87	214	352	465	310	379	195	301	40	70	546	117	99	151	468	320	26	424	511	76	278	335	567	235	531	325	174	419	329	398	335	71	84	485	149	517	221	343	275	404	522	113	26	473	220	555	403	389	0	348	267	536	289	91	455	269	420	46	454	201	97	214
34	203	201	542	463	338	321	36	243	261	268	183	285	589	479	5	66	502	246	174	100	386	529	54	413	144	373	107	527	580	489	351	90	247	406	67	107	542	168	40	545	1	165	544	574	231	483	157	258	419	193	140	176	147	97	509	74	315	555	313	197	582	4	547	304	203	561	36	420	416	535	96	493	368	139	559	365	488	349	126	106	137	132	230	94	92	94	0	330	359	542	71	503	71	306	112	84	210	65	309
515	567	128	45	180	377	218	25	497	113	463	169	431	304	189	179	346	484	491	101	11	91	539	70	11	423	442	25	412	526	298	36	72	102	590	181	21	323	251	332	475	250	472	116	455	119	465	446	270	317	530	199	485	214	65	545	308	363	23	141	437	476	33	501	161	436	538	397	368	452	356	218	296	553	13	530	227	469	312	123	63	569	224	267	83	560	419	32	0	529	438	440	54	180	108	503	179	573	386	300
292	332	45	584	36	388	433	263	208	4	279	26	83	85	55	468	178	340	236	188	331	477	194	285	183	472	541	178	564	86	400	541	577	173	507	498	177	112	265	130	13	158	392	372	94	496	367	131	107	393	483	150	573	225	21	439	427	398	263	125	586	277	64	530	267	190	397	227	481	320	170	429	464	240	62	260	453	166	246	525	475	235	34	241	423	269	387	448	292	0	320	514	576	241	98	293	379	269	35	120
525	327	551	296	213	117	460	225	15	592	405	495	565	417	350	361	507	389	12	66	386	31	564	460	580	504	543	26	345	470	33	578	118	448	456	343	528	76	582	56	431	83	243	406	526	428	136	404	313	415	321	268	434	570	46	406	108	527	252	506	44	591	472	452	135	471	36	82	260	365	349	276	280	24	438	476	422	311	565	55	570	408	230	114	224	358	107	62	462	545	0	582	36	459	558	246	151	557	468	534
339	256	182	350	515	370	93	386	192	516	155	133	531	444	486	509	389	371	440	341	474	186	308	143	70	257	394	23	552	228	575	205	189	237	370	419	149	54	507	142	185	395	584	103	228	365	110	89	146	525	112	254	118	49	523	4	538	148	45	59	36	117	407	100	312	160	121	155	140	50	155	179	143	496	450	95	84	262	248	352	321	103	422	391	305	382	141	355	445	54	202	0	464	437	281	132	205	86	27	485
291	503	298	306	369	15	452	443	256	136	407	203	579	308	239	126	560	246	284	110	71	488	504	6	213	33	457	225	501	340	430	77	348	586	2	65	184	363	54	234	520	68	330	482	41	478	200	13	322	362	545	216	211	515	444	212	52	105	66	338	531	566	376	274	101	95	184	352	406	560	386	22	251	557	271	342	549	226	96	573	260	391	235	29	396	145	210	295	36	302	469	263	0	302	507	464	112	184	67	238
479	91	15	12	28	183	505	249	456	38	250	428	226	193	100	542	107	470	354	587	136	199	433	182	435	4	145	319	555	86	267	145	560	35	309	536	213	509	7	94	371	221	227	192	432	168	58	436	314	582	63	170	452	563	442	239	67	36	551	437	546	409	551	398	33	37	326	292	171	258	542	502	209	138	393	494	329	10	236	343	142	549	276	312	342	359	150	192	227	57	179	447	586	0	352	124	85	387	128	175
64	245	38	455	136	7	62	80	203	569	24	107	487	93	530	112	469	193	496	237	585	579	463	258	207	44	584	160	5	9	316	377	56	464	124	91	210	150	70	550	423	414	145	464	376	428	492	383	345	334	130	182	426	23	190	122	160	583	383	64	236	588	181	428	77	239	32	268	481	278	267	501	570	385	149	307	465	591	63	124	245	313	161	105	127	414	72	375	583	563	475	314	122	337	0	148	241	285	143	540
286	177	309	168	244	573	191	475	317	559	13	570	138	574	405	528	477	537	331	405	204	275	172	381	112	585	158	553	411	107	528	463	476	74	123	531	569	8	45	529	527	35	592	211	478	164	88	479	289	159	488	450	279	358	469	287	405	524	79	326	430	293	478	16	350	48	224	390	29	397	362	299	304	287	275	549	230	255	495	36	263	106	443	176	400	481	451	176	405	70	301	568	155	285	79	0	366	118	448	465
91	315	556	252	376	548	27	452	222	443	335	401	161	507	542	520	221	274	203	348	341	372	464	8	140	121	313	79	473	329	403	540	219	587	14	462	210	394	91	305	247	567	355	564	382	181	579	174	258	567	126	101	81	16	53	114	516	248	404	572	544	42	78	8	304	40	23	245	238	3	344	48	376	529	269	218	74	343	200	577	334	93	181	11	544	61	368	294	10	338	363	216	145	245	434	243	0	37	324	152
201	573	263	24	119	295	318	140	220	383	187	592	101	191	405	201	530	334	332	154	289	157	102	117	144	8	517	415	186	236	173	117	318	191	349	399	413	481	326	569	370	458	91	59	434	96	194	110	434	424	164	472	76	109	21	142	52	86	439	169	208	138	137	257	346	390	211	272	428	250	78	380	99	17	523	450	207	106	254	66	478	270	586	532	82	187	176	3	262	4	290	392	363	27	328	443	160	0	286	561
590	327	85	119	322	202	296	410	509	60	552	37	122	24	283	504	13	10	523	104	351	94	289	564	488	324	577	537	53	220	426	151	563	184	141	306	215	124	256	241	349	245	57	585	271	480	36	445	366	587	288	245	121	391	336	273	263	521	297	478	375	410	494	464	406	254	393	322	429	272	307	93	448	42	313	108	529	332	490	63	131	9	166	572	590	492	385	181	71	288	514	91	93	589	581	300	226	229	0	434
450	426	364	153	1	81	348	201	267	491	46	96	527	125	515	38	378	101	307	457	53	369	413	155	246	339	147	562	531	358	113	425	287	173	592	45	202	110	574	295	164	416	547	81	88	132	368	383	397	532	154	175	23	489	558	329	314	513	108	508	298	138	285	269	409	48	127	321	301	265	155	35	535	126	542	254	8	92	213	525	198	400	499	357	418	441	491	454	383	460	194	282	90	528	68	152	262	274	368	0
