A	B	C	D	E	F	G	H	I	J	K	L	M	N	O	P	Q	R	S	T	U	V	W	X	Y	Z	AA	AB	AC	AD	AE	AF	AG	AH	AI	AJ	AK	AL	AM	AN	AO	AP	AQ	AR	AS	AT	AU	AV	AW	AX	AY	AZ	BA	BB	BC	BD	BE	BF	BG	BH	BI	BJ	BK	BL	BM	BN	BO	BP	BQ	BR	BS	BT	BU	BV	BW	BX	BY	BZ	CA	CB	CC	CD	CE	CF	CG	CH	CI	CJ	CK	CL	CM	CN	CO	CP	CQ	CR	CS	CT	CU	CV
0	160	251	28	329	291	233	193	199	84	205	196	264	191	244	29	371	328	415	249	76	262	178	234	113	256	311	145	107	159	48	373	83	347	242	245	255	408	28	337	31	263	156	353	184	345	235	407	3	51	63	346	179	321	198	387	101	53	69	16	429	410	425	343	196	149	403	96	314	412	160	30	266	88	82	135	283	233	111	142	114	72	4	310	340	388	11	140	171	135	149	408	290	163	44	352	305	172	335	55
381	0	100	407	88	256	30	317	101	431	112	19	19	15	318	4	427	370	244	286	111	197	194	43	435	298	198	132	27	231	377	94	183	278	309	144	28	330	321	150	235	107	7	95	267	258	312	300	141	113	60	170	220	363	100	273	91	427	244	278	239	14	366	254	224	255	325	321	197	318	81	281	27	117	106	431	7	313	428	20	142	303	124	136	99	32	169	12	42	211	402	175	386	194	162	12	10	143	220	292
214	222	0	178	25	315	227	242	178	114	197	107	190	316	305	201	128	301	335	178	180	150	113	134	89	77	305	150	44	9	132	372	407	38	320	187	427	200	209	58	225	376	278	286	333	174	14	271	11	125	299	211	12	201	373	274	295	231	172	247	118	176	22	265	155	256	421	366	85	32	24	411	191	20	200	229	41	345	213	152	74	378	222	177	253	364	413	196	292	121	155	425	182	222	126	66	430	139	192	142
152	381	421	0	132	132	190	322	14	168	243	229	399	188	400	55	48	84	408	319	97	261	89	396	359	39	163	399	357	316	231	164	20	237	85	314	156	322	355	293	279	17	137	372	244	304	5	351	332	316	181	142	70	152	160	120	34	381	134	355	392	72	212	170	424	364	341	193	382	165	53	318	143	25	416	201	124	370	159	260	399	82	16	348	51	143	42	76	120	48	369	248	329	422	275	226	381	360	373	369
230	115	186	86	0	297	332	346	382	62	384	33	237	261	59	381	57	189	166	275	374	359	380	155	385	6	151	27	399	75	196	275	266	118	195	99	43	383	361	48	68	70	71	314	231	341	253	301	420	340	365	170	368	79	384	65	357	91	138	38	291	407	430	200	112	60	115	334	291	300	63	289	24	251	197	327	186	319	19	67	64	23	63	23	172	54	348	45	356	197	117	189	361	269	50	32	124	250	91	370
399	123	183	330	95	0	93	150	46	413	144	256	112	214	366	150	424	248	367	382	206	241	245	148	179	153	215	353	79	207	241	176	95	207	125	82	424	132	29	325	312	13	267	75	341	46	276	37	387	38	408	31	225	71	35	48	31	133	251	346	413	169	312	5	120	324	412	203	32	120	83	353	175	210	54	111	127	386	255	414	22	190	143	304	143	27	297	271	396	418	235	322	19	100	224	380	360	88	431	304
354	56	74	266	175	289	0	14	247	9	78	430	371	382	253	204	145	122	27	120	25	256	14	97	374	123	190	323	199	102	354	240	391	101	408	214	72	419	340	105	140	71	46	388	317	211	16	251	197	292	206	427	199	34	16	94	363	393	340	235	330	399	68	286	28	115	18	408	220	92	229	184	168	177	153	48	35	36	218	82	391	48	161	38	160	304	417	258	395	247	59	151	332	103	408	296	397	286	312	167
53	364	92	379	55	354	408	0	191	242	393	145	398	404	110	366	402	201	235	224	229	32	34	174	340	397	24	84	171	404	230	338	159	129	429	364	135	393	19	319	308	349	180	8	328	418	14	271	344	423	387	422	244	337	54	220	10	252	117	424	223	358	236	389	143	173	326	166	423	174	246	261	138	435	369	398	296	109	349	310	325	192	40	282	109	388	301	376	355	164	360	33	66	184	118	354	5	209	386	115
420	263	89	434	325	417	96	408	0	381	6	80	329	361	46	60	197	260	192	305	426	165	115	64	306	166	367	118	88	149	257	43	297	74	36	254	416	75	108	393	159	267	298	151	167	238	307	246	342	6	258	213	68	124	37	186	205	378	413	130	25	332	366	231	313	93	37	133	360	262	83	417	228	419	397	62	429	190	396	292	202	226	210	74	409	164	371	291	256	333	377	243	390	167	435	421	285	22	190	240
293	261	178	344	75	373	253	6	119	0	79	164	188	225	74	202	210	166	298	48	63	79	411	60	431	33	107	247	37	88	113	376	348	110	332	66	88	363	82	356	418	317	41	433	369	131	18	34	256	424	347	423	74	317	272	90	173	263	224	284	1	118	152	368	424	112	314	39	41	359	62	431	322	303	196	417	217	188	308	23	142	174	76	322	387	220	294	303	158	338	114	155	330	284	77	140	315	257	208	354
53	230	3	181	421	7	264	261	290	334	0	355	146	199	436	390	61	276	86	180	332	281	201	385	39	50	64	49	246	104	273	8	140	125	233	273	413	357	214	250	155	194	181	220	398	312	172	153	283	274	236	324	268	278	14	174	301	350	396	316	138	139	96	6	222	31	29	239	74	409	288	283	349	253	203	29	217	331	41	73	76	298	220	395	349	189	72	360	225	420	344	211	374	396	404	67	189	283	312	112
336	121	9	212	123	154	183	238	389	230	322	0	370	192	51	428	271	311	30	185	436	306	361	231	268	366	396	28	294	219	72	335	151	414	248	386	371	6	232	355	43	260	241	403	370	416	130	218	167	187	19	368	187	15	328	220	177	36	394	24	28	112	156	263	29	212	116	47	286	44	77	255	336	349	375	402	197	93	266	335	326	408	344	96	141	50	97	38	371	161	204	102	267	3	62	219	23	284	209	399
242	138	74	239	120	256	282	435	81	201	425	212	0	261	146	224	100	365	118	213	343	386	162	108	171	246	314	93	81	326	244	211	244	399	391	251	203	260	367	410	151	256	362	256	368	35	369	323	89	353	294	95	108	82	409	359	75	9	233	403	408	64	25	70	283	343	327	136	393	71	233	427	17	39	303	14	131	374	316	186	380	375	285	387	334	68	375	282	103	7	160	271	309	275	335	27	39	216	71	76
91	394	197	397	169	345	267	21	317	403	15	378	53	0	65	137	42	13	125	69	78	414	219	376	17	335	306	261	324	323	194	6	282	99	40	197	200	342	236	277	168	342	425	417	13	389	38	137	210	89	403	61	12	168	225	147	186	36	233	77	2	61	52	391	95	81	121	323	420	425	270	111	92	423	154	106	202	175	51	329	260	1	104	63	385	73	408	203	43	137	421	43	283	271	172	150	385	262	397	117
389	188	358	116	291	308	125	187	434	295	54	279	127	306	0	46	360	245	400	412	356	324	70	120	237	36	168	102	358	371	336	14	361	364	307	423	348	111	219	351	349	404	281	214	329	107	75	138	160	330	431	24	148	108	225	11	19	130	325	248	355	378	47	396	145	430	150	24	100	22	271	168	114	332	210	262	298	237	380	258	55	348	178	270	88	214	104	278	207	395	105	44	14	332	196	30	374	343	322	275
229	426	299	21	324	144	178	128	120	241	171	308	178	417	345	0	314	163	348	302	367	342	151	432	195	154	387	57	317	186	207	194	158	230	274	9	135	100	264	181	60	362	10	256	200	92	118	173	224	91	123	115	155	337	99	232	257	48	48	381	69	66	267	267	253	101	180	291	179	244	148	20	9	376	415	407	227	274	50	318	283	402	246	359	154	37	152	105	89	376	371	230	132	21	404	44	296	83	308	55
135	307	237	21	225	147	156	392	199	317	203	114	353	379	259	307	0	428	141	94	327	137	223	346	99	26	434	222	343	346	15	281	1	143	115	400	94	435	170	55	151	275	5	26	229	68	366	202	93	367	208	433	287	2	354	107	327	257	67	166	237	130	415	128	9	158	119	362	74	422	83	427	316	118	14	174	90	226	271	183	169	199	112	259	414	32	84	383	146	299	328	182	221	351	289	221	233	57	196	9
375	296	330	275	101	36	274	277	88	395	164	265	292	200	236	242	160	0	237	131	377	399	279	81	419	1	116	368	19	423	187	62	301	361	179	372	99	83	393	126	45	350	161	65	82	386	122	217	109	12	81	60	117	304	291	130	128	121	41	287	428	298	314	86	27	169	223	164	117	97	336	55	394	308	235	328	338	286	151	95	264	281	435	321	202	258	353	1	55	110	311	397	96	307	285	227	358	371	82	32
118	237	346	361	368	236	145	4	334	36	28	251	406	316	364	244	342	142	0	299	314	281	232	259	161	126	131	54	373	369	157	415	356	112	83	66	315	91	226	153	340	91	378	289	322	98	186	401	206	138	152	32	175	101	347	331	161	61	333	63	276	258	281	237	183	37	417	97	242	23	294	366	200	380	317	157	3	293	89	310	375	37	221	375	190	60	285	139	392	227	325	19	35	27	135	22	267	90	33	155
387	150	436	63	175	157	228	412	197	241	221	303	27	132	245	254	289	368	19	0	226	88	236	78	26	143	392	21	206	405	271	213	379	295	171	128	370	320	193	295	312	283	216	269	312	179	417	45	290	108	64	227	243	85	226	434	148	369	282	160	35	35	103	407	267	118	176	272	115	343	51	347	208	68	140	80	106	228	322	328	314	188	402	419	245	203	398	280	352	279	161	365	74	186	164	179	296	241	342	261
152	125	219	287	6	68	181	133	179	51	168	266	103	208	4	288	423	149	252	243	0	368	99	203	314	69	54	205	407	212	400	110	309	59	198	266	9	318	319	218	73	106	372	372	13	143	85	323	14	380	287	403	277	330	146	335	403	231	347	55	411	382	218	110	155	395	366	319	129	110	267	53	193	158	1	208	124	240	101	247	399	104	33	327	329	145	268	136	198	170	115	80	370	173	145	150	229	280	129	196
395	373	319	252	45	191	432	434	351	435	241	204	294	228	109	311	282	175	249	359	12	0	55	166	140	333	433	118	316	378	88	41	130	397	80	200	429	18	51	219	395	371	386	11	342	178	175	367	49	10	191	342	114	20	271	159	186	55	410	52	276	19	139	21	357	3	74	117	235	242	133	60	259	108	274	155	222	174	226	92	355	97	300	80	195	360	231	83	77	69	424	202	4	353	319	107	54	40	157	150
143	358	80	360	52	3	429	28	264	169	258	399	155	4	212	364	125	117	429	306	278	284	0	193	44	332	229	328	288	307	107	164	345	427	80	172	196	278	351	232	115	43	192	138	271	53	354	17	243	335	401	418	244	317	231	48	407	138	279	156	390	308	188	232	203	1	410	331	392	37	211	200	334	263	369	31	146	186	31	247	238	364	244	391	31	283	196	58	355	355	165	355	419	196	408	270	268	29	248	126
329	136	252	176	53	360	135	357	323	16	80	131	105	73	337	256	31	391	46	166	224	60	418	0	307	120	74	334	19	53	276	127	57	232	5	60	423	254	121	225	215	77	330	122	20	233	308	424	196	64	230	363	385	355	167	352	358	160	336	302	174	113	53	364	29	134	253	228	238	300	187	321	149	273	1	78	124	158	22	263	110	197	352	208	40	177	433	424	2	109	269	282	314	157	294	415	270	375	181	81
397	232	197	297	180	178	47	350	348	152	432	378	43	152	341	412	343	64	187	231	253	55	189	404	0	5	301	22	373	263	209	293	84	238	65	382	46	9	358	315	133	120	411	151	393	412	289	384	38	354	226	403	318	19	254	133	261	272	82	78	233	284	392	163	65	363	331	375	229	358	110	158	396	44	183	403	258	207	48	107	41	246	433	299	253	346	68	77	2	386	363	433	45	424	313	130	35	118	413	315
269	367	125	167	106	399	34	149	152	341	145	173	66	74	180	401	394	427	396	49	193	80	307	236	89	0	145	100	96	258	208	79	113	383	105	352	137	147	184	354	178	18	356	370	371	114	207	239	280	125	183	284	162	236	199	98	231	69	111	40	312	277	152	2	108	416	105	63	117	171	256	22	25	110	395	161	69	15	251	249	82	36	393	166	358	45	228	104	317	73	319	245	46	9	31	66	298	378	67	15
137	65	126	401	86	217	134	102	177	266	97	195	6	367	68	17	319	433	368	350	161	62	432	333	422	285	0	115	379	107	218	239	128	8	340	405	283	149	359	183	246	86	193	80	283	301	33	213	185	129	150	287	86	53	174	21	193	191	123	332	221	427	82	61	189	213	255	181	430	31	120	193	148	347	15	335	254	90	286	367	109	354	309	93	224	241	420	61	179	123	251	426	290	335	114	153	61	302	70	336
401	177	162	333	210	419	202	381	398	28	15	230	44	269	434	231	301	68	237	185	205	256	202	108	122	189	54	0	259	117	175	345	68	338	26	134	29	82	116	335	54	27	218	304	182	40	21	194	272	432	315	360	115	270	393	353	56	358	192	250	401	98	134	350	153	374	347	3	97	160	216	229	303	315	298	89	36	171	106	367	64	430	135	263	94	276	22	230	84	323	43	190	395	54	160	301	139	370	324	349
349	321	71	206	386	404	371	147	63	297	274	234	331	123	52	381	13	224	212	435	271	17	361	299	89	317	309	364	0	352	383	82	65	337	317	345	176	39	103	26	241	267	344	362	366	352	368	139	389	258	304	404	50	185	428	402	360	69	303	219	111	205	110	43	287	48	13	166	224	233	57	320	81	353	320	17	224	329	153	262	193	373	156	249	380	423	383	397	194	139	1	421	301	158	159	22	383	409	318	133
287	375	41	24	360	9	381	216	91	25	407	277	179	263	211	48	13	106	181	314	170	394	375	246	61	93	320	36	91	0	294	405	61	198	20	134	255	130	217	94	364	181	6	141	262	319	327	382	294	179	38	143	169	209	389	388	203	395	131	179	139	316	421	275	13	119	122	406	197	31	378	422	240	19	9	356	402	24	147	186	409	278	348	249	109	322	387	189	195	378	136	260	382	296	115	198	157	408	296	330
110	204	285	34	79	113	289	377	117	246	400	84	161	166	193	113	219	332	421	406	147	222	410	296	298	292	195	3	61	421	0	388	28	86	77	227	322	140	298	28	18	46	68	186	297	116	153	365	276	53	73	169	388	83	243	18	243	1	380	107	114	265	124	227	136	218	414	31	319	264	55	263	103	74	364	335	201	38	422	139	271	345	360	281	50	310	171	40	244	226	320	87	366	84	424	147	205	50	288	409
354	418	241	30	429	190	149	86	431	214	225	157	381	243	224	244	114	30	156	389	255	411	281	286	173	183	58	160	431	390	297	0	250	147	11	86	347	410	205	182	272	143	116	71	324	107	236	160	119	159	272	402	178	161	407	339	1	409	34	354	201	304	193	174	168	280	160	19	246	199	48	239	200	36	379	77	243	219	41	245	381	276	398	422	329	363	288	319	416	271	318	64	72	21	321	244	231	234	48	326
210	13	221	398	391	343	219	106	72	315	260	247	337	50	4	162	195	435	234	285	298	17	359	300	353	72	166	89	66	200	372	125	0	256	324	81	133	184	62	256	176	51	348	340	24	271	216	292	235	215	42	276	114	152	268	309	243	226	216	391	197	235	207	151	212	276	95	160	134	301	266	292	270	330	39	75	179	263	66	247	215	364	10	325	209	198	238	109	321	316	89	85	435	431	404	90	32	203	324	422
384	70	397	274	232	270	65	292	122	78	57	69	62	423	418	60	80	60	191	319	409	369	410	216	337	276	365	70	56	192	353	193	288	0	172	250	153	33	158	389	68	346	338	134	381	349	71	30	52	62	156	87	119	324	209	127	148	328	290	356	372	104	59	37	10	201	94	388	402	396	374	309	230	107	66	211	74	432	40	93	410	345	30	202	145	264	63	121	181	321	368	100	217	41	215	343	408	392	243	218
219	413	294	343	264	277	398	140	277	182	347	339	165	17	119	279	130	208	34	142	190	83	219	294	55	294	39	331	282	253	342	19	87	117	0	72	17	143	296	327	105	309	260	371	35	307	327	84	26	348	373	65	290	29	411	275	351	103	165	152	125	289	332	256	402	283	66	431	129	160	344	52	108	18	299	97	20	97	278	193	181	164	352	292	258	157	79	280	277	316	95	195	209	39	157	417	362	219	132	323
123	136	178	197	269	340	397	100	278	131	129	170	274	428	194	407	1	389	143	297	142	72	271	377	84	146	130	17	236	400	244	255	256	190	344	0	165	135	29	50	339	265	318	350	421	286	101	351	50	413	126	434	435	224	270	201	213	214	240	230	337	433	20	31	278	238	306	187	232	54	356	134	260	431	379	366	119	373	325	395	147	99	134	271	430	424	59	366	253	431	139	291	46	364	76	433	12	332	281	193
17	164	275	291	76	79	211	45	51	152	406	163	176	273	238	215	268	277	426	183	29	160	357	62	79	251	360	411	422	402	69	429	307	161	336	264	0	267	203	215	350	178	248	46	5	316	343	218	76	10	255	23	115	267	174	259	189	293	38	140	340	101	334	169	58	142	412	76	374	405	234	16	227	33	375	375	185	28	15	401	96	213	35	301	59	228	84	126	378	401	126	69	282	308	302	173	236	377	304	138
260	63	251	434	280	376	301	325	138	8	299	181	315	236	37	141	283	118	20	260	269	21	49	315	350	160	222	107	187	344	120	116	352	33	377	151	313	0	331	317	75	241	265	70	363	152	351	285	101	49	333	321	401	35	147	45	10	227	47	303	192	418	158	237	134	420	307	407	115	65	188	284	412	419	75	90	21	294	296	12	45	342	108	399	209	358	188	291	366	28	369	367	125	7	198	261	419	416	161	119
206	104	158	151	401	218	358	359	114	284	217	362	151	36	32	265	363	30	66	53	328	310	181	334	249	354	184	80	169	274	128	309	87	197	222	248	127	143	0	338	421	106	400	302	82	363	260	9	136	272	53	368	162	375	309	305	36	421	257	428	57	299	243	276	55	419	203	404	354	145	372	384	83	212	49	247	153	402	1	293	310	239	220	198	229	32	433	92	259	24	196	201	369	205	92	212	6	62	292	372
415	187	118	416	16	209	7	249	121	340	362	183	326	107	285	213	80	115	229	99	202	74	45	307	323	231	312	70	284	324	30	409	155	290	416	18	361	337	30	0	65	342	215	392	25	51	306	44	353	181	416	132	72	89	110	362	362	434	151	232	362	12	215	157	296	317	66	149	32	433	209	20	98	417	362	161	90	385	236	325	160	277	27	204	170	282	251	303	253	387	31	22	320	184	254	17	203	388	421	53
226	369	81	107	35	286	276	330	425	121	370	300	409	173	79	395	97	220	66	333	303	349	46	369	286	41	51	108	128	267	345	249	362	359	312	317	71	430	382	8	0	421	350	112	299	215	426	210	301	168	241	61	392	309	427	18	425	151	225	187	338	165	38	364	410	115	4	167	64	229	71	412	159	349	421	253	307	141	140	100	108	151	154	173	161	340	194	243	167	180	253	99	78	23	203	229	60	385	271	353
178	369	40	388	357	384	60	53	216	416	17	39	398	95	130	268	264	154	354	321	415	106	216	289	236	420	293	155	333	371	384	166	50	426	109	344	345	394	79	59	215	0	285	245	261	226	187	335	133	316	232	175	238	385	433	417	98	228	9	403	289	48	193	182	37	282	331	80	97	175	166	90	139	408	299	167	369	419	281	331	412	55	156	308	307	341	202	419	420	412	293	366	86	3	88	89	85	231	425	191
329	250	182	327	404	134	290	91	122	182	243	26	426	324	364	224	404	384	375	398	193	261	117	227	398	204	346	429	205	85	292	231	198	198	356	117	105	220	13	33	40	35	0	238	364	18	360	364	340	359	410	315	106	180	98	389	102	52	355	227	435	375	88	132	168	224	11	282	291	361	136	416	353	297	125	300	307	164	138	108	375	158	328	163	303	214	165	383	230	373	206	362	398	385	16	265	404	264	358	337
433	200	244	118	118	123	210	103	375	116	90	206	323	194	154	189	58	253	139	215	151	344	268	209	306	232	187	119	56	128	288	336	134	222	30	168	425	279	139	350	138	51	331	0	222	245	385	224	121	241	285	47	120	425	326	423	209	349	219	118	191	49	28	311	304	337	281	390	397	407	4	221	77	273	369	21	253	369	227	395	238	313	413	182	118	365	196	134	383	184	207	75	239	290	47	273	161	246	116	176
45	310	382	345	144	227	237	28	220	151	269	129	199	15	3	12	366	354	257	357	18	161	412	255	260	181	372	75	13	45	282	69	2	431	26	114	145	268	133	144	132	155	169	393	0	421	231	93	162	413	232	250	195	80	84	165	179	287	154	272	299	264	70	87	416	200	209	40	170	136	111	123	318	371	209	303	69	405	314	42	206	354	174	227	208	65	62	150	275	33	95	314	325	432	360	249	323	112	57	70
385	339	79	48	428	161	272	242	2	350	79	232	304	75	114	238	268	365	395	156	197	132	292	316	283	234	8	54	316	95	342	119	331	150	411	7	133	227	348	268	228	223	170	356	22	0	414	428	127	14	92	219	169	45	391	266	257	218	127	349	314	55	53	171	375	322	97	417	408	217	167	367	354	171	243	418	376	8	70	404	198	170	249	205	226	114	104	309	323	304	9	28	148	229	50	344	303	20	199	239
293	307	171	322	90	246	188	412	103	54	110	148	38	221	64	103	18	139	224	66	355	141	6	216	15	20	25	105	231	363	404	348	77	128	80	104	92	87	421	85	234	375	295	411	130	137	0	4	125	217	332	195	309	59	151	112	398	92	6	30	382	66	359	103	335	364	63	388	26	302	201	166	16	1	11	32	133	402	67	100	51	78	62	192	368	157	111	384	339	236	127	217	55	132	190	129	432	109	216	176
132	323	186	137	14	319	138	394	377	299	10	294	225	424	389	276	295	110	363	268	377	17	308	18	262	36	412	398	176	63	7	268	416	73	4	223	106	378	320	87	376	291	328	109	261	174	4	0	361	213	206	234	127	276	164	282	254	122	51	431	349	24	369	332	350	293	164	365	202	140	232	67	2	372	300	229	231	142	333	256	41	103	192	57	319	318	255	260	110	268	290	37	28	251	324	10	298	255	328	230
261	226	293	50	184	86	150	121	177	291	28	371	291	119	245	12	116	238	104	192	178	94	401	129	420	34	297	132	384	244	417	226	292	135	104	264	411	46	338	68	154	234	127	331	259	376	295	304	0	279	293	428	401	7	96	230	390	235	134	149	102	368	397	31	107	223	252	151	111	292	59	249	387	164	53	258	130	391	227	383	60	345	249	304	387	183	264	401	26	84	412	383	280	122	385	110	308	192	149	209
142	127	368	139	109	309	39	284	404	308	410	351	253	230	4	85	305	92	104	385	289	18	198	309	232	172	416	302	47	150	186	210	82	188	133	6	125	298	426	65	313	327	274	91	251	117	75	199	11	0	405	222	87	113	364	282	15	279	270	188	426	332	242	154	330	62	178	72	90	197	396	392	161	272	240	17	137	204	358	390	211	39	6	18	189	198	45	149	297	410	383	378	323	52	211	171	163	11	77	146
288	311	56	65	36	213	92	387	418	4	277	317	268	35	285	266	418	280	12	423	379	143	177	2	70	36	309	52	190	262	1	170	209	324	4	288	270	380	305	425	261	244	141	179	253	267	177	53	117	205	0	98	43	172	114	386	295	112	398	61	403	344	60	265	30	265	392	24	172	10	253	3	296	23	393	28	406	43	85	153	335	356	288	175	86	354	36	24	80	151	108	214	142	242	142	301	191	315	155	360
286	14	59	174	327	1	51	243	374	117	135	201	245	416	77	124	174	88	398	380	230	408	339	162	209	301	171	382	354	42	3	252	280	139	114	195	77	200	311	316	63	8	333	304	228	150	253	309	398	62	363	0	229	293	316	73	164	264	15	334	106	8	232	423	102	183	403	146	140	25	9	110	425	63	121	211	262	228	249	38	341	170	337	122	392	63	309	215	229	89	368	76	345	19	196	122	280	296	300	236
200	259	303	249	314	309	181	377	309	246	127	111	127	145	272	356	418	356	323	194	212	355	404	224	237	432	109	433	368	121	332	272	360	382	221	308	77	41	177	120	238	261	367	374	236	111	341	304	64	24	347	167	0	238	98	127	404	344	258	151	301	201	212	305	127	432	289	146	5	42	350	230	192	75	332	198	221	296	76	402	268	71	41	209	122	91	241	369	135	3	67	175	261	285	132	225	166	269	213	387
375	355	49	5	399	207	34	248	3	214	111	83	343	183	375	115	131	355	118	283	267	348	417	105	51	75	242	216	40	345	316	245	288	96	377	287	275	214	64	50	421	326	107	152	23	286	271	160	352	364	346	110	85	0	31	68	428	402	334	287	375	377	369	191	311	158	92	276	115	83	314	413	402	235	130	367	421	35	7	300	175	419	362	359	33	372	228	42	25	253	294	38	267	252	46	328	432	276	87	123
213	117	400	153	55	420	24	172	417	338	195	337	195	250	389	13	204	160	282	407	201	303	161	336	11	236	396	191	50	424	222	297	158	178	399	224	245	12	205	246	55	330	431	355	108	13	102	276	289	394	77	379	161	118	0	387	178	391	107	330	74	350	204	277	263	348	387	323	107	416	75	254	118	200	401	412	152	138	110	146	33	4	332	138	46	386	429	215	414	178	9	379	203	404	196	276	2	416	115	86
375	185	199	404	59	123	130	423	433	127	403	329	361	432	421	167	86	244	229	322	31	90	418	315	388	65	33	436	5	211	203	403	37	414	416	348	161	41	275	424	117	222	167	11	364	174	246	71	77	199	355	89	331	222	123	0	362	201	117	257	100	241	317	252	126	121	202	421	231	430	201	289	171	196	311	334	142	328	13	43	193	213	237	26	230	322	102	365	25	257	246	108	171	274	202	11	422	186	91	45
133	256	41	272	112	285	125	138	128	21	153	374	299	146	270	261	396	392	91	274	127	223	346	212	358	239	244	161	205	162	418	10	371	35	337	101	339	192	387	149	422	380	229	325	187	240	430	192	323	392	270	427	104	63	175	384	0	21	282	125	140	297	295	291	41	345	378	203	71	283	415	266	62	424	421	170	298	153	25	167	400	309	30	412	252	346	220	210	215	374	124	318	376	358	278	141	195	55	154	41
161	298	59	209	194	250	40	317	192	119	268	11	39	219	22	263	277	421	11	410	379	300	404	415	401	198	347	196	365	353	187	170	97	123	330	342	313	321	62	263	394	72	184	136	239	369	383	291	426	94	55	160	201	253	165	266	181	0	401	168	16	330	367	396	52	215	333	299	380	108	394	168	26	94	75	82	278	200	190	389	10	42	391	345	154	386	223	77	95	288	123	402	285	225	260	28	400	307	346	57
343	107	186	209	323	144	301	307	270	341	309	53	148	398	406	324	413	334	13	421	292	382	287	228	160	188	289	154	432	353	220	106	39	2	78	23	22	9	8	149	150	199	240	94	11	236	170	296	184	58	205	94	58	34	435	83	356	25	0	276	347	162	351	59	176	362	12	299	108	78	81	167	240	10	146	365	126	300	413	357	399	58	12	74	205	202	65	45	76	397	52	167	259	324	128	402	371	335	351	235
377	411	299	322	64	111	95	384	141	212	45	255	368	341	31	342	340	63	178	246	89	95	240	288	183	132	351	426	67	144	212	393	364	116	207	117	200	332	317	214	414	280	97	221	242	59	139	132	4	41	56	176	291	86	103	19	263	205	320	0	362	269	201	272	332	181	24	345	391	429	362	123	215	400	76	188	280	124	56	16	315	419	151	213	120	135	249	89	270	164	366	365	263	208	30	137	11	94	69	93
26	280	90	28	217	370	38	366	201	181	233	59	176	13	224	411	94	61	116	108	416	189	369	421	240	347	261	51	396	46	188	40	176	290	422	225	13	76	335	314	398	249	298	331	367	112	197	256	127	275	201	228	123	346	245	215	162	226	366	401	0	220	20	286	293	184	139	381	163	359	397	275	64	307	185	399	167	183	115	115	167	94	77	296	364	25	294	154	89	114	189	112	75	26	236	337	93	32	181	110
358	396	295	382	398	116	152	261	150	353	199	259	184	122	214	253	332	430	302	119	397	389	318	200	220	393	289	63	67	435	318	219	201	141	98	99	41	93	44	395	103	98	62	184	147	97	180	253	77	131	323	290	181	343	429	108	369	135	12	394	60	0	359	69	401	61	132	91	342	25	73	362	61	377	24	334	7	432	138	269	54	353	281	354	314	35	362	38	5	240	141	293	390	154	106	240	126	227	81	412
215	217	140	327	204	283	223	170	142	384	115	337	229	264	407	27	88	343	95	410	271	69	337	61	61	194	46	298	186	105	78	125	209	20	272	403	128	89	162	333	250	25	317	361	269	33	266	240	334	105	260	151	231	128	368	304	221	203	237	339	277	75	0	419	29	75	108	110	121	47	330	206	74	296	188	9	435	392	313	149	66	372	338	336	70	292	55	109	392	431	343	135	399	175	115	169	341	416	62	410
82	76	7	315	192	325	55	264	121	61	123	2	380	161	156	27	194	386	30	90	191	352	255	100	189	363	209	376	139	356	428	162	253	36	174	408	162	156	315	420	163	220	436	348	132	319	331	361	258	16	175	15	322	59	95	255	11	350	72	48	269	52	87	0	221	167	244	35	121	77	137	334	377	96	177	152	228	240	25	385	284	111	64	245	202	177	19	111	291	332	330	13	268	205	359	368	18	357	101	277
72	179	277	313	410	114	24	271	101	205	227	428	379	278	152	322	66	256	370	293	250	152	215	92	267	317	12	40	325	285	299	398	101	118	354	126	184	406	276	136	89	341	411	94	314	75	424	313	67	306	172	80	280	11	272	404	143	289	61	293	9	50	357	85	0	254	90	383	433	233	257	76	418	221	396	131	286	104	265	40	124	197	110	132	436	78	375	336	367	66	366	421	32	113	383	305	136	48	117	239
86	19	304	408	67	327	434	353	111	34	394	422	259	176	83	129	98	241	6	365	38	92	87	251	70	191	376	283	224	251	327	381	8	62	209	223	38	399	303	289	375	32	307	139	85	148	417	54	327	275	72	304	285	206	77	16	332	396	372	242	346	365	327	76	18	0	405	350	23	416	311	33	233	208	16	317	399	237	13	345	213	123	58	92	360	32	102	150	424	31	236	192	325	381	103	74	111	32	110	351
189	156	250	336	38	76	225	374	37	165	264	355	95	416	242	339	349	154	290	184	49	219	149	269	427	147	268	106	297	138	54	381	25	246	151	217	163	380	58	196	335	75	266	250	109	354	30	273	8	183	412	80	39	219	101	35	305	320	410	82	292	210	308	251	268	3	0	292	255	103	277	400	16	306	409	211	285	25	314	171	226	98	84	6	185	405	26	361	42	366	189	62	93	35	34	409	325	62	430	364
272	44	389	77	261	350	317	286	160	261	33	95	436	294	422	415	330	395	115	331	73	320	319	281	27	283	433	183	65	63	180	390	356	400	332	20	100	76	306	268	273	2	266	163	27	70	423	58	349	328	15	83	151	34	72	169	83	75	306	213	115	101	399	382	357	289	302	0	141	296	66	124	369	222	315	379	143	59	208	322	384	217	105	404	239	88	313	63	429	217	396	283	111	250	1	415	362	380	103	338
354	93	411	356	87	174	150	431	235	95	419	319	407	3	340	6	215	120	377	407	270	259	148	79	87	1	352	68	67	288	33	100	122	205	111	403	194	308	278	375	60	427	256	411	99	291	399	232	269	176	424	311	33	63	348	411	360	367	226	76	92	199	129	306	376	146	168	165	0	410	108	221	398	318	246	326	342	213	20	17	204	118	202	152	89	232	135	27	177	191	57	372	361	393	246	349	117	237	170	213
22	102	277	244	230	45	256	257	209	435	107	296	14	380	14	399	383	138	269	127	339	218	233	313	392	142	320	136	184	170	356	378	325	142	91	291	416	396	216	260	231	44	379	112	197	123	254	93	136	27	24	6	277	47	109	99	81	94	138	45	405	327	203	322	194	387	332	224	7	0	89	185	191	216	23	110	237	43	281	325	45	277	402	263	110	64	274	186	315	146	29	386	174	422	73	250	259	434	237	243
45	384	379	376	213	420	140	180	274	401	20	257	133	411	212	168	28	430	102	406	290	195	181	125	324	366	277	281	410	348	24	225	3	412	106	404	77	428	401	243	376	221	192	156	130	236	228	304	132	303	279	38	74	227	286	127	142	231	414	79	336	340	201	235	211	290	410	330	3	346	0	247	191	398	260	388	42	377	71	3	392	56	123	47	137	290	384	284	220	26	288	219	43	354	399	96	398	30	269	371
364	394	270	378	130	332	408	332	148	49	94	112	369	312	19	8	394	154	361	189	151	29	139	212	197	47	240	257	159	141	224	143	60	324	307	87	406	124	58	16	314	357	344	3	341	378	197	132	173	333	203	12	198	98	61	275	2	51	399	72	133	350	321	43	19	296	271	312	153	175	436	0	436	389	218	120	401	264	14	221	436	169	262	26	270	433	214	398	79	335	352	29	140	349	359	187	327	434	106	92
96	226	85	126	222	200	242	357	116	293	182	348	145	218	335	143	205	361	207	154	389	74	263	308	400	326	370	107	391	260	269	199	388	178	411	393	412	305	250	80	157	238	326	83	342	118	386	128	299	166	218	26	384	231	249	291	52	65	382	89	267	38	171	166	232	377	427	23	306	152	378	370	0	231	228	385	174	284	261	349	217	273	209	6	131	159	401	317	244	194	93	334	197	388	401	325	68	325	278	295
41	238	170	201	105	145	85	27	367	326	6	226	272	15	159	195	291	254	22	278	29	203	271	316	401	138	340	103	375	312	94	54	408	16	148	365	322	166	352	229	44	364	196	104	330	79	328	34	136	397	2	303	227	359	235	380	189	48	49	184	260	404	323	263	176	6	161	339	44	19	419	133	424	0	170	188	294	348	287	62	288	14	251	258	149	53	376	247	194	288	253	47	313	197	317	169	256	116	347	200
172	301	30	134	117	154	76	219	255	21	162	239	97	409	195	330	114	61	123	26	268	383	262	296	156	24	322	422	310	172	377	177	89	323	203	326	161	193	66	267	180	352	155	377	13	346	158	107	403	73	96	42	15	49	273	167	191	338	347	105	250	198	242	10	365	331	248	203	325	39	68	40	85	146	0	117	167	11	175	302	327	94	311	335	154	74	309	212	326	63	31	432	407	349	366	121	36	118	137	120
213	2	5	26	335	131	389	325	136	151	244	54	191	384	402	28	336	3	214	344	64	33	30	251	174	242	127	110	106	395	96	145	231	244	144	427	227	320	28	436	242	23	11	325	360	250	156	415	147	185	105	176	326	268	41	56	187	350	323	51	294	281	94	59	274	254	39	77	295	146	224	163	423	419	9	0	371	281	67	293	220	238	221	26	315	172	295	329	238	18	314	35	253	244	122	330	215	106	369	131
135	415	289	311	396	123	386	348	73	259	30	149	60	345	362	302	401	119	203	222	189	255	85	345	196	265	226	111	174	26	413	18	47	303	329	213	419	50	359	275	164	412	296	194	141	251	277	74	8	347	51	272	334	368	259	217	299	269	303	426	329	313	317	234	249	352	374	22	296	308	273	240	265	122	172	126	0	229	66	296	87	266	409	53	312	287	121	1	268	244	40	119	123	232	366	273	371	108	183	390
333	173	251	339	265	200	236	111	257	276	101	251	33	39	239	195	180	217	177	188	82	97	209	404	77	121	309	333	422	35	195	59	99	341	48	277	394	176	151	255	417	389	386	189	372	279	366	19	285	425	153	310	114	61	422	153	201	283	247	27	69	409	256	264	62	333	353	423	5	364	136	259	171	271	289	361	193	0	385	359	433	243	332	303	236	41	400	5	435	291	371	346	175	409	104	133	340	37	88	387
389	308	238	330	93	206	151	315	293	14	239	409	305	108	376	91	241	236	127	1	99	212	159	417	209	414	29	193	139	355	199	399	279	118	118	367	5	328	328	36	367	25	285	70	359	286	379	27	255	4	409	157	287	292	148	29	288	299	377	198	165	293	159	144	150	140	287	394	392	14	1	20	251	376	278	53	15	389	0	310	85	43	175	83	111	358	23	85	346	54	213	372	311	357	36	414	5	275	203	192
214	163	210	368	338	44	24	138	77	53	226	101	205	113	198	279	208	311	399	132	384	74	190	156	67	190	353	182	276	101	398	317	109	214	110	149	136	168	173	200	286	2	303	148	353	114	301	218	232	197	403	29	161	184	407	255	295	48	40	88	305	146	77	24	243	262	70	290	352	169	254	306	178	285	156	423	33	320	408	0	37	348	5	62	46	339	317	263	142	326	113	176	109	152	259	274	94	34	371	170
302	17	63	421	123	436	27	260	161	343	183	347	301	250	394	200	232	216	418	338	123	351	158	321	314	42	42	99	177	108	90	402	43	270	145	148	420	71	427	200	282	8	387	182	407	375	172	290	43	260	305	336	11	394	291	174	204	245	424	329	210	5	350	206	202	153	277	253	381	8	252	399	292	377	185	246	214	405	342	114	0	173	342	285	300	156	188	6	328	91	419	89	134	65	137	221	202	135	302	152
109	174	206	279	117	299	306	26	162	264	290	274	310	116	95	414	183	224	184	222	252	174	321	320	52	432	428	245	193	426	280	82	86	197	345	304	108	28	352	352	224	262	421	175	423	397	368	191	122	253	44	155	87	115	290	341	147	208	303	353	279	82	27	366	374	125	318	331	374	69	120	118	124	14	192	413	281	159	10	381	270	0	20	422	120	354	373	54	15	55	27	54	340	65	315	34	223	231	239	345
407	159	382	254	95	214	110	86	412	255	237	1	248	424	262	103	281	432	307	382	208	196	328	30	147	210	204	176	4	14	130	1	119	423	223	168	59	64	245	42	352	421	172	255	150	99	139	26	136	46	350	189	101	361	15	343	422	95	51	20	255	81	219	124	292	268	301	163	120	270	402	262	26	132	230	139	376	360	67	372	177	287	0	325	79	378	171	406	124	77	21	35	297	119	284	230	360	397	376	214
398	242	354	434	373	166	14	177	170	280	200	168	435	186	77	296	270	143	319	116	18	401	330	419	306	75	409	277	390	242	225	107	199	132	111	280	329	78	147	355	434	75	385	138	200	298	397	201	284	125	435	57	109	63	243	37	289	425	106	119	362	399	288	212	215	262	247	331	388	294	291	258	351	275	345	372	259	28	320	393	149	197	418	0	238	223	47	408	304	428	288	225	394	273	167	405	340	190	175	255
69	52	139	284	273	24	309	304	52	202	239	356	145	406	192	247	212	207	1	168	278	274	201	170	424	188	88	406	19	64	142	138	336	292	396	2	190	27	281	165	51	136	207	318	22	362	410	300	337	400	214	54	152	151	381	132	393	308	406	87	217	187	248	132	402	49	26	50	183	307	409	418	401	370	23	279	177	385	3	408	371	103	369	113	0	41	218	373	296	210	216	202	187	316	113	179	425	66	68	192
342	91	89	294	409	260	411	412	334	199	313	146	186	355	310	343	393	337	132	165	379	90	173	45	273	5	416	404	108	40	87	215	2	346	277	63	334	17	402	89	319	220	232	203	249	422	71	291	227	189	188	306	103	219	319	350	92	150	285	186	215	228	311	315	411	123	30	43	161	14	186	303	52	36	2	322	1	58	217	77	229	1	45	257	240	0	416	265	367	87	435	19	2	101	363	228	250	230	34	221
428	336	31	363	369	136	117	247	413	49	243	151	62	370	79	29	321	168	211	326	132	238	382	370	392	6	66	156	79	237	62	254	235	118	302	355	348	88	183	353	73	209	200	115	243	160	250	245	99	318	38	11	91	134	48	208	11	381	91	423	79	167	83	343	335	284	400	91	84	411	40	43	101	403	376	125	88	404	124	120	169	320	34	71	346	246	0	332	309	383	401	56	71	181	247	13	409	349	187	8
177	331	44	161	415	411	6	168	144	346	56	401	388	335	275	261	325	351	159	262	348	289	2	59	272	92	2	281	249	355	234	192	97	86	436	315	245	433	325	192	315	210	260	199	170	56	177	224	121	197	337	234	106	349	255	219	256	29	167	294	325	315	209	388	212	341	386	277	357	29	391	35	307	327	376	401	339	61	416	17	270	275	158	77	3	125	398	0	186	45	332	325	405	105	83	424	365	39	84	8
358	406	158	111	118	152	354	233	158	260	12	364	388	415	330	246	2	74	104	323	9	389	22	419	243	25	180	134	120	203	75	213	316	387	426	340	103	327	42	331	98	414	312	386	226	29	124	155	130	38	431	28	192	291	232	403	303	309	160	13	29	105	91	72	39	114	125	59	87	280	160	387	208	218	295	213	52	44	419	213	347	249	25	110	25	47	168	34	0	262	200	265	366	306	189	211	344	37	308	225
33	105	99	186	339	201	66	288	288	309	81	314	141	430	76	310	174	287	151	220	160	204	287	376	246	106	339	215	315	289	390	311	388	349	231	70	218	259	279	314	340	204	349	161	362	402	388	324	330	38	209	432	123	241	165	1	72	239	192	140	375	361	232	144	328	213	229	353	192	61	241	248	430	434	221	43	217	320	425	315	141	377	356	384	43	51	101	43	335	0	130	265	295	312	139	319	260	404	418	9
434	48	2	67	19	387	125	315	429	247	126	308	177	248	87	149	305	348	408	354	152	317	153	81	245	201	24	385	258	87	352	328	342	103	385	248	214	291	155	255	168	185	248	209	81	313	178	334	189	263	153	422	293	351	135	335	45	131	173	398	221	224	435	209	415	256	257	114	312	202	429	27	265	135	89	206	69	195	263	146	337	77	368	200	169	290	58	169	149	195	0	163	169	249	424	8	119	402	80	87
230	416	120	313	49	110	113	253	325	426	378	382	257	358	362	7	224	255	291	213	23	131	397	132	216	12	366	347	203	33	321	33	74	364	275	169	175	60	47	324	327	339	290	92	404	275	109	201	281	60	271	60	58	299	420	33	80	101	420	25	53	146	298	104	309	152	251	138	125	328	325	8	131	4	394	2	77	141	110	334	397	289	76	175	175	3	24	236	400	10	429	0	380	65	294	81	351	48	106	26
133	395	105	103	151	277	402	115	178	16	263	154	127	316	136	234	197	374	40	196	51	83	36	112	164	285	424	42	415	322	133	416	59	97	196	339	21	261	229	122	423	208	372	175	422	307	55	59	345	53	410	181	212	369	22	112	228	307	330	308	46	40	143	61	3	209	313	36	48	12	151	160	423	121	335	357	81	284	149	95	169	252	288	365	43	154	299	165	189	171	217	138	0	394	198	269	365	54	212	26
391	406	300	226	117	427	265	146	291	173	77	263	400	193	420	169	145	123	362	33	271	85	369	91	131	435	310	69	374	108	318	322	231	375	133	263	6	434	174	140	25	12	249	211	175	39	18	170	418	144	25	40	116	368	340	382	187	272	397	366	127	105	66	328	28	237	400	420	367	39	97	427	66	424	254	397	212	82	43	34	348	306	405	376	111	115	74	394	261	425	343	271	400	0	78	400	154	69	395	6
48	86	247	413	325	290	144	432	80	395	261	292	301	435	98	128	66	184	365	154	164	277	415	50	287	69	75	218	432	124	366	316	180	229	18	278	145	170	128	302	63	267	273	66	159	163	341	123	88	210	230	107	7	246	146	76	396	342	252	210	236	156	352	370	169	258	5	150	168	404	44	381	235	160	239	306	413	234	48	13	170	154	353	194	134	375	166	144	255	268	313	307	73	31	0	32	179	180	94	134
200	309	122	322	192	370	60	67	395	72	185	212	297	57	207	117	273	79	217	98	288	224	179	83	161	324	406	282	307	330	143	34	128	328	363	230	297	63	232	3	25	111	105	260	46	98	275	346	277	365	205	194	352	140	90	210	249	22	391	428	208	307	279	218	57	104	73	279	133	282	70	348	377	419	406	204	246	31	265	115	34	8	158	126	233	433	47	305	375	130	274	298	156	48	370	0	298	300	215	247
207	202	17	412	187	370	211	310	355	34	241	235	296	370	224	79	195	86	32	66	229	203	267	60	96	16	99	225	269	215	10	45	310	313	359	84	172	81	157	223	61	302	150	199	189	376	151	434	262	38	362	285	395	26	386	377	70	61	241	220	185	413	335	305	174	270	147	42	53	123	238	77	182	12	118	409	86	155	115	384	395	102	404	183	309	133	39	56	51	194	206	215	280	259	36	423	0	229	102	205
189	318	79	182	7	344	53	73	436	124	229	295	313	275	194	93	22	420	181	390	322	357	40	79	332	344	142	400	198	353	347	196	190	147	18	52	405	63	379	404	113	417	426	103	387	85	313	350	298	220	323	17	350	399	63	79	26	142	126	119	14	116	184	317	185	396	52	213	340	383	172	304	163	105	256	278	313	256	224	123	180	325	301	347	239	362	397	46	233	217	249	397	267	46	24	109	419	0	305	419
392	107	406	59	393	78	287	32	60	63	147	402	96	48	119	236	366	164	24	159	398	278	413	371	96	403	117	200	19	232	135	241	79	418	381	29	394	387	326	226	383	225	314	181	6	196	425	275	63	411	53	244	300	135	295	89	246	293	121	207	105	317	2	153	373	38	366	195	360	203	401	133	251	172	426	171	401	49	16	199	221	64	326	291	173	99	64	306	127	271	297	259	335	74	133	227	136	365	0	292
271	52	5	306	142	40	39	61	298	285	25	322	187	390	40	417	229	372	4	273	358	29	130	243	149	312	266	164	202	365	375	341	29	217	289	169	418	421	225	432	256	308	422	220	160	139	289	402	19	330	248	267	63	110	413	64	297	104	271	245	227	327	276	319	338	328	199	218	25	128	411	172	110	412	149	26	285	371	179	73	125	391	57	160	172	371	117	94	232	5	144	85	347	172	140	188	308	403	179	0
