A	B	C	D	E	F	G	H	I	J	K	L	M	N	O	P	Q	R	S	T	U	V	W	X	Y	Z	AA	AB	AC	AD	AE	AF	AG	AH	AI	AJ	AK	AL	AM	AN	AO	AP	AQ	AR	AS	AT	AU	AV	AW	AX	AY	AZ	BA	BB	BC	BD	BE	BF	BG	BH	BI	BJ	BK	BL	BM	BN	BO	BP	BQ	BR	BS	BT	BU	BV	BW	BX	BY	BZ	CA	CB	CC	CD	CE	CF	CG	CH	CI	CJ	CK	CL	CM	CN	CO	CP	CQ	CR	CS	CT	CU	CV
0	370	255	453	610	104	506	164	582	389	275	558	191	76	400	430	386	421	561	234	296	313	586	6	46	42	116	426	192	586	269	472	477	607	580	291	298	248	217	352	182	510	611	606	496	181	458	370	151	503	300	41	204	380	475	463	167	76	43	570	355	551	334	57	524	49	342	162	306	374	115	462	582	539	3	65	216	453	167	264	210	115	56	482	421	399	404	29	113	533	488	243	383	393	365	272	368	32	208	126
298	0	374	206	87	377	177	602	327	235	306	440	89	407	188	535	85	607	595	343	223	579	254	120	349	374	555	291	156	222	147	229	385	535	207	430	452	247	287	328	244	86	288	552	272	489	306	93	406	492	66	452	438	291	566	381	584	205	323	334	544	225	22	336	181	353	426	15	182	285	34	118	221	439	209	597	48	98	120	199	176	177	149	453	537	585	324	136	505	66	354	223	529	442	585	83	231	155	126	179
515	4	0	399	597	22	109	575	441	268	172	89	520	229	19	594	91	461	239	219	16	85	143	61	188	15	494	110	399	369	91	418	355	200	227	465	396	80	496	575	140	583	505	508	119	46	232	461	78	261	223	577	439	567	306	61	334	50	227	4	594	560	93	216	327	188	431	573	453	153	408	596	295	242	33	484	109	95	573	357	455	210	540	585	275	17	386	575	508	71	68	545	130	297	97	469	338	515	554	259
75	124	497	0	226	469	389	333	458	92	485	394	88	301	222	530	398	190	471	358	387	581	120	604	32	315	374	48	190	166	114	78	102	111	438	134	557	176	77	576	119	418	535	48	226	602	28	339	141	614	501	172	337	52	168	498	252	293	239	32	370	68	355	542	163	584	426	323	490	284	145	555	298	313	294	521	267	170	350	408	361	563	21	573	92	50	400	233	161	4	586	378	153	286	134	335	487	28	124	385
110	479	534	429	0	73	503	600	251	320	108	598	225	414	550	492	4	127	544	353	315	12	282	589	309	263	573	366	190	325	429	46	576	488	199	521	359	455	176	280	496	481	497	427	442	444	58	165	187	345	220	270	421	229	582	56	461	1	298	191	409	257	122	177	95	549	175	587	150	84	560	159	122	345	280	98	364	132	454	239	212	229	96	479	79	180	439	433	105	375	113	489	225	604	353	501	371	437	312	391
71	65	157	499	353	0	262	613	87	331	550	105	13	14	502	262	35	339	175	454	236	291	41	55	300	105	235	24	188	596	390	144	183	344	472	409	144	101	532	15	262	115	235	74	309	577	76	167	12	5	266	122	431	107	259	290	449	250	479	123	426	252	198	50	225	241	253	150	86	315	419	201	61	609	141	165	33	378	7	403	420	353	544	207	260	120	22	383	417	32	315	514	226	136	250	614	262	345	196	440
21	577	476	348	196	322	0	613	45	256	14	576	553	399	164	138	102	344	298	281	145	553	339	322	14	435	279	373	486	398	330	215	172	312	261	247	127	70	500	198	307	118	559	360	19	604	284	271	334	537	191	90	41	168	571	488	373	190	73	244	504	300	129	354	163	1	199	155	320	544	239	330	81	495	585	465	402	132	86	481	178	341	147	171	427	329	469	297	591	604	443	561	198	499	499	469	150	506	550	141
173	3	34	329	395	22	502	0	494	248	135	130	314	429	309	69	518	505	218	328	14	42	478	150	533	343	580	538	62	318	342	464	141	353	151	381	291	350	251	302	542	172	303	24	474	530	109	8	156	351	87	187	301	551	259	200	511	260	212	378	437	184	316	206	504	552	187	250	31	563	288	22	255	326	268	146	185	123	88	127	268	361	123	65	277	191	272	203	34	307	303	486	272	251	75	101	316	143	332	598
562	485	539	566	601	354	599	151	0	254	338	430	454	160	537	174	477	342	102	69	326	85	611	89	340	414	390	581	278	293	107	346	120	31	50	324	19	304	423	253	340	256	277	512	556	84	589	334	324	374	100	257	519	540	64	552	72	488	482	583	356	340	578	505	150	285	596	238	258	452	356	204	43	562	72	62	449	226	392	399	103	184	513	478	511	520	472	329	412	39	273	504	208	326	462	140	506	381	175	151
590	206	103	443	225	399	600	316	574	0	403	54	426	393	575	302	58	513	251	401	435	445	303	356	210	287	418	566	405	592	562	579	234	7	76	231	585	539	422	240	409	594	151	318	110	576	577	98	298	91	239	67	357	505	238	418	496	381	611	284	240	278	411	586	333	135	570	557	31	101	513	545	585	236	161	347	459	259	229	119	169	192	356	307	546	461	7	166	222	491	182	282	555	168	138	74	421	89	119	316
375	8	293	463	17	54	438	595	44	328	0	435	177	64	99	298	134	39	141	545	309	352	125	381	337	311	542	467	613	119	97	385	502	163	173	166	506	445	259	93	603	146	481	322	186	54	131	317	60	516	420	358	278	8	17	610	526	507	285	271	589	65	403	332	27	608	154	103	428	373	529	456	461	343	349	405	559	548	176	76	44	190	605	214	389	73	191	271	429	407	171	427	159	132	530	13	168	294	369	56
175	361	361	415	140	211	377	511	416	522	568	0	288	208	291	286	141	89	178	128	523	524	30	152	43	189	161	579	250	194	13	577	290	470	430	543	457	560	39	71	69	532	374	177	178	299	291	187	386	94	8	340	242	438	342	586	609	39	591	27	417	354	369	91	397	41	245	528	302	115	306	325	101	492	601	246	39	235	2	211	313	103	317	556	190	571	166	608	79	57	612	289	345	398	529	120	355	391	583	418
80	548	422	93	152	334	470	581	207	240	100	521	0	576	396	42	275	294	135	398	121	345	155	460	71	318	283	80	21	260	21	427	294	191	475	143	258	39	549	246	39	572	408	599	32	400	600	10	289	170	384	535	216	85	295	258	360	258	491	286	274	307	456	379	568	527	19	54	263	330	493	161	352	585	198	604	405	223	56	536	169	468	15	218	572	478	20	608	530	66	305	69	294	54	204	268	432	118	490	350
273	107	54	205	4	505	472	323	460	330	544	289	122	0	502	592	10	137	465	534	159	119	432	288	179	149	447	593	104	427	607	241	517	61	101	61	108	310	182	428	596	49	383	247	317	571	372	201	538	503	68	304	443	426	193	392	199	359	319	298	612	300	567	6	174	466	494	186	530	228	479	235	456	432	382	270	353	304	286	613	494	176	152	19	481	314	166	324	147	229	613	396	116	416	445	364	484	26	465	422
60	71	415	42	409	425	335	55	321	284	608	34	204	109	0	211	47	449	397	92	77	232	300	237	498	102	485	381	506	480	360	266	289	110	468	569	370	180	492	380	582	557	411	377	102	115	391	379	290	88	497	329	211	55	7	119	11	332	534	375	210	49	336	110	428	119	256	327	335	527	555	473	60	412	282	120	354	60	493	380	43	573	282	72	159	512	569	34	577	31	267	87	284	291	406	593	477	338	133	361
157	402	74	516	435	130	25	410	384	612	383	506	68	381	419	0	396	81	239	549	545	197	548	314	370	361	363	332	331	72	84	112	75	307	46	68	140	14	146	595	539	77	425	161	32	69	611	468	577	361	597	186	540	47	589	590	430	100	451	112	18	97	99	502	350	323	377	146	327	239	398	421	172	9	119	555	128	445	606	386	333	40	56	207	45	349	573	401	46	223	523	170	161	50	497	134	95	322	467	224
529	407	52	517	527	135	581	460	24	355	90	563	71	288	431	124	0	167	57	466	23	303	437	339	537	268	78	390	478	411	430	333	578	8	446	394	52	407	110	66	411	261	235	85	79	570	7	536	35	608	323	438	42	394	410	260	90	546	517	31	584	202	101	555	536	291	106	301	597	456	125	517	320	448	456	299	281	281	377	366	502	109	73	467	178	540	312	366	423	544	534	384	56	49	459	280	39	85	492	4
467	421	528	366	372	375	278	76	555	54	596	489	524	55	35	289	460	0	283	198	69	80	185	211	209	582	75	418	321	418	213	563	103	389	487	190	371	152	105	165	260	143	251	492	432	384	115	527	574	558	492	378	53	283	138	404	519	80	32	601	607	252	512	497	90	323	531	526	98	449	154	211	606	340	322	59	492	165	65	15	246	96	437	534	72	257	403	456	299	556	339	369	208	164	602	172	444	256	581	351
97	107	440	589	273	597	144	56	270	192	488	58	76	394	610	401	267	229	0	69	215	611	186	450	354	132	155	37	532	224	320	126	489	536	581	325	292	560	270	313	192	137	109	376	177	278	590	539	148	217	146	549	98	331	73	85	404	263	266	144	315	528	178	269	117	78	419	424	182	322	61	109	551	455	306	27	296	227	413	411	159	511	47	554	478	432	122	523	561	47	207	541	402	507	575	457	131	48	534	612
211	65	97	602	463	199	200	34	160	99	460	343	454	335	344	372	65	181	546	0	570	482	331	75	508	299	531	399	425	382	403	92	96	530	480	112	575	506	417	266	495	360	483	161	395	481	400	359	398	599	575	216	481	10	153	419	281	532	452	325	161	542	120	463	44	330	479	308	589	346	242	167	311	454	127	489	425	121	39	18	55	485	496	502	319	453	601	256	395	337	255	155	555	358	492	490	269	38	273	29
236	225	217	124	68	307	163	479	427	317	293	229	310	229	291	558	411	93	143	493	0	498	242	190	106	610	39	337	203	500	308	13	137	287	463	262	377	179	351	523	357	607	330	211	61	527	192	151	412	597	180	8	280	352	327	493	594	15	261	481	593	535	59	40	498	175	13	123	170	490	2	512	488	525	398	305	332	511	11	134	181	142	251	20	206	199	248	9	187	72	43	174	470	330	268	322	224	497	107	373
123	285	149	282	149	505	59	496	257	594	216	143	145	201	295	124	511	197	341	219	388	0	13	300	461	535	243	212	522	257	218	328	606	173	185	365	350	170	182	464	158	603	248	3	99	431	146	614	229	574	436	197	125	347	597	102	606	549	32	59	497	444	392	147	253	308	399	330	204	595	521	427	307	69	424	219	160	508	458	23	572	446	107	19	315	211	480	350	45	244	446	229	606	206	517	104	447	425	548	322
443	542	461	95	11	65	500	599	502	141	116	460	333	253	45	204	549	334	491	80	556	136	0	54	204	265	16	93	446	26	543	321	184	466	196	519	257	392	282	1	396	556	90	292	334	426	167	518	535	424	128	458	448	276	506	163	275	90	336	243	580	175	206	474	482	175	358	416	140	498	158	372	170	31	172	422	460	243	358	265	71	522	19	563	506	109	613	530	307	302	541	569	204	229	571	431	48	132	326	281
106	306	37	170	570	227	20	541	19	220	112	397	58	583	308	69	446	64	105	501	182	112	376	0	73	144	280	614	506	137	114	240	321	252	122	142	519	558	598	142	87	7	539	113	155	12	434	495	559	210	524	54	100	83	492	382	314	136	229	356	545	481	582	431	568	382	143	530	485	613	143	15	398	322	213	354	554	297	134	501	20	602	334	233	141	289	444	594	344	207	85	595	470	422	436	30	441	528	36	581
174	112	88	531	100	405	492	282	515	289	98	493	453	220	414	332	127	534	555	580	226	233	270	155	0	478	529	9	386	522	586	173	276	294	444	88	52	326	351	257	222	132	109	119	261	35	282	387	254	428	410	511	280	124	417	143	437	140	574	322	330	328	226	579	431	279	590	339	113	109	126	308	2	579	466	110	569	599	344	100	98	7	401	451	19	582	496	378	182	602	95	182	73	553	503	192	412	220	319	418
501	40	379	204	297	381	608	48	247	75	349	385	199	114	347	102	16	451	494	555	518	58	125	401	308	0	215	327	343	431	291	66	322	431	295	496	193	261	583	306	581	212	539	263	319	347	422	51	432	393	24	84	309	18	322	426	188	352	478	327	363	21	491	386	508	162	445	158	167	572	427	276	595	451	291	368	463	255	586	209	407	42	254	595	565	561	167	100	158	604	597	464	160	45	222	343	311	483	88	174
430	73	221	128	324	393	416	246	44	567	49	437	229	447	388	583	139	607	129	345	321	176	482	301	48	598	0	248	297	83	194	165	140	547	591	136	410	399	7	303	15	51	120	396	250	124	68	458	158	591	128	23	477	243	175	146	236	302	262	594	509	321	8	379	94	50	361	499	230	110	559	340	461	57	569	434	520	78	525	468	97	400	423	366	193	352	440	190	283	457	172	501	388	387	404	22	350	92	433	103
133	470	346	595	570	15	109	85	207	10	371	169	410	575	348	513	390	208	399	466	21	524	317	106	298	440	544	0	478	477	141	592	419	479	155	300	257	452	80	185	370	611	207	65	462	591	35	383	495	550	421	598	258	346	487	107	310	181	597	490	585	280	214	311	570	139	208	489	527	608	113	18	589	208	149	175	170	584	97	275	95	511	246	446	303	214	247	356	580	309	106	421	297	521	126	607	439	411	474	568
439	126	493	156	287	348	68	456	497	496	128	342	569	384	520	118	365	212	52	590	29	149	8	251	474	115	485	303	0	340	103	513	267	376	574	343	377	570	94	371	311	43	124	345	47	312	445	283	603	71	552	213	81	567	193	203	338	319	530	199	181	376	218	194	535	457	195	225	22	444	332	331	587	288	484	44	338	1	305	361	520	134	403	559	195	418	101	67	245	322	77	194	75	390	542	100	396	340	481	50
456	231	18	218	521	530	35	367	563	155	391	542	401	6	226	55	479	535	177	517	182	611	466	326	328	123	472	21	548	0	102	194	337	324	136	375	78	139	494	273	495	612	408	222	251	602	547	525	612	398	53	572	589	160	565	163	175	13	93	597	240	230	154	334	332	167	163	544	451	539	377	478	147	376	159	299	306	305	284	382	35	592	449	60	460	31	443	403	302	32	139	472	513	173	266	525	51	193	443	79
463	160	375	74	117	495	366	166	100	503	128	445	546	78	450	23	224	134	136	243	328	408	60	143	339	260	188	173	27	19	0	493	318	136	522	451	478	322	466	572	117	417	248	387	166	394	35	458	387	528	528	182	89	23	490	138	27	215	194	400	52	534	211	500	149	72	345	513	312	546	389	131	410	245	446	351	284	386	371	466	506	129	461	223	438	482	361	53	28	295	141	501	597	517	411	154	272	361	527	5
57	130	299	531	96	187	152	321	160	235	589	590	586	526	464	238	482	250	267	149	549	203	75	389	228	192	33	452	488	261	225	0	470	329	579	576	380	10	161	383	119	494	412	449	431	47	368	448	35	2	189	61	253	6	200	129	454	304	262	468	53	237	12	297	191	123	547	447	35	361	568	586	177	26	407	360	488	513	208	595	449	461	97	327	119	343	280	250	587	445	125	101	607	608	361	576	128	64	8	69
423	59	58	401	66	496	247	170	558	312	535	76	208	526	25	323	562	506	590	411	239	356	390	153	329	149	232	331	68	516	593	210	0	489	585	380	100	345	364	347	112	110	576	12	298	74	226	611	389	611	497	225	486	38	128	30	193	410	357	420	316	203	30	220	158	198	31	113	579	87	335	382	132	409	202	372	119	22	57	269	53	375	395	312	568	325	129	399	313	140	71	17	254	275	264	238	532	506	215	610
280	123	592	455	288	585	263	95	207	245	542	371	319	67	53	543	424	491	380	125	112	180	592	525	470	95	496	30	28	306	554	305	241	0	281	509	403	129	327	570	383	268	539	239	383	569	143	437	107	232	216	291	6	380	344	263	515	396	210	307	608	239	574	147	328	52	350	551	586	273	399	28	480	45	444	519	519	224	308	92	281	539	552	10	130	594	217	97	364	83	92	175	445	371	154	68	368	20	339	395
399	41	329	568	365	380	414	313	381	579	307	404	269	163	567	295	382	185	484	447	40	79	127	47	435	405	166	60	200	225	528	456	441	378	0	519	214	587	282	488	562	440	240	282	177	484	340	135	110	533	218	509	171	412	112	371	141	451	481	598	507	186	266	612	484	167	367	208	251	37	300	10	53	206	598	140	486	462	270	608	153	134	191	577	445	313	50	409	547	566	77	563	382	352	118	570	219	415	412	427
458	314	597	202	400	594	11	585	211	521	576	105	148	89	164	597	231	478	454	491	6	558	342	344	112	438	614	402	421	314	145	440	326	249	290	0	409	349	38	413	347	62	343	532	555	520	303	515	424	571	531	492	138	110	2	91	609	197	428	453	474	103	605	425	156	547	310	390	291	243	539	70	473	402	370	397	138	139	417	197	480	235	451	374	217	228	425	278	171	25	86	601	393	179	570	251	604	22	387	561
360	423	417	494	126	16	576	324	564	475	337	260	278	250	579	368	370	484	31	504	475	612	519	309	6	331	213	613	461	24	166	485	221	345	566	460	0	171	27	515	525	61	13	198	288	587	410	13	126	43	99	359	5	404	226	255	334	417	294	464	413	214	539	441	129	400	180	595	598	310	515	82	125	556	151	136	463	323	256	310	457	353	445	516	520	473	551	314	360	115	262	453	570	80	277	88	259	248	250	333
400	17	313	117	427	310	387	256	377	601	82	415	505	35	34	464	604	579	451	454	333	332	466	203	515	593	254	99	170	209	315	226	299	77	285	513	6	0	512	358	137	601	338	124	92	462	146	464	154	569	372	50	94	472	558	374	580	96	608	93	149	312	23	325	147	512	77	312	48	510	94	559	339	519	42	141	311	437	61	511	92	451	115	225	183	158	475	125	607	524	429	474	26	436	295	550	426	508	87	412
103	345	297	340	212	168	575	144	243	554	263	380	54	614	374	502	158	304	475	351	517	429	360	20	274	595	163	513	535	373	182	154	450	440	175	551	376	394	0	278	218	323	34	255	430	352	59	603	242	13	600	291	228	7	562	381	201	87	56	437	478	240	263	501	152	490	200	433	16	289	422	55	570	399	102	49	526	543	540	322	581	466	451	95	542	133	22	465	110	179	493	425	116	271	286	546	246	195	56	329
502	93	316	159	247	16	63	103	396	409	73	444	454	301	224	557	456	503	260	350	444	514	558	357	420	74	597	279	80	157	305	135	503	26	349	194	465	115	60	0	162	327	397	192	241	606	478	272	249	579	441	596	194	564	551	315	411	364	81	11	485	217	40	603	578	139	5	237	252	190	475	459	25	27	377	610	312	251	255	487	69	500	25	58	72	294	244	299	118	189	414	146	515	18	226	146	186	538	607	67
497	390	238	254	164	43	187	34	256	167	330	578	605	143	69	421	36	597	90	320	290	215	151	11	287	330	17	164	507	169	556	399	380	177	117	9	214	275	418	195	0	68	207	430	66	71	373	484	7	2	55	3	224	294	440	62	254	66	214	218	537	208	396	581	238	456	277	342	478	319	36	101	325	207	324	559	141	602	327	55	487	40	539	401	565	157	294	23	395	379	598	572	449	371	367	546	344	203	544	278
10	526	442	17	493	519	524	457	508	136	257	216	558	369	281	31	111	397	513	475	308	165	34	120	55	524	510	274	138	212	265	70	357	589	380	431	164	591	390	416	95	0	203	498	504	289	413	478	523	160	222	599	437	288	165	20	261	595	11	315	594	495	92	590	422	299	546	584	502	204	321	10	173	557	93	372	210	520	61	276	418	111	117	387	464	96	3	492	542	95	326	190	570	64	70	170	295	124	444	169
543	107	412	518	557	550	484	30	324	311	130	214	356	122	16	441	129	610	130	128	524	251	337	466	531	318	398	38	547	356	59	175	102	460	120	157	423	190	363	118	559	73	0	552	511	156	414	321	538	449	410	476	310	578	230	598	341	48	542	251	309	579	470	507	97	378	49	156	349	406	235	290	40	172	614	518	82	134	91	329	158	67	438	220	233	382	94	131	383	5	124	307	614	426	32	596	514	75	232	340
591	477	411	547	514	443	457	383	213	536	122	521	255	456	392	540	170	63	533	105	185	591	235	50	346	500	154	242	273	517	505	535	323	150	174	159	394	407	314	417	511	100	360	0	165	101	249	362	109	259	507	211	39	21	551	572	380	445	419	375	305	441	420	568	68	478	167	248	335	570	166	143	148	405	427	29	140	310	339	130	586	392	306	363	292	309	70	274	287	570	147	540	431	529	263	403	90	487	311	543
179	215	508	6	6	154	196	456	330	600	61	579	600	6	299	206	135	381	563	173	452	357	239	535	77	347	494	402	55	254	293	307	591	97	312	345	402	45	101	271	18	478	223	358	0	174	488	111	90	327	246	405	379	369	238	51	548	395	92	342	552	102	557	338	336	272	279	159	454	78	323	290	118	344	373	298	343	203	11	336	571	96	26	320	29	431	145	536	358	471	424	410	333	363	561	269	592	373	593	24
327	203	208	544	258	250	29	417	407	570	59	577	174	336	223	453	189	604	357	403	164	511	30	149	505	362	374	366	213	198	394	296	436	340	211	319	523	67	403	42	148	5	16	532	561	0	9	268	592	175	31	462	316	314	541	483	377	612	250	311	50	141	171	352	591	376	496	65	84	481	225	212	390	502	331	342	528	7	401	166	71	95	267	51	117	117	142	451	216	608	316	346	46	301	432	176	217	132	121	318
22	601	317	484	381	272	188	200	254	160	375	326	101	6	226	266	58	317	46	557	578	192	497	361	567	194	473	558	96	220	506	6	374	308	106	328	134	126	75	487	537	470	588	92	40	267	0	131	161	181	276	518	561	185	362	478	187	60	568	26	120	434	180	485	420	131	553	505	373	410	427	257	1	18	74	463	387	548	10	217	285	480	600	419	189	578	319	37	520	57	265	2	160	17	152	388	125	32	364	236
354	86	552	45	459	61	514	585	51	36	310	571	194	300	65	29	5	3	17	58	102	420	66	586	374	518	181	495	122	312	224	201	240	101	10	307	499	336	169	236	352	163	469	395	608	69	122	0	239	398	269	534	381	370	32	208	231	162	469	379	168	583	405	398	541	160	279	381	367	169	276	125	171	207	389	479	195	201	499	234	39	254	512	282	296	30	40	76	324	158	245	247	492	12	480	104	351	115	564	206
385	176	249	52	382	30	316	131	237	471	94	141	279	500	194	217	590	176	373	14	468	461	603	65	293	421	425	444	317	121	47	4	323	363	575	327	531	301	551	467	209	54	424	419	472	594	41	319	0	614	170	377	10	454	182	348	282	312	488	313	293	209	83	125	124	97	448	453	457	410	82	244	226	401	472	110	314	177	152	514	501	557	462	292	348	129	106	535	412	333	431	519	62	456	206	193	539	54	420	576
147	191	591	422	526	416	449	382	589	44	366	530	401	543	588	584	117	614	265	282	451	335	484	609	526	507	444	72	425	470	224	164	600	94	542	11	264	293	453	334	582	308	432	221	461	567	446	4	360	0	183	483	140	241	354	494	572	606	399	353	498	602	52	226	436	356	502	46	289	232	158	373	446	490	161	358	479	575	265	410	21	350	468	285	402	348	215	341	293	49	216	98	142	189	513	304	179	336	377	478
210	175	160	575	374	438	13	430	112	114	573	435	493	458	513	444	230	14	11	471	451	525	48	440	252	351	519	197	368	429	242	522	123	441	106	386	223	249	319	269	372	213	73	103	293	235	145	400	540	538	0	78	515	331	369	490	122	247	304	452	448	293	225	588	151	482	235	519	610	307	321	544	209	14	390	224	496	445	317	553	241	162	112	496	583	517	69	103	196	339	318	411	469	186	148	160	449	172	136	441
426	176	382	263	105	406	349	575	339	578	502	87	610	215	436	438	237	55	536	261	229	276	114	147	237	382	179	88	173	218	227	170	421	219	482	270	403	33	142	296	32	221	260	10	252	275	338	275	225	355	381	0	288	245	487	302	453	167	252	152	211	506	486	387	421	515	153	580	150	388	104	409	231	309	445	255	539	189	19	555	479	490	560	311	255	88	368	96	54	219	580	209	270	161	118	310	307	169	16	251
529	471	491	474	285	388	265	522	406	238	200	132	135	507	333	68	355	433	568	369	491	523	496	437	585	27	164	139	83	483	390	533	252	433	85	220	288	95	43	393	28	562	387	175	33	282	130	438	411	182	178	271	0	481	601	200	524	208	146	552	242	181	336	512	279	285	103	504	347	416	426	19	561	595	406	475	129	374	337	538	202	195	65	477	479	554	609	285	301	611	334	337	125	155	250	316	240	340	223	524
512	11	370	312	13	260	467	212	109	461	253	326	417	85	210	212	405	585	566	431	505	535	403	433	445	202	209	35	405	104	249	473	517	519	512	21	602	443	579	68	290	227	449	341	534	460	60	82	164	608	450	110	566	0	538	424	44	282	47	531	288	537	191	9	161	268	42	170	575	27	253	180	578	304	353	438	491	448	381	593	288	149	162	38	486	514	78	551	568	225	208	2	577	189	479	389	310	185	176	555
354	322	611	248	485	133	244	160	516	244	219	159	273	137	534	188	435	148	318	550	308	463	379	449	92	408	345	125	10	524	217	24	558	517	186	23	77	451	160	516	120	37	281	575	394	95	3	473	504	362	202	444	372	462	0	368	367	600	417	101	408	248	299	519	595	416	482	178	212	411	426	212	478	374	55	546	201	249	560	438	11	12	123	209	73	502	511	252	451	253	48	338	14	266	110	352	561	596	425	90
593	426	404	285	523	525	211	83	140	188	86	497	356	574	128	44	478	332	450	419	268	263	60	604	544	580	366	140	164	607	322	283	117	313	14	338	125	165	66	437	506	262	86	459	151	507	9	557	578	31	84	54	20	586	7	0	551	144	570	520	59	295	304	567	291	447	151	359	524	154	80	522	416	5	114	302	402	245	15	498	559	198	553	357	287	466	187	354	610	239	144	533	581	113	274	253	117	28	206	533
56	264	92	192	504	402	562	256	405	493	370	443	250	325	326	151	431	223	108	230	272	245	255	370	367	511	65	309	464	51	579	474	390	210	388	110	138	367	198	18	362	491	78	331	317	136	281	5	292	236	468	487	174	611	438	400	0	300	66	124	270	2	44	499	425	410	508	614	257	507	370	132	8	552	109	5	537	121	404	284	458	383	315	400	242	512	583	160	602	214	399	405	153	331	202	166	299	214	161	157
138	230	375	36	477	447	72	589	4	279	480	472	167	95	609	203	540	344	164	356	261	159	462	420	549	102	552	31	518	274	479	188	283	529	210	45	432	310	48	380	141	281	330	438	3	538	35	412	498	590	603	236	146	119	405	170	113	0	135	467	180	170	89	12	452	354	565	467	17	21	492	237	441	502	285	261	474	254	82	224	355	419	525	163	355	3	277	329	256	27	44	459	73	430	366	448	211	261	109	334
142	414	112	326	283	450	218	209	444	419	278	5	107	168	281	162	23	517	139	43	574	80	363	573	274	501	314	467	151	223	593	205	493	83	53	171	537	166	74	185	362	375	519	79	35	502	78	48	541	291	134	344	543	219	576	484	179	463	0	60	443	103	250	323	82	460	596	300	91	337	88	112	185	2	262	237	98	7	533	42	324	139	257	385	36	101	415	215	366	410	213	31	12	223	438	229	186	376	485	302
546	63	102	511	85	124	89	117	519	354	266	238	543	159	114	277	237	589	279	383	213	477	275	312	434	414	600	393	291	456	166	169	354	224	407	347	588	186	296	228	96	310	89	606	485	338	381	66	116	611	466	520	395	580	566	193	483	376	287	0	595	188	413	249	453	79	539	388	557	214	336	497	128	148	288	220	143	325	532	157	411	452	363	475	384	173	181	35	190	533	568	105	320	287	469	209	62	78	240	49
348	410	5	272	541	513	525	313	386	189	247	44	60	561	303	92	230	242	377	610	119	16	514	190	529	191	160	413	42	240	295	114	498	299	161	551	316	161	385	53	541	137	90	129	319	273	375	173	6	179	58	83	96	315	242	497	172	195	405	576	0	610	350	294	452	330	99	63	89	344	340	413	396	11	493	196	69	568	312	239	81	391	511	339	426	189	487	219	181	530	303	113	482	420	149	258	498	449	421	19
443	363	324	78	613	215	10	210	281	97	565	287	276	211	238	513	599	609	577	407	466	411	411	596	213	337	24	188	149	158	470	79	355	338	572	355	152	175	13	417	215	455	565	452	255	213	212	593	367	314	153	269	76	557	508	404	66	272	464	292	478	0	414	412	289	456	610	484	427	30	171	494	557	499	318	317	525	360	570	540	181	454	103	489	257	416	332	389	334	444	133	289	244	171	323	372	545	26	364	348
284	88	429	73	370	136	136	566	531	262	250	237	25	240	282	291	327	445	532	270	385	424	265	104	521	204	105	136	265	120	173	607	18	539	374	416	217	91	463	552	65	113	312	460	496	92	300	126	461	416	395	13	214	30	470	489	68	2	211	36	515	598	0	555	534	488	193	485	563	10	21	100	184	605	567	209	502	594	13	337	80	582	207	161	462	512	577	613	439	208	454	227	491	583	512	105	181	308	123	10
286	77	595	184	546	550	146	486	94	119	98	259	336	250	211	188	580	469	410	128	446	341	515	120	490	303	533	549	373	605	411	443	438	549	356	292	315	494	579	406	148	301	236	226	443	522	353	418	171	363	484	334	543	532	510	333	512	237	205	151	401	327	425	0	374	359	363	62	152	325	138	248	497	86	597	19	339	225	87	215	159	449	111	154	449	513	391	306	214	443	50	320	347	353	1	374	322	28	533	512
528	118	449	535	51	231	539	515	271	168	184	291	438	374	544	52	523	349	527	543	31	516	130	1	82	389	119	253	464	68	90	233	440	136	104	239	545	606	73	131	298	536	477	433	28	135	480	96	229	368	492	293	138	489	259	374	406	604	340	385	541	461	307	427	0	383	8	347	274	172	419	347	405	362	310	405	531	74	35	599	541	451	46	484	251	566	407	240	203	248	348	487	471	562	28	117	331	290	96	609
283	584	572	19	7	321	468	354	509	62	455	183	275	462	365	87	356	355	253	116	13	413	383	89	390	44	417	339	68	287	585	613	378	546	111	268	65	390	364	237	311	352	83	545	598	166	553	88	101	313	441	117	33	566	215	599	533	59	162	592	604	348	285	493	95	0	33	592	130	452	123	358	514	293	26	213	420	561	40	433	192	423	420	96	439	98	196	462	54	531	133	567	612	23	485	119	60	253	110	338
500	217	178	226	531	543	466	205	105	509	459	232	217	500	218	23	547	65	99	247	304	3	26	419	110	578	531	594	382	374	376	191	309	165	149	161	11	330	489	444	595	104	504	380	459	177	572	206	292	556	202	31	393	392	256	86	336	266	330	85	57	79	88	385	117	157	0	588	260	416	361	22	4	239	353	449	297	395	353	334	493	409	338	181	304	210	592	336	160	563	23	510	147	512	139	467	492	222	567	277
113	405	164	184	29	597	342	446	89	376	95	18	85	471	10	572	554	31	16	200	289	542	101	39	5	8	435	313	150	544	375	247	471	281	552	445	367	303	225	189	5	7	508	321	101	302	545	232	196	236	287	67	463	574	250	223	15	24	442	293	234	316	433	355	443	377	162	0	151	118	598	255	1	259	527	61	269	18	350	97	250	461	240	455	562	387	521	29	108	181	250	430	222	488	297	462	414	581	192	298
149	364	168	242	163	258	183	389	213	604	280	324	408	322	230	96	369	463	503	121	55	476	602	46	81	374	563	442	49	403	49	464	611	247	506	288	548	521	17	192	244	67	388	380	478	313	245	588	535	387	349	187	396	5	288	558	343	231	265	575	540	543	59	82	410	176	572	364	0	169	105	17	346	490	334	133	553	407	530	596	245	388	28	78	282	339	42	369	299	37	212	365	374	112	598	362	55	124	162	37
310	7	356	440	14	511	588	220	96	156	169	435	50	56	158	477	418	327	576	505	214	167	377	403	302	605	281	414	117	242	423	65	200	199	75	462	190	593	563	124	435	206	61	53	559	184	513	146	377	285	15	169	599	574	2	260	512	101	611	404	94	485	427	259	239	282	256	247	4	0	588	301	108	407	34	300	344	352	292	601	321	77	259	66	506	99	213	137	559	63	428	178	417	101	127	395	107	83	480	370
92	412	483	62	585	409	233	260	24	536	21	93	262	214	226	455	284	432	252	603	167	451	339	102	36	554	166	177	338	42	544	137	54	515	601	395	252	205	399	566	552	389	421	277	428	213	419	353	345	518	202	428	473	226	481	215	104	398	460	20	216	221	523	535	565	501	21	139	322	462	0	23	230	305	155	11	473	489	533	594	528	75	470	343	386	153	157	492	290	255	318	406	505	454	596	441	529	393	539	82
83	135	609	84	159	343	274	499	343	178	588	77	239	413	108	359	31	93	282	601	139	340	415	437	122	547	60	271	299	402	406	119	241	13	405	272	422	157	598	343	379	408	552	202	145	556	328	170	603	516	219	270	517	496	543	494	500	432	344	366	556	490	489	175	42	32	454	536	259	614	224	0	432	246	180	297	491	34	103	347	266	364	15	425	373	435	45	109	185	207	170	229	39	182	233	521	359	74	267	31
532	353	314	466	69	564	614	210	115	269	471	110	439	16	362	438	566	204	161	125	258	25	233	604	532	411	341	79	273	590	491	438	608	233	402	148	92	195	67	607	126	76	72	217	568	269	363	169	317	296	547	509	71	371	315	64	375	357	419	505	103	321	558	65	86	507	482	541	290	380	368	111	0	104	470	538	43	276	613	115	210	520	129	50	499	207	547	483	455	43	137	537	101	547	567	489	613	441	127	306
196	365	201	80	72	492	181	497	413	534	149	371	348	286	463	124	610	192	415	554	361	456	409	311	34	409	556	206	429	191	100	232	595	472	123	531	558	504	12	314	27	480	210	73	519	571	604	556	459	578	488	199	36	31	402	29	76	234	542	479	573	480	262	310	413	112	149	182	43	37	261	544	344	0	490	306	318	196	332	478	540	462	112	363	396	383	143	543	301	479	21	94	575	22	434	337	149	87	530	81
85	9	524	510	415	450	233	527	176	247	565	58	300	502	372	436	556	147	31	25	296	524	580	433	524	284	333	471	316	11	201	271	52	505	257	150	80	245	418	138	92	422	292	432	144	198	150	514	222	261	254	170	223	402	388	353	612	333	310	317	536	167	165	168	283	581	504	312	71	280	507	469	143	170	0	50	495	42	76	521	78	513	159	383	463	395	318	448	382	310	233	581	523	576	216	254	587	208	480	328
519	429	30	611	533	190	272	348	505	257	105	180	411	238	520	370	401	602	501	382	443	417	331	506	357	345	93	168	434	183	139	371	94	529	353	547	68	602	346	478	518	157	425	220	259	200	293	598	586	318	28	258	167	419	73	22	46	413	537	335	84	607	19	597	180	186	339	8	285	228	608	368	505	277	540	0	273	217	381	150	57	119	395	304	464	187	246	544	395	577	181	278	435	288	426	495	250	145	597	54
2	173	253	514	228	432	217	424	224	595	591	445	331	377	589	521	327	402	186	210	326	123	331	374	459	210	257	302	106	127	18	593	559	542	499	430	408	55	144	234	500	515	118	608	377	238	145	413	310	606	444	292	530	444	322	274	555	430	222	577	396	413	586	170	316	324	25	462	419	49	610	119	267	17	56	376	0	30	452	28	477	491	393	1	339	545	378	218	40	408	245	135	9	480	570	587	535	78	145	29
80	247	77	352	169	552	149	382	551	201	231	315	155	476	506	477	68	94	108	576	432	431	364	253	541	434	309	604	337	165	273	513	65	387	541	593	610	459	463	421	131	193	454	428	415	427	108	398	215	144	464	568	374	417	212	223	130	258	451	89	253	483	454	472	251	460	368	299	567	274	466	252	274	201	131	418	453	0	165	288	343	14	550	162	308	310	361	45	300	369	160	611	40	547	165	32	457	378	478	17
436	279	266	275	78	143	321	529	138	130	528	383	112	600	573	148	101	194	470	354	266	206	266	394	559	184	137	63	592	186	52	165	226	167	267	255	585	380	307	206	422	347	139	415	162	195	504	441	277	359	139	213	342	28	381	66	125	452	344	130	570	605	406	340	388	397	35	439	140	533	78	336	406	173	252	252	362	169	0	413	326	138	241	308	475	86	230	387	150	391	426	237	111	434	34	175	231	70	340	454
193	475	61	176	593	19	143	432	96	235	386	182	355	594	210	598	379	511	355	14	185	103	163	402	610	98	551	29	614	200	496	131	133	533	291	401	228	142	266	190	82	154	50	410	86	41	298	426	65	132	487	386	40	43	447	366	441	254	282	52	14	57	350	351	373	590	49	409	367	514	389	56	456	119	393	261	362	255	88	0	482	317	353	207	188	583	121	181	211	413	414	471	250	349	45	551	549	255	164	524
398	597	329	118	438	27	409	70	193	582	58	302	184	407	471	210	14	381	322	22	179	360	205	288	295	116	321	51	132	219	536	574	484	317	33	42	511	71	364	106	332	327	361	148	195	126	262	159	323	307	387	454	314	196	245	325	416	152	159	296	316	519	85	319	523	301	155	98	260	527	368	149	43	297	410	308	204	586	58	37	0	477	556	406	285	268	143	45	448	492	505	92	544	281	359	582	494	8	339	564
347	436	320	445	109	485	161	583	374	24	307	222	307	399	287	523	470	30	611	520	223	160	17	76	63	452	22	213	165	492	430	333	117	262	480	86	136	156	398	520	532	23	373	166	15	539	227	385	40	29	286	451	111	157	404	522	546	120	210	192	63	415	242	267	160	34	614	323	215	462	351	599	27	426	471	349	456	151	14	504	45	0	522	390	150	314	32	335	45	335	593	609	55	99	42	196	169	324	480	318
488	29	481	542	183	451	185	135	470	238	272	138	284	455	351	22	410	373	259	555	187	460	608	451	147	457	308	418	437	188	175	60	402	597	554	88	150	41	125	23	167	45	293	169	583	369	506	523	438	316	196	127	478	203	184	53	449	310	244	597	322	158	355	352	264	123	313	337	213	514	212	114	276	576	230	488	614	556	162	560	400	164	0	319	308	386	5	115	457	480	394	447	522	161	523	81	35	249	604	583
281	125	398	374	117	339	433	139	35	486	297	256	105	379	282	112	613	78	293	169	273	7	545	592	138	281	479	125	588	382	327	248	581	136	517	185	205	311	106	233	463	147	85	446	25	523	75	232	134	371	67	208	516	297	89	227	155	268	46	295	572	257	430	568	33	120	191	88	549	6	70	454	202	36	530	280	377	431	293	441	512	407	131	0	171	407	259	278	314	61	271	591	159	217	281	590	511	332	385	324
112	437	327	219	367	301	96	517	234	378	31	372	373	191	111	581	194	591	203	209	304	538	380	15	48	356	433	345	557	138	267	69	141	301	547	98	194	15	184	186	604	218	530	558	485	100	235	94	598	74	26	155	597	336	310	212	203	178	20	232	314	346	209	62	579	41	78	488	24	214	467	111	127	353	556	469	589	164	211	529	287	195	612	473	0	9	556	584	416	543	384	550	385	502	568	118	589	307	500	222
307	409	32	283	218	241	554	63	341	405	456	561	175	509	283	603	514	370	161	585	242	448	277	292	176	49	398	284	538	356	28	386	120	345	336	248	361	190	56	464	553	433	5	480	209	15	204	32	257	507	275	111	458	510	289	530	402	486	193	296	204	599	326	274	440	133	16	221	342	79	5	156	464	312	59	308	258	570	229	285	44	168	334	295	45	0	149	60	372	256	411	218	48	482	116	272	175	124	70	178
218	76	294	535	116	154	610	213	478	391	355	309	174	580	113	125	500	502	465	22	370	454	192	513	268	166	397	73	542	108	167	537	550	575	602	41	266	446	243	95	247	244	293	262	111	185	195	372	407	258	287	370	189	193	221	45	254	94	280	544	358	538	118	174	550	412	335	129	367	594	514	364	195	551	149	205	446	369	580	596	103	594	243	434	164	223	0	368	380	303	57	398	570	83	164	241	459	56	76	458
232	41	46	115	400	275	315	93	1	258	314	184	356	269	291	250	474	74	152	515	436	526	580	598	166	71	277	361	494	110	244	534	394	250	34	172	235	498	190	435	250	120	310	462	247	85	301	505	416	613	261	503	253	142	398	223	138	564	193	79	375	214	611	594	440	507	509	456	192	357	614	205	130	350	343	79	74	8	553	451	387	294	7	156	516	605	148	0	243	139	424	484	20	486	291	479	409	395	178	134
509	549	245	387	589	523	130	72	597	352	405	338	123	506	498	436	218	479	538	481	167	140	562	136	212	173	585	444	183	367	339	103	434	236	377	417	550	2	342	583	135	257	287	461	310	248	181	229	109	518	27	343	365	596	225	259	37	82	74	577	574	293	418	156	500	100	344	57	590	127	505	330	281	343	46	395	117	53	26	519	440	268	299	332	419	554	268	389	0	240	69	388	343	291	347	558	418	45	408	69
345	229	517	560	349	70	441	236	136	276	398	417	384	580	84	327	337	319	296	372	376	178	516	483	162	454	20	68	482	377	112	214	479	545	399	38	488	280	38	46	163	398	286	216	91	539	184	364	127	469	333	405	15	279	82	540	570	113	322	521	324	609	71	38	402	535	332	145	471	107	98	586	490	26	429	78	592	125	216	131	269	451	384	281	1	401	379	70	199	0	477	427	587	250	266	156	229	1	156	254
430	505	221	362	369	584	453	317	513	247	303	24	242	95	140	361	614	87	572	191	304	287	51	359	298	501	273	138	275	144	332	361	347	317	301	118	101	350	490	573	229	419	449	321	366	589	510	179	425	382	556	52	235	34	116	163	396	347	394	312	474	454	338	476	143	479	584	317	576	91	506	414	266	212	248	408	142	116	268	60	319	337	200	447	97	28	196	157	102	591	0	506	177	585	126	524	303	149	606	144
124	320	42	522	215	140	428	127	472	573	471	428	322	469	303	258	533	394	456	148	98	140	122	22	509	255	212	117	396	479	233	345	589	324	384	52	592	468	477	433	516	82	52	384	39	147	173	84	270	418	526	305	26	516	533	283	335	264	206	14	391	573	190	266	294	119	385	238	173	614	545	152	337	442	98	399	261	217	230	585	35	185	170	424	246	17	101	597	463	185	580	0	382	404	614	78	160	423	296	386
160	564	340	475	432	421	139	212	212	412	237	200	604	310	124	613	606	170	244	340	148	488	312	169	99	116	127	417	524	429	446	458	277	164	598	35	207	543	341	10	202	201	439	447	320	203	523	320	227	282	538	558	146	114	150	17	71	194	328	442	199	181	165	153	241	586	463	463	95	487	194	219	283	61	449	328	35	463	314	565	35	385	411	473	350	460	92	83	389	590	447	332	0	537	476	400	353	505	107	263
129	208	576	95	257	596	121	437	472	449	485	157	501	69	271	365	129	600	135	89	191	93	316	225	539	137	467	390	602	437	214	12	558	255	394	389	198	93	174	455	11	90	240	495	207	244	167	348	120	12	503	3	149	443	221	606	570	61	181	185	296	84	517	121	12	507	507	581	42	189	331	435	314	202	540	3	430	79	387	136	474	394	480	469	198	42	397	313	432	473	471	354	208	0	408	483	491	467	122	212
605	447	44	464	287	492	102	273	145	132	152	603	328	418	11	506	574	538	103	608	491	572	579	139	301	138	371	495	303	518	23	19	342	68	40	593	250	200	332	200	176	63	580	326	582	336	421	407	293	552	392	277	410	118	309	367	119	24	550	473	368	27	357	406	129	98	357	557	440	319	565	83	270	458	235	194	313	558	304	578	357	127	349	484	264	438	61	385	48	507	402	477	249	336	0	156	445	326	303	218
238	378	158	157	308	602	48	404	205	413	470	47	451	403	451	375	333	297	590	236	564	319	246	82	121	287	441	234	178	301	124	279	227	99	209	435	240	216	78	442	108	54	425	216	201	568	15	351	312	254	576	283	452	314	586	381	448	532	150	499	99	227	379	188	119	99	173	236	596	287	128	95	43	176	322	471	578	415	385	605	591	48	95	318	446	12	203	22	474	17	294	167	173	614	379	0	434	154	178	435
461	14	538	146	370	457	500	612	592	340	183	535	405	251	382	258	168	496	333	395	5	224	198	138	314	422	224	542	89	124	92	537	601	343	402	441	559	43	316	570	125	552	200	404	548	533	287	367	423	227	325	527	290	57	26	74	73	45	356	141	121	302	219	307	132	15	113	386	65	305	548	380	560	28	388	467	219	412	314	571	408	325	405	164	28	457	184	326	349	376	429	433	515	299	132	177	0	340	420	404
370	40	484	608	4	129	463	266	200	27	558	72	23	97	54	519	388	374	458	428	537	433	535	201	63	479	152	230	407	537	392	101	248	282	399	147	308	265	485	4	331	3	608	340	478	183	90	261	296	19	329	316	136	39	437	91	568	190	507	327	32	506	201	23	499	135	109	129	469	221	54	518	545	80	464	16	241	440	327	460	35	565	369	589	608	346	235	448	583	87	555	346	11	14	189	319	69	0	96	569
468	277	580	109	245	329	170	29	10	173	558	528	68	46	41	156	76	485	346	210	231	449	505	430	526	445	507	37	119	162	282	191	519	498	347	233	339	223	90	530	85	481	237	62	374	323	369	361	17	514	177	1	523	265	576	280	335	327	471	265	244	45	111	381	237	476	412	92	91	605	469	202	381	354	511	119	461	592	219	434	554	290	198	70	594	262	521	196	213	171	478	407	424	526	497	72	588	216	0	204
336	573	484	518	613	457	528	167	539	556	244	496	268	255	511	342	304	326	168	522	229	454	582	432	608	162	252	509	530	226	93	248	142	270	442	365	176	80	29	142	529	190	326	278	64	382	55	306	421	509	319	567	579	150	349	317	290	504	467	423	22	524	595	606	572	51	390	34	338	575	601	10	102	583	10	61	103	161	262	57	338	406	394	100	210	58	16	57	33	325	140	189	187	410	131	120	205	587	61	0
