A	B	C	D	E	F	G	H	I	J	K	L	M	N	O	P	Q	R	S	T	U	V	W	X	Y	Z	AA	AB	AC	AD	AE	AF	AG	AH	AI	AJ	AK	AL	AM	AN	AO	AP	AQ	AR	AS	AT	AU	AV	AW	AX	AY	AZ	BA	BB	BC	BD	BE	BF	BG	BH	BI	BJ	BK	BL	BM	BN	BO	BP	BQ	BR	BS	BT	BU	BV	BW	BX	BY	BZ	CA	CB	CC	CD	CE	CF	CG	CH	CI	CJ	CK	CL	CM	CN	CO	CP	CQ	CR	CS	CT	CU	CV
0	69	145	60	136	185	158	101	215	201	152	101	150	186	204	119	46	83	35	185	128	183	206	118	222	46	28	29	116	213	128	139	50	74	168	168	76	38	171	51	88	83	129	215	75	200	43	22	106	202	202	186	145	59	113	90	104	167	63	77	157	101	24	38	36	4	143	96	70	142	51	187	33	27	51	50	27	160	111	91	150	174	62	175	105	138	192	212	74	91	222	35	218	193	64	180	76	129	131	40
164	0	193	196	15	176	190	210	148	2	24	11	2	116	90	142	46	82	175	18	48	191	90	90	153	145	165	209	79	205	23	18	139	164	88	99	96	72	168	88	114	211	132	159	31	91	177	167	118	80	111	127	56	42	21	19	9	50	104	66	127	179	207	128	93	201	191	18	55	132	192	133	172	50	153	151	150	28	152	64	204	40	185	47	220	63	135	198	136	211	94	8	186	225	56	86	63	11	89	118
5	47	0	80	112	21	4	151	206	153	143	194	130	1	162	3	164	139	71	132	147	117	88	176	80	18	12	62	192	7	169	62	24	204	86	193	181	124	37	155	139	66	65	35	185	216	105	60	199	40	122	215	186	139	182	195	153	213	106	125	175	197	149	189	5	167	27	114	23	213	147	178	153	208	108	160	215	161	156	5	107	38	202	141	18	208	142	114	84	9	80	8	131	165	12	102	75	32	76	203
153	55	145	0	212	152	50	181	84	132	114	224	17	182	193	148	192	176	47	215	80	67	218	185	58	113	143	51	92	171	102	157	219	141	116	72	9	75	143	114	25	155	144	18	41	30	44	86	98	30	158	175	109	37	138	187	9	48	158	151	39	121	105	215	20	216	38	188	23	73	122	55	212	69	25	194	18	115	90	51	96	20	161	122	172	109	173	184	193	155	198	142	182	220	32	72	186	210	31	18
155	14	32	80	0	17	24	139	16	7	108	1	107	129	24	155	170	22	2	130	52	166	34	7	169	179	3	220	28	87	146	122	222	170	51	206	224	34	77	36	107	21	207	161	176	201	113	83	178	35	133	207	184	68	18	205	149	10	136	163	21	31	48	225	120	108	167	121	205	115	183	211	105	36	54	178	224	153	193	196	66	80	222	101	56	16	1	45	145	77	29	96	94	169	27	78	108	48	223	210
32	181	48	109	27	0	179	45	165	143	113	6	1	64	150	8	34	77	111	33	154	189	127	26	78	155	79	56	72	175	172	111	34	108	211	180	100	185	113	161	53	92	30	165	177	206	8	52	202	68	16	213	40	138	132	78	191	199	176	103	160	145	131	179	118	201	111	185	5	94	190	204	168	164	127	164	154	82	91	133	199	19	54	217	190	20	183	102	78	69	31	151	126	202	221	159	72	76	13	15
90	167	213	222	136	166	0	89	37	88	62	191	139	50	223	218	129	145	43	218	117	150	155	64	75	66	200	124	8	2	195	163	178	194	64	132	122	80	219	167	180	125	214	36	42	204	145	59	135	183	8	16	103	168	98	95	144	174	161	33	16	63	53	142	62	40	203	123	40	201	213	122	73	143	67	2	179	186	194	180	164	173	194	149	55	148	24	93	72	32	218	88	221	50	134	169	55	92	225	33
22	17	167	221	113	143	160	0	60	164	57	13	17	194	216	182	163	69	154	147	128	163	74	11	91	184	179	53	30	53	1	15	118	147	207	17	49	146	55	132	174	77	9	48	44	205	9	160	210	178	19	39	122	157	163	62	225	147	70	54	207	156	225	141	12	77	123	188	182	69	35	20	82	205	148	109	77	7	20	65	45	177	114	12	29	204	88	119	33	171	155	187	136	106	70	217	161	224	102	118
23	117	153	122	120	151	103	209	0	225	47	2	112	23	114	169	154	169	37	153	208	55	19	12	82	220	19	36	109	47	80	79	207	33	178	106	48	1	62	92	65	213	98	106	204	44	23	206	95	101	190	221	26	121	52	217	34	164	191	33	19	188	135	138	143	189	124	91	120	166	220	125	205	209	167	23	62	166	32	168	109	141	159	161	77	132	138	33	117	135	213	103	90	112	35	216	56	212	37	61
73	211	95	45	192	72	138	108	161	0	48	51	152	208	81	101	136	31	139	133	69	151	175	57	109	46	44	184	104	207	60	136	121	118	32	148	87	14	14	119	127	160	150	3	213	39	203	45	74	76	70	104	56	131	176	59	224	101	159	120	11	154	75	30	19	37	19	185	103	45	194	127	117	116	68	150	195	45	145	85	142	71	32	190	188	178	118	162	34	116	169	84	110	32	186	36	88	219	31	96
126	95	201	212	105	155	132	89	70	44	0	184	156	212	184	192	156	187	160	91	38	9	155	17	129	205	15	140	44	24	86	74	166	119	70	23	102	197	134	138	47	224	63	163	224	95	113	65	105	120	43	5	42	70	223	14	224	171	8	17	137	161	112	53	106	144	111	173	79	12	225	65	35	170	12	223	185	189	25	20	151	171	113	198	144	80	81	217	9	75	83	6	215	154	64	106	131	196	147	111
107	43	40	151	113	12	143	124	122	218	67	0	2	198	179	126	11	114	112	110	120	79	68	95	152	71	179	55	132	207	40	146	215	46	204	220	17	151	76	137	73	73	186	166	193	81	87	174	202	49	187	203	145	129	96	193	163	39	181	110	182	88	163	185	139	63	187	68	60	80	86	143	118	74	66	59	180	157	13	85	80	80	21	117	98	50	78	74	195	215	181	212	58	28	46	84	138	57	225	197
220	39	85	126	17	33	161	161	34	125	198	106	0	118	92	116	215	214	202	215	52	94	71	119	101	136	53	125	60	165	104	201	177	26	36	7	143	19	13	119	195	160	111	155	82	13	15	94	145	1	148	29	68	135	58	124	175	56	123	215	55	88	204	43	41	136	168	31	122	88	116	83	111	31	140	180	177	83	113	207	29	166	202	23	13	128	126	23	99	19	180	76	171	182	12	212	82	210	37	37
94	24	6	80	4	89	78	23	135	16	175	143	172	0	174	93	139	217	75	33	215	52	167	158	27	209	87	6	153	43	120	66	193	148	69	201	51	221	15	183	85	180	54	187	150	128	213	116	215	167	61	146	116	173	125	77	16	149	138	34	184	32	63	156	34	71	201	139	20	159	119	139	169	121	215	215	28	93	152	122	149	64	185	194	54	192	30	124	140	130	62	215	118	113	186	169	130	208	140	214
6	8	220	87	112	84	118	100	154	139	171	47	115	145	0	103	178	105	160	33	211	69	76	13	22	120	190	113	159	181	102	139	70	51	73	152	179	17	182	188	30	199	134	11	216	174	130	60	13	110	209	7	121	14	156	33	153	128	73	217	120	209	210	90	60	54	8	172	219	79	94	206	187	9	119	149	188	180	171	27	138	221	146	212	30	207	150	186	8	156	134	164	39	136	7	184	193	212	61	175
159	19	16	145	127	117	180	113	108	40	29	80	18	43	208	0	47	65	207	48	107	119	201	128	82	91	17	107	40	13	216	106	31	123	103	37	98	20	199	212	96	193	142	182	129	211	140	170	171	79	156	70	131	94	166	203	8	194	61	224	103	125	162	199	28	32	109	186	205	133	55	219	141	2	124	79	162	3	152	84	38	193	88	126	132	174	133	158	139	149	204	97	25	91	186	192	135	83	159	194
126	113	3	43	77	103	65	3	172	105	86	152	55	168	168	179	0	107	152	130	24	146	139	20	4	156	81	69	118	6	108	143	98	4	58	6	102	215	184	63	79	187	203	15	178	64	199	113	20	20	122	193	222	124	89	139	135	182	99	183	154	27	19	172	53	15	58	97	152	24	91	31	144	73	160	215	122	147	157	16	68	193	2	165	51	106	175	32	213	157	100	78	61	206	155	91	219	79	37	110
104	149	166	119	190	218	80	174	217	187	113	111	170	5	71	159	126	0	83	112	98	202	68	163	98	112	43	207	25	178	170	87	87	49	214	126	148	40	55	179	139	179	144	98	220	158	149	73	132	142	216	53	185	178	212	159	107	40	11	58	1	185	171	22	33	180	200	208	118	51	143	88	79	75	70	10	72	97	78	19	122	103	34	27	224	215	132	28	43	16	85	102	164	223	91	76	91	165	129	216
51	139	29	203	91	80	204	35	183	118	147	50	69	131	20	81	48	181	0	8	37	116	14	16	19	187	150	7	198	146	84	116	79	96	10	49	219	44	107	158	183	23	136	195	209	64	168	83	189	59	64	197	25	132	185	57	10	25	90	84	27	221	186	137	49	44	91	186	155	34	44	221	72	124	89	165	125	34	120	147	175	128	152	36	200	190	205	152	198	102	112	36	12	127	208	106	94	41	213	33
147	81	122	58	171	33	221	122	169	131	89	168	197	30	186	93	193	96	160	0	178	55	58	204	62	136	73	51	11	126	193	2	130	201	156	32	118	205	4	134	41	10	218	126	77	190	191	36	123	79	97	119	81	168	28	21	64	148	175	138	28	152	208	171	177	174	161	148	103	180	210	193	90	144	58	199	126	200	122	65	225	81	205	49	177	110	181	147	214	156	220	172	215	10	127	178	38	18	88	187
189	193	39	5	15	99	216	169	65	215	5	30	140	167	15	75	40	114	65	64	0	171	220	51	114	98	193	157	57	81	94	1	27	158	164	165	203	136	49	143	55	177	78	204	59	74	96	139	49	83	47	8	136	136	104	135	213	130	1	9	132	218	72	2	171	190	95	136	72	22	152	190	163	124	43	204	178	116	185	5	162	87	219	158	182	44	157	115	87	2	152	125	10	194	214	178	181	98	158	153
28	24	60	5	215	134	9	188	59	98	197	14	109	4	73	22	204	111	58	172	112	0	85	119	219	143	83	14	39	213	31	212	9	136	102	167	47	139	99	125	113	193	157	88	197	101	199	155	92	216	220	201	181	124	213	73	183	223	52	32	35	113	129	149	161	64	17	8	163	14	150	224	107	176	72	17	128	153	153	93	86	154	4	15	168	73	48	2	79	105	187	140	169	141	181	16	197	44	149	73
194	183	52	20	64	82	194	198	91	141	63	179	91	88	216	31	224	33	101	129	97	151	0	177	105	193	204	160	106	208	166	216	30	34	170	108	150	158	90	65	45	197	177	123	214	150	221	7	77	200	45	1	29	13	106	151	61	90	220	205	180	99	136	209	220	104	192	31	96	148	183	205	159	99	105	4	19	93	44	209	46	209	19	133	154	144	127	185	95	104	156	136	28	189	46	112	194	128	190	108
172	192	87	65	10	103	166	207	94	92	101	182	14	55	201	148	221	169	32	208	39	100	163	0	141	108	188	195	65	169	192	168	200	64	140	213	108	103	174	158	212	216	151	145	22	224	222	46	79	167	98	82	109	8	2	85	2	209	111	34	31	216	24	53	119	55	171	47	180	114	184	23	203	188	40	156	222	188	28	147	3	181	93	221	117	146	100	189	160	5	185	77	45	180	13	78	91	13	44	18
43	201	44	84	192	154	148	119	20	97	16	163	42	91	174	51	178	13	117	183	182	156	177	189	0	25	202	218	219	29	150	162	115	150	101	15	91	8	10	62	111	38	214	120	30	31	30	80	192	148	210	102	212	5	14	184	206	107	200	170	154	113	197	151	148	207	185	30	158	176	213	20	166	193	131	99	186	30	213	23	77	71	206	16	179	154	10	180	128	5	100	192	174	174	26	118	198	184	94	59
204	59	152	38	19	158	132	18	184	151	108	102	58	99	126	212	65	143	110	155	212	167	145	146	125	0	153	46	23	152	210	116	46	212	84	129	120	167	38	119	147	70	37	190	57	135	190	44	80	108	187	119	4	32	76	158	48	183	156	203	177	3	100	221	73	211	32	122	170	130	173	64	117	66	12	220	41	54	110	43	20	63	208	134	119	197	65	64	183	24	8	18	167	17	8	198	207	123	92	207
225	89	28	102	68	106	90	85	20	160	206	223	170	182	126	15	165	224	153	19	151	216	199	11	143	36	0	95	10	113	157	194	55	126	45	135	160	98	65	23	138	198	23	21	26	43	100	118	96	216	112	191	82	123	196	81	95	155	181	100	142	73	150	39	166	32	62	97	224	200	109	185	171	86	100	150	124	53	178	135	133	112	48	113	106	2	172	116	59	115	141	53	83	72	70	5	81	105	208	32
191	44	34	87	209	9	158	140	98	16	156	23	154	85	154	116	82	161	73	16	162	170	155	211	47	83	204	0	93	69	35	155	38	153	56	92	62	93	7	54	165	26	120	125	190	131	7	82	105	61	190	3	104	112	115	205	21	149	17	135	62	13	101	182	44	19	63	58	183	98	185	198	126	175	203	222	5	53	70	223	18	225	48	62	201	98	215	221	4	125	219	131	101	101	115	104	223	42	106	12
164	54	179	96	26	63	60	94	82	61	195	106	217	198	42	38	42	216	210	221	1	177	213	5	139	169	187	84	0	137	19	155	145	172	167	136	192	90	34	3	99	180	106	58	163	85	138	73	208	110	150	102	120	224	23	34	171	63	113	105	159	22	63	71	168	86	97	10	158	33	75	202	4	129	123	171	210	55	96	168	96	37	33	209	210	143	197	177	41	171	211	126	39	135	96	193	56	37	186	223
220	172	185	200	175	14	80	115	162	104	43	205	184	49	195	120	42	100	14	150	181	73	46	102	164	22	172	26	115	0	169	72	216	88	121	201	224	153	220	77	185	183	146	206	189	184	189	147	17	118	114	167	155	71	59	28	103	98	131	20	65	158	198	214	107	23	58	127	204	122	98	120	142	1	71	116	106	77	7	100	40	21	213	50	188	81	18	77	86	10	82	47	58	12	174	198	180	201	191	100
199	92	129	22	164	141	112	28	29	189	195	217	220	52	209	136	187	194	61	108	101	204	212	192	215	163	51	222	37	37	0	20	112	175	64	107	162	128	82	77	12	193	77	161	176	62	61	79	102	99	145	222	76	168	197	191	19	53	94	151	85	161	12	100	172	55	91	69	167	120	184	184	21	183	5	123	135	37	129	62	216	68	18	3	44	120	181	164	166	168	77	59	78	162	135	8	174	126	111	150
219	80	123	191	98	124	162	126	173	63	106	182	57	135	188	5	42	66	28	129	41	193	213	83	95	17	145	52	75	37	39	0	121	172	222	195	127	42	179	174	162	85	144	201	7	44	74	210	208	88	155	27	2	210	23	52	15	158	198	8	210	10	158	114	137	118	169	75	52	186	210	45	103	150	220	11	131	71	59	210	87	92	142	116	129	166	51	62	31	143	44	30	120	117	49	153	97	217	218	172
26	165	55	127	68	83	18	168	111	215	14	148	109	38	90	191	186	183	39	207	69	223	159	76	51	63	42	182	15	14	108	109	0	218	187	142	203	130	155	169	169	210	9	53	199	215	113	165	214	149	152	136	85	25	2	142	106	23	74	181	79	129	103	142	220	106	180	132	88	94	21	133	112	71	146	61	164	63	84	198	131	96	115	188	21	10	149	55	181	205	28	172	84	82	121	146	150	39	30	115
76	91	225	86	65	152	161	127	18	109	136	3	55	133	208	125	162	155	188	216	88	149	15	145	138	156	218	125	184	113	92	62	18	0	192	37	18	154	52	195	192	182	53	170	81	138	196	172	209	63	52	39	181	142	168	225	103	184	94	218	124	43	188	159	27	186	125	2	87	103	61	28	212	37	9	206	61	76	11	153	5	135	207	122	134	77	59	33	181	190	93	2	177	76	108	5	46	94	28	109
26	200	192	34	92	217	149	156	44	94	212	166	3	184	78	150	29	119	184	173	199	109	67	50	61	194	33	187	192	117	211	159	15	214	0	24	189	132	67	197	108	138	206	175	27	161	171	146	99	60	184	217	156	166	183	141	66	123	115	96	54	191	43	14	96	67	102	8	77	83	222	73	52	59	197	172	11	206	102	169	94	95	79	45	183	155	23	207	44	223	29	195	151	179	80	205	204	193	94	53
43	200	14	215	93	30	59	161	24	16	13	194	134	18	150	91	47	96	201	92	116	220	151	145	40	35	106	161	11	122	116	73	71	24	89	0	196	28	162	186	40	192	172	64	102	74	2	62	120	218	35	31	13	203	111	63	53	177	71	129	34	200	154	101	173	215	73	151	177	53	197	140	58	68	141	27	163	140	34	162	29	21	145	151	13	103	146	23	21	68	77	200	60	201	187	167	68	144	22	40
20	84	163	188	17	174	93	99	138	187	7	55	125	72	47	73	159	33	201	97	100	199	72	137	219	49	178	83	96	202	33	183	221	150	18	106	0	24	34	75	22	175	212	90	29	90	49	88	63	76	98	49	99	225	192	75	219	66	27	196	60	101	180	99	103	201	195	31	177	127	149	53	52	48	171	114	150	3	207	157	129	167	183	66	21	91	111	30	163	13	209	206	170	30	106	207	58	139	220	210
124	38	50	193	46	96	14	181	109	57	46	155	166	72	220	122	11	141	58	101	76	223	54	184	94	90	36	224	183	197	28	19	120	20	12	1	67	0	200	106	106	118	222	142	63	121	112	143	139	195	80	197	36	207	146	67	85	72	59	152	55	101	41	104	48	16	191	143	26	218	215	87	22	139	193	181	207	23	64	117	99	71	140	1	55	148	47	132	220	29	215	210	165	185	47	137	92	95	115	156
13	42	182	147	154	76	187	143	165	208	71	152	203	212	20	169	133	96	53	128	175	97	63	82	132	13	54	93	165	172	32	58	150	47	199	92	144	162	0	161	57	194	40	58	99	109	200	3	100	30	109	151	98	125	170	134	109	222	207	58	217	39	123	115	2	90	192	141	213	187	182	131	177	77	15	139	8	154	5	173	79	41	77	147	90	66	177	185	69	51	166	53	143	159	122	24	40	171	61	137
160	15	106	54	88	161	142	105	186	55	93	200	154	62	13	191	166	200	211	122	65	19	87	113	153	58	219	212	150	146	138	23	206	69	211	63	190	209	208	0	90	118	125	146	214	195	122	218	123	148	123	43	38	179	78	145	87	53	89	224	187	55	91	102	13	17	165	45	210	114	1	3	202	167	93	19	78	50	123	130	79	38	41	172	81	61	28	71	116	95	41	157	79	99	159	157	62	141	70	219
149	85	187	179	98	162	161	31	47	106	45	32	135	1	184	66	65	160	116	124	159	61	164	141	48	22	43	4	40	216	65	6	1	95	27	117	163	171	207	218	0	114	82	13	147	199	41	197	210	217	178	69	142	164	133	26	131	213	148	218	172	76	29	115	14	158	26	42	216	174	24	42	30	101	83	225	105	58	208	210	81	211	208	192	18	67	147	84	208	58	49	69	146	128	194	194	19	52	183	154
178	74	185	115	6	94	138	34	200	176	1	103	214	69	78	29	116	114	85	215	57	148	105	31	136	190	2	59	23	117	105	166	16	132	94	170	36	177	156	53	131	0	128	115	66	8	202	177	144	105	222	224	177	90	191	215	120	64	152	117	107	124	182	100	36	119	46	81	110	194	182	179	80	220	15	15	17	200	80	90	151	209	209	51	138	217	218	155	130	123	106	143	80	70	134	120	180	216	34	138
109	172	105	74	149	13	120	154	135	98	107	82	34	173	156	155	99	45	81	175	224	200	149	209	208	169	129	206	74	22	147	183	20	188	53	90	107	154	117	212	71	190	0	9	204	152	168	19	21	127	98	77	31	23	159	198	11	116	182	17	184	212	23	23	176	1	103	89	193	76	95	158	4	221	127	174	63	103	172	132	81	74	6	205	173	56	111	116	13	31	87	95	103	102	118	10	95	12	106	6
156	144	86	29	11	53	34	79	187	132	112	206	161	29	33	75	24	67	66	128	81	6	58	36	40	61	70	183	206	16	219	166	74	87	126	35	177	87	215	114	93	112	122	0	73	211	12	194	210	25	12	65	80	96	106	175	136	13	65	96	97	206	63	188	192	94	34	31	50	18	94	127	121	21	32	69	118	28	15	18	90	217	223	109	121	36	36	222	156	52	162	208	178	199	156	124	50	118	105	135
177	161	9	36	200	198	125	202	127	208	222	108	8	182	116	208	204	220	173	7	198	153	38	214	91	133	98	193	129	90	211	21	18	51	87	214	13	163	200	74	115	44	80	216	0	192	187	107	210	25	140	198	59	32	145	73	184	19	121	213	222	47	175	192	51	164	151	49	147	153	177	168	114	81	115	95	90	84	37	148	40	153	37	86	216	77	56	224	138	183	10	47	133	135	184	48	2	96	175	72
169	62	120	84	120	50	92	106	54	71	122	109	134	168	212	155	90	9	135	10	36	79	73	12	73	150	194	213	179	170	124	179	209	105	22	142	133	105	184	167	191	73	211	38	167	0	138	37	60	72	74	191	137	101	175	157	76	145	17	181	69	211	115	32	108	9	168	58	153	59	115	136	197	153	42	106	41	41	23	21	50	85	148	136	50	214	152	45	119	156	101	214	16	218	201	97	154	13	208	10
143	42	85	66	175	66	132	69	134	111	157	155	32	1	184	199	109	94	129	187	118	190	49	205	49	154	23	117	177	61	54	29	108	162	79	10	189	77	198	34	3	199	91	73	188	145	0	182	73	3	203	41	30	74	59	137	87	106	152	50	28	28	183	153	201	161	37	127	83	125	174	54	167	210	80	69	164	49	142	149	24	209	152	138	85	104	151	208	184	52	143	21	29	152	19	78	181	212	64	144
90	185	65	45	38	169	3	179	158	73	122	81	155	94	19	183	136	87	90	4	37	101	128	11	98	55	181	64	161	97	7	41	16	2	89	124	111	101	118	86	144	48	131	71	225	185	62	0	189	127	79	155	172	83	162	139	64	130	128	74	60	167	91	140	22	156	66	36	170	145	2	80	43	80	9	208	191	130	61	47	61	49	72	156	30	90	137	177	166	218	106	117	225	203	73	91	207	144	200	55
198	221	83	124	100	178	78	147	48	134	84	221	101	1	65	86	169	217	210	87	138	162	118	108	80	194	214	114	147	78	5	32	75	218	45	143	123	117	154	201	7	187	214	140	135	81	74	38	0	198	135	63	210	71	208	153	174	124	203	157	136	210	46	219	89	5	61	90	130	8	86	31	39	168	43	25	186	183	18	114	155	152	112	184	137	10	73	161	114	212	6	133	111	81	35	122	197	207	93	136
35	155	125	138	80	74	50	179	84	161	89	45	16	134	211	189	209	46	54	178	34	51	208	16	211	212	65	17	100	222	12	65	172	141	98	101	81	219	76	40	150	63	187	132	59	187	184	152	220	0	157	70	122	124	79	59	192	221	2	174	75	170	44	95	15	181	78	213	132	14	164	3	218	105	145	132	194	9	151	165	152	172	218	42	175	50	182	147	67	180	177	42	16	104	64	216	32	215	213	101
128	112	217	99	35	157	119	13	18	108	9	100	100	142	126	192	128	122	28	225	77	195	172	23	77	129	125	9	155	19	54	130	42	75	67	188	104	207	101	50	162	131	121	70	189	211	212	27	22	174	0	78	201	167	134	86	27	128	209	55	160	2	216	64	59	189	161	89	187	114	135	45	186	34	33	12	146	21	94	49	21	11	122	224	37	156	83	67	101	171	20	127	10	77	88	150	102	193	60	168
32	33	159	123	143	219	29	3	188	45	71	8	129	195	11	178	73	192	162	102	198	179	199	216	142	205	50	81	64	84	150	167	121	86	170	176	16	134	58	126	212	65	113	103	100	101	207	40	63	159	92	0	16	64	20	145	73	136	104	90	203	95	124	223	122	47	201	187	161	221	51	61	152	186	62	85	125	63	40	129	90	9	3	58	49	53	165	52	124	211	91	202	55	61	89	155	18	104	156	42
153	152	214	2	195	77	157	49	153	109	63	152	185	182	105	207	15	131	68	124	14	53	87	17	139	150	90	92	92	95	117	63	157	50	181	42	42	60	46	163	214	116	41	109	78	126	67	11	134	38	162	13	0	192	26	78	208	70	87	194	8	73	164	17	65	146	40	162	32	159	137	181	85	136	90	121	151	149	81	200	151	79	82	182	161	171	152	66	86	212	3	220	225	105	29	119	35	51	188	221
23	70	199	5	99	68	38	30	125	120	31	2	109	21	78	44	83	5	117	134	90	197	220	200	156	49	34	59	155	16	148	159	119	95	38	109	95	181	222	31	158	126	208	91	191	8	157	32	113	182	61	112	83	0	143	74	137	86	9	158	124	128	213	156	43	123	221	148	99	158	84	5	209	44	172	79	3	26	30	174	18	160	185	68	27	25	194	166	108	25	30	10	149	70	66	130	83	25	79	193
179	180	208	169	87	225	210	1	129	209	132	34	134	71	203	87	118	161	199	131	71	96	22	12	133	140	220	54	63	14	117	96	1	41	116	219	76	172	90	152	17	129	75	115	9	150	32	104	5	143	105	12	100	160	0	129	158	104	113	44	88	108	106	87	192	100	64	73	130	22	97	115	101	149	104	176	4	177	21	181	198	156	188	31	62	160	106	140	198	174	24	57	1	120	123	11	43	108	193	26
95	222	82	16	10	20	65	122	68	93	64	144	64	6	135	187	101	59	185	97	73	160	181	3	166	52	131	144	41	61	180	71	2	144	41	35	67	135	46	153	19	28	78	71	28	194	116	78	94	186	75	200	123	204	210	0	108	200	103	68	91	112	33	173	195	25	141	197	119	38	65	40	2	67	172	38	32	129	31	110	194	86	179	217	183	162	32	177	57	92	93	143	69	20	81	95	148	202	146	100
175	164	116	120	33	58	115	22	71	210	131	12	37	10	13	178	190	44	96	69	55	104	218	3	126	118	204	215	176	163	182	153	66	74	58	141	216	220	220	60	81	101	46	162	181	94	215	156	62	183	196	5	53	221	163	5	0	199	109	72	89	53	68	94	187	122	6	129	141	166	166	205	14	40	202	218	133	50	18	193	219	203	218	177	162	39	63	103	52	97	195	140	128	53	149	80	58	132	65	59
169	109	123	193	172	57	100	205	204	101	211	108	49	106	155	69	51	81	94	58	170	215	40	93	19	69	156	104	162	221	120	34	148	194	5	115	10	117	179	170	134	158	102	28	38	191	134	49	90	191	37	84	177	215	201	106	149	0	78	167	188	68	141	182	132	163	160	17	159	17	131	10	92	61	139	57	136	8	62	58	3	108	76	26	62	189	58	182	29	126	187	17	127	1	18	101	77	85	127	100
28	187	214	193	10	83	41	111	61	167	214	210	54	44	27	206	183	148	195	211	148	197	17	60	25	65	56	189	117	135	172	16	210	166	209	13	98	135	17	93	201	39	219	204	83	8	147	165	205	106	132	10	202	148	223	150	222	204	0	151	12	51	136	63	12	126	133	28	223	35	52	95	26	216	91	151	30	222	174	128	175	208	56	122	210	12	154	184	90	106	104	180	40	120	110	123	114	84	17	5
204	185	198	20	77	41	99	74	1	216	70	102	63	82	123	98	169	132	124	125	210	119	162	171	87	37	217	174	178	30	37	48	50	152	153	142	205	219	85	117	154	133	165	148	40	160	21	191	125	110	129	8	17	22	220	61	10	136	117	0	168	26	212	44	172	159	143	42	31	23	101	94	28	15	203	136	181	134	224	101	198	178	165	131	191	61	38	42	43	43	166	48	162	173	48	154	136	142	101	170
12	112	133	55	213	114	110	134	7	91	170	76	120	141	88	146	28	139	4	150	49	144	200	37	155	67	79	105	66	114	209	91	134	125	192	84	46	101	9	160	64	70	94	85	3	37	57	117	114	190	8	41	117	14	159	144	15	128	197	32	0	53	179	47	184	178	95	100	169	149	152	48	112	5	40	51	55	136	98	138	109	143	120	201	135	183	85	153	196	18	146	124	26	199	8	206	23	127	85	128
166	184	47	161	46	89	87	194	89	170	50	26	142	23	93	31	41	138	193	118	76	39	44	171	5	174	177	168	178	203	150	122	143	13	122	203	59	6	63	87	67	1	85	152	218	185	80	184	34	23	64	162	2	39	146	117	132	32	153	164	194	0	170	36	89	13	3	198	121	187	174	158	8	97	88	33	30	25	27	16	42	144	122	206	92	73	119	43	198	153	174	212	41	73	209	170	132	205	201	51
214	122	158	84	87	40	3	159	166	60	11	157	167	5	44	29	21	66	217	156	163	171	44	140	106	87	94	206	119	70	130	110	103	86	189	53	138	129	10	183	197	16	89	94	170	207	154	216	191	161	15	72	60	43	7	103	65	217	2	80	144	52	0	42	134	37	19	5	185	101	42	136	178	164	196	198	125	90	62	27	124	172	199	49	182	124	3	148	118	139	122	179	145	169	216	86	133	114	112	40
27	208	41	30	155	79	110	134	33	175	138	133	196	197	209	3	39	176	172	72	144	98	108	121	182	166	73	164	75	193	19	190	132	189	159	59	139	44	89	184	196	128	188	24	104	4	12	153	214	120	32	213	217	41	39	138	63	7	122	144	182	101	194	0	201	98	47	144	129	75	171	57	218	68	184	26	225	216	162	4	109	79	80	178	203	27	163	141	15	38	61	24	122	144	55	71	104	166	202	80
3	221	205	66	185	178	91	210	130	93	121	25	47	7	1	91	205	149	167	175	122	93	67	212	209	79	34	185	90	200	182	56	167	215	191	172	132	113	17	50	139	25	182	185	224	183	209	101	152	133	112	49	117	35	174	130	215	6	102	67	19	171	150	133	0	221	17	140	167	73	31	139	98	186	209	89	156	135	165	89	132	90	144	112	59	188	26	225	191	215	115	21	114	27	52	65	143	132	156	115
9	74	111	10	82	59	216	79	25	23	129	207	106	106	59	79	21	127	89	74	57	149	94	41	89	141	72	78	26	8	166	2	179	193	188	176	104	126	149	97	132	16	16	2	45	49	87	90	205	201	83	59	203	74	162	180	81	176	91	157	162	16	189	5	61	0	104	137	213	40	193	81	140	159	207	128	30	44	216	204	127	118	74	97	176	23	96	137	20	224	107	127	148	32	128	173	105	162	158	88
173	157	45	17	166	50	146	7	109	95	208	188	57	179	28	85	189	128	97	34	7	212	143	202	121	147	158	48	89	66	125	53	180	14	101	60	220	117	58	216	91	153	91	92	21	57	57	200	12	155	160	92	128	70	5	110	153	158	19	38	141	98	190	17	152	71	0	132	178	81	26	106	108	217	92	44	90	66	198	112	156	3	203	93	180	97	161	26	225	225	124	163	56	15	69	110	160	197	79	139
215	119	47	181	174	163	107	38	125	224	183	179	53	3	186	185	153	130	121	55	87	59	158	25	31	192	44	225	85	205	133	139	136	219	102	214	72	102	128	93	77	3	204	59	21	50	125	35	26	160	34	216	211	220	65	159	14	205	102	179	41	211	215	34	136	191	65	0	28	28	172	102	4	114	1	166	14	47	34	42	12	147	146	87	201	210	37	68	156	183	129	205	39	29	157	149	223	89	40	32
197	92	60	111	23	114	158	212	34	149	138	142	19	176	122	8	69	161	72	154	74	31	61	162	15	201	143	80	204	78	204	193	186	54	49	186	15	33	173	191	100	61	170	17	215	218	215	157	174	194	197	17	184	106	9	129	187	171	193	225	74	207	1	173	74	13	26	106	0	201	180	44	93	210	126	62	206	92	180	10	82	138	162	121	185	138	35	62	198	48	30	142	70	198	60	161	122	102	182	203
46	28	132	54	143	140	74	220	27	160	186	132	127	206	113	175	27	125	147	136	87	102	46	72	46	84	186	60	3	36	35	158	28	37	134	33	27	87	70	145	152	212	13	95	100	173	134	43	56	74	151	48	192	28	49	164	30	14	150	150	9	22	222	117	23	195	120	45	221	0	214	59	41	133	35	133	51	39	5	191	32	212	144	217	190	161	176	172	40	14	13	161	103	175	182	28	130	12	103	224
222	74	32	134	33	77	113	76	212	155	70	160	44	127	136	127	143	224	133	71	183	87	120	153	224	73	107	79	124	181	203	69	87	157	40	163	217	102	53	185	193	129	168	109	166	189	49	120	25	56	193	199	8	113	108	30	162	57	190	182	17	201	69	82	112	71	169	48	132	53	0	36	191	19	115	174	33	85	44	36	35	87	128	200	9	53	90	155	186	16	37	99	50	92	218	200	160	38	179	88
77	103	63	211	136	76	67	52	219	17	152	119	8	122	24	181	144	103	134	176	76	223	61	141	180	221	207	99	23	134	157	35	70	114	42	41	10	32	187	132	210	225	161	43	87	225	176	209	26	132	207	77	32	64	74	147	11	16	12	158	172	105	65	213	184	17	41	71	5	28	134	0	7	176	31	44	58	84	13	78	68	44	138	124	19	2	39	63	168	35	19	160	116	15	36	81	64	17	189	31
164	138	202	140	210	168	90	41	216	142	93	15	76	181	58	182	101	79	108	67	16	204	40	118	213	211	189	23	223	126	186	95	200	27	85	168	164	179	79	45	74	155	215	170	20	104	16	24	208	121	14	169	157	207	35	48	126	138	28	70	203	104	137	219	155	214	204	143	65	50	56	112	0	96	28	190	223	53	191	19	56	95	24	86	99	197	174	108	178	190	126	174	117	223	152	88	37	118	181	177
44	160	158	26	47	151	214	29	142	59	86	161	146	136	161	40	17	178	170	1	16	11	5	12	138	16	129	3	123	138	45	133	63	161	136	113	224	176	49	89	197	84	171	82	160	124	102	60	198	48	145	77	174	40	108	92	220	181	33	168	15	28	29	174	31	190	192	61	15	106	146	203	159	0	186	31	134	31	208	54	168	150	171	13	194	189	45	90	6	71	56	113	151	120	221	157	73	34	149	166
139	9	118	159	189	53	87	161	95	37	157	35	199	83	136	123	101	199	166	209	119	141	13	72	114	94	63	209	171	102	111	44	95	194	192	138	96	175	175	190	42	89	141	179	170	126	84	151	149	54	7	221	192	27	172	90	109	210	148	64	132	152	100	77	29	82	4	166	222	65	133	137	49	184	0	88	33	45	146	109	131	132	96	205	104	201	83	21	221	155	120	63	83	43	165	144	108	70	208	209
203	190	73	28	108	96	25	18	25	44	101	172	126	172	97	221	94	111	194	200	155	104	219	37	29	185	78	224	3	39	24	177	221	173	1	186	210	63	144	109	84	213	118	32	133	171	159	24	4	56	121	200	11	117	59	175	35	20	64	30	146	121	133	26	25	84	179	134	126	102	114	41	200	92	6	0	5	151	179	27	36	183	119	118	204	34	167	156	187	196	170	110	5	135	59	137	111	174	66	53
101	43	202	143	152	112	12	150	24	14	63	48	8	35	121	151	146	167	180	97	82	93	178	58	44	198	93	26	24	38	195	98	154	15	172	59	93	79	180	161	192	18	56	206	131	157	133	155	191	96	122	66	42	152	117	183	86	150	187	36	108	200	28	21	85	115	100	178	108	23	2	104	52	145	208	175	0	222	107	144	41	70	15	7	65	24	185	78	105	62	119	222	105	91	167	23	131	8	110	196
34	32	185	74	7	187	16	80	125	110	53	111	13	200	195	169	61	1	93	15	87	182	189	116	218	14	90	218	117	153	104	27	136	168	78	208	196	14	171	63	44	71	38	199	215	83	110	83	70	157	25	81	115	155	9	200	96	94	60	10	74	207	210	188	15	4	36	106	35	128	123	202	145	184	129	72	200	0	43	79	10	81	163	90	148	109	208	112	214	160	124	189	178	31	121	181	18	180	130	215
135	187	31	103	8	122	66	154	191	187	13	185	92	220	94	54	4	130	213	75	21	116	77	70	60	2	141	14	67	21	84	173	117	223	72	164	191	206	125	109	161	83	138	66	73	90	99	77	178	142	174	90	201	51	101	206	134	196	12	197	62	25	120	205	220	115	85	8	212	73	211	118	150	135	146	114	101	31	0	147	161	193	111	66	97	184	27	190	97	69	43	59	73	185	169	178	14	134	24	114
75	128	162	198	103	108	28	145	210	27	47	45	151	144	13	215	113	101	138	65	107	96	114	223	207	97	154	190	187	36	106	81	58	209	122	75	135	47	73	194	202	67	32	142	70	84	185	156	58	71	45	26	53	54	41	204	211	144	21	162	49	165	204	49	223	47	24	195	206	56	94	156	77	219	79	154	106	37	96	0	103	140	5	166	23	70	140	152	144	100	157	104	172	193	61	213	146	57	98	194
165	107	36	143	62	186	26	131	175	202	6	58	45	202	191	215	220	11	195	58	159	225	36	87	40	9	106	47	198	112	49	74	91	105	67	216	184	8	50	162	80	175	35	96	210	190	117	70	69	144	21	129	192	28	66	103	64	157	182	179	4	178	132	117	188	147	148	115	132	211	163	177	183	84	190	180	18	84	38	23	0	180	13	77	45	203	12	133	21	123	102	201	110	138	209	4	90	219	26	149
87	84	86	68	221	167	40	147	138	218	120	125	205	161	154	223	72	73	20	101	210	138	43	210	32	189	63	36	33	109	52	18	63	25	20	16	6	170	216	50	43	160	182	59	4	136	109	44	185	30	75	55	205	162	145	196	40	19	58	172	56	92	112	31	181	81	220	185	13	105	76	61	92	132	192	93	194	29	7	139	146	0	148	16	184	130	135	49	19	32	49	47	92	147	158	208	106	31	174	124
165	149	192	190	66	184	148	209	143	130	39	37	180	186	33	220	220	141	150	139	184	193	66	5	38	215	121	78	149	184	10	126	123	128	117	22	113	111	101	36	144	223	97	138	217	152	147	192	138	93	42	63	90	205	159	8	43	13	38	79	210	163	116	21	202	224	164	6	30	191	106	32	223	218	143	65	61	124	105	94	87	199	0	134	56	140	218	47	25	4	125	60	18	156	2	40	48	48	150	45
199	138	89	36	75	225	189	117	180	34	35	170	174	186	65	165	224	137	42	127	189	43	197	23	180	183	156	171	63	106	40	103	33	29	112	105	71	15	206	112	222	177	148	29	139	196	109	106	60	206	138	23	186	99	1	158	190	95	113	149	72	207	186	118	139	120	216	36	102	110	139	186	36	206	85	134	11	174	178	133	28	178	73	0	30	184	47	142	48	116	209	60	214	210	108	47	174	56	180	175
137	142	22	137	15	208	186	67	48	183	127	69	74	12	44	177	123	68	145	209	131	86	204	161	218	74	223	138	18	148	46	130	223	200	136	173	29	102	164	179	170	148	198	175	197	4	222	55	42	62	175	191	125	194	65	129	167	209	20	190	31	7	141	32	43	181	163	28	18	29	44	199	110	69	57	71	34	169	139	10	53	224	135	187	0	199	21	39	14	164	90	132	120	76	209	5	56	171	152	181
156	191	80	184	48	19	110	106	117	68	151	134	56	134	169	129	46	100	26	117	65	8	13	101	30	150	187	139	135	37	92	111	176	80	80	1	56	184	61	110	166	19	156	171	85	69	128	24	4	26	141	53	154	144	57	124	171	32	197	148	8	126	212	44	97	107	194	72	130	50	174	53	179	90	152	164	55	63	12	204	54	92	57	164	81	0	200	41	104	161	148	77	61	47	101	45	187	157	224	185
139	182	185	193	158	158	223	21	2	153	206	36	106	148	191	167	65	48	125	29	27	193	206	71	190	91	5	57	4	207	149	71	186	105	48	203	76	75	40	23	71	94	25	205	166	173	223	220	151	36	125	86	132	199	151	166	64	209	157	177	2	15	16	150	168	166	181	149	9	193	147	17	163	61	194	215	100	187	116	123	103	153	35	7	79	93	0	133	214	127	146	158	187	224	164	170	52	7	204	160
187	29	49	65	190	69	141	201	152	73	18	133	114	33	128	182	192	209	36	148	61	213	2	29	32	55	106	86	209	42	192	114	18	50	30	5	190	158	190	77	169	177	37	144	91	203	7	201	24	163	57	56	108	182	135	76	16	99	220	19	107	83	202	182	25	99	214	221	104	41	146	153	195	153	86	74	8	114	30	23	3	134	204	186	119	177	16	0	68	98	140	9	63	18	57	144	14	183	197	122
133	50	168	32	90	36	208	194	15	1	167	99	191	144	209	71	225	183	3	75	223	213	146	187	225	193	5	207	29	194	149	84	170	220	84	214	9	104	198	151	128	182	131	193	84	98	139	69	35	79	25	214	88	7	195	68	23	103	122	166	176	201	93	159	130	105	165	35	4	190	74	135	137	47	146	217	77	186	101	122	162	91	46	102	81	111	123	158	0	49	58	14	113	184	179	44	11	125	52	45
115	137	49	18	79	122	173	65	103	95	124	80	113	84	82	150	17	111	55	81	122	131	171	162	122	72	27	186	60	45	118	116	117	73	1	81	129	176	184	87	47	130	106	189	82	116	219	167	128	117	167	29	21	86	178	195	186	44	199	100	186	201	4	83	60	1	16	199	81	209	173	191	94	117	78	85	188	196	64	218	78	177	115	38	181	130	191	85	108	0	169	30	82	108	108	54	136	133	82	17
117	157	185	136	66	212	74	10	222	87	89	131	50	48	142	24	163	220	153	54	53	123	35	182	97	16	222	150	102	172	10	139	76	106	172	73	66	212	119	176	144	109	72	199	56	12	20	158	188	184	167	200	163	53	223	11	65	115	96	38	176	29	4	25	84	127	129	131	127	80	98	217	21	7	175	34	103	6	135	51	157	103	18	170	59	166	190	166	209	215	0	27	208	7	193	141	177	119	76	146
134	35	32	179	221	84	119	184	17	209	168	168	221	181	154	182	142	56	91	81	188	95	219	63	155	199	95	223	218	216	4	26	89	134	22	19	46	210	30	100	117	46	82	129	37	92	28	209	39	90	159	49	136	128	37	177	49	65	71	52	44	61	223	125	13	83	181	148	124	156	102	55	89	37	130	35	62	100	4	139	62	158	62	140	109	181	63	58	13	15	107	0	212	99	178	19	14	222	166	182
18	220	16	20	111	221	94	127	4	134	214	29	133	37	97	89	172	27	172	85	112	85	216	186	35	155	78	206	154	126	93	210	128	185	165	160	88	128	82	187	14	217	106	53	208	48	1	174	77	174	82	145	192	205	17	225	189	153	66	6	180	208	2	15	77	199	195	141	64	22	120	40	200	131	126	29	175	173	168	166	171	28	58	118	193	93	99	136	185	166	115	164	0	170	134	154	22	147	50	135
136	225	12	70	210	7	112	177	63	11	80	120	165	187	93	66	127	162	207	7	91	18	224	156	218	13	179	110	54	133	206	117	96	186	65	224	5	44	73	218	61	93	18	34	36	36	48	85	58	36	178	35	56	70	91	73	189	25	107	179	62	123	16	41	183	106	33	129	121	89	82	197	78	210	32	9	73	220	105	198	73	22	212	140	190	225	69	148	67	189	120	197	158	0	214	83	117	47	44	165
35	78	18	4	172	13	190	116	197	65	94	172	163	117	86	90	119	103	86	208	163	179	206	80	165	162	162	223	201	81	125	168	36	109	156	22	224	18	174	192	164	33	181	99	90	28	40	3	20	11	218	177	205	187	15	128	27	194	212	24	209	201	137	58	115	33	42	137	191	120	141	148	49	162	222	60	223	225	7	169	203	137	60	217	21	164	82	109	173	205	12	77	136	119	0	31	122	63	189	185
216	205	171	138	126	148	4	31	213	168	157	199	206	216	224	53	21	173	110	90	39	51	191	68	80	154	14	72	143	5	95	220	97	49	152	158	111	77	170	108	117	125	21	182	76	225	166	50	207	22	78	17	161	70	202	19	114	1	23	145	88	130	36	113	66	21	133	217	137	218	10	187	214	207	11	160	32	136	7	172	13	216	179	164	61	138	65	192	201	94	134	90	67	124	200	0	57	192	136	74
191	124	185	209	190	116	59	207	218	204	59	224	164	54	15	4	38	55	82	74	193	95	198	210	158	62	174	189	206	159	19	160	194	149	38	15	46	146	85	50	63	84	2	44	17	198	219	51	50	75	99	139	62	69	28	88	62	147	165	173	134	150	218	41	123	79	179	138	56	221	113	115	162	206	152	127	203	3	55	143	217	53	59	141	21	171	199	64	36	33	167	214	47	212	207	57	0	161	149	177
155	65	74	185	128	220	192	73	219	138	121	76	160	101	198	58	116	167	129	106	134	1	70	168	129	71	80	203	41	87	153	13	214	112	190	120	142	193	136	55	205	24	77	136	192	175	165	151	100	42	122	109	214	44	213	129	47	202	180	217	157	70	73	35	36	225	35	123	119	31	54	191	19	24	83	1	163	118	120	107	86	89	97	63	112	186	8	216	111	222	51	119	84	41	177	139	110	0	63	119
14	114	104	59	113	125	199	104	184	1	108	113	146	120	165	43	144	20	21	174	105	210	139	221	169	108	209	27	12	42	99	177	207	221	119	181	173	19	193	140	104	43	80	167	13	71	69	23	27	95	120	170	150	43	19	85	40	70	127	87	174	93	156	142	56	191	175	108	159	48	19	196	20	105	192	50	111	223	95	163	52	76	2	139	102	129	123	31	42	211	192	165	194	97	200	47	50	92	0	121
29	183	121	7	15	46	188	133	148	154	11	142	135	76	112	30	168	159	112	10	62	60	149	6	47	51	210	83	201	46	109	127	80	73	105	132	212	202	159	167	72	59	152	196	31	52	94	71	171	173	80	213	176	137	48	119	224	177	91	200	6	135	71	56	125	135	220	198	83	1	36	30	2	52	140	48	164	89	216	192	61	136	79	69	156	86	206	160	118	27	153	27	73	144	129	9	160	10	138	0
