A	B	C	D	E	F	G	H	I	J	K	L	M	N	O	P	Q	R	S	T	U	V	W	X	Y	Z	AA	AB	AC	AD	AE	AF	AG	AH	AI	AJ	AK	AL	AM	AN	AO	AP	AQ	AR	AS	AT	AU	AV	AW	AX	AY	AZ	BA	BB	BC	BD	BE	BF	BG	BH	BI	BJ	BK	BL	BM	BN	BO	BP	BQ	BR	BS	BT	BU	BV	BW	BX	BY	BZ	CA	CB	CC	CD	CE	CF	CG	CH	CI	CJ	CK	CL	CM	CN	CO	CP	CQ	CR	CS	CT	CU	CV
0	83	87	22	18	77	10	49	83	7	82	55	44	43	64	48	3	8	14	52	4	8	8	32	26	64	85	29	2	94	34	64	64	8	33	66	33	83	77	2	23	92	1	94	70	77	53	93	69	55	93	81	77	17	27	39	36	14	14	93	31	68	85	81	82	28	70	94	31	85	80	78	26	55	13	37	30	89	83	85	57	72	8	32	6	82	75	47	65	57	51	4	67	49	74	94	85	66	27	68
13	0	28	74	27	25	14	54	36	23	78	60	94	6	41	38	76	29	28	90	89	34	3	36	29	27	6	86	19	76	18	57	74	83	39	72	75	45	57	60	13	83	46	89	61	4	69	58	38	55	30	64	36	84	53	74	60	74	55	8	43	48	30	2	7	73	85	71	90	16	80	12	31	6	64	26	77	58	35	49	15	45	39	53	91	47	11	39	54	20	75	56	76	36	58	35	50	10	29	79
80	17	0	16	8	8	71	53	9	42	23	5	25	23	30	57	37	39	83	44	14	21	67	13	35	30	51	56	65	41	10	34	5	6	56	51	77	76	61	17	8	20	29	41	14	37	66	24	25	62	78	89	39	14	20	62	69	72	10	64	81	38	87	90	48	28	12	1	48	23	86	56	86	18	91	72	82	28	63	57	4	88	2	24	42	12	75	59	55	26	70	84	89	44	13	20	24	25	38	22
27	40	14	0	38	64	68	15	1	73	92	39	2	82	16	63	64	70	43	71	23	90	4	10	12	87	12	35	85	65	22	84	72	73	53	24	79	12	88	49	87	41	23	80	18	83	33	31	73	32	45	40	34	79	94	50	21	2	24	20	35	81	12	14	29	25	2	32	8	14	22	73	79	65	64	86	24	83	35	57	52	68	86	25	47	33	89	29	28	82	31	65	8	51	55	16	46	86	45	88
33	4	84	19	0	53	49	10	52	62	73	88	93	61	1	81	8	77	6	20	15	30	32	25	87	94	86	61	90	89	30	58	6	57	33	21	58	78	31	23	63	8	81	94	46	7	82	1	33	15	89	53	70	9	1	21	7	47	39	42	69	57	21	81	87	64	2	39	13	86	38	33	62	67	71	49	65	54	72	86	55	69	68	76	48	91	8	72	37	33	25	55	7	35	18	11	3	56	4	44
23	58	9	39	77	0	85	13	53	29	43	18	21	15	15	91	48	62	92	82	80	8	25	58	69	49	84	14	54	87	10	17	29	3	78	76	84	19	6	57	31	30	93	25	80	7	9	43	80	36	56	94	49	31	4	73	1	33	77	88	70	30	88	3	30	12	88	79	85	86	46	57	85	75	25	62	12	34	16	32	70	18	38	29	8	63	21	14	32	19	68	64	34	85	33	8	14	69	31	34
37	67	24	77	2	87	0	20	17	71	9	13	55	28	47	94	60	77	18	48	11	48	86	45	48	56	21	13	66	35	6	57	81	34	25	12	51	33	94	84	92	42	8	91	92	85	37	56	6	4	16	39	20	27	89	25	84	88	22	19	3	77	94	22	47	28	91	8	15	8	70	55	32	65	72	13	82	47	61	69	41	8	48	42	84	72	65	87	19	16	14	83	42	60	42	20	74	75	9	74
20	71	9	13	69	60	70	0	27	49	55	87	68	66	6	64	69	73	76	23	83	92	47	32	59	33	94	12	47	20	10	55	21	8	28	54	23	11	77	91	81	39	21	48	59	90	10	49	43	21	21	12	16	65	81	66	11	18	4	62	75	4	80	17	63	70	40	47	75	42	87	2	24	68	62	72	88	9	88	94	19	60	11	68	7	84	15	63	88	89	3	37	26	25	60	58	77	54	52	43
33	32	13	45	37	23	11	85	0	56	54	15	22	70	55	25	71	13	90	25	82	42	4	85	13	19	81	13	78	32	20	60	5	36	93	64	87	58	87	33	42	78	42	68	66	46	2	18	16	36	39	7	30	43	27	81	13	2	22	10	94	46	67	65	17	47	83	45	30	74	12	91	88	24	34	45	5	91	88	5	27	27	52	40	34	31	15	87	49	35	64	51	42	20	65	11	32	77	25	38
86	78	55	65	46	77	72	2	75	0	41	12	52	32	36	22	62	81	28	7	38	23	12	59	14	50	58	72	32	82	63	84	9	19	5	37	45	21	62	9	37	7	81	68	31	48	50	46	2	38	12	93	50	41	44	52	33	13	54	27	13	91	29	3	51	38	51	14	30	76	84	81	24	20	49	50	31	28	47	61	40	47	89	92	8	17	69	43	92	53	69	37	36	81	79	69	5	55	63	10
5	40	91	47	66	25	45	53	51	2	0	42	48	93	75	21	70	58	58	34	6	21	34	20	80	49	93	40	41	64	38	24	47	69	10	47	76	60	43	78	93	61	59	69	81	13	53	87	40	84	20	31	16	24	16	37	34	65	33	91	61	10	20	25	40	76	35	59	77	14	12	78	54	82	79	89	4	93	82	51	58	78	44	46	9	70	69	6	29	49	44	33	83	84	91	68	59	63	87	38
20	43	16	83	64	38	88	60	44	22	42	0	30	28	19	62	68	64	85	31	82	35	2	60	41	27	5	81	44	83	80	91	25	14	85	58	63	25	69	72	57	77	94	89	25	54	65	8	6	47	60	61	53	39	29	47	21	82	49	70	41	49	77	59	81	64	42	61	8	64	47	79	1	9	85	25	56	57	78	77	82	72	88	73	61	81	29	64	85	93	1	7	23	42	31	83	59	80	15	20
59	55	19	69	6	36	38	85	63	60	90	76	0	17	27	70	10	60	51	46	51	8	78	15	26	44	1	30	62	26	1	56	49	9	53	40	84	3	53	74	23	73	11	64	20	13	2	83	21	14	19	37	79	51	26	65	21	52	28	66	92	92	80	79	69	60	43	74	33	70	65	31	52	25	92	54	28	43	51	39	22	24	48	68	38	82	93	93	31	9	80	8	91	5	71	51	84	76	14	84
17	12	76	66	36	15	16	53	94	38	59	12	21	0	14	43	36	49	62	36	9	5	46	90	47	36	25	62	59	72	69	88	63	56	50	50	20	13	10	8	75	40	47	17	1	16	25	7	67	70	78	3	33	6	90	38	27	92	76	93	26	68	22	60	87	91	38	88	92	28	56	40	3	49	39	55	23	72	65	83	68	43	76	79	81	35	45	55	36	83	79	69	20	45	19	1	66	19	51	52
3	86	2	54	13	4	93	92	55	35	17	20	5	22	0	11	65	81	41	72	90	31	72	73	79	80	30	7	79	67	52	1	62	90	27	55	12	5	76	64	44	13	72	8	33	78	69	14	75	15	65	84	3	69	43	43	38	39	61	2	74	86	15	11	91	58	11	92	23	49	20	63	83	50	56	34	59	46	15	34	20	48	39	82	20	91	74	41	91	54	65	11	84	70	66	60	70	2	69	6
93	88	55	94	42	9	92	35	28	42	50	66	70	66	31	0	41	58	20	16	20	14	94	39	72	39	82	54	78	52	54	88	10	71	32	40	62	3	80	21	85	9	24	84	11	77	82	16	41	66	25	17	21	26	67	18	91	32	1	5	67	69	78	33	14	24	37	71	47	32	90	94	86	61	64	18	94	91	31	16	92	50	36	50	17	17	55	24	69	33	52	14	72	21	88	89	76	63	24	2
67	56	24	30	42	64	29	52	71	9	69	45	73	37	26	24	0	88	64	7	5	28	25	70	79	58	51	26	50	27	49	35	93	47	61	80	43	43	21	87	94	61	76	48	47	28	16	72	31	5	80	92	86	16	64	51	1	56	5	6	57	14	51	24	58	21	20	72	51	15	93	80	76	78	5	71	43	35	9	65	39	37	76	83	94	60	93	22	56	14	76	57	3	83	93	22	73	92	13	49
60	42	57	57	26	23	81	20	8	43	25	54	70	74	7	72	63	0	25	18	88	90	53	10	73	50	75	59	92	75	46	7	69	26	46	46	48	12	8	24	67	61	88	70	45	57	51	94	11	78	54	51	38	88	38	21	4	58	86	61	26	11	7	13	26	50	84	84	21	66	41	61	58	58	71	76	86	33	17	2	41	41	67	48	84	80	49	91	34	7	73	66	84	75	92	45	86	34	85	48
9	30	56	28	81	72	80	52	93	3	12	70	19	22	43	12	44	33	0	68	71	71	71	19	28	31	18	1	15	54	19	13	40	29	67	90	63	92	40	35	72	89	74	48	92	65	33	25	72	86	72	18	5	38	71	8	72	9	65	67	88	38	79	57	69	89	25	67	28	41	33	89	5	56	27	77	31	13	52	41	31	67	22	79	43	2	45	83	71	21	46	92	12	64	8	43	62	14	13	25
60	77	35	17	17	23	86	3	42	45	19	79	85	20	73	74	33	88	26	0	6	91	29	2	24	94	70	30	61	62	63	58	90	57	48	9	20	15	57	33	65	56	83	83	49	29	57	72	64	15	21	80	38	4	53	40	81	80	24	90	17	83	9	30	5	16	68	73	11	71	35	4	33	29	79	39	2	91	14	85	51	76	49	1	20	80	88	28	1	89	28	40	41	19	43	20	30	90	63	61
87	61	74	83	28	60	52	28	84	31	74	79	75	11	75	94	63	70	22	88	0	50	94	84	83	13	65	60	9	56	50	48	90	46	82	41	12	56	79	35	42	93	48	13	51	6	67	2	56	77	65	49	18	19	53	24	71	74	38	39	77	43	54	58	56	64	20	26	78	61	61	42	34	28	12	93	5	56	35	88	88	82	5	65	60	35	24	36	21	79	21	57	60	20	61	59	88	41	82	94
52	46	79	73	18	53	21	44	45	77	72	1	90	81	7	45	14	82	78	62	41	0	79	9	65	67	60	55	1	56	57	4	39	79	73	64	2	94	42	21	41	74	80	68	23	82	31	7	15	47	85	74	31	18	57	68	11	92	4	25	74	20	25	81	43	80	68	15	5	1	94	53	53	87	81	61	11	54	19	56	15	26	30	32	16	51	92	44	22	90	64	75	39	35	68	11	88	66	37	89
6	39	25	20	88	71	83	87	12	57	79	84	40	49	27	47	43	92	23	80	17	49	0	38	22	62	39	24	48	11	74	93	66	29	19	76	62	73	79	91	12	56	53	45	8	78	52	59	86	59	35	38	66	78	4	39	23	3	10	88	54	47	45	59	17	6	93	9	56	19	64	11	93	38	22	2	85	3	42	53	40	58	2	60	32	27	83	34	72	79	11	58	68	4	64	12	6	63	29	76
73	35	18	41	21	53	20	47	16	27	15	65	51	49	66	85	16	29	94	65	40	42	41	0	66	20	92	70	12	68	44	75	30	75	8	81	82	89	14	70	27	28	89	40	61	64	54	90	67	46	59	84	32	42	59	71	53	53	16	52	12	8	78	72	74	24	54	85	87	22	25	53	34	13	30	56	48	60	23	88	56	17	80	53	93	23	73	49	57	13	79	74	60	86	2	17	68	12	39	51
85	50	29	86	86	57	75	61	66	11	73	94	54	39	90	52	77	72	29	94	83	34	66	32	0	94	67	55	36	34	88	55	45	30	57	82	56	7	4	82	93	8	51	3	22	67	33	24	12	91	85	54	16	23	70	74	64	1	51	22	17	55	39	78	68	62	49	83	27	11	76	44	35	24	27	90	6	64	91	83	40	89	11	16	84	14	71	26	86	26	8	24	55	80	39	47	34	60	50	27
61	83	82	10	8	8	40	14	72	91	53	55	55	80	39	40	36	72	42	51	78	76	77	47	10	0	74	25	90	68	7	18	56	55	80	85	18	1	77	55	54	35	81	18	40	21	33	92	18	82	6	80	71	73	89	23	5	3	73	87	31	44	83	35	24	66	18	79	34	39	79	12	52	2	84	8	16	80	34	51	66	53	51	3	59	61	1	8	61	55	35	45	6	25	65	15	16	13	87	62
91	22	79	74	76	78	18	4	21	6	22	48	30	35	22	65	73	33	93	32	56	61	19	28	6	63	0	5	27	3	12	30	65	54	65	54	7	66	82	84	81	90	16	10	72	50	32	42	81	91	27	16	15	92	11	7	5	81	69	77	37	78	51	64	25	67	37	81	42	89	78	85	69	71	6	21	67	63	61	77	50	31	66	93	47	13	19	24	52	64	55	14	21	28	15	40	46	2	65	34
66	86	37	71	77	25	46	79	87	49	74	61	81	35	45	23	10	46	29	94	28	42	86	74	63	22	35	0	52	11	45	31	94	32	47	57	21	50	25	3	28	3	38	84	44	48	88	16	30	58	21	40	90	19	15	68	35	68	22	56	88	15	24	43	34	84	32	51	51	8	71	6	74	28	87	64	49	69	53	44	8	76	22	22	9	41	82	47	39	38	56	47	31	82	93	78	23	46	7	7
79	30	32	15	32	18	62	81	5	13	85	24	60	31	47	24	24	87	60	40	11	17	70	82	66	28	17	88	0	85	93	25	37	46	24	82	62	43	84	1	91	86	83	36	11	3	50	4	20	42	58	79	43	84	43	65	87	64	8	8	79	63	35	36	23	62	21	26	64	81	53	92	61	76	48	45	92	25	67	17	41	41	31	92	30	62	13	38	1	3	8	22	94	3	44	92	61	77	1	67
4	82	14	11	30	10	88	23	52	80	88	2	71	28	28	50	31	26	64	68	66	27	3	88	91	4	9	75	16	0	75	17	20	61	14	1	75	49	80	56	43	75	81	14	69	4	9	37	67	58	36	50	71	89	7	90	71	54	73	44	30	85	87	13	18	65	4	93	94	1	75	60	18	52	7	46	63	67	14	28	50	43	57	50	21	64	57	1	50	44	5	53	58	42	39	60	16	35	41	33
69	65	79	59	52	49	5	48	1	78	63	10	35	16	88	58	76	72	48	53	78	5	77	20	8	9	53	38	75	65	0	38	50	40	83	69	23	80	18	89	83	26	76	46	22	49	18	88	13	28	94	16	34	77	16	91	19	91	26	61	44	53	67	13	16	41	79	82	72	78	22	57	28	27	11	92	56	79	58	94	76	77	11	4	54	77	6	12	22	69	93	71	81	58	17	91	63	11	21	5
89	22	72	27	19	93	19	92	88	60	28	82	90	38	22	63	80	57	87	16	40	12	79	29	45	83	28	13	70	67	89	0	85	13	66	64	18	71	79	29	2	67	51	6	71	51	26	8	80	4	81	81	25	89	30	36	25	60	66	43	61	39	26	11	39	89	71	83	37	62	5	3	9	77	14	68	37	32	12	41	28	60	22	40	87	81	86	94	80	82	6	3	29	61	60	59	34	53	28	29
48	26	35	40	85	64	93	27	2	12	2	84	37	81	63	45	3	6	64	22	50	94	84	59	63	48	58	45	49	42	59	82	0	89	56	53	61	71	57	13	71	62	63	79	36	33	24	94	56	91	15	61	24	66	29	59	81	28	13	21	28	62	18	29	15	26	47	5	86	59	7	82	44	24	29	90	27	46	25	30	9	29	86	37	47	16	52	67	56	30	91	45	23	35	36	30	82	73	58	40
74	17	84	72	80	15	38	59	7	27	54	52	37	82	17	75	54	17	31	19	65	8	5	4	26	66	27	84	23	47	9	62	48	0	12	86	17	92	77	41	53	79	92	89	1	17	4	27	35	17	52	6	66	36	56	32	62	64	63	42	46	80	75	34	17	67	68	21	56	71	4	37	22	42	39	34	64	13	88	37	63	88	30	74	44	56	19	63	49	9	55	15	39	9	73	18	93	68	22	71
93	72	58	41	94	78	11	56	76	43	43	87	56	22	87	36	11	63	24	25	1	80	87	80	93	76	7	62	81	12	67	68	22	13	0	90	65	18	52	83	64	51	70	17	21	92	41	6	55	66	28	66	64	8	13	47	27	37	79	36	71	1	94	88	57	41	64	49	41	78	69	6	24	64	92	48	47	79	83	66	41	42	24	59	6	28	51	12	4	80	14	59	31	28	17	14	49	62	47	19
18	51	4	52	45	67	23	12	25	20	91	93	29	3	60	50	1	23	64	87	43	53	53	8	74	4	48	50	2	31	59	24	59	76	66	0	10	77	70	56	93	8	48	77	42	39	72	87	42	39	25	80	78	65	15	43	25	57	40	52	5	84	27	26	65	65	73	64	88	41	22	4	70	59	45	7	75	78	49	92	72	41	30	45	58	4	24	72	10	63	64	33	9	37	85	61	26	55	58	14
66	37	57	49	82	55	5	40	16	14	43	22	45	57	72	14	24	11	40	36	82	41	6	5	30	10	9	41	57	13	93	22	94	89	29	53	0	69	51	81	19	39	58	8	7	53	12	76	18	66	26	44	18	72	52	85	8	50	45	81	49	27	68	13	94	61	62	22	90	64	11	9	12	55	15	65	71	48	34	52	75	61	59	22	16	50	10	90	6	88	78	15	35	3	75	1	11	19	81	60
46	8	55	61	61	89	85	6	18	84	29	84	71	1	86	41	6	61	38	22	20	61	32	44	29	54	1	29	51	63	76	19	75	12	18	25	34	0	7	8	25	93	8	30	27	92	67	61	8	65	4	27	27	3	86	59	54	41	20	44	75	78	84	85	46	31	77	6	17	91	33	26	24	49	49	58	24	3	54	31	83	3	40	53	44	50	61	66	45	75	59	81	68	53	30	14	14	92	90	50
8	33	92	60	4	68	68	75	40	11	59	57	49	30	3	94	19	76	71	86	52	47	70	22	61	16	66	37	42	1	49	64	19	46	39	65	24	13	0	75	76	71	39	3	14	9	46	54	69	13	28	26	67	71	11	73	86	76	59	11	25	36	79	73	46	20	70	37	36	3	70	56	33	43	90	40	60	9	46	83	27	30	71	56	1	42	31	92	60	66	86	33	58	33	66	23	68	74	27	41
46	37	6	23	29	15	31	34	54	60	18	80	61	60	53	7	22	59	93	93	17	10	11	4	72	72	78	65	8	91	63	53	6	14	16	2	73	16	40	0	14	41	39	18	72	65	19	29	70	62	15	8	78	60	77	7	33	60	74	61	31	35	8	56	3	5	84	17	81	86	26	25	38	42	63	33	86	85	65	19	21	82	5	68	40	37	27	85	3	50	30	34	50	82	79	2	50	24	52	42
65	33	80	64	22	21	93	57	46	9	28	25	61	15	81	16	54	71	78	93	93	69	55	35	28	19	19	8	64	55	6	46	14	17	41	44	53	4	94	8	0	36	51	12	43	58	81	66	7	74	48	49	56	52	29	11	58	66	77	29	72	14	57	28	91	63	81	64	29	33	35	20	76	25	32	45	16	2	14	80	47	3	44	25	2	31	19	14	25	3	30	55	1	78	75	2	17	59	46	59
50	92	78	68	2	84	30	13	35	48	37	64	40	60	61	32	59	56	77	15	74	69	73	77	10	11	71	67	78	50	23	38	24	63	32	35	76	50	68	30	94	0	43	80	81	66	84	92	50	19	6	91	33	12	28	33	61	47	19	6	47	62	73	51	73	68	1	38	16	60	46	80	91	4	32	55	92	63	38	12	83	58	81	46	11	17	20	50	81	29	85	11	18	27	12	32	92	27	49	70
60	51	78	84	61	69	52	40	62	90	90	75	3	69	61	83	24	60	27	81	91	51	53	35	63	78	78	50	48	7	41	8	56	59	55	49	71	48	80	48	58	90	0	51	59	74	4	23	29	84	11	93	18	27	1	26	59	59	10	59	53	71	75	32	12	49	7	58	82	3	78	89	30	91	29	27	19	45	69	12	65	81	54	21	75	36	92	61	33	29	15	30	70	7	23	46	33	47	30	49
5	76	31	48	44	73	56	75	93	35	94	93	1	35	35	19	60	72	64	10	52	14	42	37	7	68	18	10	88	12	30	26	32	11	29	38	10	71	60	26	9	37	32	0	37	4	87	63	73	11	86	47	38	11	11	44	53	79	59	4	69	74	77	64	94	38	84	64	23	80	26	64	18	37	40	1	63	47	65	7	3	6	3	16	50	56	13	10	91	34	56	40	35	68	11	4	71	83	58	85
34	3	63	62	11	18	23	16	2	84	41	25	47	66	1	13	66	57	31	64	70	43	34	13	20	12	59	92	64	41	79	12	32	16	3	39	29	24	74	44	14	3	28	11	0	23	25	42	35	58	32	66	29	83	61	85	80	50	94	47	38	25	72	43	8	60	42	6	67	88	44	3	72	90	77	30	41	57	64	83	8	88	71	31	4	38	74	78	46	16	92	80	50	46	92	58	8	9	65	33
29	12	84	5	43	73	21	72	45	73	11	30	86	85	73	62	60	27	93	22	20	15	42	53	30	14	50	83	67	33	48	52	91	18	52	39	68	5	30	38	72	12	57	69	69	0	91	88	13	92	38	47	12	43	33	44	64	32	88	86	65	30	27	85	32	38	18	83	18	90	4	81	27	75	40	88	57	47	7	91	73	11	5	67	91	60	18	30	43	36	66	48	84	14	74	41	31	65	89	43
27	19	67	54	73	50	65	51	73	50	87	14	59	19	87	9	41	92	28	83	12	56	18	4	42	71	38	31	15	72	70	42	59	18	37	5	82	41	57	64	23	15	72	14	91	78	0	1	36	57	79	52	31	16	46	90	9	22	44	23	84	18	42	12	87	12	36	86	16	14	71	35	62	60	85	10	54	87	88	33	83	80	47	87	17	23	65	46	28	60	19	26	90	17	33	75	53	44	76	79
41	77	51	12	75	4	89	18	64	41	41	24	67	77	55	74	93	76	32	11	53	56	66	35	30	64	83	73	60	73	73	81	37	94	53	35	58	94	3	76	82	50	12	10	12	85	47	0	54	50	57	94	82	38	43	77	58	13	92	14	49	86	62	70	38	76	19	43	58	34	71	91	36	43	81	17	94	58	90	37	76	19	25	92	88	37	4	55	26	65	86	65	3	69	35	43	37	6	64	79
33	40	86	23	18	84	4	90	36	1	18	34	55	17	2	10	46	35	93	87	81	37	82	40	37	45	4	10	23	11	36	52	58	29	70	12	88	63	35	45	68	38	24	69	49	20	9	62	0	37	80	49	39	15	33	17	24	23	34	39	57	27	39	47	88	37	91	40	65	93	64	39	73	25	33	44	1	3	91	65	87	89	85	50	73	25	1	57	76	43	20	70	12	72	30	58	81	5	26	4
31	70	50	29	66	24	71	36	80	17	59	12	58	12	62	57	14	70	43	48	53	28	54	74	92	44	29	64	76	25	89	85	2	55	69	88	38	33	24	69	17	38	27	42	20	17	50	38	86	0	63	7	43	33	69	45	68	29	13	32	68	12	17	36	84	84	82	77	36	30	20	38	87	90	46	1	25	66	51	57	94	87	73	63	49	10	78	59	47	19	8	8	5	23	87	42	16	67	12	82
1	74	65	90	55	49	25	35	31	54	67	68	33	48	78	86	32	72	26	17	52	23	58	70	88	25	38	88	16	72	11	38	69	80	29	31	34	53	25	14	86	27	26	48	38	48	43	74	83	18	0	9	14	13	58	54	8	45	36	22	1	57	80	33	15	77	20	63	29	81	71	62	45	9	58	63	83	54	36	82	23	61	27	84	83	1	90	32	35	18	51	90	12	56	3	28	12	11	55	9
76	54	46	10	13	86	93	72	27	51	60	57	28	92	31	52	8	93	40	20	52	45	41	61	62	1	5	16	84	90	23	93	27	25	92	83	2	41	68	74	45	51	20	75	41	32	5	93	70	27	2	0	71	6	63	83	1	23	61	63	80	73	71	10	54	26	32	92	84	81	39	76	64	37	41	94	81	6	7	67	63	39	61	63	86	61	84	74	51	77	40	60	74	21	17	10	45	43	70	14
88	7	61	43	31	84	3	40	92	79	83	34	94	44	6	21	87	51	1	78	74	30	11	35	68	69	67	91	87	24	65	57	52	83	36	82	48	67	38	67	94	65	55	28	51	74	38	19	46	22	7	94	0	32	35	25	55	53	10	50	79	56	75	18	41	71	25	12	94	77	77	9	29	52	44	91	58	49	18	83	59	84	46	38	11	47	12	84	28	29	15	19	74	63	5	84	49	9	28	85
85	16	5	81	81	17	60	87	73	27	21	47	82	6	3	14	83	58	42	29	18	76	29	3	9	74	70	41	8	78	20	46	44	85	42	16	73	79	66	84	4	14	91	28	94	36	16	56	76	65	57	1	12	0	76	39	19	57	29	11	28	12	80	64	22	89	2	54	39	50	22	85	78	54	61	27	53	53	75	37	35	75	10	66	47	75	41	67	33	64	78	28	28	36	58	41	1	50	22	35
61	13	34	93	72	5	37	79	13	76	51	84	86	90	64	25	85	22	56	81	5	39	71	62	91	25	19	83	69	51	38	27	17	86	88	18	70	32	71	88	8	75	73	71	56	36	59	37	47	54	47	10	20	24	0	59	44	13	17	51	62	81	93	27	3	26	67	85	53	63	67	90	86	94	6	18	74	39	27	17	84	59	11	50	1	36	83	17	33	71	38	62	21	80	19	74	50	29	92	52
69	71	12	58	62	72	88	46	72	59	43	34	94	38	66	87	54	80	4	64	4	36	89	47	81	31	52	23	91	33	67	27	41	47	89	41	28	25	34	30	92	69	75	86	23	25	81	89	25	12	71	53	55	71	32	0	43	4	75	58	19	57	5	21	13	53	8	25	20	26	4	28	79	17	32	72	8	29	33	58	44	92	26	75	64	46	58	19	46	32	14	37	44	6	42	16	44	72	83	57
88	12	93	43	91	34	41	51	10	81	46	57	62	85	80	46	21	80	92	60	60	15	87	89	39	74	50	40	78	19	15	30	4	17	1	50	63	45	40	10	8	30	62	70	35	2	56	6	77	11	70	46	64	6	51	5	0	39	43	43	36	79	5	19	48	79	85	28	21	50	80	33	2	7	56	88	79	51	51	41	41	23	35	9	32	62	79	12	62	23	15	31	80	23	58	7	29	59	70	4
67	49	74	48	51	94	91	60	56	74	33	13	80	11	83	18	21	46	83	58	61	13	15	60	8	59	18	18	87	53	29	21	92	58	94	23	18	38	5	51	31	28	80	53	85	41	87	7	74	76	59	76	3	18	42	84	3	0	34	72	62	32	36	87	24	27	94	73	91	23	33	51	73	2	85	55	8	44	80	36	78	78	41	10	35	84	28	10	9	39	74	81	53	92	65	39	84	51	13	12
62	9	29	89	51	39	89	82	83	27	42	61	11	31	54	6	84	16	41	51	92	73	63	57	29	92	62	91	23	77	39	20	53	28	48	40	40	51	77	45	2	11	15	86	56	32	70	54	91	91	41	66	56	90	47	57	58	65	0	60	6	70	39	81	15	72	39	70	39	37	14	21	64	78	31	32	54	52	62	18	7	54	3	29	69	42	58	73	61	15	47	49	82	61	54	37	56	35	73	21
54	19	14	23	40	79	58	79	9	67	91	19	27	79	28	54	56	3	7	15	35	73	44	61	71	27	34	27	50	14	11	92	24	52	50	82	43	36	22	48	27	59	86	85	17	7	54	88	50	15	15	31	41	22	66	61	86	89	94	0	73	40	58	92	53	13	51	44	20	79	48	6	5	67	1	91	11	10	59	8	52	66	18	8	25	84	88	14	87	22	16	59	78	52	54	1	89	61	10	64
4	88	34	20	1	33	4	92	55	52	45	94	39	88	38	38	5	5	94	81	22	63	39	27	65	34	50	34	79	17	29	77	51	75	86	15	25	71	4	40	17	68	66	47	9	59	40	68	12	10	80	91	37	50	94	20	94	40	4	73	0	85	48	77	18	83	62	92	80	15	15	25	29	34	37	2	53	6	18	54	67	1	53	18	7	86	55	82	28	68	58	27	67	92	6	65	4	18	83	26
71	22	86	20	2	52	51	91	33	2	85	83	69	63	4	49	80	17	89	78	17	33	2	88	44	84	41	3	66	76	26	30	80	15	26	62	15	92	84	86	18	54	46	37	30	9	12	48	55	71	85	23	79	40	71	19	93	19	85	11	44	0	64	24	31	74	3	32	7	39	36	93	40	9	60	60	37	15	90	80	6	78	21	21	90	54	75	27	73	46	39	14	12	48	66	10	87	47	75	89
50	62	12	50	33	73	3	40	16	32	83	73	2	21	19	61	49	21	56	32	4	83	88	55	27	39	92	9	87	35	93	55	54	68	60	64	31	82	86	1	7	32	21	53	33	49	91	35	83	93	65	14	58	80	18	49	20	16	55	79	24	92	0	88	54	4	20	84	94	30	46	34	91	87	33	40	63	49	11	80	40	79	5	25	73	11	43	92	5	41	33	76	75	85	35	18	22	71	41	67
87	42	29	23	13	72	4	72	52	4	7	50	4	86	28	13	23	22	59	82	63	38	52	38	13	19	36	75	27	41	3	75	51	49	1	85	30	2	19	18	17	14	48	59	1	24	18	14	29	11	44	10	20	19	35	29	46	21	86	38	69	92	77	0	22	52	5	89	38	26	48	85	50	28	51	16	77	9	23	32	94	82	50	20	47	8	69	49	37	17	33	63	53	10	9	62	21	37	37	1
7	69	59	50	4	32	46	54	81	76	19	83	48	10	47	36	78	49	81	80	37	32	34	20	33	69	9	65	26	4	66	17	11	1	88	31	81	6	73	71	32	91	6	34	25	29	11	93	87	93	23	1	79	80	49	26	47	48	10	85	85	15	78	91	0	35	43	55	38	47	63	63	76	18	93	84	29	8	2	56	89	39	81	88	34	47	33	6	93	43	36	39	31	17	56	83	12	86	65	6
80	70	41	77	61	45	40	61	43	71	57	32	80	33	93	77	12	43	80	37	63	28	78	82	13	91	7	36	9	59	25	26	82	48	79	20	42	88	72	47	65	35	71	60	16	78	59	13	49	44	53	23	29	72	16	11	29	39	48	25	90	23	33	54	75	0	10	43	57	25	30	11	1	57	93	50	94	53	36	6	89	24	76	45	29	26	5	89	43	29	79	38	58	17	83	19	24	41	5	45
43	15	26	23	72	9	24	39	51	79	39	57	86	40	28	66	63	80	85	50	42	80	22	27	54	24	59	87	34	30	24	18	2	8	62	27	69	32	1	20	81	14	73	49	50	41	37	34	33	5	82	59	23	13	61	73	74	49	68	51	28	75	73	82	90	25	0	16	35	15	73	32	58	11	47	89	84	73	16	2	37	32	57	30	78	48	18	81	7	9	15	79	41	32	94	41	76	27	4	92
26	48	16	81	65	76	32	85	25	5	60	46	25	19	19	84	23	60	15	53	32	40	90	39	62	52	55	29	18	53	89	9	50	36	93	73	50	23	81	43	19	29	40	2	42	92	47	89	32	82	93	70	83	34	36	31	1	34	71	20	40	47	4	41	71	10	66	0	62	37	45	71	89	28	15	27	48	92	69	23	90	2	52	29	57	12	8	77	50	36	84	69	84	93	23	6	3	42	79	29
72	3	24	7	89	56	73	33	51	47	42	31	54	49	47	8	9	71	29	94	41	45	68	61	56	61	26	10	4	2	62	66	49	56	24	47	79	47	29	80	15	7	35	15	46	35	52	18	53	82	48	56	53	63	69	19	25	4	13	60	4	35	64	72	30	27	51	8	0	74	41	51	41	9	93	32	8	75	40	25	53	12	73	37	93	51	79	22	25	91	92	50	12	25	92	89	37	93	57	12
81	27	61	20	6	71	13	35	60	65	53	51	50	19	57	76	8	92	14	70	65	25	76	13	22	11	47	87	27	12	46	18	36	10	90	17	56	89	15	38	28	86	25	12	77	54	49	2	54	89	8	23	76	5	13	28	39	30	36	81	23	17	44	4	67	31	90	5	64	0	74	59	8	88	38	51	34	3	52	74	54	39	23	58	18	40	90	11	72	78	19	10	5	52	88	80	22	5	56	45
10	28	58	30	88	57	26	92	87	11	70	33	2	17	94	18	78	61	35	65	85	48	42	84	34	78	12	55	70	63	82	23	26	87	7	14	20	91	85	63	62	36	40	10	13	83	51	19	80	8	22	33	78	7	20	81	68	33	79	57	18	77	67	23	77	71	64	63	84	59	0	92	57	32	75	85	80	75	93	70	29	33	53	57	56	19	56	74	3	80	33	38	76	56	78	12	2	12	83	36
59	8	94	27	18	72	93	41	15	21	64	23	5	29	27	44	72	44	10	1	25	78	70	69	16	76	37	39	83	71	94	67	76	49	86	44	31	55	6	30	5	5	20	43	51	60	76	28	44	28	84	81	21	65	40	93	56	62	76	7	37	62	56	68	16	11	81	6	9	80	38	0	27	53	13	68	39	81	91	49	88	91	37	77	6	11	84	38	12	18	77	2	4	83	33	76	75	46	92	25
18	2	5	90	55	2	60	14	35	12	59	38	26	81	4	26	10	28	87	10	58	70	47	71	94	28	55	49	40	75	24	43	76	90	47	35	33	75	4	86	85	7	2	90	13	91	94	65	41	49	33	12	76	56	12	43	30	87	57	2	69	10	38	49	24	90	56	84	73	62	49	78	0	5	43	23	24	24	9	49	65	93	39	52	2	24	29	68	41	22	70	62	38	14	8	37	50	77	10	32
71	40	17	36	64	11	93	4	32	88	3	7	21	36	73	80	86	74	48	93	35	86	21	34	31	64	66	60	7	59	61	54	44	38	63	74	68	43	69	12	75	18	89	32	34	9	86	57	70	67	80	92	77	61	68	13	4	5	8	7	19	46	65	83	26	61	50	57	59	93	87	31	41	0	21	80	67	57	9	43	12	74	78	28	40	46	32	31	87	18	22	73	25	13	57	22	53	90	45	6
78	6	68	76	30	86	89	35	54	74	75	62	44	53	44	93	1	75	63	82	22	12	41	69	51	54	72	80	29	75	27	46	32	78	29	57	93	77	4	51	23	65	41	55	42	83	53	49	25	20	33	85	57	17	14	41	35	87	90	89	18	28	51	15	24	27	20	18	52	1	56	60	30	39	0	93	27	66	43	74	11	79	61	63	31	23	46	79	75	36	55	8	93	48	67	32	28	41	52	12
56	6	62	75	7	76	37	16	93	71	21	87	51	28	13	13	74	3	51	49	92	26	64	6	10	15	78	62	7	45	78	13	75	38	73	25	49	87	9	80	53	46	4	90	23	73	71	48	8	32	10	92	41	50	4	34	75	22	55	46	48	20	1	87	72	81	19	82	41	53	22	50	19	79	73	0	33	45	66	40	3	76	36	90	66	4	57	77	17	71	70	88	65	42	12	37	82	58	86	88
52	92	76	52	90	9	48	70	78	94	91	12	11	61	68	82	43	84	52	76	25	64	4	60	43	93	13	15	71	24	32	70	32	80	84	59	28	37	87	49	59	7	62	50	52	68	75	58	46	73	78	56	79	78	67	5	31	38	13	52	69	4	72	29	30	56	38	31	25	36	21	85	16	21	44	53	0	63	45	18	51	37	50	82	50	59	82	72	2	78	86	48	25	70	16	30	76	5	37	60
73	4	75	12	40	82	79	82	30	93	70	1	80	94	73	71	85	59	21	17	41	29	46	21	62	55	43	51	74	68	7	17	38	45	49	44	23	25	76	85	4	90	60	31	20	10	50	1	79	12	21	9	4	67	74	15	83	89	40	74	78	79	53	69	36	56	82	68	76	19	63	33	30	6	85	39	38	0	36	7	74	38	52	2	34	59	57	37	14	42	29	29	63	34	47	49	48	32	42	76
51	2	22	94	23	80	49	50	72	11	63	85	79	55	47	47	83	49	40	51	18	80	55	40	44	3	5	81	41	73	32	52	68	39	58	30	2	62	33	21	7	77	52	7	48	83	47	67	57	94	45	50	59	51	29	42	81	86	29	92	20	53	71	18	5	73	12	93	39	43	52	25	15	44	6	39	39	3	0	28	94	24	39	64	87	21	66	58	51	89	85	82	5	65	8	16	5	35	48	80
53	85	72	5	15	69	4	25	22	22	47	37	63	47	64	33	79	84	2	43	33	26	81	88	72	30	49	29	30	85	54	19	68	63	19	22	66	25	36	5	7	41	48	4	43	39	28	5	23	22	44	83	90	91	32	82	33	32	73	7	1	47	53	2	62	42	4	48	41	50	32	35	70	93	79	68	21	80	5	0	91	31	88	24	52	14	14	15	24	53	50	24	78	12	46	46	63	53	77	30
94	48	48	87	70	37	26	16	94	60	44	51	84	58	31	19	15	19	22	53	67	90	91	78	13	37	27	37	36	10	76	39	68	19	73	9	13	44	57	49	19	93	10	61	37	33	56	46	7	18	56	52	24	90	34	73	86	90	52	44	83	20	69	4	16	62	32	36	84	6	62	47	32	69	14	34	84	46	83	92	0	58	91	46	42	43	22	84	44	72	65	28	77	65	59	66	26	38	41	44
56	30	13	70	71	84	14	83	76	87	44	32	46	86	65	25	37	35	43	61	19	86	63	16	38	61	85	20	66	30	17	73	92	66	52	72	62	7	28	15	17	47	84	17	88	51	6	43	35	21	93	61	56	2	43	41	83	18	94	77	20	51	87	9	65	34	15	71	41	7	72	4	62	72	41	39	27	60	7	57	3	0	1	22	68	30	53	12	56	46	31	41	72	36	72	18	78	84	86	7
93	43	37	9	40	42	35	4	5	87	93	78	92	34	36	33	17	42	48	10	9	22	76	12	44	74	39	18	87	21	55	63	69	24	93	61	57	24	87	77	28	10	59	76	27	31	17	32	26	28	71	75	84	85	35	94	23	11	71	70	84	40	21	74	28	75	51	67	3	63	22	58	26	40	77	90	52	58	2	25	20	5	0	51	19	92	45	8	93	84	75	41	83	47	73	78	59	9	23	13
25	52	38	23	25	21	2	39	88	2	34	18	24	84	44	8	59	41	20	10	29	35	38	30	57	57	34	22	67	56	17	88	94	5	62	89	36	1	14	45	82	17	33	14	17	50	39	81	20	33	9	78	25	41	74	91	62	36	28	50	37	61	90	62	16	24	88	52	72	77	86	54	13	68	88	24	45	71	26	5	2	23	83	0	17	79	83	5	10	85	11	56	1	45	1	23	79	65	12	48
18	26	51	33	39	25	42	85	34	56	61	75	32	25	88	27	11	92	44	94	89	13	12	24	87	80	22	93	31	3	81	57	80	81	48	82	82	67	46	46	28	75	41	83	17	75	35	81	51	62	5	4	80	26	30	58	65	24	94	77	91	84	53	82	9	92	65	14	25	84	53	30	2	35	33	62	49	36	8	84	81	43	16	39	0	87	8	64	18	55	89	1	65	53	90	20	75	87	26	44
55	44	78	14	52	13	50	80	12	8	61	50	20	29	12	80	7	90	59	8	7	24	51	39	75	36	52	43	61	88	19	27	47	65	88	82	72	23	77	61	46	20	87	87	16	35	94	25	12	77	34	30	64	47	32	16	49	74	9	71	50	45	30	81	30	93	33	80	11	88	24	15	59	30	93	18	84	46	55	45	41	11	86	45	12	0	26	37	83	1	20	10	19	20	30	66	6	34	72	14
5	86	55	32	38	6	56	23	7	94	4	12	40	56	57	47	13	54	3	33	92	81	59	35	48	59	63	52	61	52	59	83	84	85	59	33	43	84	36	64	40	29	25	61	13	23	46	66	58	32	3	67	11	19	54	31	17	23	54	64	72	33	40	33	78	29	48	18	4	21	66	70	2	88	52	81	45	22	8	5	18	36	7	25	7	64	0	14	34	63	45	3	91	88	44	25	84	32	85	31
17	9	51	76	21	4	55	77	64	59	70	65	30	39	77	25	77	91	22	5	82	40	93	17	28	59	28	55	22	22	70	25	24	31	45	33	74	29	50	26	51	66	76	81	66	54	84	23	56	22	58	77	69	4	62	49	21	63	81	3	27	14	11	79	94	69	69	59	72	15	11	1	93	51	84	64	7	12	69	16	43	24	89	50	14	85	41	0	68	16	93	54	2	18	21	64	23	51	19	9
27	24	81	59	73	78	85	92	66	18	61	93	5	9	55	37	91	45	22	82	40	35	59	52	40	29	30	10	79	76	29	43	26	74	46	26	63	16	89	60	23	64	20	76	66	81	56	37	92	35	33	61	53	86	42	67	27	4	57	3	19	22	47	3	24	90	65	71	70	78	68	48	41	4	6	55	70	51	11	77	46	83	58	36	20	26	71	88	0	35	7	31	70	17	6	64	78	16	41	88
78	89	73	76	9	4	74	16	42	14	92	43	89	84	78	91	4	53	54	14	49	13	83	7	74	79	69	29	26	26	42	39	81	43	26	3	18	46	19	92	31	37	34	15	8	68	44	44	24	49	66	14	24	62	9	9	45	53	26	35	18	19	39	72	70	55	51	94	46	29	9	53	74	77	85	85	77	24	54	9	15	94	53	36	61	83	6	13	89	0	91	7	46	57	65	20	7	41	62	44
59	32	51	81	66	75	64	8	53	45	32	59	32	41	15	35	6	83	56	89	43	27	82	9	19	83	62	46	20	46	61	11	57	72	65	84	86	6	56	22	9	22	5	86	43	92	40	54	79	66	12	87	84	57	23	88	80	22	87	2	12	86	69	76	66	53	70	93	20	90	10	31	48	7	46	68	77	33	44	85	62	8	84	20	89	38	84	72	69	92	0	80	91	76	76	38	17	2	29	92
46	41	3	8	27	41	69	78	89	25	1	14	40	35	23	53	35	51	88	49	65	53	1	68	18	3	38	70	68	9	89	21	76	31	60	80	68	60	55	1	76	55	1	78	3	77	79	29	64	58	34	11	9	60	8	58	94	52	61	16	80	72	1	28	72	88	48	52	6	6	52	11	32	60	16	52	3	64	63	61	9	72	86	2	47	82	92	58	77	44	86	0	34	4	10	67	15	66	47	61
85	55	56	57	26	39	84	31	23	28	31	85	15	11	79	88	62	9	16	41	73	8	35	35	83	27	62	89	86	77	47	16	81	43	14	34	18	60	8	19	39	45	68	75	51	52	79	23	63	29	86	50	73	13	62	39	27	81	10	49	1	12	10	84	36	52	61	91	64	74	60	92	24	93	86	38	73	11	23	82	75	23	11	10	38	64	85	83	50	82	69	71	0	26	73	26	81	68	93	24
28	84	25	69	8	93	64	62	54	30	15	35	52	93	29	69	55	13	84	59	23	48	32	37	70	7	35	81	85	91	33	34	74	74	88	30	68	90	35	50	85	82	20	70	54	27	7	83	36	35	23	62	86	54	89	23	93	18	71	33	36	30	30	8	62	21	86	31	89	2	49	33	4	90	48	85	74	52	74	29	41	2	52	67	63	83	28	55	56	37	54	60	17	0	90	88	71	78	52	8
42	34	25	93	11	68	67	88	78	44	58	27	50	85	46	57	67	90	12	79	20	51	37	79	84	13	14	11	32	82	77	53	88	68	53	86	76	67	64	64	22	85	3	27	57	52	92	46	13	48	28	90	32	19	8	65	32	21	37	19	55	63	59	55	84	67	90	45	30	19	37	51	79	88	77	58	61	38	25	25	37	16	21	18	48	83	28	15	93	65	72	69	68	63	0	73	14	35	84	47
6	92	55	30	24	45	31	49	36	18	2	77	68	18	85	14	8	84	25	92	78	32	65	71	10	16	71	66	1	3	69	31	13	7	66	62	9	62	87	46	19	85	6	1	77	49	87	75	15	5	15	40	30	90	32	33	52	25	75	75	28	47	58	42	78	39	77	63	30	94	52	38	54	71	43	64	75	76	7	91	37	31	51	90	65	29	94	7	9	49	6	74	22	56	71	0	92	64	35	44
79	2	56	2	67	4	89	85	60	39	69	13	26	87	57	67	93	70	40	14	64	48	8	5	80	25	6	24	66	71	52	70	28	43	51	80	35	17	43	44	26	91	67	60	39	82	79	90	64	15	87	93	5	54	76	75	3	4	92	85	5	17	16	53	83	87	87	23	63	81	47	85	1	4	83	71	60	3	51	46	49	90	33	81	85	33	50	83	44	9	14	20	18	60	4	50	0	70	76	44
26	43	76	94	76	62	44	8	6	92	10	83	43	50	66	54	44	40	60	67	20	77	91	53	4	19	81	38	41	22	84	70	28	80	5	89	60	44	3	21	68	74	61	56	55	8	56	42	59	62	70	29	28	93	67	21	41	7	35	82	54	63	51	73	47	33	9	70	4	52	42	26	68	90	5	22	60	75	8	11	18	43	91	80	31	91	17	82	5	94	25	10	46	33	67	36	21	0	15	75
28	26	22	32	33	42	34	67	32	49	64	85	85	14	47	23	26	81	21	11	15	63	7	5	73	57	84	1	92	33	27	63	65	43	56	71	33	79	45	54	28	77	65	67	41	78	72	26	9	68	24	6	72	47	91	41	34	8	66	1	53	24	89	17	87	15	40	13	26	86	70	8	34	8	76	1	54	5	48	19	22	34	24	48	28	15	47	57	29	25	18	25	84	26	71	32	28	10	0	53
68	72	70	11	67	39	87	39	94	72	71	35	64	89	76	73	11	10	12	39	83	7	59	41	17	39	37	71	49	87	15	14	9	1	55	70	31	52	82	11	32	56	2	40	6	45	23	76	21	51	60	70	57	11	1	78	78	67	65	90	83	75	45	10	18	10	63	46	3	69	27	72	46	80	41	6	74	12	63	36	84	30	83	30	86	43	5	33	81	19	62	10	63	94	6	44	59	93	43	0
