A	B	C	D	E	F	G	H	I	J	K	L	M	N	O	P	Q	R	S	T	U	V	W	X	Y	Z	AA	AB	AC	AD	AE	AF	AG	AH	AI	AJ	AK	AL	AM	AN	AO	AP	AQ	AR	AS	AT	AU	AV	AW	AX	AY	AZ	BA	BB	BC	BD	BE	BF	BG	BH	BI	BJ	BK	BL	BM	BN	BO	BP	BQ	BR	BS	BT	BU	BV	BW	BX	BY	BZ	CA	CB	CC	CD	CE	CF	CG	CH	CI	CJ	CK	CL	CM	CN	CO	CP	CQ	CR	CS	CT	CU	CV
0	479	571	344	22	24	261	486	310	225	74	431	160	318	150	162	54	63	351	326	173	369	386	156	397	8	623	366	36	561	527	545	38	475	538	37	86	80	398	591	629	374	443	346	485	400	99	45	145	194	34	44	520	168	575	17	507	372	198	638	227	614	508	586	277	29	545	604	610	613	170	352	127	454	135	208	254	140	631	296	131	595	412	134	320	498	562	532	172	310	75	481	441	656	145	629	105	614	557	170
110	0	462	257	241	391	230	258	454	564	430	67	18	354	570	603	321	80	331	375	501	301	629	470	470	384	250	45	345	179	116	65	353	267	359	142	588	568	462	59	464	578	428	655	102	176	299	450	219	383	290	36	135	377	326	177	539	516	258	521	590	298	76	38	576	208	600	215	149	485	174	113	245	493	643	95	406	623	625	272	12	378	380	189	527	163	123	449	463	344	553	306	138	381	193	515	245	426	440	252
55	436	0	245	519	555	274	628	533	40	647	329	472	316	408	485	651	558	111	9	296	210	375	441	6	546	166	47	598	460	561	79	310	640	543	498	174	174	330	202	59	10	263	439	372	171	448	74	631	42	471	605	119	246	406	564	7	628	166	399	179	22	450	511	587	521	520	106	527	404	438	91	642	570	530	256	473	323	41	44	608	149	188	620	641	394	333	1	93	341	420	127	110	31	437	542	380	259	506	137
408	81	269	0	645	491	417	657	208	362	91	455	155	647	86	308	504	262	227	456	470	468	117	332	579	330	632	576	333	317	156	287	447	384	362	589	561	116	338	506	389	84	277	435	274	552	476	320	210	223	359	323	9	94	455	525	612	159	98	371	108	308	62	218	273	518	624	601	231	169	77	255	353	126	372	398	342	350	366	19	19	585	510	510	288	236	365	419	277	180	581	594	632	462	409	238	612	379	132	556
44	626	562	348	0	514	86	265	25	111	595	567	25	384	616	417	101	205	150	511	22	260	235	101	211	200	441	601	208	516	482	91	161	652	574	74	136	273	295	270	325	456	614	195	606	589	336	548	477	36	532	404	566	385	14	399	149	424	38	216	253	338	163	453	27	67	222	499	411	343	440	49	236	269	554	653	143	493	310	63	199	583	636	646	217	252	22	252	116	611	195	100	420	82	125	456	305	42	199	469
177	145	16	596	611	0	113	470	558	1	401	252	343	144	487	511	252	546	144	522	39	28	269	115	352	540	513	331	51	269	478	258	448	349	549	407	55	495	603	166	571	276	24	278	79	531	249	519	357	473	640	309	437	303	305	60	24	543	268	626	292	147	519	479	587	368	518	268	28	111	214	13	323	50	457	189	171	178	56	263	99	116	573	488	315	655	240	611	350	458	471	432	280	121	190	430	434	525	189	151
474	51	224	241	245	500	0	358	651	431	599	563	527	21	142	220	28	101	315	34	119	428	319	407	456	542	585	492	12	403	367	147	90	504	11	96	199	519	624	117	517	633	226	557	224	508	70	602	151	62	25	316	656	401	522	14	507	4	472	518	24	439	32	575	469	477	74	585	445	490	463	436	19	46	184	301	589	391	262	307	595	227	43	575	329	170	589	624	528	515	555	572	357	619	297	124	527	414	527	541
644	271	15	483	252	332	415	0	244	592	459	494	70	77	157	179	491	183	108	360	347	537	435	406	188	40	76	227	502	623	641	88	289	601	367	457	176	225	200	519	293	96	109	560	581	339	76	27	106	297	201	505	276	153	135	593	433	405	383	440	595	130	479	127	126	355	477	469	377	164	289	549	256	609	391	72	35	183	5	44	156	289	216	102	298	114	521	56	630	123	374	419	320	172	212	333	337	551	201	499
109	240	390	631	401	131	337	318	0	212	218	307	156	83	437	356	508	649	263	439	388	300	487	190	26	569	520	528	307	307	135	136	580	187	540	296	69	178	229	103	77	34	607	90	418	54	363	138	557	210	514	508	158	211	504	114	213	619	517	170	36	155	307	294	52	46	407	210	313	61	156	350	213	90	519	299	459	517	114	47	331	356	93	491	338	231	236	532	252	186	109	135	265	152	356	640	310	378	194	564
76	146	225	539	434	185	420	614	335	0	402	136	452	1	268	547	196	597	326	366	494	39	553	289	271	38	159	306	148	45	484	124	305	68	290	158	217	254	443	641	84	410	282	36	436	82	269	594	305	98	492	575	295	119	47	369	169	504	181	467	347	191	518	265	172	38	75	277	4	388	105	180	322	348	41	309	113	302	110	406	35	119	43	196	190	626	72	532	177	403	480	21	600	381	516	139	598	192	153	284
490	342	566	347	111	187	258	413	435	111	0	312	258	124	644	125	595	398	478	468	572	68	159	552	179	172	544	603	140	360	481	540	206	54	254	330	623	358	326	560	7	277	265	184	362	408	30	38	570	641	416	545	411	621	144	357	596	464	279	158	60	450	408	355	562	568	428	161	588	464	20	167	142	204	580	7	379	480	224	238	320	205	470	501	162	230	128	600	212	249	95	233	581	101	333	144	532	625	127	249
613	182	75	156	623	161	631	494	304	477	57	0	15	382	397	189	441	84	343	247	280	641	340	109	617	23	621	399	42	653	371	597	482	247	534	386	103	7	44	320	10	108	327	531	310	545	284	95	46	237	251	452	509	478	97	80	573	97	179	471	23	618	125	336	354	2	482	580	79	404	270	425	87	88	362	180	249	518	77	517	330	412	629	443	630	569	461	657	531	402	181	398	551	71	609	619	276	288	340	230
557	580	423	336	417	393	168	189	592	479	212	444	0	69	102	554	549	454	385	211	523	491	101	571	313	577	245	421	177	68	296	504	237	64	400	31	379	397	632	229	304	426	41	552	161	267	373	212	310	654	136	263	363	405	292	1	126	29	230	429	437	136	290	656	370	546	622	441	308	4	351	140	544	186	79	140	316	652	653	71	392	120	419	630	59	3	236	78	591	446	622	76	161	317	547	491	375	566	82	571
451	247	312	328	494	159	152	339	209	273	133	146	19	0	247	260	493	65	53	14	41	373	613	389	568	15	209	410	406	399	416	278	540	606	626	98	514	416	632	197	530	450	428	413	568	607	113	207	65	298	543	115	174	158	337	451	19	437	220	437	350	361	581	643	348	494	536	502	179	99	547	655	250	491	108	404	63	131	193	447	401	159	233	581	408	152	627	209	316	652	183	295	413	489	441	209	16	530	76	454
249	592	301	29	649	532	132	307	213	53	7	554	625	349	0	353	284	332	315	590	190	285	25	103	65	376	227	125	443	96	560	136	81	210	129	391	545	190	243	634	593	282	492	580	141	374	247	568	34	487	614	115	613	426	447	8	33	523	453	106	572	543	583	423	101	404	227	522	269	136	456	363	487	537	590	130	651	654	399	342	489	172	135	508	372	408	142	145	178	117	317	398	124	407	170	581	26	232	5	560
559	284	147	164	241	277	131	558	54	124	45	458	16	561	236	0	324	448	345	351	605	270	175	252	484	166	373	74	470	461	176	95	544	581	58	253	554	125	624	365	484	383	64	263	21	621	466	505	322	466	187	183	457	512	54	512	405	529	515	25	61	344	152	646	163	366	636	114	158	500	620	440	256	635	575	161	387	20	464	322	548	228	97	579	626	6	296	544	289	213	274	463	64	329	317	182	173	148	16	261
484	11	571	518	639	539	38	433	613	278	144	437	244	585	153	81	0	239	400	396	523	71	444	15	19	448	230	11	264	62	54	124	560	284	571	583	343	593	59	342	227	214	583	252	117	545	461	400	212	494	576	380	32	475	40	42	381	331	170	264	368	617	338	83	374	392	630	330	192	510	27	602	615	513	144	222	528	564	514	212	218	282	355	60	10	196	107	297	241	598	255	143	82	402	461	485	126	208	94	550
96	387	95	309	320	389	616	282	427	75	618	387	501	273	476	215	595	0	160	527	495	644	276	509	333	88	24	95	447	362	332	400	151	297	589	572	452	380	229	487	118	257	311	546	167	294	415	140	482	399	458	557	598	541	341	609	72	291	649	584	423	465	467	134	468	189	614	385	48	285	254	333	614	426	115	354	322	522	571	459	386	627	295	134	649	349	272	371	93	315	44	14	468	499	507	130	306	532	423	471
63	650	317	601	576	41	330	73	331	152	625	540	526	105	148	53	292	489	0	402	370	240	146	176	57	511	223	384	1	444	20	102	508	265	339	280	229	283	17	166	637	140	609	186	75	642	114	322	483	15	343	269	383	484	164	409	101	5	284	414	298	536	424	510	302	597	510	518	499	308	198	163	22	470	395	419	202	80	386	441	67	1	632	505	504	264	495	230	358	520	331	214	303	618	274	526	478	65	620	24
353	14	221	582	223	149	429	215	565	489	492	131	318	548	134	305	256	237	499	0	209	459	410	215	498	381	471	64	605	199	91	636	178	485	627	639	304	289	638	344	539	562	95	426	281	335	90	199	303	407	283	103	50	640	184	33	185	288	99	608	159	113	515	264	516	23	166	75	169	350	419	586	361	80	298	145	288	89	30	182	138	546	155	468	517	301	342	640	154	501	156	133	612	576	277	562	253	438	598	290
187	468	97	418	82	250	410	331	552	520	547	512	215	175	630	188	344	22	142	294	0	127	119	260	60	54	360	237	48	452	29	21	148	560	197	53	367	205	115	400	241	4	251	264	246	51	540	439	377	140	361	525	114	549	526	85	213	3	546	91	214	442	77	615	486	610	66	68	421	538	487	502	275	255	270	594	41	560	207	341	40	473	455	41	335	34	8	533	543	465	17	38	40	303	23	523	564	121	477	298
612	33	218	488	316	306	152	569	263	167	211	126	540	305	429	58	44	197	653	81	630	0	8	57	650	68	407	263	460	467	186	327	509	285	340	229	628	406	638	542	621	350	74	639	439	243	323	347	190	394	551	521	92	364	313	239	427	262	625	1	311	622	244	195	120	560	634	348	80	632	554	618	221	415	547	264	441	535	269	186	136	295	565	422	117	48	548	195	436	210	269	14	182	374	495	6	553	507	445	240
175	294	223	542	278	106	250	244	421	127	459	276	592	144	312	390	100	154	424	618	617	312	0	165	319	408	155	623	565	531	243	229	370	423	648	79	429	98	30	49	205	457	134	8	580	45	362	573	363	379	235	603	257	468	423	210	317	525	464	656	406	219	29	580	330	135	43	158	508	384	44	143	503	594	629	115	160	643	137	84	543	97	186	148	490	651	562	52	335	622	152	578	567	496	260	72	534	299	102	519
324	375	172	25	61	342	41	364	468	524	368	282	404	599	554	34	61	449	302	78	405	575	67	0	130	551	502	72	420	111	311	328	469	478	135	619	655	606	444	124	634	479	60	341	450	190	246	210	286	192	541	545	158	489	311	311	333	331	589	62	235	415	231	115	29	393	482	580	455	26	382	431	447	529	197	559	127	15	588	229	597	550	587	638	146	255	413	362	218	532	221	566	416	148	561	158	536	591	238	432
578	171	339	315	453	297	10	339	377	277	258	552	247	164	354	136	423	17	115	510	24	312	337	543	0	166	492	269	47	55	274	253	406	475	551	471	49	80	7	323	220	569	3	324	392	478	93	566	223	552	257	112	540	478	7	490	120	348	100	499	437	37	511	102	524	540	652	567	146	182	574	285	328	649	286	407	251	13	25	564	61	608	577	189	561	188	49	21	32	68	331	84	424	557	312	465	639	456	92	530
655	644	589	528	509	139	59	401	465	613	471	174	627	445	185	255	223	42	484	542	80	332	535	125	105	0	417	504	111	227	525	541	322	615	126	375	331	45	376	468	182	288	328	36	371	418	275	572	109	17	125	330	318	590	245	632	73	607	520	561	81	605	118	104	166	448	150	337	564	500	593	654	287	424	33	175	123	99	419	130	536	29	552	408	255	584	566	594	628	11	245	302	391	209	195	260	386	524	450	545
427	346	614	443	286	611	30	324	530	11	67	453	49	373	247	301	507	632	130	460	370	321	82	455	648	141	0	477	125	281	436	594	299	288	304	183	396	432	445	617	11	408	67	583	394	575	205	135	1	57	255	77	537	66	274	335	395	343	202	147	254	127	179	86	51	342	248	458	170	395	653	46	529	108	628	233	123	288	378	491	526	68	405	652	566	413	371	590	89	92	297	480	536	417	353	81	234	463	505	214
643	49	364	69	322	536	502	334	564	107	563	499	125	191	61	213	125	372	108	359	359	296	470	286	275	332	429	0	565	427	91	639	134	27	80	223	101	157	26	603	138	521	372	372	159	139	341	148	141	128	92	58	428	157	34	513	246	211	85	481	116	612	42	54	278	336	611	390	7	137	241	438	48	532	370	55	483	517	643	247	155	111	482	468	626	79	180	209	277	421	275	132	258	194	302	23	39	67	544	535
578	152	653	618	172	506	536	464	226	522	347	612	170	559	27	408	441	435	266	605	655	213	358	67	448	18	30	259	0	90	67	275	411	308	322	178	532	245	268	1	404	588	387	110	451	507	133	448	401	1	466	116	633	266	455	135	629	89	204	598	649	245	84	515	172	588	60	310	402	485	499	200	214	506	128	575	385	504	364	103	362	116	325	47	239	468	384	571	264	133	521	364	19	255	656	86	303	640	271	22
641	590	327	575	478	98	11	565	630	475	382	108	583	554	332	572	521	644	595	277	445	370	630	116	583	19	36	445	121	0	218	476	618	370	643	277	378	302	247	228	596	279	477	54	15	585	172	171	615	319	577	49	434	492	623	241	650	239	569	30	642	503	91	487	498	498	274	539	373	118	230	406	13	167	170	74	455	293	380	126	121	205	535	32	529	234	560	93	578	400	275	433	372	413	530	483	648	483	279	418
471	245	266	534	306	650	216	230	107	106	314	639	474	444	157	18	58	130	107	580	337	296	485	289	516	429	185	579	511	3	0	45	387	468	217	56	383	433	119	372	483	499	402	394	329	452	24	490	306	382	113	443	251	84	335	394	609	133	10	445	603	403	84	447	359	54	260	380	632	147	345	196	288	606	11	276	551	88	229	592	484	466	453	607	414	271	537	325	574	343	154	422	331	79	2	630	529	525	117	283
372	599	645	620	446	401	318	413	547	583	504	562	471	380	445	355	533	656	418	589	416	236	619	227	40	533	392	107	155	179	568	0	618	487	289	137	567	329	244	66	451	278	241	27	204	410	495	625	374	555	259	75	414	65	53	491	64	111	265	381	203	273	359	411	292	531	500	229	62	134	240	411	452	585	208	99	238	305	233	57	54	307	432	65	149	225	356	48	426	200	113	379	455	366	406	415	93	234	86	537
164	157	617	162	456	391	127	249	562	461	74	415	390	77	139	411	593	155	413	347	83	251	632	204	125	152	76	150	187	599	602	282	0	511	406	657	370	558	225	259	129	273	399	353	291	562	180	530	487	537	181	196	600	617	146	471	58	626	193	91	613	58	24	12	129	468	403	343	104	459	228	307	417	18	447	180	115	81	236	314	79	544	176	87	296	355	268	566	207	124	264	157	87	252	163	646	150	474	29	91
181	624	199	629	230	368	445	112	337	299	364	620	492	540	292	45	449	258	637	429	443	366	266	505	512	8	497	355	141	364	413	492	21	0	561	76	248	56	615	110	285	49	476	601	219	242	419	361	315	512	201	369	145	274	240	497	284	599	299	272	170	570	128	36	514	48	578	641	107	385	38	3	518	638	628	82	635	102	146	579	88	646	172	178	111	125	27	255	6	638	529	18	274	30	167	107	78	73	264	598
292	509	439	543	115	506	478	654	215	167	470	252	113	399	145	586	194	560	276	364	383	174	379	2	244	546	516	475	490	435	47	369	377	162	0	98	297	181	274	623	32	85	564	59	395	57	599	91	349	2	189	433	590	475	182	392	73	362	216	109	68	302	209	443	11	643	32	547	574	467	352	530	145	602	182	155	554	147	642	345	601	31	509	562	459	305	540	577	477	92	339	154	85	614	618	437	584	389	1	419
481	66	578	20	306	545	67	213	109	482	235	615	597	200	276	473	523	50	652	22	173	568	188	278	530	552	193	624	442	192	495	103	55	572	479	0	209	336	189	315	266	560	8	522	312	483	442	53	450	32	56	458	483	584	273	40	140	109	379	574	426	651	623	401	313	250	167	308	404	497	537	632	368	70	655	157	185	629	524	389	296	61	31	483	105	410	420	258	70	405	114	38	2	248	270	178	238	439	585	520
536	40	196	577	294	248	521	217	600	337	360	84	631	537	263	425	67	383	307	403	452	583	9	381	582	361	79	180	220	541	288	531	627	184	544	203	0	372	94	119	89	386	482	300	69	511	117	594	438	457	568	584	464	553	524	172	15	562	525	37	378	1	640	379	187	204	566	134	172	550	391	485	545	6	193	602	253	526	539	157	1	390	505	490	632	289	278	89	506	488	589	378	60	168	170	129	295	508	48	377
355	425	549	486	556	589	498	419	592	488	25	572	348	154	77	124	135	573	426	478	4	595	117	72	1	153	35	530	599	268	549	353	543	206	274	204	213	0	437	385	448	84	490	629	294	623	23	562	123	98	267	60	49	17	203	262	258	216	504	265	495	232	487	321	267	358	114	277	638	479	125	194	431	410	359	15	317	22	90	400	148	479	261	612	647	133	119	247	308	145	423	643	295	42	603	8	130	48	438	91
431	204	372	277	558	545	274	211	651	154	303	102	403	119	133	139	439	328	16	121	555	547	140	260	367	156	341	303	318	563	128	159	96	18	547	213	357	350	0	207	427	244	354	61	301	140	546	247	39	296	376	357	655	243	593	200	31	169	626	153	526	186	403	82	481	10	401	209	288	272	232	143	240	206	115	259	517	470	114	288	364	328	249	79	440	88	277	434	105	354	111	136	559	524	335	633	376	371	30	638
565	494	342	632	383	434	308	299	138	468	645	178	270	188	531	358	228	342	634	560	303	482	630	417	175	509	424	507	468	470	199	380	45	308	546	359	296	492	397	0	479	70	111	270	511	526	408	259	493	425	147	338	249	13	435	68	548	396	31	221	513	588	293	78	605	28	248	235	598	463	85	354	332	381	390	75	513	478	476	202	110	5	269	467	274	311	552	532	271	129	32	48	279	447	169	87	290	357	197	484
271	413	233	109	520	189	48	62	62	598	268	384	364	203	613	586	80	621	492	514	467	63	111	23	11	524	535	578	392	552	247	552	281	524	97	228	257	40	386	217	0	318	127	4	425	134	330	392	87	162	469	302	347	604	13	113	297	127	557	35	69	438	476	234	393	4	60	262	480	188	555	372	146	358	296	425	64	397	364	588	196	585	152	610	503	444	454	444	71	129	25	614	372	240	364	335	637	339	244	95
479	163	65	520	566	606	303	301	649	70	239	468	642	181	578	483	416	170	305	47	336	394	426	584	164	450	502	395	601	108	382	209	100	440	10	5	116	208	482	25	28	0	633	389	645	357	190	182	302	528	264	32	424	363	452	36	532	173	650	29	447	517	319	548	309	30	115	535	624	138	277	193	295	280	136	518	141	339	409	340	562	433	174	550	447	316	645	109	307	635	426	487	464	168	430	145	432	197	92	466
514	587	348	205	248	268	152	459	94	312	468	391	60	265	420	203	152	275	594	180	518	351	615	381	140	143	7	466	310	92	32	557	187	91	411	356	222	89	105	318	99	355	0	231	20	97	308	300	652	33	154	258	310	648	387	156	121	224	26	270	122	399	167	455	355	325	388	242	644	189	415	597	641	640	505	636	561	639	336	138	367	335	129	329	630	260	366	109	455	617	297	317	458	469	227	359	582	274	625	466
529	9	247	465	379	16	168	495	124	648	604	377	628	18	247	109	389	488	554	187	153	25	32	482	92	376	374	36	22	634	602	415	71	199	641	73	53	103	197	225	405	314	102	0	280	19	610	266	495	254	377	114	629	432	130	606	521	14	446	629	530	396	562	322	214	188	128	341	409	224	592	18	460	361	171	111	36	579	589	513	116	547	451	16	142	427	471	439	140	243	271	636	544	43	478	631	316	650	519	264
370	233	652	64	585	460	614	646	581	389	315	348	318	177	242	36	572	524	651	480	560	565	187	315	11	264	618	648	375	235	542	192	524	358	449	260	19	397	270	426	595	585	197	69	0	582	35	300	254	432	143	257	291	605	118	599	245	205	354	393	315	132	474	20	504	561	63	482	554	220	274	428	80	340	321	18	161	272	93	565	472	251	16	220	276	490	141	111	336	657	179	451	201	322	581	554	502	77	269	127
50	341	170	278	99	640	211	194	44	15	74	588	298	539	202	482	293	432	124	375	209	525	484	187	372	247	423	570	289	171	244	634	557	46	205	601	321	651	627	334	293	7	463	106	66	0	308	380	355	54	368	42	484	238	595	480	272	633	553	25	213	432	626	272	349	41	533	294	575	518	239	321	584	446	182	656	132	356	493	132	655	605	581	82	316	485	463	385	416	17	536	248	271	315	289	173	629	224	462	75
185	576	198	217	653	409	173	414	244	394	543	588	442	51	146	513	4	53	562	62	550	264	390	103	536	557	467	228	630	533	223	565	58	651	91	280	110	236	541	598	103	35	198	179	617	561	0	615	498	172	460	69	592	337	487	468	372	651	361	648	231	430	520	42	373	409	168	413	282	551	192	378	230	340	390	653	27	165	507	247	622	239	496	627	214	160	232	496	336	653	597	421	54	598	74	574	160	443	523	630
565	552	74	585	507	614	421	183	277	472	162	66	146	401	464	132	93	310	37	446	17	504	495	452	539	323	20	638	81	483	204	415	222	272	310	456	633	35	225	355	545	101	449	457	159	476	227	0	48	304	170	318	151	27	367	158	299	123	266	172	608	32	532	442	417	244	644	324	600	134	134	185	213	456	397	411	313	261	6	322	6	445	180	598	71	528	267	394	83	238	436	30	402	418	285	538	193	341	599	237
250	282	347	264	117	637	17	453	404	442	223	311	496	12	82	369	616	604	102	355	549	46	105	281	38	375	73	3	199	192	275	37	456	146	591	416	360	56	589	207	131	416	516	166	159	41	212	99	0	294	105	336	209	494	286	46	558	193	497	88	431	100	432	46	323	470	101	487	527	585	212	192	543	76	559	557	179	343	442	275	119	319	423	613	111	279	524	217	95	460	79	108	272	560	214	319	524	481	596	90
220	64	341	487	317	468	102	623	140	269	430	336	351	331	523	51	607	25	234	455	225	62	518	573	625	347	425	296	411	24	199	520	635	39	151	629	314	583	34	202	431	32	454	639	507	250	406	371	13	0	294	139	35	40	635	285	137	394	41	475	344	390	603	402	617	411	369	290	434	599	501	130	298	418	626	326	35	639	589	154	435	430	127	409	50	198	452	81	529	50	389	335	10	16	352	462	348	64	214	473
557	410	431	402	149	39	281	628	372	84	191	69	23	403	447	187	360	457	467	549	224	149	527	640	397	303	630	469	200	483	458	582	601	607	88	651	395	330	5	220	203	483	94	396	297	626	78	222	556	378	0	75	46	363	652	231	624	127	307	150	445	258	185	508	650	415	153	554	656	184	46	459	50	172	360	353	562	210	591	433	29	557	48	19	533	196	282	241	354	602	542	655	383	213	39	593	627	431	637	70
395	531	265	128	254	473	570	393	650	265	283	541	317	192	400	367	422	640	616	431	276	40	289	251	391	8	459	220	58	239	151	501	433	419	399	509	362	445	241	247	356	354	653	358	481	401	606	332	405	516	655	0	266	545	161	372	291	366	81	475	312	314	34	319	606	78	260	559	135	484	438	318	338	363	405	143	33	86	408	535	294	342	593	267	640	155	297	402	320	49	32	39	496	303	619	309	89	312	432	487
473	374	212	89	189	485	492	460	582	504	271	99	377	631	536	232	406	183	190	217	503	493	199	417	386	186	333	94	328	485	443	177	219	405	344	655	412	247	196	22	456	341	466	332	256	528	232	529	524	142	622	110	0	436	620	182	342	648	649	644	294	352	444	17	143	12	403	41	490	514	281	55	380	115	334	476	201	383	55	575	551	282	409	290	429	164	250	99	368	74	172	98	397	627	302	144	153	91	98	22
593	215	95	188	576	135	448	185	263	405	76	208	241	503	26	441	632	192	459	494	427	202	422	452	648	26	71	608	396	164	523	330	295	281	476	317	463	481	433	173	644	274	621	70	621	158	218	244	534	13	458	314	259	0	144	227	368	41	73	275	238	582	515	99	374	184	130	214	195	500	137	280	538	445	490	558	137	69	394	238	203	152	150	39	32	575	382	227	218	392	148	347	288	574	602	285	104	609	423	369
565	13	38	637	646	386	120	5	461	288	612	308	500	191	489	117	356	437	375	218	485	401	57	492	385	277	606	558	562	79	550	563	374	444	563	358	503	649	378	244	51	109	580	96	169	640	302	607	266	131	309	291	636	525	0	464	346	2	56	398	47	123	540	185	374	376	624	30	626	34	576	351	420	9	116	305	397	34	581	265	530	43	621	650	464	253	480	491	392	484	342	45	119	637	132	410	106	339	648	225
422	215	473	499	543	525	88	531	68	61	639	262	511	328	74	516	96	367	115	606	436	106	564	209	642	42	108	387	594	317	587	449	491	365	201	121	58	354	571	607	178	583	98	549	582	250	299	452	58	92	654	621	246	233	451	0	224	140	181	575	266	550	275	297	546	346	264	435	439	33	413	487	494	126	244	414	545	591	201	452	411	125	618	323	528	100	543	135	374	243	630	241	342	384	462	154	459	58	40	52
562	608	275	537	431	309	197	375	255	168	16	180	445	78	400	328	72	215	340	152	120	11	67	342	254	64	77	107	151	414	458	306	554	651	259	421	582	345	638	252	100	460	352	533	426	135	526	158	215	628	105	633	451	292	430	198	0	192	622	226	103	614	17	418	47	175	109	6	537	405	129	568	284	567	628	567	195	224	335	157	495	45	35	235	139	225	408	314	95	362	326	50	467	612	458	153	489	238	511	514
131	81	321	154	168	340	421	71	620	598	139	440	249	480	251	145	315	631	484	321	70	100	188	2	272	594	379	414	136	471	377	3	23	374	222	106	234	27	160	249	298	604	370	309	67	447	184	520	244	180	86	83	155	628	330	164	19	0	447	33	316	495	250	599	273	452	491	567	548	11	271	174	291	241	648	2	365	142	271	141	344	91	16	98	337	13	216	464	355	316	82	619	44	82	562	207	40	484	584	357
96	137	178	83	5	547	278	12	132	64	206	211	22	128	256	458	73	569	11	170	530	657	410	361	275	429	43	575	474	6	334	246	367	148	151	294	481	585	367	42	137	561	276	326	190	463	484	623	585	280	74	16	235	329	171	638	374	158	0	618	410	292	139	229	282	646	328	218	162	17	476	526	163	485	253	336	238	146	100	527	409	530	608	655	115	59	283	19	11	116	417	22	421	56	534	92	421	592	600	469
335	4	280	29	329	364	541	449	545	444	267	301	543	152	92	48	348	346	410	237	369	324	471	140	601	17	450	292	371	126	94	512	38	120	609	107	363	77	171	176	304	617	478	195	287	27	106	150	248	6	286	165	463	213	642	625	225	437	415	0	106	201	495	572	304	248	501	440	553	550	21	57	18	25	418	240	38	646	490	444	291	376	469	553	297	25	475	357	52	452	315	152	19	201	297	11	34	538	240	302
235	238	461	17	579	38	317	553	586	638	639	483	475	325	307	333	489	399	231	647	339	224	212	314	536	476	71	389	139	140	638	395	37	176	271	162	433	576	636	214	579	112	277	144	279	143	90	232	326	605	59	243	511	36	476	428	618	73	537	352	0	393	10	615	643	196	183	595	99	616	657	245	249	554	106	535	543	310	321	222	406	563	298	134	97	561	462	161	381	384	237	534	206	474	52	70	243	529	562	450
469	177	400	266	582	346	279	327	240	425	619	457	173	196	117	226	498	440	513	561	285	61	464	163	175	250	498	100	219	550	115	139	643	246	618	306	57	428	318	184	527	547	407	321	164	285	488	455	250	38	581	175	363	606	530	374	69	162	421	438	27	0	486	128	531	406	572	593	71	620	134	316	46	366	465	178	631	226	618	305	12	64	20	362	382	430	82	145	195	220	428	217	612	258	94	228	256	10	89	93
12	89	61	510	39	271	247	282	58	79	454	460	137	566	267	295	549	652	240	275	43	187	307	197	116	457	42	436	581	115	230	113	210	170	379	483	269	299	257	270	614	463	41	509	503	594	224	376	546	444	603	14	179	12	458	509	2	265	291	591	13	330	0	21	181	488	231	125	247	341	476	272	396	382	557	241	302	259	360	409	453	549	399	135	536	510	98	445	414	358	152	557	14	358	409	616	88	254	166	192
628	374	625	88	57	173	386	330	554	523	1	363	129	549	469	560	358	150	494	93	161	177	407	338	175	64	467	170	398	118	267	462	288	586	485	23	193	220	237	20	318	30	641	651	484	273	516	337	511	427	600	265	79	200	292	87	617	297	460	311	412	121	547	0	651	93	413	70	50	350	492	588	182	341	245	48	30	561	303	154	269	405	38	398	406	270	608	485	67	432	34	3	53	301	417	31	424	481	215	552
344	366	355	155	156	159	461	133	220	204	464	486	378	234	92	460	449	437	317	523	133	564	50	442	60	160	190	348	411	424	37	144	354	111	238	131	509	268	150	9	514	90	23	482	281	479	223	401	165	50	293	259	322	493	20	17	101	582	101	636	432	405	452	7	0	639	16	448	328	305	248	375	156	492	435	501	459	625	261	572	191	242	646	423	330	149	55	71	117	312	565	307	487	493	120	530	434	420	318	614
288	574	427	128	323	38	463	349	4	410	227	313	308	506	49	224	211	400	224	88	641	228	479	489	75	69	530	570	416	56	73	281	162	160	520	75	225	434	517	247	614	632	634	344	130	368	423	259	182	112	224	210	375	355	73	249	406	503	500	447	39	397	515	115	515	0	261	595	318	337	18	61	417	119	490	143	292	59	157	565	43	12	506	203	179	351	571	167	602	120	83	174	342	575	241	455	548	66	440	57
438	243	105	67	640	114	179	601	231	162	158	564	277	491	463	638	17	418	361	518	168	164	57	196	349	47	409	454	167	368	179	349	527	406	462	162	375	537	308	479	190	179	250	513	240	469	377	127	135	606	416	557	340	501	597	121	429	391	364	150	534	584	276	455	3	208	0	248	68	401	318	242	437	336	437	637	27	480	562	182	599	500	444	97	30	283	115	353	494	323	206	557	259	183	10	540	573	80	227	467
393	19	469	345	429	361	434	65	50	638	412	599	345	643	438	625	94	379	557	641	333	432	411	227	586	35	215	417	198	248	526	2	59	532	472	159	43	523	145	573	153	303	309	411	610	110	646	386	431	281	375	132	592	286	172	363	530	330	30	252	464	321	604	329	630	447	93	0	623	274	332	75	465	117	294	542	67	395	82	189	86	492	556	467	479	534	585	467	9	271	203	54	382	393	236	575	443	395	140	199
473	419	400	12	230	488	437	327	217	98	191	571	7	234	118	24	391	21	567	407	326	346	456	123	418	118	465	491	30	142	552	594	130	491	370	607	567	614	223	385	207	355	573	248	296	353	216	625	532	492	456	493	335	372	528	7	542	103	235	519	340	456	378	118	391	477	399	252	0	597	625	369	523	110	318	603	151	653	346	515	442	338	453	453	348	554	432	162	350	214	238	635	648	323	514	77	272	359	247	162
269	387	14	410	288	36	617	496	514	154	292	614	602	197	98	52	455	44	101	430	60	69	394	535	272	191	507	141	642	614	654	142	116	503	601	594	644	541	85	525	369	366	121	629	494	649	637	583	196	486	270	509	282	555	252	198	512	145	205	226	548	295	396	167	465	565	425	399	610	0	19	49	17	611	195	275	541	275	486	654	95	369	349	189	372	346	242	378	39	3	475	306	520	195	261	255	26	466	286	223
420	263	611	79	440	574	352	414	16	80	410	422	225	38	455	395	609	448	1	135	283	254	589	128	615	645	303	326	515	369	248	289	555	398	518	195	161	33	262	521	12	564	395	283	525	294	303	399	524	657	37	486	627	516	277	39	193	501	435	281	58	216	433	508	313	480	503	576	38	272	0	104	176	70	367	599	48	557	559	415	612	48	179	525	385	372	126	77	365	301	337	612	323	391	481	644	403	327	365	247
103	51	569	239	121	101	546	172	305	381	435	324	501	253	418	42	619	148	451	450	359	51	435	36	218	648	400	167	580	224	568	226	432	313	398	534	442	117	602	563	628	110	230	226	446	366	421	51	476	484	125	204	30	220	154	396	639	571	105	487	175	69	6	278	541	244	150	313	632	288	132	0	230	436	608	525	427	1	547	23	196	352	631	4	7	60	576	226	225	396	8	612	352	17	624	235	81	211	541	279
115	361	51	502	248	605	266	506	218	232	129	367	487	495	612	563	294	637	561	566	347	156	339	111	77	80	657	466	567	496	648	82	223	352	411	146	82	61	371	213	609	501	364	354	227	390	445	159	460	485	652	113	150	215	425	371	226	602	534	327	531	522	151	465	113	384	9	656	216	94	83	232	0	325	15	513	87	529	12	229	39	631	40	195	273	266	52	131	2	216	580	501	121	640	572	65	595	85	469	497
503	186	355	35	14	315	559	398	530	300	554	42	549	632	596	469	238	612	644	109	126	220	118	539	392	278	490	11	655	544	464	406	330	325	442	35	369	117	226	615	540	493	58	370	635	173	311	328	104	309	324	430	204	348	261	72	358	190	481	610	438	427	468	131	508	277	547	228	513	120	127	175	403	0	69	308	219	610	74	307	363	312	9	227	59	442	565	587	467	149	272	472	404	470	652	266	311	327	273	135
116	29	584	100	193	104	211	388	369	79	584	634	410	449	169	262	392	397	380	7	437	463	405	438	100	271	281	605	472	91	400	518	330	236	390	371	371	353	46	285	627	266	159	3	203	190	236	14	151	404	332	109	248	19	62	524	89	386	510	60	470	154	565	433	404	159	186	442	201	603	331	61	104	104	0	389	449	525	607	66	528	191	484	133	473	375	262	656	188	70	158	588	353	117	270	361	606	99	191	176
417	300	582	96	500	631	287	497	646	278	611	86	18	307	60	122	147	540	511	438	345	120	610	162	125	206	509	210	529	402	248	339	13	532	43	515	72	523	527	409	483	332	542	247	193	280	215	410	643	596	260	314	424	428	322	569	211	597	275	380	366	100	251	652	342	376	522	108	417	503	512	447	513	82	430	0	175	185	653	59	231	397	311	68	598	28	628	590	37	29	87	372	648	285	281	444	636	203	131	146
375	382	280	188	318	117	170	287	321	329	323	165	646	244	167	12	640	235	316	102	473	248	25	64	218	427	104	18	490	635	254	100	613	262	37	652	528	330	222	459	181	177	643	635	124	236	1	189	27	65	553	250	352	308	92	159	441	237	97	180	647	595	264	64	452	524	416	608	94	400	588	409	131	74	403	216	0	24	506	647	585	576	90	220	517	629	129	359	252	370	633	459	64	407	215	226	201	427	427	446
297	322	52	177	531	193	609	92	143	54	28	219	476	205	106	377	374	540	265	493	503	432	233	325	112	521	8	465	166	566	41	443	196	179	590	239	309	638	125	494	425	331	460	596	311	377	586	195	572	582	11	172	546	391	162	617	354	511	193	438	314	227	57	608	310	459	18	491	630	531	180	493	578	287	134	51	81	0	389	338	236	215	452	264	94	292	557	106	265	456	287	228	528	654	281	15	238	464	503	349
492	244	354	416	350	25	256	432	591	546	422	560	526	190	204	619	51	338	439	325	397	227	538	266	432	476	126	480	191	35	125	30	58	596	54	398	533	601	33	2	230	245	225	203	302	335	56	286	588	228	251	309	648	455	526	499	445	530	529	420	31	195	262	400	645	273	452	474	138	62	279	293	88	401	238	208	290	621	0	36	478	102	395	513	345	407	603	11	271	323	609	219	527	401	14	227	86	92	527	233
333	85	478	423	320	451	453	401	119	146	452	213	73	85	412	462	232	230	580	510	471	351	301	380	656	532	171	53	117	477	387	16	110	462	243	146	182	467	168	250	241	83	76	59	84	301	472	90	67	324	565	150	409	108	32	386	187	545	223	189	397	430	76	448	556	137	540	490	248	169	336	132	351	567	555	58	485	391	440	0	22	374	495	58	173	486	599	563	485	585	81	143	262	175	207	547	198	156	644	29
29	512	179	204	458	292	37	460	57	489	595	519	538	387	324	80	364	211	324	209	649	245	629	605	380	458	230	119	541	390	548	303	638	78	204	501	310	155	366	123	100	530	496	537	596	87	301	395	311	506	191	105	299	130	191	152	474	513	247	406	546	342	552	125	433	238	454	236	389	644	373	24	534	508	289	463	367	255	100	472	0	130	101	459	84	117	235	187	339	583	407	410	143	182	171	227	313	290	176	605
408	293	577	531	114	180	560	69	246	19	365	155	78	354	4	523	276	316	126	580	150	386	596	525	94	217	161	587	188	32	132	440	143	368	114	311	633	365	165	489	112	94	586	256	588	69	40	319	600	13	591	245	539	324	136	226	122	60	414	127	563	333	44	157	289	540	518	31	244	345	486	212	292	325	214	511	27	503	410	182	73	0	275	536	39	106	369	510	549	562	593	56	32	629	129	552	106	361	92	141
369	627	44	569	268	633	226	96	315	46	241	484	27	417	405	399	254	650	455	248	194	391	600	86	541	541	426	516	498	557	29	362	518	365	491	47	234	277	636	252	613	177	174	12	523	83	519	331	351	358	250	87	477	622	285	72	478	646	415	457	352	111	160	546	593	369	429	477	151	457	521	503	261	656	338	165	139	563	326	633	131	331	0	375	196	524	251	491	356	195	194	512	89	331	614	25	435	148	205	586
73	405	445	246	489	395	472	315	298	375	125	641	209	328	567	125	288	196	167	263	385	338	410	532	643	421	72	59	120	513	651	356	126	216	626	406	262	435	453	496	199	562	280	372	611	306	366	526	624	555	368	321	558	77	559	458	289	50	79	570	366	44	313	275	538	447	621	357	402	210	137	170	141	273	111	123	128	225	410	575	358	530	124	0	243	574	229	93	322	472	482	407	275	499	287	559	394	283	466	494
468	12	192	297	623	17	577	512	203	338	635	152	58	438	251	224	218	173	187	521	360	159	490	39	178	563	188	420	33	601	372	323	237	410	176	559	549	301	356	406	629	139	93	278	618	489	160	443	400	345	381	244	120	123	2	583	636	183	48	389	604	602	43	151	202	485	584	272	263	271	133	118	323	637	211	510	97	320	578	122	438	559	41	495	0	258	388	636	411	320	601	645	103	625	559	235	65	542	494	394
508	563	617	487	374	266	361	91	560	139	217	27	646	327	499	2	7	550	368	295	226	624	499	193	611	191	347	619	623	57	240	120	95	113	349	175	60	578	141	588	225	408	264	520	85	349	179	253	98	596	519	120	322	623	9	466	354	217	28	399	15	105	399	48	183	11	656	37	534	44	269	32	157	637	607	513	542	210	105	86	315	126	63	36	47	0	141	335	606	523	40	52	503	175	14	550	339	290	433	184
89	603	496	45	98	78	13	99	553	306	406	340	43	7	302	647	600	335	202	269	415	296	553	535	533	515	323	401	639	12	68	225	70	84	646	4	270	449	468	517	601	539	71	286	4	235	9	458	272	322	22	221	237	287	403	129	607	471	180	145	253	343	67	231	229	431	539	53	349	560	579	38	181	174	204	132	96	511	279	197	379	321	356	637	183	224	0	26	232	298	81	441	164	254	447	119	624	488	553	132
417	11	158	387	541	178	356	376	646	401	42	323	580	546	611	403	476	220	128	395	111	399	431	536	598	509	352	213	154	580	586	240	61	352	111	185	277	559	247	637	172	380	354	454	159	553	478	512	370	466	626	461	124	309	72	532	16	205	504	225	38	623	565	157	423	279	79	61	646	71	461	288	604	195	386	126	464	558	51	281	139	70	37	487	314	73	547	0	633	630	569	126	242	49	215	69	106	451	297	656
364	94	14	308	529	443	237	622	484	336	405	318	489	303	448	88	171	136	573	169	402	568	601	188	340	310	300	330	223	83	6	69	341	267	91	339	570	414	489	453	100	179	138	640	209	224	371	380	415	642	65	439	592	590	155	531	526	126	298	457	584	41	637	599	23	2	329	55	52	530	344	582	260	602	293	350	287	522	448	377	259	406	374	391	532	513	182	195	0	141	264	161	588	225	379	279	141	156	333	97
456	204	47	589	579	89	195	648	108	354	465	399	228	638	547	377	528	2	158	26	152	151	295	412	166	542	199	563	181	367	546	615	98	270	439	436	32	217	405	289	174	158	276	303	241	169	560	634	562	303	203	137	594	627	407	590	213	352	456	36	114	375	618	635	635	259	603	14	613	195	202	111	423	529	347	137	375	17	379	189	532	379	87	361	139	341	83	41	98	0	189	279	536	131	76	375	191	360	362	192
649	110	386	530	70	555	258	607	144	414	83	269	448	520	48	116	598	656	70	345	453	4	316	102	115	371	7	53	183	153	48	252	462	654	464	49	608	57	11	567	28	479	474	109	72	498	606	203	507	228	414	106	52	258	350	599	436	644	549	631	25	61	416	13	256	564	170	392	152	218	636	327	653	85	96	523	75	485	460	115	343	621	3	187	381	71	536	22	192	204	0	306	226	430	458	584	552	542	596	65
222	40	550	221	2	15	29	315	93	368	19	492	592	161	79	167	249	334	257	158	509	594	456	232	267	117	91	508	22	320	45	475	31	138	645	43	463	107	79	343	164	181	360	209	613	27	585	211	93	394	394	339	314	501	356	66	178	382	238	298	347	273	443	145	434	282	323	126	609	23	216	521	232	423	449	400	546	641	291	174	635	22	164	15	264	316	374	107	446	14	262	0	654	71	341	67	561	311	407	384
417	187	510	43	457	170	299	325	500	321	199	382	450	323	207	145	630	170	143	117	537	138	512	386	465	350	456	189	315	48	528	76	340	548	259	528	473	222	607	589	70	57	118	260	641	459	348	488	500	246	87	54	54	570	234	374	536	404	98	605	313	458	66	455	108	219	575	404	174	70	455	70	590	605	270	544	308	647	519	343	386	495	297	93	626	162	608	475	388	112	30	38	0	68	581	460	262	222	623	468
65	432	122	528	598	533	21	15	604	191	365	80	229	16	510	284	314	25	354	121	207	86	463	409	467	21	152	46	208	531	493	563	578	196	302	367	354	363	293	507	641	147	33	149	489	23	469	577	14	603	124	79	309	555	279	34	213	551	453	381	37	416	71	332	56	265	60	302	613	487	302	259	644	431	620	388	301	162	53	575	603	47	504	102	488	438	183	578	163	232	211	178	124	0	281	16	471	620	466	513
600	269	148	44	175	12	176	160	429	114	92	470	638	337	63	428	74	568	424	423	58	4	41	400	622	142	455	403	292	310	102	173	348	326	582	92	546	119	339	26	77	643	449	375	439	51	179	518	514	131	255	156	474	169	197	123	526	189	97	385	620	90	400	519	597	215	78	472	14	442	278	379	542	97	169	7	61	523	271	515	412	357	348	47	164	392	504	162	655	60	154	34	292	353	0	508	187	581	236	608
314	449	74	288	143	319	274	502	367	99	351	179	85	312	260	562	463	204	556	99	177	419	642	449	230	45	266	438	148	530	619	273	166	269	189	270	653	241	443	536	446	48	137	124	273	211	129	363	530	581	386	112	97	132	447	251	501	594	131	259	562	271	543	26	421	162	292	85	543	75	580	30	264	23	625	141	83	445	513	239	262	371	460	611	478	579	283	433	378	540	451	538	315	635	155	0	198	118	610	451
554	101	111	352	628	312	58	248	253	585	259	71	114	617	445	455	292	251	313	516	75	65	336	55	633	425	472	319	552	92	365	608	422	279	399	52	387	339	526	493	404	221	489	52	232	349	22	590	474	496	643	157	71	282	5	645	131	61	284	162	10	364	167	377	36	169	348	360	477	577	518	453	110	367	183	647	352	44	202	238	474	355	621	297	341	571	349	340	201	432	335	149	610	204	647	609	0	427	465	174
543	70	466	304	510	254	527	230	361	208	292	274	144	100	91	412	347	153	519	23	204	629	130	338	549	647	211	247	79	146	245	15	389	349	586	140	466	99	419	528	370	131	495	198	580	621	265	401	136	233	601	232	75	610	51	478	631	11	284	358	270	78	3	649	637	530	282	306	308	292	263	140	296	97	56	622	516	138	387	525	267	497	598	197	200	626	117	547	137	356	318	88	221	565	593	624	397	0	220	245
422	91	123	339	583	109	394	287	14	150	121	534	18	168	512	113	98	21	449	226	380	307	503	624	265	348	68	195	647	434	378	275	47	626	594	640	106	26	68	622	65	544	370	338	397	256	149	366	266	552	524	326	185	66	296	303	366	426	2	299	450	341	358	345	523	171	380	330	42	387	118	626	533	203	225	544	150	336	425	2	442	305	231	270	120	546	331	657	331	651	563	180	290	16	232	634	30	65	0	100
41	126	450	490	132	469	525	40	341	563	278	99	93	561	498	133	18	265	444	425	381	575	485	17	226	630	132	357	634	633	108	558	268	629	123	462	219	507	468	102	88	480	259	642	39	258	600	606	83	367	255	257	525	143	619	506	216	453	269	653	619	617	9	333	328	26	369	618	173	514	648	53	413	70	51	452	6	263	332	1	459	462	239	557	567	290	51	615	625	414	388	187	263	232	240	456	30	592	603	0
