A	B	C	D	E	F	G	H	I	J	K	L	M	N	O	P	Q	R	S	T	U	V	W	X	Y	Z	AA	AB	AC	AD	AE	AF	AG	AH	AI	AJ	AK	AL	AM	AN	AO	AP	AQ	AR	AS	AT	AU	AV	AW	AX	AY	AZ	BA	BB	BC	BD	BE	BF	BG	BH	BI	BJ	BK	BL	BM	BN	BO	BP	BQ	BR	BS	BT	BU	BV	BW	BX	BY	BZ	CA	CB	CC	CD	CE	CF	CG	CH	CI	CJ	CK	CL	CM	CN	CO	CP	CQ	CR	CS	CT	CU	CV
0	247	285	658	415	601	462	180	281	296	125	438	292	403	224	240	13	122	110	112	700	160	127	372	347	59	607	24	371	394	384	81	658	323	598	85	193	400	366	571	245	288	490	536	345	664	693	84	506	523	117	499	602	249	631	332	129	338	331	672	32	599	190	365	202	212	521	88	471	245	565	626	421	222	194	482	180	697	465	287	248	108	639	162	44	60	576	153	38	505	158	150	210	53	166	521	77	530	152	663
532	0	403	84	655	44	633	194	698	612	251	102	18	53	319	542	549	567	634	169	276	62	402	402	357	179	116	419	326	85	433	603	120	161	249	445	125	192	235	412	685	608	381	170	162	269	423	365	94	111	139	689	263	343	677	154	521	88	207	434	178	318	561	374	574	368	525	94	305	72	295	272	477	421	270	672	340	666	422	522	106	369	85	347	653	51	646	135	577	27	104	84	211	621	346	140	216	136	617	296
444	82	0	551	643	289	609	563	61	648	566	306	241	211	482	604	479	535	585	660	615	188	109	638	563	377	140	26	586	591	441	164	395	293	175	473	373	623	280	376	241	695	137	598	107	617	635	151	41	229	244	306	684	207	568	550	537	351	125	206	507	264	244	202	499	118	609	249	320	537	654	249	687	38	259	202	17	317	653	414	701	386	31	574	548	495	565	539	190	596	500	402	658	291	380	682	561	544	672	141
115	620	474	0	113	193	698	193	108	465	543	696	93	306	158	185	477	97	337	453	277	330	286	580	297	490	108	249	54	338	554	17	4	512	123	218	583	355	177	573	359	201	565	363	76	595	412	516	341	416	5	645	611	247	396	116	629	574	361	580	245	362	364	610	460	471	374	412	229	306	24	20	698	465	493	513	23	12	465	237	566	4	670	345	69	383	405	566	102	532	485	607	35	212	651	580	672	192	291	214
40	252	290	620	0	207	398	35	413	592	494	495	86	341	264	695	481	37	455	94	630	323	641	337	397	695	610	411	617	325	338	128	548	604	186	320	560	331	677	128	77	175	668	43	170	679	323	268	664	74	89	46	502	40	362	250	519	622	490	81	36	44	33	412	682	646	581	153	368	249	152	138	355	22	340	204	701	354	450	588	80	303	95	308	283	462	302	453	684	627	283	390	82	318	692	436	2	585	682	421
554	662	43	31	83	0	665	486	55	518	34	562	521	632	657	646	529	450	611	124	351	195	210	401	267	647	296	663	262	192	595	47	476	635	382	668	114	304	479	577	154	462	250	351	19	190	495	317	230	576	242	447	666	279	344	3	673	264	617	371	413	160	413	363	401	484	30	690	301	451	96	562	663	545	621	70	146	366	3	383	154	436	496	180	413	388	3	116	330	597	394	609	474	470	629	366	58	184	407	119
56	217	692	384	271	254	0	71	405	232	81	211	428	292	157	218	5	654	524	376	251	187	238	97	30	526	37	100	84	323	656	216	492	565	548	165	657	374	34	269	545	160	696	421	458	363	292	210	467	409	381	174	441	229	645	255	235	62	607	156	531	6	522	222	680	662	520	115	262	194	218	468	265	440	101	630	269	535	691	94	356	588	166	153	341	641	241	478	280	494	94	189	303	483	265	613	495	304	286	572
248	258	638	639	668	323	215	0	638	515	34	114	304	608	115	30	169	638	22	579	24	19	355	339	536	509	661	205	67	179	178	120	2	309	110	283	58	286	293	447	3	223	383	702	8	318	483	214	259	107	642	675	225	447	74	359	88	212	322	589	1	95	191	558	370	21	546	178	600	596	16	379	158	677	590	171	401	67	197	79	199	120	113	69	391	602	685	141	563	400	187	564	14	319	457	431	477	426	620	423
479	320	41	473	435	558	544	638	0	585	662	485	664	151	185	277	110	462	40	410	506	513	263	506	614	354	225	372	494	244	183	12	578	509	649	470	285	226	44	102	167	321	123	273	384	430	539	147	144	30	209	192	519	420	350	478	175	147	349	516	317	530	520	660	90	90	464	85	635	323	277	233	82	151	338	541	82	99	428	431	447	184	603	204	398	560	410	216	194	53	536	85	286	444	260	129	243	499	281	5
599	159	487	28	237	604	56	310	1	0	135	182	182	316	104	502	425	65	587	120	422	175	275	559	3	675	420	493	508	152	670	289	158	516	248	268	423	58	52	554	376	131	390	290	492	530	511	2	702	28	441	152	244	17	411	99	520	188	537	360	577	116	578	522	369	530	34	444	551	137	587	617	485	407	579	462	247	116	563	566	602	433	275	249	112	511	157	485	358	366	552	148	349	112	222	216	635	356	153	164
460	545	556	666	277	645	415	425	496	702	0	102	578	200	224	117	333	509	156	97	462	510	143	469	164	100	171	336	148	493	179	82	180	364	233	219	93	481	191	615	97	325	198	444	183	29	230	346	388	244	169	456	377	74	332	413	539	57	348	193	462	17	303	459	109	634	172	562	271	20	37	576	112	557	381	559	17	69	109	495	499	202	100	463	480	264	504	594	488	661	686	334	14	647	549	444	427	365	413	28
615	673	21	269	325	439	464	270	319	307	174	0	302	226	656	179	653	3	30	460	552	112	660	485	241	669	436	600	52	443	524	131	160	556	452	554	660	398	342	648	25	340	63	615	163	53	649	244	218	262	241	345	121	287	178	192	223	672	281	551	493	248	541	336	414	601	15	326	452	581	680	98	26	603	67	626	625	577	638	152	330	78	652	270	173	2	316	581	529	183	224	598	119	230	382	376	259	11	201	559
402	509	408	529	701	498	648	113	110	148	527	464	0	591	457	294	271	567	298	26	575	65	210	671	551	511	132	215	343	374	152	375	216	82	113	475	524	79	36	77	162	61	695	242	119	437	215	7	329	437	154	211	263	268	172	601	177	225	117	180	407	11	279	429	39	377	617	277	667	64	503	701	58	531	320	200	662	223	646	150	28	323	277	638	88	18	388	469	500	58	647	627	504	618	477	88	597	335	82	272
49	350	318	603	324	700	371	559	120	325	97	182	655	0	480	524	448	64	40	564	624	486	204	511	222	416	431	463	292	621	269	315	60	654	604	384	466	54	149	319	281	636	477	436	338	530	264	655	136	454	682	85	116	145	686	349	41	676	553	124	150	520	400	412	299	602	332	528	157	588	517	317	312	436	161	395	531	209	523	123	648	569	114	140	632	565	272	493	52	169	433	680	111	239	426	424	470	571	165	3
551	631	367	255	357	140	238	523	646	629	158	642	662	403	0	570	693	295	449	532	210	304	37	200	242	572	685	570	405	546	446	388	494	56	74	74	613	362	195	218	293	562	273	261	153	436	145	210	678	552	648	623	571	298	225	359	631	194	482	578	392	189	682	512	492	419	98	589	672	255	343	257	415	491	472	319	644	409	533	368	180	465	421	374	535	48	250	670	175	211	236	467	407	175	276	261	610	139	681	109
605	348	701	29	508	397	413	261	517	21	499	229	358	514	463	0	447	262	143	527	254	454	287	316	492	692	159	377	117	226	358	408	110	301	87	66	259	510	101	157	210	243	161	431	429	630	305	356	521	52	269	546	444	144	175	576	688	698	402	357	169	16	334	416	701	119	487	236	10	37	380	316	555	135	570	396	667	605	520	274	59	252	478	540	576	175	350	551	128	688	244	427	455	198	694	87	565	664	292	383
551	48	240	690	701	354	444	245	536	78	630	155	485	290	569	196	0	12	526	326	198	67	572	30	501	224	698	679	374	124	261	596	206	230	351	582	194	323	55	499	73	103	382	316	383	483	224	252	85	536	193	245	666	570	187	209	42	269	441	286	491	157	20	93	623	28	303	620	6	439	72	113	86	79	452	520	59	465	521	479	356	453	153	101	110	700	679	457	538	205	35	454	278	431	702	418	564	367	237	250
241	357	476	255	370	416	76	553	201	641	236	92	277	482	103	649	585	0	99	497	646	54	578	152	271	517	286	458	52	12	546	576	196	239	492	76	452	231	376	248	55	120	33	279	347	102	149	667	551	538	39	536	702	334	593	85	221	156	41	357	89	426	558	321	641	398	209	105	63	339	630	90	60	389	351	619	142	648	165	681	542	591	309	676	129	687	71	411	519	601	223	672	63	558	583	596	522	324	50	375
102	249	593	67	238	265	591	190	608	136	647	605	420	206	579	234	636	372	0	88	597	675	662	589	554	327	436	169	14	300	118	421	157	139	618	394	618	655	358	288	423	485	395	304	105	164	692	347	501	220	416	189	381	130	44	299	530	405	565	664	426	448	260	377	192	488	544	635	453	668	301	90	531	85	47	282	177	678	39	217	271	252	47	373	328	443	168	268	203	51	632	682	444	508	665	358	246	443	538	595
228	422	621	612	174	318	21	443	284	660	33	115	253	140	378	484	493	208	415	0	525	532	465	243	451	617	199	184	535	157	127	274	229	150	221	450	366	193	19	580	385	21	385	46	289	292	157	101	157	516	251	471	291	457	168	456	630	12	195	503	548	467	504	21	346	220	507	404	351	45	176	577	578	536	24	90	135	145	183	542	99	296	201	260	619	576	239	578	399	672	370	452	687	93	591	686	601	680	631	663
403	615	506	639	328	198	117	582	675	123	550	256	333	305	123	532	521	387	23	242	0	326	201	642	615	554	345	611	352	344	505	142	101	473	363	285	615	653	293	406	600	179	473	7	238	158	194	474	561	56	650	168	307	171	256	463	166	617	388	187	597	28	18	632	580	306	114	541	378	551	446	164	134	204	695	118	279	497	694	389	591	522	243	696	475	74	259	1	153	63	484	45	453	316	171	157	369	27	628	169
562	674	33	148	228	36	393	155	593	141	193	411	226	8	261	101	347	226	262	515	194	0	533	411	94	561	510	657	555	255	135	374	78	143	200	134	112	234	238	63	668	210	447	373	308	630	504	321	174	166	610	370	427	4	644	41	161	293	236	121	293	258	120	517	378	99	494	667	426	597	181	503	161	350	605	356	520	130	487	167	183	654	296	404	539	164	393	667	467	319	140	622	496	538	3	674	530	188	432	44
338	638	702	192	228	236	513	666	531	38	203	103	529	171	158	300	597	435	387	242	230	657	0	55	317	310	182	328	504	51	190	143	363	595	42	193	376	348	516	689	412	30	117	61	425	424	671	610	8	299	504	582	379	181	603	572	218	324	522	122	97	387	41	503	414	268	524	267	115	681	14	369	408	370	8	205	206	585	70	164	398	409	285	392	566	82	82	158	217	376	26	224	81	608	106	8	400	432	169	473
549	507	403	185	36	399	452	22	373	690	438	433	220	364	380	592	498	113	87	40	111	81	193	0	376	546	528	78	432	519	105	592	667	556	133	495	681	457	454	50	78	616	64	354	636	432	694	440	640	9	302	212	441	503	95	16	427	472	561	80	323	447	16	619	221	127	564	28	77	412	273	100	429	206	78	162	274	51	688	345	560	582	47	272	305	426	85	604	397	399	359	698	632	135	303	507	248	575	567	172
690	142	301	372	635	51	64	567	38	584	223	4	153	200	491	637	218	225	79	385	664	507	60	682	0	414	16	262	335	699	399	406	552	583	227	459	440	646	612	331	684	190	165	575	111	207	105	575	586	373	174	592	352	676	433	443	568	131	110	326	197	242	55	465	70	255	237	248	325	249	51	642	237	245	124	76	343	645	26	500	190	35	142	255	67	281	531	127	358	54	585	55	455	143	210	581	573	682	291	320
73	615	492	185	304	233	305	234	557	637	586	115	553	618	685	554	523	322	228	544	260	634	529	224	253	0	499	398	451	517	220	555	678	304	186	107	145	15	667	133	93	37	639	540	657	451	582	525	538	57	638	675	277	355	38	393	638	257	404	272	54	337	75	490	415	325	252	121	204	447	176	461	177	253	606	146	553	106	476	47	202	395	530	297	448	439	127	187	14	166	392	140	11	248	385	16	589	3	579	445
585	358	188	103	501	182	531	518	210	470	366	374	348	188	596	296	531	200	436	277	114	548	186	76	642	369	0	624	609	70	682	133	696	179	675	165	202	283	292	24	335	226	660	526	505	174	592	631	260	165	200	44	53	460	546	202	517	363	323	566	495	340	150	176	142	462	333	678	575	185	78	122	514	24	608	428	634	520	205	155	616	452	306	445	615	660	544	7	655	191	684	337	421	280	181	206	694	591	408	73
177	602	570	484	185	560	334	126	567	184	275	118	410	57	399	415	67	178	137	569	321	338	697	410	187	237	389	0	343	270	208	331	663	600	635	686	589	76	487	210	360	663	330	1	507	607	208	157	111	229	353	659	139	616	143	448	324	326	647	222	576	48	619	519	391	207	589	49	40	656	519	488	366	687	348	649	184	111	410	653	194	447	67	526	699	451	684	389	653	235	487	603	1	380	362	172	541	601	94	196
556	198	693	635	245	447	301	176	510	123	265	260	405	311	224	227	425	13	615	219	290	105	143	451	448	253	302	296	0	684	107	507	697	280	434	508	446	133	571	79	521	195	482	121	267	16	230	404	51	320	508	529	28	267	48	166	441	518	222	255	452	422	79	343	262	257	61	40	539	338	173	69	553	441	253	6	151	281	420	78	698	62	397	251	694	123	393	154	26	140	22	649	336	534	337	634	484	458	221	67
158	257	667	611	63	121	392	50	340	326	384	673	3	672	241	372	409	639	379	537	88	50	559	481	81	526	581	60	155	0	123	248	309	500	244	209	568	440	288	185	384	617	630	486	52	645	601	681	324	304	635	367	697	103	487	426	664	612	563	375	587	628	635	430	419	10	360	542	284	572	62	352	258	555	223	55	122	463	389	182	234	358	687	579	279	629	384	324	672	500	675	215	334	300	71	475	76	633	526	431
521	133	522	116	533	157	91	168	356	72	274	549	113	98	152	201	66	183	4	176	153	394	157	461	319	34	427	335	164	10	0	366	539	217	549	676	605	111	467	550	615	339	546	418	167	533	46	137	621	262	213	166	208	333	637	551	502	420	56	548	369	651	115	230	60	143	642	39	363	634	226	331	150	288	317	335	582	674	167	475	625	372	513	464	238	20	460	266	322	539	504	23	478	178	514	368	283	207	567	368
77	567	611	102	608	392	451	56	389	589	487	25	366	197	203	666	318	37	566	615	364	285	270	293	335	34	390	549	469	206	297	0	143	393	352	559	639	441	679	669	157	108	525	152	609	328	133	640	249	140	544	656	102	70	393	602	580	531	31	313	80	72	180	527	494	557	188	529	483	370	550	518	458	684	82	147	8	441	293	513	569	463	370	63	165	215	81	661	192	269	363	56	680	501	655	562	61	220	115	399
47	360	201	607	67	313	491	303	206	670	501	291	242	615	490	381	350	165	624	18	410	152	267	462	360	186	617	443	619	174	306	42	0	461	479	237	316	447	322	288	411	254	585	438	575	701	254	458	207	356	534	262	627	248	108	267	514	245	172	168	289	468	60	398	347	409	235	399	147	333	466	390	222	231	253	541	626	173	48	616	437	96	141	435	256	275	410	579	442	557	168	588	348	282	155	267	292	136	78	360
487	501	424	541	453	398	11	149	194	180	456	399	243	67	81	697	503	661	670	314	636	249	652	97	507	623	106	198	261	37	310	56	339	0	93	330	548	552	588	140	534	519	590	83	417	644	552	413	202	322	80	265	331	481	510	636	248	670	269	333	637	323	181	240	85	492	630	26	695	358	69	611	554	656	408	695	683	542	390	7	435	604	541	699	486	243	282	364	589	527	552	251	96	616	631	517	109	631	632	508
537	163	467	554	374	255	279	121	554	424	475	398	110	477	277	432	574	146	116	482	310	529	563	300	93	646	5	71	19	674	455	133	466	50	0	172	370	506	688	7	446	1	177	115	367	429	411	244	36	367	119	48	356	253	12	359	43	31	414	556	336	687	132	185	91	282	459	534	50	124	236	125	340	80	375	82	129	283	263	43	81	162	375	583	619	538	486	347	403	654	223	682	7	274	123	506	583	412	215	91
337	158	232	50	172	119	437	406	319	404	415	109	122	143	54	419	260	438	187	410	383	93	698	587	271	562	417	694	211	311	113	304	93	359	610	0	57	614	607	686	85	457	701	68	374	409	408	41	190	692	466	461	700	563	76	526	423	293	13	420	582	124	158	23	685	475	395	341	596	449	58	214	505	618	242	207	270	560	376	434	250	301	171	446	37	78	69	256	360	681	613	237	593	361	592	646	361	554	639	285
615	291	344	578	406	143	32	120	273	107	393	455	296	229	487	249	3	189	110	270	602	671	669	403	466	514	274	359	435	450	231	640	34	175	71	187	0	615	661	358	373	383	546	230	39	126	250	394	419	317	364	448	256	185	626	96	81	469	674	210	488	184	542	653	353	98	69	373	550	159	616	465	140	613	215	118	445	281	120	535	306	161	677	140	472	428	228	458	634	494	581	215	12	158	418	28	454	78	164	290
627	286	523	686	322	415	619	137	483	177	219	221	370	487	556	608	125	509	700	79	503	250	260	185	113	11	12	19	221	102	150	517	210	459	188	325	608	0	417	680	472	151	604	58	131	168	80	452	247	329	425	44	526	262	267	263	214	141	396	420	489	424	534	103	278	323	131	89	282	440	129	127	272	318	206	447	528	3	409	26	419	132	245	428	568	311	51	9	374	65	348	550	309	246	659	397	298	698	50	312
608	402	95	398	485	416	646	319	264	335	686	696	699	16	82	62	697	490	478	92	364	501	191	506	672	588	506	557	246	271	415	141	547	521	385	304	195	61	0	488	686	398	288	319	571	328	477	249	251	166	257	458	47	598	647	17	620	182	669	450	482	403	619	699	425	274	88	508	197	14	483	61	281	195	566	375	109	170	406	688	22	165	326	262	174	118	479	493	682	323	567	134	486	395	490	115	313	235	200	366
584	540	355	42	593	333	151	520	612	204	654	38	570	295	415	640	366	339	636	281	222	281	404	261	654	152	499	542	590	623	80	93	241	435	487	356	217	322	625	0	4	639	614	603	454	584	689	654	623	138	415	80	33	378	247	441	160	319	210	538	294	664	590	25	526	241	140	633	538	78	144	499	600	678	201	232	453	524	514	32	644	348	164	207	578	608	130	567	641	334	217	561	526	213	154	113	158	696	111	204
293	644	219	318	56	479	653	231	264	622	132	425	629	468	313	131	241	208	197	269	290	219	585	434	557	579	141	61	566	441	650	321	2	353	654	286	44	444	344	701	0	12	52	500	335	74	565	258	135	641	613	224	506	107	441	43	475	648	307	501	661	465	342	101	335	84	558	687	278	208	36	530	699	219	241	513	1	686	50	264	73	497	107	534	589	268	591	379	12	253	200	40	586	304	554	444	168	291	663	43
165	280	294	592	50	129	406	412	521	442	41	138	193	507	275	348	453	63	445	43	319	174	620	596	41	457	125	556	126	14	697	416	207	399	214	683	175	152	594	171	556	0	456	698	122	239	655	308	537	129	428	83	351	61	285	632	450	456	40	683	284	676	293	368	633	617	61	194	299	390	277	207	258	531	84	325	558	75	624	307	92	559	262	646	439	549	71	660	345	599	620	134	239	76	124	461	258	194	337	368
118	129	289	576	87	675	32	479	646	7	580	243	145	102	325	358	206	330	83	368	187	447	500	681	651	694	173	80	566	110	649	4	30	301	624	533	683	371	358	382	242	77	0	200	403	348	577	383	170	12	99	691	410	490	4	167	310	575	397	421	344	193	498	180	398	454	448	466	668	45	73	122	339	208	694	410	401	662	418	458	100	443	290	331	482	603	455	136	583	106	331	230	26	448	490	187	340	556	151	407
32	354	91	494	691	125	54	31	127	221	686	478	319	581	401	425	546	226	147	585	560	426	544	321	66	641	239	377	348	323	596	53	277	15	34	584	677	517	484	181	699	564	516	0	395	689	52	219	682	391	130	128	474	474	368	70	507	428	276	595	99	585	494	319	335	571	17	41	350	24	325	188	187	318	449	511	575	291	348	22	334	624	515	650	341	461	695	403	289	613	308	453	400	411	454	653	549	115	51	498
80	126	457	431	383	10	545	118	76	447	542	663	486	488	440	99	160	570	154	96	684	344	30	1	420	287	87	149	281	579	633	84	514	73	239	363	337	256	27	394	61	53	257	162	0	611	586	194	184	701	553	439	100	100	193	314	115	5	430	261	675	283	59	652	296	222	574	529	159	601	588	357	570	142	584	437	231	182	673	658	615	389	202	425	700	449	270	671	523	494	31	224	439	163	397	634	510	321	561	584
162	462	83	658	323	71	120	293	592	308	315	384	409	214	402	501	28	261	468	395	611	237	389	3	351	655	276	80	302	326	366	584	267	230	39	167	670	539	115	585	687	303	695	303	633	0	260	217	156	591	171	618	273	430	211	12	526	588	273	401	225	240	421	570	246	429	94	683	633	203	347	56	633	480	206	57	479	358	463	137	522	166	254	388	134	12	47	573	378	320	402	60	511	332	12	187	1	431	60	497
105	667	44	603	532	275	89	102	170	358	657	350	94	193	368	397	116	110	240	114	45	622	628	480	261	667	279	65	222	388	323	590	319	150	585	583	155	260	322	270	195	58	417	70	695	257	0	503	684	462	30	656	398	487	360	59	224	145	86	472	390	645	293	312	151	136	122	9	429	171	647	645	422	101	490	504	269	318	338	309	416	513	382	602	109	491	370	259	645	9	584	526	220	570	162	281	29	567	264	550
652	359	572	11	486	135	31	639	116	251	440	211	312	213	410	627	675	583	71	477	657	110	575	322	479	54	427	119	58	672	431	372	526	560	170	593	236	275	635	15	242	241	411	677	288	260	330	0	508	274	310	537	556	650	21	137	432	26	149	419	295	483	688	116	276	319	121	529	211	621	161	128	551	507	24	225	151	660	633	702	46	469	167	81	163	428	184	444	249	441	396	102	3	263	101	561	207	223	655	478
659	69	126	474	356	625	65	127	386	317	367	656	302	575	64	606	530	464	605	359	259	84	641	339	129	266	548	526	480	702	160	671	320	113	484	691	44	18	97	385	694	612	150	291	642	169	642	612	0	57	173	146	457	631	418	305	598	187	264	461	155	84	249	264	362	650	405	117	692	290	363	299	343	294	695	181	27	520	496	54	577	1	497	159	203	512	353	623	519	552	229	592	4	632	171	228	129	605	612	14
11	355	232	407	440	598	257	111	604	480	475	547	456	191	364	127	415	339	241	355	556	549	186	201	476	278	690	190	361	246	613	348	216	429	554	638	60	369	604	36	190	639	125	457	132	604	342	569	203	0	249	207	628	300	135	168	134	610	377	87	92	684	684	334	368	573	231	296	472	475	271	197	674	183	226	114	576	497	411	103	490	677	651	634	670	582	91	144	491	663	510	371	47	599	679	286	435	124	301	151
178	249	430	159	480	126	83	139	668	281	634	262	629	66	414	666	360	289	486	69	378	702	471	23	453	491	120	509	309	237	647	197	358	589	550	470	222	552	534	309	432	410	164	226	595	106	65	497	238	163	0	633	294	3	233	475	71	588	170	155	395	71	27	407	591	50	579	366	299	676	431	477	526	545	484	702	164	116	501	587	434	285	632	602	593	330	480	264	306	356	430	491	622	163	341	388	630	279	133	678
255	38	508	148	567	118	418	9	40	398	391	634	526	18	550	311	597	454	488	172	672	2	28	205	426	315	370	464	536	424	415	138	91	617	546	557	484	314	283	239	117	576	470	53	41	505	82	240	49	517	21	0	388	328	202	95	689	52	588	88	349	584	312	412	528	5	407	646	514	210	285	461	246	16	576	140	66	296	361	522	13	30	2	614	522	416	469	11	459	197	60	653	189	137	158	626	246	422	168	521
409	492	335	457	237	663	672	695	624	23	220	165	303	279	535	500	527	120	590	49	438	632	593	598	504	446	569	497	226	78	298	216	245	609	115	495	52	440	152	443	601	510	454	347	453	522	499	107	430	433	347	238	0	363	635	7	480	366	75	228	617	16	58	633	62	689	158	164	644	475	409	621	374	646	680	401	471	135	273	157	463	281	581	698	536	603	682	74	291	225	457	575	160	257	369	467	517	318	701	427
235	299	601	572	504	559	200	684	237	553	268	176	197	282	456	455	198	221	479	455	292	222	532	398	195	567	542	162	60	293	119	676	435	576	470	405	648	613	644	329	633	242	640	586	244	577	588	382	87	245	236	355	606	0	75	546	542	54	160	616	124	426	352	72	518	436	165	685	464	632	502	609	467	327	5	75	695	393	275	140	147	637	230	516	420	397	2	390	641	438	65	109	370	347	183	93	631	103	644	403
105	212	495	64	375	375	451	223	162	268	519	680	694	488	94	376	641	683	613	688	378	326	17	598	699	698	598	557	229	497	212	408	500	167	438	127	370	321	634	106	259	365	285	15	73	210	282	491	152	515	431	414	510	119	0	684	252	111	679	37	251	258	460	540	693	626	436	72	294	165	527	43	50	649	80	380	416	55	153	368	113	652	194	210	362	353	570	300	579	169	517	17	400	638	605	446	624	607	542	28
6	65	467	619	23	502	192	269	415	369	395	490	501	22	566	437	219	279	568	655	563	593	687	80	409	15	626	678	292	169	10	151	116	374	145	67	683	328	599	448	573	618	317	488	366	435	146	366	518	321	406	392	196	579	682	0	656	486	390	283	151	404	509	110	215	376	206	504	220	199	628	515	446	351	657	119	339	323	647	593	436	694	35	481	431	182	16	198	109	74	438	620	457	544	560	522	635	366	694	696
523	106	284	270	411	28	47	209	579	87	601	690	482	490	169	5	69	511	486	204	532	185	143	652	529	80	478	92	245	637	505	160	432	23	167	536	502	16	644	697	427	286	649	50	108	272	70	560	117	612	264	286	325	166	406	488	0	687	141	392	174	440	600	253	501	649	499	126	675	604	383	160	276	291	217	675	171	120	656	690	394	65	166	421	422	326	484	619	47	13	314	322	546	60	660	288	509	563	663	237
132	41	351	587	686	367	574	254	49	351	296	621	127	106	676	685	174	564	215	515	5	670	496	330	411	327	677	45	343	333	300	189	679	454	406	491	106	252	174	104	150	152	408	190	292	629	7	488	426	546	390	463	635	387	589	81	483	0	591	250	230	204	241	682	621	119	157	379	350	289	507	29	59	468	350	633	302	165	190	232	474	423	66	83	628	697	656	359	649	586	652	289	191	175	370	416	374	454	131	310
226	414	576	469	302	153	288	511	104	177	460	399	701	691	361	441	360	463	415	430	67	468	291	41	654	242	143	608	467	601	200	695	536	684	77	207	491	256	243	347	597	259	634	343	586	543	534	403	686	148	190	677	337	118	24	275	24	355	0	151	278	102	453	247	46	522	576	440	359	169	637	232	638	526	159	174	434	286	594	280	353	159	695	544	84	383	273	654	68	508	529	267	224	373	432	541	135	22	357	117
276	598	131	571	666	452	380	425	264	324	511	221	297	25	510	247	265	338	7	353	684	555	93	459	412	548	507	590	28	248	633	436	524	82	136	102	293	490	36	450	528	321	687	326	702	86	201	647	524	252	697	429	524	322	21	317	572	671	563	0	137	582	405	216	17	506	436	262	231	267	454	235	687	118	227	123	584	63	175	203	642	309	641	61	167	441	65	160	688	289	669	617	670	397	269	642	348	426	424	212
584	436	310	140	626	274	568	80	33	701	542	326	162	28	240	257	432	237	190	285	130	580	425	527	523	88	126	495	405	188	51	624	673	41	573	431	672	483	204	515	384	240	284	557	524	220	143	572	359	561	661	329	42	111	638	307	218	233	665	514	0	218	434	282	621	93	136	88	163	88	626	26	250	491	674	684	308	530	679	195	218	479	440	448	389	39	274	530	302	100	535	259	46	208	381	210	27	415	49	415
510	585	578	651	501	122	383	322	187	529	466	561	586	523	537	90	99	213	600	447	488	119	658	71	310	196	43	488	320	357	183	411	208	213	563	395	21	564	601	95	215	693	391	181	260	430	523	92	154	297	578	70	486	440	64	478	194	553	439	437	158	0	633	64	486	321	441	319	62	467	315	367	594	282	270	448	588	140	447	532	483	106	103	305	353	373	159	472	50	357	276	77	8	134	542	104	47	339	339	92
264	263	39	599	245	163	634	658	224	363	256	352	439	578	583	78	356	196	53	402	481	20	552	320	414	254	359	196	391	373	104	621	127	625	9	604	442	650	43	107	101	19	650	380	158	287	114	104	159	126	279	310	130	335	352	569	475	496	246	430	624	696	0	173	374	588	112	104	203	581	408	205	351	196	424	460	504	386	317	682	609	429	684	362	621	449	141	176	487	509	72	389	139	245	433	369	491	69	186	143
218	509	163	470	586	64	65	414	73	295	433	408	277	395	149	101	636	343	616	246	118	482	539	614	191	636	517	407	682	261	543	309	37	164	192	424	450	63	364	479	23	307	64	220	462	335	35	673	384	511	618	535	215	307	467	680	599	39	594	46	41	589	627	0	686	666	494	172	527	557	317	560	105	208	340	505	280	61	675	170	375	195	304	559	522	393	457	321	626	560	289	307	363	551	304	699	378	216	434	340
339	284	338	690	328	677	137	5	252	14	154	416	539	503	82	622	330	673	490	304	509	91	259	112	86	187	68	520	307	663	44	542	120	151	628	493	687	541	272	360	155	572	442	157	95	175	509	425	628	49	226	248	466	238	291	552	453	577	528	566	60	621	152	13	0	113	443	698	589	592	440	273	451	157	535	248	459	422	36	266	174	301	479	616	104	251	109	623	72	666	186	390	137	683	340	693	128	260	321	230
23	659	409	647	189	39	542	175	572	281	241	502	64	509	414	82	177	681	671	287	374	479	298	195	261	408	690	351	577	190	24	657	94	412	435	55	316	405	447	214	478	674	122	170	681	551	163	639	435	509	689	645	148	565	397	618	44	173	131	469	44	688	143	10	607	0	614	672	30	605	524	603	288	580	629	343	178	405	601	96	687	328	359	182	328	413	687	570	65	140	71	545	112	610	500	203	493	256	512	606
138	581	592	514	128	639	362	114	700	687	269	383	14	442	254	437	383	554	652	267	533	338	21	33	361	37	561	102	458	8	90	379	206	582	606	550	235	393	268	354	491	468	144	176	699	254	496	682	337	434	436	399	285	652	54	113	402	541	608	580	599	380	541	678	686	699	0	195	558	694	383	73	105	29	512	233	150	221	382	492	646	98	248	383	668	372	485	483	107	621	266	139	41	550	87	673	701	118	245	135
472	152	522	641	384	220	398	447	588	638	330	106	387	381	626	247	439	668	302	680	365	157	501	510	452	493	173	360	301	662	563	399	661	70	339	504	700	291	274	87	173	307	655	693	24	348	42	392	478	69	394	216	533	374	431	693	571	118	632	68	653	541	596	233	241	628	219	0	450	216	337	596	391	53	516	552	149	549	362	212	143	514	363	581	357	309	108	176	403	190	468	95	653	282	572	398	135	440	9	310
610	170	270	315	12	102	202	574	322	415	324	431	237	252	31	71	546	574	666	134	150	280	452	147	482	59	517	145	345	618	221	655	261	125	168	516	503	314	353	267	108	183	155	390	568	122	257	69	259	125	688	49	514	115	135	309	391	204	683	437	279	319	593	164	472	588	440	393	0	636	212	66	345	45	198	193	490	41	424	467	352	266	554	466	698	253	370	108	224	66	148	438	226	466	318	34	489	424	476	535
12	293	270	161	362	405	49	537	300	634	228	459	277	701	173	627	209	545	565	622	161	201	491	256	13	675	489	589	244	494	550	320	561	281	121	360	504	43	688	583	184	224	35	646	611	252	605	692	514	328	577	568	183	76	650	7	514	571	531	567	549	678	333	423	100	558	539	523	186	0	608	391	425	17	637	415	631	230	288	158	144	694	545	688	304	619	366	289	251	387	572	299	366	578	325	7	492	247	454	456
271	140	193	491	286	655	307	626	692	4	362	302	638	321	428	50	99	150	569	89	296	141	556	489	353	271	395	68	672	677	306	25	315	661	499	533	641	601	287	120	16	46	171	226	559	293	353	388	574	533	80	63	129	645	117	5	449	88	3	307	486	622	93	348	399	33	499	293	604	132	0	633	149	22	334	458	406	356	607	536	313	419	116	375	552	342	618	363	96	391	280	89	275	32	65	349	517	175	150	371
682	355	232	529	324	518	540	397	153	439	383	236	463	486	128	452	322	393	233	628	238	243	10	417	416	26	694	591	507	284	426	283	470	60	540	56	340	237	548	697	493	566	462	204	447	442	388	560	49	532	697	627	266	613	372	429	123	351	130	106	464	662	48	370	539	261	401	271	298	598	475	0	91	202	238	271	91	618	321	185	361	695	606	62	428	447	533	243	613	436	560	440	154	187	279	291	594	129	119	604
561	227	519	51	474	142	634	516	511	308	482	201	331	646	538	217	525	182	538	564	78	279	155	472	13	637	200	634	648	592	656	145	225	334	557	169	630	660	38	606	509	475	209	540	572	389	149	686	253	300	401	26	551	123	317	78	196	109	293	10	615	427	542	65	189	273	375	92	20	137	554	274	0	217	658	459	147	7	642	432	592	422	693	355	397	78	604	49	231	601	237	122	644	695	620	186	265	447	624	70
337	633	307	383	578	22	430	269	378	61	492	454	505	95	62	590	672	137	387	323	477	487	285	386	560	369	156	499	340	243	434	277	592	138	469	265	250	185	91	477	399	404	56	61	181	539	693	356	599	421	528	536	84	512	204	675	574	17	28	179	248	130	189	232	601	462	686	485	58	124	500	498	684	0	651	580	208	508	695	520	183	680	681	209	504	618	448	119	248	103	207	170	133	596	505	277	386	277	358	337
294	503	438	539	640	441	663	355	108	417	603	81	563	390	607	139	347	354	521	329	170	38	67	556	596	599	350	623	209	249	65	392	465	238	272	509	393	250	247	48	176	125	152	380	143	638	175	320	94	614	60	352	609	255	70	498	383	637	660	228	528	34	74	671	127	262	410	141	621	81	45	312	132	60	0	222	413	87	621	142	339	498	619	311	189	345	317	689	582	540	149	102	147	194	237	59	560	555	87	34
191	475	370	212	338	216	203	4	176	485	206	614	322	457	4	583	225	661	416	378	448	340	296	22	477	9	566	42	447	172	452	325	666	27	565	179	677	99	412	530	333	320	567	527	629	447	114	636	152	300	76	529	683	380	636	233	610	661	381	357	589	119	26	232	300	542	398	95	468	515	319	569	334	462	78	0	528	187	82	671	390	530	510	73	203	268	176	416	291	100	121	250	618	368	697	553	645	283	148	410
357	519	555	241	507	372	519	301	343	158	386	133	108	248	157	693	131	281	201	305	547	35	151	386	153	235	619	485	385	86	248	232	263	464	480	419	206	648	361	159	689	211	579	164	174	698	348	12	94	542	495	535	224	478	361	466	179	457	550	361	329	265	461	504	660	494	407	363	132	661	255	579	431	38	594	367	0	232	81	316	514	274	59	639	168	93	533	607	22	29	469	474	655	296	422	332	161	87	257	154
506	568	281	609	619	634	35	23	543	238	399	683	13	687	596	194	224	35	8	533	85	312	590	353	341	518	678	554	89	335	389	354	485	109	687	291	223	325	193	495	579	268	689	338	207	234	383	445	227	379	610	160	688	418	360	287	85	479	365	43	392	278	607	683	371	536	668	130	562	168	569	680	151	639	391	385	26	0	418	366	602	20	490	691	109	328	515	309	489	261	27	573	549	142	396	386	96	89	522	118
673	649	291	541	243	300	105	349	163	100	171	220	20	146	183	286	471	694	215	184	433	406	641	668	293	58	383	332	167	528	577	549	339	369	280	665	374	477	342	491	280	333	595	498	531	698	363	545	654	599	167	360	528	283	453	204	638	151	485	439	63	505	345	158	19	693	231	214	474	636	120	598	347	600	87	687	77	357	0	245	19	333	684	537	63	95	14	493	276	186	91	239	212	16	296	570	595	281	599	178
177	240	468	672	75	77	517	266	325	493	503	68	365	271	700	397	632	210	9	412	55	668	524	33	400	208	313	663	281	566	504	431	642	28	437	72	191	223	103	95	369	514	67	14	642	489	95	215	252	26	11	242	263	382	134	393	475	335	450	497	200	634	404	207	457	404	244	335	285	162	255	462	310	360	256	623	489	46	314	0	280	86	600	213	248	116	84	250	128	412	502	466	440	30	445	91	691	302	201	313
624	52	556	697	163	75	184	493	329	212	246	214	581	155	272	529	463	616	96	330	41	508	535	620	574	700	566	204	514	196	368	88	62	129	216	671	682	659	18	111	83	271	95	576	468	248	677	297	555	90	332	255	426	341	105	502	237	364	195	385	594	233	440	664	466	686	251	649	31	373	266	74	8	266	620	348	138	105	564	202	0	660	605	251	256	72	240	663	180	419	359	644	575	621	488	284	203	665	44	429
605	688	307	573	207	478	469	301	691	300	26	457	567	556	271	483	255	582	420	677	179	399	229	607	437	503	682	460	443	676	163	361	354	64	13	628	539	611	593	130	328	73	641	13	27	57	549	172	524	672	644	517	347	119	646	412	417	606	314	21	627	385	184	318	504	449	562	149	588	365	430	258	117	349	173	13	86	189	231	635	477	0	557	552	69	289	311	515	371	490	383	632	422	489	626	40	353	27	269	66
557	466	540	164	331	155	340	101	193	440	558	427	576	419	400	466	466	259	217	657	621	671	89	270	54	232	48	343	210	207	93	651	207	459	14	144	578	603	171	465	333	497	685	267	509	490	61	537	66	329	309	148	592	401	175	526	94	397	492	214	337	564	79	26	695	464	180	478	624	386	545	11	540	585	677	264	266	493	500	361	290	40	0	551	245	81	601	496	38	238	305	567	113	340	152	169	205	98	490	334
393	164	91	537	676	536	219	173	451	560	26	502	574	44	418	219	552	311	483	457	78	447	141	657	453	600	57	570	293	336	73	72	376	245	535	205	193	400	659	28	586	230	468	661	72	505	81	612	163	319	79	346	685	136	239	107	151	382	376	141	579	174	635	57	640	302	534	541	585	50	37	607	502	385	671	643	351	369	608	480	390	98	11	0	530	174	700	695	547	442	537	28	31	320	350	122	610	267	530	264
575	689	524	31	560	620	333	235	178	578	35	167	384	577	21	551	97	584	191	10	394	617	114	104	293	564	680	68	396	400	239	448	666	658	134	471	579	179	6	95	510	273	167	528	339	192	359	452	265	93	451	620	469	608	664	114	99	9	553	521	356	72	534	639	283	621	327	540	323	298	463	223	124	680	614	94	257	34	24	167	131	570	334	148	0	685	684	508	342	491	40	437	390	467	513	333	459	435	346	553
504	92	392	364	454	216	499	172	356	540	482	107	508	1	460	389	613	646	450	470	295	666	656	558	407	334	74	256	364	118	627	439	358	47	540	700	407	454	383	341	616	552	635	623	244	72	107	256	416	184	118	410	38	377	390	589	155	581	33	126	658	339	73	661	122	179	148	625	599	54	338	191	647	127	497	436	313	447	184	473	285	266	445	464	288	0	105	364	477	265	205	222	410	313	237	2	34	675	3	588
200	476	382	219	374	389	460	572	444	461	4	597	488	412	25	576	271	9	568	3	157	280	180	1	5	39	384	313	510	696	55	362	78	627	338	646	241	77	381	91	171	10	375	182	23	622	570	420	316	303	597	458	226	500	91	210	221	625	223	411	159	320	465	442	361	117	137	591	221	255	473	6	626	286	119	53	387	369	584	218	499	300	349	166	83	226	0	126	137	166	430	224	662	319	472	539	657	273	576	192
136	249	269	281	112	276	212	442	467	264	530	104	240	643	656	635	41	21	457	65	571	650	414	433	187	374	600	239	430	658	543	118	655	402	563	148	445	17	701	468	295	538	144	83	186	65	676	412	293	576	384	623	569	616	260	527	131	356	347	6	357	650	377	284	195	6	544	556	321	594	363	220	550	31	447	695	491	616	273	475	319	362	647	372	149	628	528	0	68	452	524	84	208	249	659	86	165	448	239	350
98	179	222	21	386	688	546	90	568	141	652	195	308	188	245	265	627	140	342	27	431	666	397	337	616	144	638	616	231	195	431	256	33	619	438	314	649	647	101	6	295	349	545	558	127	662	118	469	687	296	553	17	269	6	486	428	140	256	555	646	94	416	516	253	485	245	90	561	689	276	438	526	130	396	215	170	283	348	250	106	200	657	488	138	584	187	491	12	0	625	255	308	651	530	231	269	358	595	111	429
429	498	572	411	514	650	118	474	270	274	325	174	328	441	61	699	560	282	353	568	124	260	112	358	536	595	270	293	656	578	69	149	191	95	251	455	692	572	141	82	66	221	639	444	627	451	522	488	362	300	565	569	41	632	695	374	72	641	241	672	652	453	328	171	534	622	224	146	298	594	509	672	490	612	411	145	438	146	235	445	88	22	605	430	448	589	3	17	548	0	463	490	51	605	38	463	242	328	244	157
162	599	126	257	698	604	549	84	328	80	659	463	222	474	463	180	602	193	502	489	251	310	665	570	593	438	260	205	134	544	265	376	679	669	421	496	701	75	150	104	495	590	351	86	412	182	561	104	304	24	397	529	578	494	314	522	10	344	647	391	453	53	568	655	205	37	358	154	454	238	671	494	2	401	615	245	611	322	174	77	259	203	680	122	173	19	132	625	68	386	0	270	178	395	165	99	520	144	535	562
292	344	401	370	124	604	499	535	550	154	135	364	48	588	697	320	426	452	670	148	499	282	292	555	658	151	644	629	546	352	490	297	59	578	538	327	303	94	600	16	270	405	263	581	573	330	515	167	280	463	562	678	3	428	643	70	101	614	353	620	501	54	381	299	65	392	384	635	296	364	244	644	525	174	693	613	460	87	232	342	278	346	222	335	104	292	692	57	468	628	134	0	650	116	570	557	87	701	677	340
41	610	524	27	72	382	496	193	181	504	676	660	455	522	348	691	601	85	433	488	617	495	441	431	90	311	101	252	38	115	478	229	629	362	589	468	442	531	639	158	237	376	588	314	507	83	520	352	695	98	149	146	127	219	146	203	599	67	244	386	362	405	202	234	228	681	499	313	687	615	206	373	584	139	441	679	520	651	603	632	485	77	402	608	36	472	104	558	83	142	275	328	0	538	154	232	182	217	551	188
174	98	172	216	93	163	426	613	543	612	699	656	340	169	43	588	583	278	700	373	136	229	324	334	675	42	215	299	475	424	555	672	201	559	141	608	587	613	18	452	178	150	327	394	366	561	108	692	509	500	415	199	54	545	556	573	195	662	498	624	309	389	234	636	210	696	505	466	111	495	161	424	414	679	266	522	657	538	479	260	447	92	39	58	8	612	436	539	382	679	80	647	445	0	379	641	323	700	586	439
308	504	91	628	564	231	410	512	116	545	474	376	255	247	494	506	673	108	503	62	583	280	55	458	107	148	606	368	351	528	586	325	600	496	49	49	378	687	603	550	189	685	390	635	94	625	176	455	86	274	675	327	522	269	205	182	197	244	223	189	543	624	255	464	418	371	593	72	431	63	378	17	270	63	560	390	217	700	196	643	305	155	373	332	171	45	226	497	36	620	594	544	303	514	0	569	599	470	421	596
138	507	479	690	614	353	613	331	589	436	140	567	311	547	369	660	138	475	34	257	285	629	554	110	662	23	646	70	254	100	308	424	342	38	402	70	527	475	99	351	549	252	36	608	46	219	615	466	556	28	546	163	164	653	104	22	470	355	527	325	42	217	270	32	140	253	605	294	667	217	190	628	578	475	522	423	639	452	610	504	174	700	147	67	381	344	173	207	462	85	15	223	126	513	129	0	64	386	495	227
349	386	479	555	615	559	299	409	307	162	365	226	21	457	485	391	406	332	678	354	464	644	11	583	406	395	199	324	136	378	228	682	35	311	97	530	47	61	669	199	526	380	670	457	62	257	67	547	334	43	477	214	309	6	115	147	239	552	331	66	182	676	418	117	68	221	389	699	366	221	504	28	668	218	644	689	334	191	419	193	379	111	228	251	654	127	14	642	297	654	639	315	540	306	524	47	0	414	546	260
518	551	543	387	649	96	322	454	226	255	312	189	151	321	55	338	383	229	122	4	343	307	637	351	34	273	585	172	345	454	561	304	661	643	189	128	54	191	535	166	41	628	107	147	116	191	179	224	168	105	608	569	613	566	167	408	648	402	61	17	19	512	21	503	517	68	138	141	539	319	166	375	662	527	690	2	80	441	342	585	234	135	399	587	452	401	296	239	491	236	596	420	515	82	405	309	200	0	643	448
1	326	446	591	688	71	514	565	75	313	110	411	52	416	165	482	639	665	270	645	12	92	628	536	61	521	181	145	665	598	516	188	236	532	249	345	237	524	586	313	171	156	639	267	41	300	474	492	663	371	63	408	382	469	219	455	149	543	545	112	648	582	153	202	67	684	549	493	468	423	613	380	76	360	614	419	16	613	178	328	571	697	447	171	187	387	666	491	366	174	400	469	181	637	559	126	156	253	0	32
683	122	216	384	157	224	59	468	647	624	346	238	11	311	108	167	151	114	303	117	649	229	693	367	254	545	382	686	460	556	434	20	398	166	362	551	687	210	29	205	236	425	553	619	392	126	406	377	442	287	196	352	664	3	330	181	482	142	41	673	475	412	266	581	605	346	183	161	288	331	36	455	702	610	514	670	244	354	666	61	486	540	538	498	683	104	642	601	280	593	123	187	561	377	561	410	695	128	2	0
