A	B	C	D	E	F	G	H	I	J	K	L	M	N	O	P	Q	R	S	T	U	V	W	X	Y	Z	AA	AB	AC	AD	AE	AF	AG	AH	AI	AJ	AK	AL	AM	AN	AO	AP	AQ	AR	AS	AT	AU	AV	AW	AX	AY	AZ	BA	BB	BC	BD	BE	BF	BG	BH	BI	BJ	BK	BL	BM	BN	BO	BP	BQ	BR	BS	BT	BU	BV	BW	BX	BY	BZ	CA	CB	CC	CD	CE	CF	CG	CH	CI	CJ	CK	CL	CM	CN	CO	CP	CQ	CR	CS	CT	CU	CV
0	39	2	51	8	61	38	43	3	16	66	62	70	65	13	1	17	58	66	21	11	51	54	31	64	36	6	52	50	43	59	4	6	21	40	41	60	38	5	29	58	1	50	42	37	48	56	33	44	10	30	35	55	52	42	59	21	13	70	11	70	70	35	51	10	6	36	24	1	60	45	8	29	15	63	68	67	26	66	5	61	52	57	15	29	60	37	32	28	5	5	33	58	15	38	32	63	63	43	49
55	0	11	42	30	36	13	26	46	70	53	2	42	67	36	2	63	41	5	64	10	45	39	7	27	14	11	16	48	61	5	14	28	7	15	23	64	32	64	24	52	33	64	20	15	41	31	31	41	56	62	50	26	40	26	65	3	25	28	6	57	44	29	60	22	9	43	28	53	38	24	70	35	61	23	33	4	28	34	15	34	58	39	35	13	29	28	58	54	27	69	49	16	6	15	10	2	50	41	19
16	1	0	19	48	20	49	11	65	64	49	32	8	17	70	41	20	37	17	20	10	24	51	12	21	5	35	48	44	8	32	21	24	1	11	18	41	35	3	49	1	38	2	15	7	11	58	65	1	17	39	24	23	70	40	65	61	61	1	21	49	1	70	15	22	26	42	45	27	61	40	54	45	25	13	16	17	35	35	37	10	9	6	2	24	39	12	31	43	23	2	44	65	20	6	32	1	8	63	38
16	15	1	0	11	20	23	54	3	54	9	34	22	63	20	15	59	69	59	3	30	55	2	30	32	66	7	1	43	27	26	53	29	41	35	65	7	11	12	6	29	56	22	44	43	58	24	61	67	16	38	22	27	41	33	42	60	11	39	25	7	10	37	69	15	28	29	53	54	63	28	30	5	64	68	49	33	16	59	61	58	17	28	38	69	60	52	8	65	23	63	8	25	23	32	23	25	39	23	49
41	14	57	42	0	24	18	9	52	23	56	59	51	31	16	58	45	69	67	58	6	55	37	23	25	61	42	15	69	1	67	39	2	65	62	28	55	2	62	15	51	34	47	29	45	45	63	60	40	49	65	1	67	30	56	39	36	67	70	58	30	66	11	64	37	51	60	52	47	51	15	6	55	28	35	62	67	33	28	56	4	21	28	53	22	57	49	17	45	70	1	31	42	66	1	38	16	64	8	66
1	32	31	5	16	0	22	15	4	61	31	34	36	60	16	34	40	51	11	1	13	19	70	37	63	58	23	7	46	5	23	19	43	68	70	49	30	10	43	66	9	52	7	15	59	48	38	28	53	2	58	14	28	48	57	11	40	36	14	36	52	3	11	65	49	67	68	35	31	43	24	28	10	2	36	24	54	29	45	35	50	47	48	59	22	1	56	64	31	30	48	34	20	14	18	31	30	54	30	37
68	34	61	14	45	5	0	10	40	57	34	27	43	55	1	29	49	24	35	68	46	48	24	69	17	54	7	59	69	38	46	4	10	23	9	54	41	45	25	3	55	52	31	61	18	44	59	16	26	63	64	20	15	62	2	20	69	6	66	23	53	8	11	52	43	4	40	60	61	32	16	21	29	24	37	63	11	17	8	67	17	48	33	28	54	39	3	51	52	51	45	24	30	65	24	46	35	6	47	40
51	38	70	6	59	50	1	0	56	7	10	29	69	1	27	30	14	57	46	37	39	44	6	16	63	34	14	53	22	44	43	23	14	30	28	21	8	30	15	25	20	66	20	63	65	35	52	24	60	44	22	17	24	10	31	18	40	40	30	56	27	42	16	5	15	42	57	15	31	29	24	1	18	36	62	53	35	2	45	52	58	13	20	65	70	45	4	54	20	35	19	42	65	21	29	33	16	51	1	8
38	35	70	58	24	39	37	55	0	52	19	2	23	59	68	26	27	59	32	12	13	1	64	43	22	26	55	31	64	28	20	5	13	30	20	66	9	3	54	42	52	33	63	57	26	40	20	51	41	55	17	5	10	51	28	13	44	23	53	20	21	57	34	66	54	12	26	4	13	4	12	57	47	60	24	55	5	47	18	11	17	27	2	30	46	16	32	23	61	16	7	5	1	34	13	23	60	12	32	1
15	67	64	57	70	18	7	30	23	0	38	55	13	49	37	47	25	14	17	60	6	32	45	50	29	50	15	23	34	42	47	1	24	8	32	65	52	20	42	53	15	7	50	67	63	42	2	4	67	52	60	34	18	32	3	30	65	26	10	39	49	21	22	17	53	65	7	37	25	30	1	55	60	55	59	3	31	18	1	64	65	28	50	45	70	60	1	28	11	42	66	56	23	56	53	44	25	15	48	25
11	25	18	65	23	7	40	27	40	32	0	8	12	46	68	16	39	36	30	21	35	23	5	45	54	31	66	45	59	19	7	4	24	31	52	24	4	13	30	45	32	58	54	66	20	25	68	33	14	12	39	38	38	62	30	26	62	65	26	51	6	17	31	60	47	13	39	39	70	68	11	62	2	63	38	5	50	7	19	35	33	2	14	70	68	29	53	17	4	51	35	60	48	22	60	67	59	43	63	36
17	37	56	42	19	51	38	69	56	24	53	0	37	8	26	43	28	28	20	48	9	5	60	19	32	33	51	59	31	68	66	4	69	58	61	61	67	22	31	26	4	63	8	15	52	27	50	61	64	65	12	70	35	44	59	56	7	61	63	6	3	1	53	59	48	34	67	62	11	70	5	69	15	58	25	60	48	70	49	13	70	28	3	18	48	24	43	43	2	16	6	67	43	55	31	67	34	20	8	45
17	45	19	49	30	20	63	31	37	28	28	15	0	47	15	62	36	37	67	11	5	65	28	42	25	64	61	25	21	27	47	41	12	68	43	32	67	60	21	48	38	10	6	68	3	69	14	62	64	54	60	48	66	46	52	27	53	42	66	35	10	60	40	69	39	68	43	6	3	45	63	60	37	56	14	18	68	68	27	54	38	18	66	13	64	43	48	10	45	63	18	60	38	51	16	54	30	53	68	13
22	57	67	12	63	51	31	70	26	32	2	18	36	0	25	12	8	25	12	54	30	50	66	11	23	65	8	59	15	2	34	28	68	3	62	2	2	59	18	3	62	12	69	64	54	60	60	38	41	2	14	28	36	63	15	62	50	39	35	41	37	28	10	63	62	66	30	32	55	14	58	48	46	37	53	35	2	45	11	54	3	19	5	60	37	26	2	38	24	3	20	9	26	27	57	20	29	14	54	68
59	66	35	53	44	57	43	8	44	22	57	68	41	64	0	24	10	66	53	12	12	4	64	42	40	15	11	27	63	2	1	68	24	33	67	24	46	26	53	66	53	27	70	22	14	47	17	21	70	48	1	48	32	17	6	39	70	38	49	29	65	67	36	43	24	15	29	5	61	17	38	14	17	19	28	50	17	19	60	69	69	27	33	18	55	20	6	20	35	37	25	16	20	46	30	29	70	39	63	6
8	3	35	25	45	3	60	64	24	5	28	1	42	51	1	0	6	52	17	57	49	59	18	69	11	30	52	40	23	24	11	65	52	38	11	54	36	22	16	13	47	15	23	1	16	19	22	34	6	45	56	24	50	8	68	9	61	44	6	3	13	48	24	22	62	25	30	20	52	26	7	27	53	22	24	39	6	15	60	33	48	23	7	39	18	37	31	56	62	58	12	52	12	8	37	69	39	38	47	28
39	39	11	3	12	21	21	53	39	35	57	57	53	16	52	11	0	61	52	24	33	60	2	38	64	48	13	67	33	26	14	49	1	69	54	32	59	21	28	62	27	20	50	53	6	27	32	46	36	47	18	34	68	66	17	68	66	45	42	26	39	39	10	53	17	4	36	29	65	36	23	57	66	33	54	59	40	43	49	15	22	34	13	3	35	60	35	13	52	28	31	10	46	38	15	64	46	65	51	53
63	55	22	3	11	38	27	33	27	5	20	39	1	24	50	28	49	0	20	58	24	29	66	23	9	22	25	18	50	23	65	43	62	47	18	69	27	9	64	10	61	61	51	58	46	14	1	9	5	56	41	40	2	19	53	63	46	47	54	17	51	18	44	30	34	19	59	1	65	50	23	2	27	37	3	57	19	24	7	3	15	6	21	61	52	19	58	25	15	58	11	70	3	28	38	10	53	1	61	18
34	36	39	9	26	57	22	44	66	48	57	17	15	50	12	7	67	26	0	46	6	43	55	38	66	62	13	27	25	16	47	40	50	59	26	25	53	51	63	1	9	60	34	62	28	30	31	16	42	8	8	25	18	59	2	23	52	57	55	54	40	58	68	35	48	45	56	25	70	30	42	8	70	62	5	51	10	67	20	9	14	60	11	20	27	22	10	54	43	30	2	43	56	22	40	63	26	65	65	12
55	56	1	27	59	66	37	53	65	62	45	60	38	53	25	63	44	44	38	0	47	64	48	69	35	27	42	21	8	31	28	40	57	60	61	1	37	35	57	6	60	68	25	19	30	36	68	12	7	55	11	8	45	40	20	8	67	59	69	68	60	28	64	60	45	28	9	29	32	18	53	10	22	69	9	25	65	32	21	35	62	27	37	47	63	29	20	30	20	62	57	50	9	48	66	52	33	70	51	55
24	23	37	68	1	69	18	47	11	48	6	58	45	59	52	1	6	65	24	48	0	8	45	64	15	10	32	39	6	15	48	11	64	22	6	21	28	23	56	13	23	20	19	35	62	32	40	59	33	18	4	9	48	11	64	18	33	56	69	15	32	42	3	21	30	13	16	32	9	54	59	14	7	58	40	17	30	34	15	49	9	21	65	37	66	17	32	11	33	22	49	55	49	20	44	22	25	11	49	14
70	17	11	48	30	21	66	37	50	49	54	32	40	36	41	65	29	8	56	36	8	0	58	24	29	4	62	11	11	37	45	25	41	33	3	21	3	32	7	42	56	9	68	21	47	60	64	39	34	52	70	31	7	20	29	34	48	56	52	45	20	1	43	51	12	18	69	32	16	19	52	27	55	46	52	4	31	43	56	49	27	51	35	32	32	23	61	38	38	37	41	58	52	55	39	36	30	63	41	65
34	45	32	22	68	12	20	7	3	43	36	56	28	55	46	10	70	34	40	33	42	68	0	35	62	37	38	19	56	7	45	41	35	40	39	63	70	66	37	65	3	4	51	24	27	3	10	1	42	9	70	48	25	28	37	54	3	42	59	40	70	47	24	50	40	24	60	15	12	10	10	16	15	11	13	46	18	51	6	58	5	5	6	28	33	30	18	70	64	34	28	57	55	48	1	68	8	4	27	25
64	40	51	35	46	70	5	70	41	63	20	69	10	16	57	12	15	29	14	22	18	1	44	0	55	8	19	8	40	46	35	14	44	4	12	60	33	29	36	68	58	12	40	70	21	61	47	47	51	2	47	4	64	38	49	39	7	63	39	1	17	52	1	9	38	10	37	8	5	30	55	27	39	51	49	46	45	24	2	28	5	68	16	65	29	9	3	17	16	17	57	4	15	59	26	59	69	39	37	6
59	20	55	51	15	17	15	30	54	33	38	22	28	65	42	4	27	8	47	54	53	46	35	20	0	22	49	45	10	19	55	54	17	63	57	64	36	53	47	13	55	19	67	8	57	62	50	37	56	41	26	65	24	33	15	26	55	19	7	2	33	25	68	23	50	16	56	1	51	57	69	33	46	33	52	40	8	55	10	20	60	7	46	43	56	15	18	11	19	59	16	31	12	26	51	24	38	69	56	33
62	26	7	15	35	42	44	16	2	68	35	27	68	61	23	7	27	56	47	50	42	18	15	26	15	0	22	47	4	63	19	46	59	17	28	32	68	69	28	46	65	67	5	65	58	41	55	7	16	38	44	14	21	47	18	8	50	4	42	27	58	55	34	24	5	63	70	38	37	1	48	51	9	19	36	2	56	12	22	19	24	15	7	38	20	8	8	13	60	52	12	19	55	65	9	65	59	66	10	50
59	37	4	64	1	23	24	5	68	44	25	66	6	32	59	45	11	54	61	31	53	40	17	30	50	70	0	57	64	63	69	2	28	34	14	37	48	55	47	46	13	5	11	62	56	48	66	18	49	59	37	61	44	1	64	59	11	4	10	47	44	31	61	69	21	16	48	35	13	52	1	34	57	20	37	66	33	14	36	8	51	61	52	16	55	29	31	22	12	49	19	24	38	22	44	51	66	49	9	38
45	36	13	12	49	29	2	41	50	11	18	28	8	52	21	10	10	54	62	54	40	1	58	70	61	12	52	0	62	31	33	20	42	42	32	68	22	44	50	62	42	4	14	48	51	29	26	48	31	37	50	46	66	31	17	31	60	13	17	61	26	38	12	52	41	32	31	27	66	11	56	40	48	10	34	12	11	17	37	23	31	26	26	3	56	41	53	53	47	58	48	43	53	52	40	33	57	48	65	57
25	2	64	18	42	66	29	30	3	16	6	9	33	21	20	57	58	20	45	38	64	26	37	44	68	25	14	59	0	33	27	4	55	60	55	68	62	4	64	23	70	36	16	61	48	53	12	8	40	27	41	68	64	43	43	52	39	30	15	2	48	17	48	52	32	56	41	55	8	36	24	39	4	19	37	60	58	51	19	52	17	16	21	42	51	8	16	64	48	52	10	60	12	56	5	20	62	3	58	22
63	49	31	24	53	54	10	5	51	2	32	5	48	17	42	50	65	36	34	37	13	40	38	33	31	37	13	46	15	0	40	53	59	48	41	8	49	26	40	21	48	5	50	31	47	63	9	57	62	61	1	68	46	30	56	24	24	62	70	30	12	36	63	29	28	43	65	60	60	37	63	19	37	34	2	4	4	70	3	65	14	57	36	49	3	41	57	53	21	58	7	1	61	44	38	65	5	29	35	6
45	68	9	62	6	6	41	52	6	66	2	44	35	36	30	70	9	31	67	7	65	13	25	31	54	42	50	55	25	67	0	35	36	10	54	53	23	16	21	48	25	9	64	13	2	24	33	30	20	66	36	28	45	45	36	33	18	17	22	48	21	32	18	40	32	7	62	5	3	67	69	28	19	68	39	60	33	49	8	25	58	20	53	15	5	33	59	43	25	6	30	21	46	33	53	61	66	40	37	67
7	55	35	45	55	45	26	12	50	52	29	69	61	70	57	43	64	16	54	16	51	63	55	40	20	1	13	55	34	57	20	0	14	12	41	70	70	27	33	60	69	34	25	40	1	52	18	13	25	62	22	64	14	31	46	51	54	59	48	28	38	63	69	20	28	53	47	66	49	9	21	6	53	43	57	58	47	29	22	33	4	38	15	67	28	43	2	2	19	66	50	4	28	26	42	58	68	44	51	54
42	51	43	36	14	70	6	33	37	7	16	19	63	53	53	41	38	67	51	32	67	14	9	10	36	16	18	17	15	59	20	5	0	45	60	36	15	42	8	41	13	6	60	62	16	13	12	59	64	1	49	69	64	37	32	16	55	17	9	24	1	23	24	62	37	60	11	45	33	15	52	49	29	67	29	57	46	1	18	53	26	6	19	17	22	57	60	25	20	68	19	7	21	45	36	12	14	1	65	37
50	61	10	45	35	56	9	58	44	56	9	59	20	60	19	65	49	31	52	12	24	32	32	37	48	8	25	23	55	9	15	29	40	0	40	45	9	2	64	37	44	36	8	41	68	27	45	51	66	41	65	50	23	13	67	19	39	19	59	62	7	49	54	29	11	4	29	35	17	41	41	26	27	14	15	34	56	1	43	33	21	60	23	66	16	68	49	45	9	67	31	70	16	47	18	20	34	48	41	40
42	43	17	31	46	63	4	48	42	49	52	60	37	7	10	16	44	32	49	14	51	36	49	60	14	66	42	10	3	20	1	38	9	65	0	1	28	36	59	44	23	54	25	56	19	40	15	68	39	52	53	56	26	2	4	53	44	38	62	30	8	57	65	70	5	36	59	54	38	37	56	37	28	10	26	9	55	60	61	8	31	40	12	63	6	37	26	19	64	47	68	52	35	69	32	59	28	60	11	68
12	10	44	3	14	6	21	31	47	16	27	48	40	69	10	4	63	47	17	22	50	45	14	6	2	33	49	54	1	4	65	17	65	34	56	0	1	58	14	53	29	11	23	41	15	28	54	41	18	55	40	62	65	17	7	17	5	25	50	66	59	21	15	26	65	6	12	19	36	36	54	34	17	8	8	48	37	42	3	50	21	68	15	49	38	33	22	32	69	15	53	48	1	36	11	48	30	56	20	7
21	23	42	38	46	50	59	62	58	17	33	57	21	64	23	29	66	59	68	57	52	34	1	46	60	58	51	64	18	4	51	63	2	7	26	57	0	10	11	45	5	24	42	70	32	13	63	24	28	27	9	1	67	24	39	69	24	41	21	53	40	57	26	5	58	11	45	42	51	47	57	44	44	14	38	15	9	29	48	15	61	38	28	22	68	5	40	46	26	21	15	67	54	39	3	4	21	33	55	26
32	18	60	4	37	41	70	52	27	1	27	8	57	49	39	6	11	47	42	31	17	11	39	40	61	57	68	4	28	10	68	45	12	53	18	35	59	0	51	65	35	29	4	27	58	8	66	24	59	14	37	47	30	47	10	10	43	26	15	35	62	44	24	65	58	21	17	30	24	61	52	60	9	36	66	37	9	44	16	49	1	44	70	25	4	65	38	12	23	58	44	23	29	39	65	27	10	29	63	62
63	51	34	54	2	67	26	19	37	8	21	58	38	4	14	37	20	5	51	64	6	42	55	1	42	33	33	36	31	5	67	63	68	31	49	68	8	69	0	10	11	36	21	16	41	8	45	46	8	50	23	55	65	3	36	35	48	66	34	24	19	5	56	68	39	49	8	34	50	64	24	62	58	16	56	20	60	65	43	44	55	56	1	25	36	14	25	55	33	26	4	23	29	37	14	28	60	58	54	54
31	17	16	61	48	64	31	48	53	22	9	48	46	68	10	67	13	15	44	18	69	61	15	16	57	53	67	48	22	58	54	4	35	23	4	63	21	70	60	0	2	33	65	27	33	15	47	45	26	3	68	16	59	58	26	48	38	16	19	11	22	46	23	49	68	54	52	66	16	1	69	50	64	67	53	65	68	35	10	17	32	68	10	53	53	54	27	25	30	30	54	46	8	28	12	11	6	8	18	10
24	57	44	33	2	38	15	55	28	17	43	40	56	69	28	60	6	12	32	36	44	7	10	67	67	27	39	53	3	68	22	17	22	57	9	23	33	43	1	48	0	50	42	50	35	17	65	70	34	3	48	25	25	8	65	70	12	26	45	33	13	18	3	56	56	38	59	58	18	2	30	12	67	41	41	3	30	2	23	67	18	47	60	8	3	48	34	64	24	57	65	20	60	15	44	17	17	28	27	57
19	33	52	56	39	51	39	32	61	15	54	54	23	50	3	31	10	55	60	68	37	54	1	64	4	48	37	66	50	45	27	33	1	44	25	41	50	34	17	22	14	0	32	59	40	36	28	65	17	35	48	41	56	20	20	33	47	57	10	29	54	1	24	15	1	32	35	31	53	25	20	6	23	64	16	48	31	50	54	63	66	12	2	26	6	46	3	36	49	8	65	13	4	7	70	54	67	57	42	14
66	45	15	63	46	9	10	26	9	24	19	24	55	34	64	8	14	33	56	44	25	46	67	39	3	51	40	21	16	68	35	26	35	10	61	21	41	53	17	10	55	5	0	21	24	29	37	3	59	16	32	62	39	60	59	14	51	6	66	49	27	1	56	62	9	66	39	29	43	15	68	16	43	8	10	2	44	70	34	8	40	47	42	51	53	28	45	21	55	69	33	29	58	54	60	42	59	43	14	42
36	66	14	28	30	58	16	1	6	21	46	69	46	46	62	43	46	28	8	23	22	53	69	58	3	27	39	1	49	35	44	35	27	52	37	37	53	49	40	61	55	65	55	0	4	43	68	20	30	65	60	13	12	33	5	20	18	59	31	32	30	21	70	43	21	13	13	8	11	30	6	39	8	28	61	2	32	18	10	58	36	65	68	11	15	58	26	52	35	7	61	26	13	66	29	11	59	62	60	22
46	58	56	59	20	52	25	40	56	41	17	28	5	56	15	3	48	17	17	52	41	30	5	29	2	41	5	68	17	5	35	9	12	64	64	39	58	58	35	9	35	45	20	35	0	5	31	19	11	44	50	63	41	17	21	15	13	13	43	67	34	5	64	38	24	30	34	7	31	30	58	67	14	33	55	61	63	55	63	13	63	44	45	34	1	38	32	18	35	1	14	13	19	50	51	15	6	50	55	31
62	4	3	45	60	23	25	63	22	67	38	52	26	61	37	28	64	61	6	26	3	9	49	10	7	9	19	20	35	61	11	2	8	47	60	52	55	2	64	35	3	26	13	53	16	0	45	7	24	61	38	30	52	51	3	70	14	35	23	45	55	44	40	36	61	38	69	45	5	36	17	47	64	70	47	37	46	39	60	64	24	54	30	48	6	19	28	17	59	36	4	39	9	12	18	12	15	30	47	42
64	50	22	17	70	69	7	21	39	49	47	59	12	17	15	35	49	29	34	19	8	45	4	17	21	46	33	51	57	17	65	66	28	58	28	48	8	12	16	43	49	14	18	20	68	2	0	20	18	19	63	29	48	7	62	30	56	20	45	59	34	32	10	27	18	67	45	52	22	31	61	43	35	35	6	39	20	38	63	31	68	65	27	5	37	68	15	17	57	16	38	39	58	8	18	61	15	26	14	33
57	10	23	40	40	31	32	4	17	10	1	3	19	57	67	27	3	34	70	30	44	26	20	41	9	7	46	56	69	50	66	56	57	39	9	53	26	4	20	61	33	40	66	22	47	37	16	0	61	42	59	48	19	30	1	37	25	39	62	41	46	33	35	27	13	37	30	59	11	66	26	16	48	22	10	1	20	26	3	18	59	39	65	4	12	40	10	65	41	32	32	23	2	26	67	29	15	30	26	38
30	54	56	68	36	35	41	69	10	52	66	69	22	2	6	66	62	62	38	53	64	22	33	39	66	22	31	8	51	53	25	2	68	15	7	2	34	62	13	25	24	1	33	17	10	27	8	49	0	43	35	39	18	51	52	57	14	3	40	70	5	21	50	30	12	33	10	66	25	23	41	52	52	33	33	21	9	27	69	52	1	58	58	45	49	19	63	59	61	69	55	65	64	1	26	27	31	59	23	55
42	15	11	13	21	4	50	68	20	43	61	23	20	48	63	29	32	46	14	37	7	23	55	47	18	52	18	36	63	40	15	5	62	45	32	39	52	66	13	48	12	10	11	70	37	11	41	60	16	0	38	46	32	57	34	17	31	45	16	12	63	47	33	69	56	24	9	4	5	13	7	34	57	34	19	9	35	41	70	13	11	50	4	37	15	39	52	68	49	26	57	50	6	23	30	64	16	61	43	66
17	66	7	59	18	10	48	28	69	12	52	29	17	43	38	1	27	16	4	26	45	34	41	69	57	30	18	61	30	60	50	1	5	40	25	69	59	68	19	40	7	20	67	34	65	55	44	70	48	5	0	51	67	61	40	60	9	14	44	37	51	14	67	54	5	61	16	34	26	1	21	2	30	66	3	7	8	51	70	24	29	13	62	36	45	31	10	16	54	30	39	67	18	12	26	61	70	65	30	57
29	27	42	66	67	63	25	63	32	15	18	64	6	25	57	9	42	14	14	68	54	10	37	40	14	64	61	51	24	61	52	25	56	34	19	28	38	59	25	62	21	42	22	26	17	28	6	57	24	54	64	0	48	67	61	39	22	38	51	32	29	33	36	3	42	68	50	9	37	3	8	67	45	42	13	35	35	54	31	50	69	46	42	54	32	37	46	34	22	32	10	52	28	29	64	5	27	10	38	45
19	36	43	19	44	69	7	22	3	11	30	15	32	44	8	48	9	15	36	54	48	42	67	28	13	61	38	20	33	70	19	36	38	21	35	38	26	1	57	43	68	19	17	22	14	18	23	53	21	17	38	32	0	60	11	66	20	37	62	62	70	1	24	36	55	16	10	27	17	43	26	41	22	52	52	12	5	3	52	27	48	11	33	39	18	55	18	61	68	54	37	37	50	28	26	14	58	66	17	61
37	67	10	41	49	67	50	25	25	44	64	5	57	59	27	65	3	34	6	62	44	28	13	14	36	68	49	55	4	42	30	59	28	60	2	47	60	26	37	31	63	33	56	46	52	41	50	35	1	54	26	12	36	0	36	37	35	27	21	33	17	39	53	67	29	12	40	38	49	35	61	49	10	70	37	35	69	17	45	24	5	14	25	17	9	56	52	22	58	58	30	15	17	69	52	45	27	66	46	38
31	44	50	25	27	59	51	64	58	59	46	63	63	45	69	42	61	51	8	23	16	2	27	19	26	12	59	65	22	25	64	53	64	54	8	16	70	70	39	25	2	68	70	57	62	13	48	4	55	8	47	41	40	59	0	64	53	44	49	33	27	48	43	11	54	9	8	47	29	66	26	52	11	46	23	27	10	3	6	54	44	16	22	16	59	66	45	64	60	7	46	41	70	8	54	14	68	20	37	25
42	59	58	57	41	15	24	67	52	6	47	19	59	38	1	24	11	19	24	32	51	21	42	14	24	15	56	66	49	66	46	52	5	35	29	11	30	16	7	20	44	11	44	6	10	16	66	16	27	30	55	9	21	70	55	0	67	7	4	45	2	57	50	26	19	40	21	12	3	14	23	17	58	69	61	28	60	36	2	30	60	16	62	9	20	49	38	53	56	22	44	44	67	32	53	19	45	14	26	3
51	19	1	31	29	57	39	14	48	68	38	19	55	8	69	59	39	53	4	54	57	41	3	5	64	12	10	7	28	53	26	63	64	11	36	18	31	66	67	2	23	18	53	31	43	62	29	9	38	15	30	57	68	51	22	59	0	42	52	7	2	35	17	42	29	54	40	29	68	36	21	48	65	43	32	46	39	3	70	21	62	46	2	69	19	55	57	10	14	56	55	55	14	3	7	49	34	28	38	57
1	43	4	56	58	70	21	35	18	51	69	35	15	34	3	2	23	47	25	35	12	15	49	43	60	66	15	63	30	29	43	18	52	68	23	43	64	49	65	4	30	54	14	47	12	50	36	6	9	25	26	30	59	24	5	16	56	0	65	44	36	12	50	36	49	59	29	57	12	70	17	31	67	29	8	65	54	37	21	32	66	10	11	29	39	38	60	34	21	51	67	29	25	4	59	26	8	2	1	64
4	46	39	25	24	48	37	32	4	4	19	23	70	10	13	28	51	49	13	59	29	31	10	4	21	36	37	49	66	31	67	26	60	35	55	20	25	61	32	10	34	39	37	20	59	37	59	13	23	38	70	70	22	7	30	36	70	48	0	1	64	36	51	65	34	48	5	54	25	52	5	38	41	49	9	12	16	59	7	68	41	40	11	56	42	38	33	21	63	59	57	25	49	1	8	69	59	10	18	22
35	8	8	43	46	16	26	14	59	4	63	54	17	33	16	30	36	62	35	6	55	47	57	18	50	28	1	13	68	1	28	43	30	70	1	63	62	50	19	52	45	39	7	10	68	22	48	17	17	23	34	46	35	68	20	58	41	12	18	0	52	38	10	44	18	25	21	66	14	12	47	45	10	44	34	54	51	17	26	37	41	36	39	13	14	28	45	54	39	31	1	8	34	2	61	40	11	31	33	69
69	38	8	4	33	47	15	41	60	30	32	23	68	39	64	25	15	12	30	39	65	64	38	59	50	55	46	53	44	7	31	29	23	67	55	2	11	59	52	41	29	44	27	45	3	37	64	52	61	62	44	34	4	40	62	52	58	58	49	4	0	28	4	38	33	37	36	34	39	3	9	6	13	12	12	7	28	52	1	6	5	53	14	13	36	1	59	5	40	64	50	45	39	41	23	4	64	30	65	59
27	64	56	53	40	40	7	15	6	55	27	69	53	43	54	48	45	53	70	29	50	2	18	14	31	35	65	43	12	20	14	31	25	20	61	3	20	44	2	5	3	5	70	67	9	11	45	9	19	55	50	35	11	54	57	44	30	40	43	43	55	0	21	3	70	19	66	42	64	33	45	1	62	70	50	30	5	44	57	35	38	3	52	30	60	38	31	1	54	52	16	45	36	3	44	27	54	65	4	51
38	12	17	50	13	55	13	28	66	34	38	6	27	6	6	11	62	59	43	7	47	44	45	35	9	26	30	63	47	65	17	1	16	59	31	41	68	17	5	29	53	13	70	42	6	38	23	35	33	49	66	35	52	46	4	41	11	31	2	43	41	29	0	44	42	15	16	14	4	28	31	38	18	20	14	51	54	13	70	2	43	40	13	48	38	29	54	51	16	60	67	1	62	43	64	52	34	56	36	12
22	9	47	22	56	70	59	30	63	14	70	41	37	27	27	36	68	57	22	22	29	22	44	19	14	2	32	4	36	18	53	25	35	37	38	3	3	38	48	56	24	23	44	5	32	9	42	62	44	39	33	11	51	7	35	18	25	39	33	35	45	34	68	0	22	11	8	44	2	10	32	57	59	26	2	39	28	29	49	18	10	16	50	9	36	8	52	2	11	31	6	16	3	64	60	11	53	38	25	55
12	29	53	14	58	7	42	49	39	58	55	17	63	30	42	27	29	62	38	36	20	4	65	42	4	24	70	2	61	43	10	54	49	62	65	7	55	35	17	70	54	21	14	53	49	19	52	17	67	15	53	45	63	58	52	63	25	66	49	6	2	48	40	31	0	44	43	69	55	18	66	11	11	41	21	27	68	17	49	18	25	13	15	9	17	37	8	16	15	40	26	70	46	68	34	6	27	53	20	39
69	11	58	7	39	26	58	46	3	55	53	1	68	11	11	49	43	20	60	55	33	70	20	7	33	6	39	22	39	3	7	20	1	39	14	68	68	6	57	64	40	24	52	24	44	31	3	61	62	13	55	10	33	34	7	43	56	35	7	54	20	60	20	10	42	0	32	1	7	13	14	40	7	15	34	2	47	66	38	38	54	38	63	39	65	40	2	26	38	33	55	53	21	33	52	50	62	62	10	52
8	31	10	56	29	35	41	67	40	1	62	10	54	53	39	41	9	35	28	61	15	14	48	9	58	36	64	42	21	33	31	22	13	23	65	21	10	20	56	47	1	12	34	31	14	33	7	46	56	59	67	7	40	55	34	32	5	20	59	17	27	39	6	58	29	7	0	13	39	30	22	12	62	42	30	33	31	4	54	30	7	25	24	26	42	62	3	10	38	4	61	45	2	70	34	68	16	4	55	16
41	18	63	1	37	55	53	25	68	8	4	47	14	17	10	31	11	69	48	63	32	44	13	24	47	4	44	53	4	27	22	29	8	61	1	48	63	3	24	64	51	2	36	52	33	9	50	64	50	22	57	63	12	24	36	15	52	20	17	70	3	55	29	31	16	27	20	0	61	27	42	6	17	37	17	41	30	57	25	52	68	52	48	2	62	68	53	12	35	32	19	25	16	39	31	65	11	60	29	12
45	35	38	68	8	43	33	24	17	32	13	23	58	40	32	27	21	21	44	43	13	20	13	29	42	2	53	3	33	58	64	15	38	65	67	14	24	61	70	23	67	63	57	50	70	16	14	21	3	52	70	30	18	11	1	48	20	34	10	64	26	69	18	20	21	3	62	6	0	40	63	15	15	44	25	24	4	30	62	26	70	1	23	12	48	26	31	56	50	7	67	3	58	70	8	35	10	17	15	19
17	52	48	33	44	32	52	6	16	67	21	46	24	22	18	20	55	54	49	41	59	62	62	15	14	48	59	6	33	25	25	54	48	14	66	29	40	23	22	18	66	49	27	35	17	21	25	51	27	23	7	52	69	48	53	49	19	64	50	28	47	23	39	34	27	32	57	30	3	0	39	65	32	12	2	48	43	22	42	8	33	44	55	7	36	36	43	7	5	33	37	40	29	59	43	15	22	35	58	5
46	53	36	6	46	15	7	26	30	41	49	39	56	2	56	57	36	58	35	67	25	55	17	21	64	58	55	58	26	19	15	61	24	11	61	5	13	27	48	22	14	67	28	60	45	17	12	29	37	21	7	27	54	16	64	30	29	11	29	7	38	32	12	22	34	24	24	60	14	56	0	61	21	6	38	18	27	54	69	3	63	55	28	58	5	13	9	5	61	59	1	29	12	39	58	40	68	48	5	46
11	63	14	40	15	57	9	26	52	16	58	35	33	67	57	51	69	41	8	49	50	40	12	28	31	23	33	6	4	25	25	41	21	63	70	27	44	11	65	45	57	7	27	12	4	26	64	6	39	32	58	61	65	47	16	54	4	11	8	31	9	51	17	19	36	34	70	60	40	34	23	0	48	27	5	53	48	42	5	22	57	50	7	11	29	65	42	29	33	9	53	42	49	61	28	36	1	55	21	43
48	30	7	63	57	13	14	24	36	38	50	41	10	35	47	18	36	10	14	45	62	64	41	43	10	7	39	30	63	23	5	33	68	47	10	21	48	24	50	53	48	19	9	3	11	40	17	69	11	55	32	10	8	15	43	51	55	5	52	42	34	46	43	62	9	50	26	36	62	48	37	68	0	44	42	26	1	45	37	63	40	1	15	60	57	6	41	25	35	18	54	22	65	50	59	31	46	56	18	35
48	31	34	60	29	67	62	35	46	54	22	57	61	10	12	59	18	59	69	54	22	26	20	25	43	49	67	44	20	30	43	14	26	1	10	51	62	69	43	16	24	39	16	37	36	10	3	69	17	64	44	23	56	40	27	38	33	45	46	57	19	62	24	57	5	68	16	31	18	70	49	66	9	0	26	29	64	34	10	45	62	70	54	54	29	47	28	45	59	56	8	31	5	11	57	68	27	61	37	63
54	45	20	60	16	65	65	52	29	46	51	63	9	55	56	7	59	66	6	55	3	5	51	59	38	44	7	13	28	3	16	3	11	21	45	24	40	22	66	16	6	58	26	56	69	15	30	49	35	40	1	5	36	65	29	23	38	45	60	57	44	41	35	64	53	18	13	17	67	12	4	40	5	57	0	10	61	63	57	24	27	1	16	35	45	25	69	12	5	30	54	47	69	15	34	63	67	61	69	67
53	25	35	65	13	53	12	24	58	18	34	43	19	44	12	54	30	9	9	47	26	8	64	34	55	53	67	3	44	14	11	36	48	45	30	67	17	21	68	69	63	10	19	14	41	18	38	42	70	41	23	12	68	19	56	24	59	15	59	30	45	1	44	37	55	27	30	58	31	47	66	13	10	39	20	0	64	66	10	15	8	51	59	22	6	15	3	40	44	22	48	26	61	28	55	20	48	58	10	58
29	68	23	61	68	33	33	67	29	23	58	21	49	40	3	6	40	34	2	55	26	48	62	1	8	24	40	34	2	69	66	8	34	20	6	27	60	57	31	42	8	6	39	26	68	67	60	64	33	55	38	49	34	21	29	12	59	41	39	48	58	3	10	18	48	6	20	45	44	50	8	30	69	9	56	47	0	49	11	61	34	62	6	39	68	70	45	43	29	23	55	40	29	33	27	6	59	70	55	55
41	60	37	60	18	65	23	60	35	13	56	37	45	18	30	7	9	4	14	31	67	11	53	36	29	65	3	6	56	42	45	20	57	15	36	4	44	55	58	57	63	66	33	47	48	33	29	16	6	19	57	37	35	19	20	62	42	67	61	10	11	20	29	18	67	65	3	35	5	9	34	33	24	50	40	2	30	0	19	29	40	43	1	35	11	69	8	35	24	25	38	24	29	40	33	43	25	66	19	51
21	29	34	68	52	14	57	47	9	19	58	14	37	33	61	26	12	47	23	14	53	35	8	41	30	29	69	13	43	65	15	6	38	60	8	36	28	5	9	24	26	30	67	61	49	4	22	16	4	10	14	24	49	54	32	58	31	51	7	61	15	12	66	13	59	67	42	46	49	39	20	41	51	29	70	58	68	64	0	22	16	23	67	48	52	24	69	3	47	12	49	61	55	22	47	36	43	50	52	31
28	10	16	65	52	17	34	20	16	10	38	62	25	22	9	32	28	2	54	60	54	26	56	39	57	35	35	46	36	41	29	10	57	41	10	49	37	66	57	25	47	56	5	13	57	45	47	34	4	54	7	49	64	22	7	58	32	69	45	70	20	4	41	20	47	62	21	10	58	38	26	52	1	25	38	44	35	12	51	0	18	26	1	17	57	63	32	67	42	40	38	30	41	59	18	36	15	13	22	70
35	36	29	27	30	1	67	28	32	59	47	54	43	44	24	55	5	12	46	32	43	14	12	14	67	47	1	49	36	17	7	7	48	43	15	38	70	20	35	28	4	8	68	60	26	19	59	66	50	33	37	50	66	15	70	41	37	55	15	63	67	25	29	39	29	57	6	13	40	68	45	20	40	42	31	13	33	16	31	70	0	54	62	69	22	40	4	18	43	44	55	13	31	2	24	65	66	14	41	15
11	51	57	25	8	5	64	52	39	45	9	28	32	20	58	1	65	59	47	49	38	1	29	40	33	13	23	3	25	33	39	7	63	24	63	3	40	12	9	35	32	18	36	11	64	32	66	43	4	64	52	9	19	29	52	65	13	10	33	1	10	13	48	62	52	9	62	55	49	16	45	68	11	20	12	60	36	49	33	2	14	0	33	65	22	30	16	64	60	7	56	37	38	64	12	68	41	38	1	46
26	57	43	37	67	32	58	37	3	65	2	40	15	18	18	31	34	68	23	3	39	13	14	2	19	47	16	44	25	58	55	42	35	50	1	5	37	22	21	34	16	63	28	68	21	43	11	40	38	47	7	42	22	65	61	2	52	8	16	35	56	10	13	47	49	1	58	48	16	39	49	64	11	64	48	44	53	4	25	26	64	4	0	59	23	33	49	50	25	20	15	56	13	44	69	14	41	66	69	28
55	62	39	48	12	49	4	60	51	51	59	16	37	61	51	31	34	41	17	27	61	15	17	45	12	37	54	29	68	16	28	62	45	48	48	36	48	59	13	60	43	11	43	5	5	8	36	8	29	26	3	67	21	42	5	59	57	25	63	43	5	67	51	68	10	58	38	37	38	45	21	43	54	22	43	52	60	32	27	6	46	57	26	0	15	58	63	28	46	45	31	8	13	21	43	14	63	45	3	60
36	27	60	3	52	15	19	44	2	22	19	32	61	46	47	1	4	16	16	38	23	23	21	29	26	55	51	49	26	13	58	12	54	50	31	35	60	48	55	50	3	57	50	50	44	27	15	4	56	40	65	42	40	21	57	13	18	42	30	23	65	22	38	1	4	1	22	42	66	19	53	24	23	26	50	44	33	13	39	19	63	40	41	46	0	53	13	1	21	70	31	14	17	41	9	11	68	59	16	21
5	13	10	17	21	25	59	25	50	55	10	33	31	36	62	8	59	29	9	44	26	31	7	58	60	70	4	34	70	4	25	57	23	55	65	17	47	59	12	62	31	61	25	39	59	42	14	13	43	45	48	18	11	38	62	8	47	21	44	16	70	21	43	34	46	37	47	30	54	54	56	17	10	40	61	69	58	46	6	60	17	27	41	26	15	0	18	31	38	51	18	1	22	47	15	18	62	27	62	44
32	52	63	32	3	53	7	53	28	54	33	62	35	21	6	25	28	64	2	69	69	18	44	60	14	70	3	11	20	40	43	1	43	4	20	8	2	23	68	18	32	59	16	42	47	27	34	40	47	18	20	20	52	61	27	70	25	47	36	10	53	22	68	24	46	55	41	21	12	19	42	57	7	50	3	50	30	4	33	46	67	28	24	1	28	58	0	54	61	18	51	45	59	4	23	6	52	55	8	38
1	54	51	52	39	39	10	24	44	8	44	27	11	14	4	58	5	40	58	66	54	58	8	47	15	6	7	8	47	30	44	33	6	37	11	31	3	55	27	35	11	64	42	7	57	13	4	70	42	11	68	37	58	6	58	50	42	25	19	13	14	18	30	60	11	13	46	61	42	12	22	20	27	11	18	12	18	67	43	20	48	5	53	30	4	40	67	0	11	36	23	62	49	27	33	5	5	4	52	27
3	20	45	58	54	63	35	36	50	54	45	1	24	49	46	43	42	49	29	39	29	25	12	40	37	17	4	52	42	43	26	55	17	22	25	69	58	30	5	11	47	27	16	20	51	26	37	69	57	63	40	24	24	31	46	58	5	57	69	25	31	31	28	57	30	17	55	36	44	50	5	68	17	52	16	68	8	47	37	38	45	31	51	6	19	68	22	4	0	17	20	15	33	68	1	31	21	44	1	6
4	55	18	34	38	23	35	59	9	17	64	13	12	55	13	65	16	10	50	68	51	58	14	13	41	48	25	11	39	56	37	59	51	31	58	24	50	25	30	51	13	5	42	68	41	8	9	43	62	50	9	23	48	70	24	9	40	59	35	11	7	55	1	17	45	66	2	38	46	49	12	62	19	37	42	66	35	62	26	56	47	32	9	67	11	26	1	57	51	0	59	36	25	30	29	45	62	36	33	52
68	46	60	68	11	36	29	53	4	30	9	15	68	57	70	55	45	19	3	62	35	31	57	56	69	17	58	20	48	4	58	26	23	13	27	49	64	16	49	35	14	14	26	20	27	14	31	23	61	19	27	16	23	2	44	24	22	49	34	58	60	66	68	61	47	17	45	43	18	57	18	20	13	54	57	35	6	55	10	68	17	43	60	70	1	70	18	57	69	20	0	64	46	45	54	55	8	26	31	19
58	27	2	64	30	47	13	49	1	50	36	40	27	7	46	52	34	67	44	5	62	65	49	38	60	6	48	65	16	52	4	29	43	46	26	30	35	40	7	18	56	52	47	44	20	5	40	37	54	7	36	36	66	2	29	66	2	41	3	36	46	54	65	62	64	31	9	40	24	58	43	6	63	27	1	6	65	64	62	37	40	65	59	35	30	19	31	33	31	70	26	0	39	14	34	16	50	13	47	69
28	58	40	13	41	40	69	52	62	6	23	32	40	60	70	18	50	37	31	4	33	47	61	37	37	63	69	21	8	39	7	26	36	67	14	47	49	54	66	41	67	65	15	60	25	36	11	46	13	65	26	40	20	61	31	35	70	1	3	66	55	5	49	17	45	37	10	64	25	19	41	21	56	65	53	58	56	17	6	2	61	50	41	19	1	4	16	49	36	1	48	24	0	34	47	47	32	1	24	53
60	53	69	25	30	55	44	65	66	45	32	41	23	63	34	53	8	15	7	58	62	51	17	27	4	15	34	12	24	56	51	67	67	20	23	48	37	25	24	34	68	18	60	7	49	21	34	3	54	9	34	38	12	10	7	17	27	22	15	37	47	66	3	55	50	36	63	36	30	32	8	54	11	14	12	11	51	6	19	32	51	18	64	67	36	57	38	17	34	59	32	19	64	0	36	35	67	11	28	31
16	10	42	59	69	61	15	1	47	66	29	36	1	3	26	9	66	58	27	31	8	28	23	9	67	4	54	4	17	20	28	53	49	62	4	1	50	48	56	1	11	30	29	62	32	5	42	61	36	44	61	16	5	29	28	67	19	2	42	41	46	36	5	62	52	8	31	56	16	47	5	8	62	69	16	18	25	62	23	23	28	41	67	1	20	5	35	48	17	4	10	62	28	60	0	48	21	49	42	23
70	10	20	6	24	70	66	69	1	33	66	42	51	29	3	43	59	70	40	31	4	49	17	51	60	13	15	21	67	41	63	38	30	58	19	56	38	59	65	27	69	18	18	33	26	45	7	38	46	13	19	56	32	45	19	34	6	58	40	50	64	18	55	42	6	11	67	15	64	7	56	58	21	38	59	21	24	44	31	62	40	60	12	4	20	6	22	41	64	11	24	42	22	42	34	0	4	35	29	16
17	69	2	59	8	47	25	24	3	22	42	24	70	68	58	41	41	3	25	5	26	16	69	28	15	50	45	21	56	52	68	28	49	39	8	16	59	21	44	40	53	32	70	23	42	69	22	4	52	42	55	18	13	31	10	52	41	39	28	38	4	29	22	8	26	34	6	67	60	70	67	29	57	44	51	2	28	8	47	70	50	3	5	59	47	16	13	46	58	20	11	50	44	50	60	63	0	48	20	64
26	55	21	2	65	5	47	22	49	27	19	15	13	66	50	8	61	13	64	3	49	54	69	63	29	20	58	22	42	20	25	54	19	8	70	41	6	18	20	17	35	18	26	9	55	18	18	16	2	56	37	49	46	2	19	51	17	9	52	31	37	63	36	37	6	28	39	16	59	10	69	29	70	14	43	68	9	31	51	24	28	7	9	68	13	56	29	37	59	62	62	30	62	70	37	21	5	0	46	21
19	67	50	58	57	38	59	39	70	59	37	36	44	18	56	11	52	59	16	58	39	49	29	62	22	44	27	56	50	69	8	24	43	17	65	45	27	25	25	50	14	3	16	8	46	4	55	65	30	22	39	34	59	29	29	20	49	6	2	54	32	21	31	29	5	32	10	45	18	29	68	38	69	2	14	36	1	5	56	32	27	4	52	13	61	15	13	57	40	48	47	19	1	68	43	2	20	23	0	44
59	70	6	66	31	6	35	48	2	52	2	67	69	53	29	5	1	18	36	30	23	50	41	47	20	63	55	16	57	4	5	16	62	70	64	57	26	34	11	59	45	16	17	67	70	64	19	46	16	66	46	70	36	52	28	65	61	19	37	24	11	28	8	27	37	12	41	7	42	46	13	45	2	8	2	9	63	10	48	31	6	30	48	38	53	19	37	22	22	66	41	46	1	25	48	20	65	32	9	0
