A	B	C	D	E	F	G	H	I	J	K	L	M	N	O	P	Q	R	S	T	U	V	W	X	Y	Z	AA	AB	AC	AD	AE	AF	AG	AH	AI	AJ	AK	AL	AM	AN	AO	AP	AQ	AR	AS	AT	AU	AV	AW	AX	AY	AZ	BA	BB	BC	BD	BE	BF	BG	BH	BI	BJ	BK	BL	BM	BN	BO	BP	BQ	BR	BS	BT	BU	BV	BW	BX	BY	BZ	CA	CB	CC	CD	CE	CF	CG	CH	CI	CJ	CK	CL	CM	CN	CO	CP	CQ	CR	CS	CT	CU	CV
0	10	16	34	54	120	56	61	73	129	129	80	56	20	120	37	78	117	4	38	91	116	123	129	31	67	83	35	105	43	89	52	52	56	82	81	38	55	124	63	38	126	50	83	55	86	78	124	14	118	60	125	52	17	76	92	65	97	58	17	47	16	8	11	129	96	24	38	21	43	117	69	89	124	62	53	33	78	96	80	39	25	8	73	39	9	74	99	84	71	127	59	57	23	83	110	43	39	59	13
34	0	12	12	74	88	72	119	1	11	116	2	66	107	21	35	66	66	17	33	118	16	56	37	13	129	51	122	125	84	65	73	16	114	33	95	48	101	117	14	24	128	21	77	8	110	3	51	126	70	102	32	26	26	112	39	127	89	51	36	75	81	22	13	61	21	105	71	124	10	25	68	20	70	74	21	129	128	3	97	63	94	124	99	33	47	100	109	116	69	19	46	59	65	64	115	78	22	80	16
6	122	0	73	88	37	62	93	89	1	58	38	23	47	36	99	39	78	11	86	48	26	59	109	50	9	53	55	62	28	93	30	37	81	77	32	51	30	31	119	88	88	42	107	72	110	43	101	95	34	102	81	19	10	102	89	28	61	54	33	62	2	25	6	19	24	18	20	108	34	27	38	103	77	110	3	47	3	121	54	4	107	17	54	109	129	62	120	3	2	46	46	70	34	79	52	29	32	21	102
84	8	110	0	75	111	116	63	15	91	50	17	80	49	15	125	82	114	80	64	67	33	39	78	71	9	88	84	44	25	57	43	107	105	52	68	24	117	99	80	56	15	3	115	15	14	54	16	57	35	79	17	109	65	29	20	116	112	108	27	79	85	15	78	54	127	46	31	125	18	110	30	127	108	62	42	32	18	83	82	115	43	46	128	72	92	123	126	47	77	105	53	42	2	115	34	36	89	6	61
70	31	45	123	0	77	25	121	102	114	101	71	44	7	40	54	82	19	31	27	82	38	36	103	64	3	42	41	129	107	75	83	7	48	8	6	35	31	30	48	14	71	96	51	127	89	66	81	27	65	24	72	110	70	57	85	116	67	89	59	46	90	57	83	120	19	85	4	47	47	58	26	20	78	53	38	104	128	121	23	67	64	98	6	116	82	7	42	63	6	117	72	9	17	27	12	32	60	20	113
74	7	104	6	83	0	101	29	114	79	104	68	111	19	73	93	74	102	73	39	119	57	13	54	51	76	70	128	20	28	113	45	69	67	39	2	55	77	129	100	79	119	116	86	39	41	37	31	119	73	86	114	101	104	37	102	41	55	110	80	17	86	94	106	74	35	106	15	47	47	10	4	93	41	61	28	87	87	38	2	90	129	49	40	43	71	100	36	72	29	112	121	45	89	56	98	95	59	10	114
83	4	25	94	111	27	0	12	27	22	5	113	110	106	86	23	38	27	112	29	112	45	96	98	87	116	119	103	99	119	30	30	11	95	24	46	83	52	66	8	24	10	50	35	45	122	80	104	39	76	123	50	113	120	110	60	10	112	81	108	119	105	44	56	46	40	113	97	92	7	112	24	39	84	9	41	123	50	111	65	128	56	48	54	81	40	62	28	80	113	73	108	39	99	114	85	84	51	2	9
7	76	37	115	105	45	106	0	73	29	73	1	9	59	51	104	64	10	48	119	16	103	38	88	99	93	55	56	19	108	123	2	3	51	80	104	72	111	24	83	29	119	52	123	69	1	46	45	28	117	22	80	108	21	54	80	68	68	55	52	114	125	107	57	50	29	10	124	99	119	113	116	116	115	30	62	57	41	107	108	108	25	87	31	43	27	65	116	41	117	7	31	1	9	15	61	77	97	75	88
57	83	106	82	64	90	114	114	0	82	24	17	127	100	4	98	110	98	13	45	35	8	88	109	81	86	10	59	61	60	75	128	4	69	83	79	25	51	82	46	52	63	56	42	129	129	29	8	82	63	108	9	103	48	118	46	60	16	13	35	66	84	49	36	71	39	57	69	26	26	8	84	48	119	121	18	126	77	52	76	46	86	92	108	60	81	36	114	12	12	76	74	82	63	26	90	117	54	77	103
113	55	111	93	27	16	8	26	26	0	112	78	20	44	41	43	104	37	36	56	29	66	58	35	71	129	35	7	79	79	41	90	118	46	112	48	13	119	95	35	101	43	6	31	20	25	19	123	31	37	53	53	98	103	91	32	16	67	91	23	117	27	45	55	16	85	38	123	6	90	103	6	64	19	12	61	129	103	12	37	121	125	104	109	2	38	106	17	106	42	13	29	60	51	114	86	128	71	97	26
7	17	104	45	12	50	2	112	79	2	0	114	104	100	122	103	42	82	92	16	82	42	18	115	73	113	85	75	73	43	73	45	61	35	116	45	39	4	89	37	104	26	26	104	30	85	113	67	65	15	4	64	49	22	8	22	125	104	90	123	27	7	114	119	91	42	119	48	91	49	103	21	48	24	110	77	122	40	11	35	44	9	96	16	86	22	37	23	15	52	92	65	12	84	46	25	73	116	19	113
56	57	61	107	5	103	57	38	110	105	24	0	85	72	41	107	74	84	36	50	61	111	25	47	109	50	92	21	77	4	91	46	51	22	92	116	100	26	13	53	10	33	40	98	103	26	83	119	104	78	125	49	70	62	17	62	2	123	56	114	15	52	113	95	99	56	34	42	93	62	115	119	32	59	57	109	116	121	37	112	83	92	10	108	33	8	42	64	8	96	63	7	98	79	65	51	113	55	12	52
2	106	96	4	17	86	54	27	100	27	7	59	0	58	117	119	56	84	54	126	106	48	79	5	55	106	39	21	16	16	125	103	115	13	97	62	90	76	115	121	129	77	19	63	49	34	117	2	94	54	84	80	13	74	56	63	116	73	126	66	107	69	67	17	118	115	7	90	114	55	62	78	101	89	38	52	82	52	101	101	100	15	98	26	66	92	112	47	34	111	42	116	66	43	29	50	65	75	42	125
83	9	32	25	87	9	12	52	117	36	94	80	95	0	3	72	78	5	72	58	122	116	55	22	89	61	87	119	38	12	121	81	82	68	124	102	90	83	59	18	113	54	61	71	73	40	47	80	86	49	4	13	78	128	21	2	59	41	104	64	39	57	113	113	110	127	46	86	65	89	40	62	97	78	97	28	77	15	33	29	114	96	8	61	4	78	53	105	81	16	64	108	89	10	81	22	16	4	84	76
6	21	115	41	48	51	113	120	54	98	119	60	29	49	0	11	36	68	26	49	78	5	109	52	41	83	36	33	117	27	79	118	64	79	52	35	89	17	103	107	92	32	84	1	3	99	10	12	88	58	33	57	106	122	76	10	44	54	12	53	88	98	107	57	66	64	71	128	77	13	114	116	62	99	76	46	30	33	89	120	112	87	48	79	33	81	25	39	66	109	14	10	119	104	7	37	33	9	66	44
28	116	103	16	90	111	1	83	84	3	99	107	55	109	28	0	64	51	49	10	55	48	52	91	78	39	19	28	106	17	127	2	53	71	84	20	28	61	1	105	86	24	50	14	36	81	38	70	8	71	24	127	70	19	91	66	3	21	29	66	90	88	73	47	112	84	82	126	93	106	106	81	18	16	46	63	13	35	108	62	13	124	70	86	99	86	129	45	41	48	17	85	53	75	110	54	59	100	44	24
117	83	67	28	66	85	73	102	89	9	124	81	112	83	92	128	0	60	94	114	13	58	85	57	118	105	17	86	68	61	112	111	89	46	20	105	104	58	2	78	105	52	42	13	107	80	118	97	89	78	12	68	9	88	110	107	97	64	121	40	2	129	124	56	38	6	58	75	9	39	100	24	91	109	11	74	84	52	57	93	101	116	95	119	121	48	77	49	5	41	54	85	91	56	119	26	76	39	89	118
104	80	43	70	68	61	93	58	74	104	109	100	110	5	105	45	99	0	54	129	44	125	110	111	35	19	108	74	23	119	56	12	27	52	117	11	56	20	15	127	96	63	68	10	5	90	11	82	24	93	52	120	67	8	124	102	52	99	9	7	125	92	53	25	15	104	41	72	90	12	24	94	75	69	13	51	1	27	118	53	108	128	128	81	122	4	100	58	129	67	114	15	17	101	72	25	38	15	104	127
41	97	29	108	90	8	6	87	57	85	16	70	31	120	18	82	30	18	0	61	127	114	30	35	34	75	109	66	13	18	99	33	58	46	17	89	68	80	95	99	124	126	106	92	50	17	26	82	93	81	116	42	4	6	19	83	1	83	2	118	123	102	10	27	30	17	50	68	128	26	104	121	51	70	126	115	32	117	72	69	18	87	47	47	21	10	126	70	13	11	16	32	79	25	39	115	92	25	74	34
22	126	59	61	110	2	84	128	45	81	63	28	87	78	66	119	128	6	60	0	89	97	111	6	110	76	99	73	45	96	25	10	31	5	14	7	92	128	114	12	51	33	76	85	28	67	83	84	9	20	96	33	14	125	27	62	124	30	32	91	89	62	94	21	80	109	54	2	42	1	44	66	117	126	46	45	44	76	72	89	115	56	72	79	107	28	23	93	1	84	40	72	116	62	56	16	33	47	10	62
49	23	55	65	40	73	64	55	75	49	40	13	81	86	39	10	47	13	12	114	0	97	51	24	93	40	119	43	80	6	22	97	25	29	79	124	16	46	119	87	108	46	44	78	118	60	69	68	30	19	93	128	32	12	108	78	84	35	20	71	115	124	59	63	101	112	31	114	98	91	62	66	25	28	47	114	10	16	14	4	99	66	50	47	28	114	6	27	27	8	36	114	123	28	14	22	67	10	81	16
42	67	80	12	109	102	53	42	32	28	35	29	92	1	116	48	32	38	121	43	117	0	54	5	21	48	2	95	40	114	79	57	49	29	94	108	121	70	55	29	87	120	103	114	61	122	15	22	53	28	110	91	36	12	27	104	45	33	94	118	54	30	61	74	124	18	61	67	99	19	104	33	66	42	3	116	58	5	63	42	42	11	45	126	119	87	85	57	69	50	92	105	29	17	72	41	119	44	101	7
121	114	96	92	104	40	22	82	18	33	78	2	17	39	101	29	27	99	29	34	59	124	0	56	74	21	18	17	98	128	55	37	90	11	90	16	110	63	16	123	112	74	7	85	99	111	64	29	97	73	88	124	55	9	108	57	15	118	109	119	101	54	40	123	38	59	34	63	94	38	67	61	26	5	111	13	1	30	46	111	29	48	27	117	55	91	38	40	80	91	22	116	36	23	40	127	44	76	55	35
120	24	100	92	97	83	85	28	121	59	31	75	29	61	35	48	8	24	32	38	108	97	92	0	27	110	17	101	128	56	61	126	110	73	75	36	37	9	117	57	29	79	22	14	3	59	77	60	114	25	54	73	4	91	102	11	60	21	106	41	13	58	3	128	111	30	55	24	85	11	5	112	66	48	110	42	62	129	76	13	72	82	107	22	93	65	13	6	88	83	18	7	85	97	122	45	83	80	107	7
116	123	99	84	19	119	51	51	20	71	21	99	88	70	47	121	83	85	119	110	106	89	118	69	0	20	16	110	118	59	89	86	11	14	1	20	72	1	15	47	113	71	11	104	91	79	8	1	69	112	98	57	102	96	7	129	6	107	128	87	24	124	76	112	81	62	54	31	56	120	87	42	82	32	47	19	57	100	103	58	129	111	45	108	129	86	85	85	27	89	37	35	31	66	61	111	119	72	75	68
12	16	25	1	119	37	65	44	60	71	55	22	77	80	27	114	36	81	13	31	117	88	77	82	79	0	44	78	83	103	43	54	99	97	16	68	66	89	46	45	59	14	112	36	103	109	92	8	41	15	104	44	58	104	92	54	122	123	93	126	13	73	46	84	92	58	106	127	41	24	81	118	119	114	22	71	54	90	72	61	45	56	85	79	8	15	63	39	42	72	103	93	76	79	115	89	11	32	126	63
92	36	74	99	70	5	83	108	65	23	65	7	33	39	31	62	77	39	2	14	88	6	71	103	1	42	0	127	2	127	75	93	90	72	34	4	31	43	121	128	62	119	16	52	60	116	92	77	71	32	41	38	110	123	125	79	117	72	70	100	57	19	96	32	49	25	40	86	52	50	104	82	29	53	15	6	28	66	14	102	66	65	5	122	107	93	13	109	59	129	109	14	89	98	68	70	29	107	3	10
65	20	103	45	80	32	80	91	25	104	47	35	97	50	57	2	91	21	39	31	36	75	22	32	94	104	54	0	40	91	36	80	62	19	37	120	72	55	39	45	18	105	68	51	64	39	82	72	70	128	45	115	54	119	3	91	3	41	97	61	85	54	125	107	125	2	19	55	86	43	109	5	98	57	46	59	12	9	39	52	86	73	129	36	56	106	30	97	39	102	45	26	75	27	98	29	62	73	67	23
58	88	85	87	12	34	12	80	24	16	76	56	32	122	30	35	80	9	48	53	107	118	33	13	49	7	118	59	0	68	76	38	71	105	29	92	105	16	30	35	30	72	90	122	82	11	40	33	106	80	118	73	80	5	25	88	74	79	125	107	100	111	30	35	40	99	17	59	49	33	26	22	103	43	102	95	84	112	81	104	12	19	36	96	3	19	58	59	108	2	110	1	111	33	83	125	72	72	33	46
27	73	92	26	83	13	74	62	44	65	40	111	8	69	118	127	30	101	123	16	121	87	4	24	61	1	117	67	23	0	108	91	114	59	76	24	120	29	36	36	59	111	50	50	26	97	37	72	118	111	110	64	10	59	110	42	88	72	118	50	109	76	70	39	34	20	83	84	9	70	128	41	126	66	38	11	17	113	66	43	53	9	11	107	72	122	5	92	109	128	24	57	119	102	54	114	60	34	79	35
72	15	72	42	44	54	40	116	6	1	124	84	17	117	87	61	95	13	90	106	116	59	52	117	41	45	83	88	70	74	0	8	70	2	45	33	113	44	37	23	26	80	63	36	102	13	42	20	107	69	82	19	38	40	78	112	72	113	50	119	96	89	129	118	65	101	57	55	49	35	1	122	26	2	4	12	128	93	50	107	40	4	111	72	24	28	19	75	7	54	12	76	32	42	46	103	58	51	73	125
127	49	19	102	21	69	86	43	110	28	24	17	41	22	2	8	127	112	101	123	121	92	117	15	43	58	29	127	96	93	79	0	90	115	42	25	8	60	45	15	119	1	28	73	116	127	84	53	23	26	64	101	44	44	54	52	33	69	71	16	6	79	80	113	119	46	64	57	50	102	99	86	119	122	83	9	119	15	126	125	87	88	71	16	65	93	20	27	45	58	119	43	84	21	42	35	57	124	13	6
20	49	113	7	34	37	32	13	49	21	37	17	9	111	43	57	108	107	8	22	56	117	108	105	49	49	20	49	96	67	108	34	0	7	38	50	93	55	76	25	113	124	4	100	56	104	5	6	46	125	17	24	54	13	53	7	65	6	19	84	10	56	33	50	28	51	99	78	14	129	114	52	50	95	107	32	43	99	119	67	81	78	28	33	127	59	79	112	25	128	86	123	23	104	6	120	66	70	66	4
80	121	67	55	68	54	41	74	61	119	87	37	46	4	111	95	23	103	22	59	118	66	34	76	32	73	104	62	46	70	51	107	43	0	87	9	56	52	125	120	61	55	9	115	52	87	13	59	8	118	97	77	109	114	83	27	17	80	22	106	47	108	65	22	87	79	97	129	120	101	107	68	26	107	72	14	124	53	115	91	129	32	57	26	60	2	58	48	72	90	10	98	62	78	57	17	73	125	46	1
21	110	70	49	62	2	1	34	124	118	29	9	96	35	53	12	100	86	52	47	54	123	18	6	41	43	102	114	80	35	38	83	51	21	0	39	36	13	85	84	103	86	44	15	103	35	12	72	29	18	43	100	43	10	78	67	33	102	1	111	67	90	76	78	84	57	38	88	22	112	19	28	57	2	83	103	29	104	1	67	107	37	112	11	120	122	63	118	93	40	62	112	100	114	79	26	64	118	68	37
40	99	95	107	109	6	94	25	62	77	43	34	29	123	33	20	65	17	36	73	89	39	62	32	47	58	65	90	105	51	103	12	17	105	86	0	106	70	82	116	97	49	52	79	28	81	90	9	28	104	11	86	122	87	61	35	99	79	103	76	43	108	90	107	12	16	109	9	118	110	75	123	32	58	71	2	31	31	120	10	88	37	69	85	33	122	18	79	43	104	118	60	90	5	7	4	96	36	87	15
44	122	27	47	20	114	6	70	52	44	42	21	65	46	90	38	40	16	45	122	74	21	94	123	3	82	31	86	49	20	106	100	75	61	109	52	0	28	26	61	25	8	27	97	113	6	115	53	27	107	11	32	101	46	81	57	41	64	83	42	12	13	93	112	100	88	97	23	52	7	118	26	3	22	121	31	129	56	76	64	37	109	45	124	112	83	88	126	31	63	108	3	119	121	113	69	74	41	70	117
42	19	93	85	9	31	46	39	72	86	93	62	25	17	42	58	11	59	4	105	107	78	122	23	17	63	7	129	31	70	72	49	10	82	70	119	115	0	74	91	76	11	60	2	53	98	37	110	78	122	49	64	65	88	5	7	61	19	90	80	64	66	72	119	19	117	116	31	96	88	90	8	47	119	63	11	79	61	94	29	123	69	54	71	11	95	125	115	88	50	16	61	48	18	101	48	110	113	56	14
59	123	3	91	102	35	119	81	5	76	35	121	38	15	100	70	64	111	78	42	81	92	38	56	21	113	24	59	48	5	126	73	4	60	45	18	15	18	0	90	102	26	20	37	117	87	124	76	67	17	119	11	30	66	66	37	114	10	93	125	117	10	125	104	107	54	60	51	20	9	119	55	91	75	26	59	27	21	122	15	47	68	64	37	89	56	48	125	34	62	54	44	57	85	102	57	120	126	20	47
37	97	62	51	60	73	7	7	109	68	101	13	104	85	38	65	86	37	67	23	50	61	88	77	16	13	104	65	63	111	97	17	127	33	100	69	9	63	3	0	47	102	112	101	25	70	113	44	46	93	56	18	21	91	5	2	124	68	61	121	48	23	71	83	78	83	59	99	62	77	56	48	19	10	50	9	14	31	24	5	5	69	109	26	7	99	13	103	80	127	31	48	111	89	79	65	64	43	88	7
2	116	17	93	118	13	20	89	96	102	27	63	25	98	84	103	64	124	86	125	117	119	63	12	68	105	69	79	31	123	74	82	72	88	74	19	15	29	56	109	0	122	32	7	58	8	84	95	17	81	114	48	52	125	30	60	129	43	54	16	19	73	68	43	95	105	102	90	1	28	60	24	67	26	19	78	42	104	100	76	49	105	41	10	119	6	8	127	127	52	21	44	107	107	120	71	26	97	16	15
23	109	126	83	40	76	13	43	87	124	126	19	66	82	89	47	127	110	113	50	63	83	56	120	57	16	121	50	88	56	96	101	94	38	48	106	121	75	11	109	1	0	40	118	9	80	61	3	112	78	121	53	97	21	18	59	75	57	24	99	62	16	103	86	52	6	48	60	122	120	38	96	54	40	7	62	67	28	126	72	45	50	44	49	124	77	103	57	48	121	45	48	49	101	75	106	80	79	73	70
47	82	122	99	115	121	37	129	11	77	91	91	115	81	43	111	71	30	109	58	38	123	83	120	27	1	103	39	29	39	22	101	40	127	105	128	8	72	128	29	69	25	0	67	36	39	11	96	26	2	16	3	119	104	37	4	26	18	110	23	89	85	81	63	4	67	37	12	123	92	111	86	56	125	85	65	118	122	2	5	62	58	107	22	45	119	21	10	23	127	106	114	44	14	24	39	73	18	94	28
6	35	15	103	119	113	123	71	69	34	36	48	79	53	10	115	67	45	100	100	109	108	9	76	18	127	49	75	35	84	50	4	113	114	55	91	36	22	92	31	13	59	7	0	121	18	15	56	68	126	28	83	125	98	104	128	47	73	76	83	98	95	8	102	110	52	42	1	93	74	44	66	116	87	36	129	52	105	60	124	49	116	43	110	88	16	120	22	89	40	77	15	89	100	115	81	27	117	12	2
4	112	59	117	58	105	111	86	92	62	6	102	54	109	125	42	61	42	26	89	11	126	124	23	16	102	62	61	89	96	19	128	34	71	112	88	44	122	47	95	41	53	104	20	0	13	54	9	8	107	43	2	53	51	67	99	89	72	93	77	115	51	81	54	75	75	10	8	24	112	95	7	116	33	38	108	44	15	92	18	48	46	81	20	33	62	63	15	94	91	114	45	42	71	128	78	54	19	61	46
103	113	23	99	46	84	39	67	24	103	114	34	4	6	129	94	3	25	59	2	53	120	68	94	121	63	82	87	8	59	70	49	65	84	78	87	6	20	41	55	103	75	16	32	91	0	17	86	29	74	88	72	23	41	73	14	21	108	17	37	85	46	113	33	121	88	29	54	68	108	119	33	78	120	68	120	46	23	44	82	46	77	56	40	77	35	26	57	74	9	112	73	119	96	99	56	100	120	99	42
22	97	117	116	6	109	47	113	34	74	19	119	71	128	9	36	14	122	64	48	128	9	38	50	125	128	114	43	23	106	36	128	79	103	105	120	82	2	128	11	95	15	26	126	81	26	0	25	110	111	115	79	48	63	14	124	64	9	19	70	7	84	110	92	99	20	16	104	76	123	113	69	37	119	10	46	72	70	14	59	109	38	42	86	129	74	27	38	81	128	68	104	32	113	47	8	9	104	7	105
61	98	54	128	98	85	117	125	127	55	116	5	76	76	62	41	85	32	110	47	5	109	61	65	83	123	108	46	80	58	87	11	11	74	14	99	43	78	59	62	37	53	101	83	38	61	41	0	26	104	34	23	70	34	10	61	14	49	88	6	20	98	39	79	59	67	128	82	118	21	34	69	114	74	95	20	76	103	125	60	111	36	86	38	20	88	95	18	119	26	32	24	104	60	19	53	123	70	53	119
32	74	22	77	55	106	121	121	114	99	102	50	57	51	76	1	100	74	62	14	42	111	81	103	59	21	96	60	33	119	12	23	14	13	62	43	7	121	71	8	120	15	87	105	80	9	121	85	0	64	16	103	64	43	23	125	17	3	33	71	114	103	40	105	95	12	17	83	115	128	40	14	50	100	20	28	49	60	45	96	94	69	127	35	127	73	127	9	5	113	70	116	86	104	3	103	58	65	8	15
100	99	3	67	12	113	66	105	22	94	123	113	103	41	22	122	42	99	126	115	36	116	45	71	15	118	32	34	60	120	94	69	6	88	7	39	6	47	113	3	52	61	116	125	89	19	125	65	16	0	74	108	48	11	13	8	67	16	121	55	114	88	53	25	20	9	129	79	16	97	22	63	91	79	73	122	1	113	16	104	124	5	77	24	3	24	125	5	93	115	62	39	52	60	59	82	87	91	66	94
114	68	50	52	48	79	68	44	43	99	47	13	116	63	13	42	4	28	119	109	49	117	39	62	26	53	49	37	47	31	68	110	110	66	90	101	28	79	1	97	127	82	46	82	21	53	64	90	58	76	0	19	87	31	23	39	18	124	110	46	59	38	1	1	73	66	119	108	63	51	67	128	16	123	111	124	103	94	54	10	90	99	52	45	108	85	69	52	76	33	66	25	118	93	58	64	87	92	117	88
92	114	76	45	52	71	115	83	100	99	77	34	7	88	122	99	43	38	83	8	80	127	20	68	76	92	48	50	12	111	105	36	65	5	11	99	43	47	124	88	37	16	124	84	85	76	69	96	13	83	112	0	103	113	87	42	111	119	60	16	75	69	91	103	79	24	120	98	42	54	60	26	27	105	65	88	33	82	38	113	40	34	4	86	101	92	81	57	17	111	80	43	102	24	100	11	85	74	65	66
9	41	30	13	102	85	126	93	124	106	117	96	105	108	109	95	57	17	77	10	63	21	76	80	43	11	129	45	106	37	94	103	36	36	7	129	28	5	128	108	78	98	72	54	39	104	79	26	109	110	120	23	0	29	3	121	28	92	47	98	128	41	90	80	107	11	64	36	68	7	27	6	119	5	119	39	52	77	125	93	63	99	18	43	30	89	9	6	111	8	29	121	42	47	9	24	99	84	84	30
93	34	128	35	103	19	75	12	114	48	65	56	99	37	117	88	1	98	14	106	120	115	48	129	89	40	58	16	85	105	88	108	122	20	31	32	115	114	72	56	112	43	52	21	107	7	113	102	67	22	50	24	74	0	118	45	124	26	122	47	36	59	98	101	65	3	69	66	89	47	104	31	124	96	122	74	6	125	77	90	43	76	35	10	57	102	80	78	82	42	63	81	56	11	63	52	9	112	72	104
35	123	28	66	6	84	18	60	15	24	25	84	12	78	113	72	78	119	71	9	64	85	96	77	92	45	21	7	92	38	62	15	100	29	39	77	35	56	14	104	124	47	9	27	37	115	77	110	85	82	63	8	26	55	0	83	33	23	52	107	90	120	126	54	49	115	117	99	43	115	16	37	99	97	76	85	99	43	1	92	108	124	123	29	104	38	38	49	17	82	9	97	46	83	34	91	107	110	21	115
25	20	80	104	34	48	93	68	63	15	90	69	20	116	105	34	8	60	62	23	74	25	102	64	72	7	124	129	100	3	66	24	98	2	45	121	121	33	125	105	76	22	112	121	113	32	109	71	36	79	117	28	24	117	68	0	60	33	43	91	47	29	60	9	35	70	11	32	102	100	102	29	112	90	42	114	62	111	45	68	86	27	113	89	7	120	71	66	28	113	61	99	83	109	26	101	52	38	99	102
10	67	82	22	1	48	27	96	97	21	129	65	82	29	81	4	128	88	119	121	90	81	81	126	83	65	99	70	92	79	57	15	26	112	103	26	56	94	14	97	19	113	11	63	47	104	75	102	34	80	15	103	78	61	93	102	0	9	86	86	55	113	110	97	88	16	47	11	32	103	112	13	108	20	118	29	51	108	90	112	110	57	92	62	58	74	62	79	33	122	55	72	120	120	56	72	13	129	111	29
90	2	58	33	20	50	71	7	107	49	84	12	36	33	90	44	87	30	89	29	8	128	53	118	35	68	8	43	89	29	64	86	49	126	73	48	104	43	102	27	103	32	117	58	115	29	79	60	108	101	75	29	27	9	94	41	5	0	116	117	121	72	97	124	16	65	67	71	28	28	83	82	75	113	47	49	124	126	55	119	92	108	108	54	74	61	122	38	35	73	112	114	124	12	64	71	19	45	50	11
87	129	50	57	19	2	8	116	105	61	83	78	104	64	103	106	69	41	64	112	55	45	28	20	10	11	91	121	64	24	93	36	5	112	66	79	47	47	43	66	120	63	88	116	30	40	58	50	66	70	67	93	4	46	55	114	51	127	0	56	88	99	71	99	78	93	117	4	111	103	88	43	22	125	20	11	125	54	19	15	110	58	102	127	108	6	24	109	53	118	109	98	9	26	76	41	110	80	76	68
61	129	53	17	67	34	83	19	98	92	40	27	122	105	16	106	66	1	25	125	20	20	78	104	1	73	25	85	100	126	123	78	18	107	5	51	128	22	34	71	73	46	56	38	57	55	84	35	28	47	87	97	104	95	126	118	65	59	88	0	85	12	25	65	43	121	56	4	35	49	78	18	101	27	83	75	10	74	87	2	19	32	104	36	34	100	50	128	93	123	90	99	34	13	114	26	77	61	92	83
101	34	18	55	52	123	27	103	31	103	23	59	37	104	68	98	37	34	10	26	14	79	45	77	93	102	67	90	75	121	128	109	20	5	111	69	21	38	38	129	27	33	1	109	12	115	122	101	66	13	40	53	63	64	112	40	48	27	36	34	0	74	102	129	57	30	37	11	62	94	112	119	103	29	93	49	49	104	21	118	25	95	49	54	44	7	13	26	5	126	121	46	50	45	62	43	54	83	118	17
48	4	29	75	56	119	45	93	4	2	86	118	38	33	72	89	25	99	34	87	112	28	29	33	107	19	68	129	58	52	23	103	118	100	49	15	52	96	118	30	92	91	89	104	80	111	95	14	8	98	96	23	48	73	92	60	36	87	11	3	56	0	72	47	89	48	40	54	72	126	24	15	42	93	75	40	92	112	14	71	90	20	112	50	23	27	97	81	67	29	117	20	33	51	20	129	7	128	34	45
40	35	49	129	42	50	23	71	87	115	117	36	38	6	118	82	119	50	68	99	104	79	27	49	118	46	113	13	122	45	17	43	78	108	26	55	65	116	119	80	118	72	79	53	59	78	89	94	67	67	115	64	52	55	17	59	44	35	53	82	121	39	0	96	38	17	61	19	101	126	120	66	20	120	38	20	98	95	63	12	35	30	117	22	93	9	81	119	119	118	95	128	85	70	30	15	68	62	126	118
105	107	95	92	89	78	70	94	56	99	46	79	58	62	89	12	111	24	35	126	114	113	51	32	58	118	36	98	59	96	125	82	6	48	116	60	61	93	96	95	104	83	8	111	94	8	36	80	38	86	83	68	119	106	101	40	44	97	1	77	96	15	5	0	84	95	128	56	59	82	3	85	3	58	112	7	80	58	48	114	23	83	39	38	18	16	126	36	3	50	123	1	66	42	98	40	29	121	40	93
100	97	54	4	127	5	87	106	123	117	128	96	108	127	79	108	79	76	121	21	16	92	91	94	54	91	115	88	65	109	37	127	96	123	105	19	82	89	18	115	36	118	72	59	87	43	99	113	46	117	120	86	24	117	39	17	29	67	75	27	121	105	9	73	0	5	13	57	37	17	90	59	75	78	35	59	18	113	51	85	123	103	27	118	128	20	43	34	99	53	20	96	98	22	124	120	38	2	110	16
105	81	104	80	89	25	11	54	16	25	71	111	116	50	54	6	9	15	36	77	75	84	9	97	25	66	40	71	58	56	96	26	10	123	15	63	56	89	88	44	22	37	9	102	90	5	126	83	77	89	46	115	98	118	57	119	36	120	5	60	14	33	80	42	102	0	8	38	34	83	120	27	14	93	52	122	60	40	99	62	1	26	7	66	1	4	15	24	103	3	63	74	92	121	16	21	73	7	122	125
119	37	97	121	18	99	55	49	66	18	116	76	79	34	42	98	85	17	49	68	7	113	128	99	112	87	127	105	79	129	125	37	78	98	113	70	26	106	111	115	49	92	18	84	121	27	32	25	32	17	65	42	73	8	9	65	57	45	56	15	50	73	129	18	41	86	0	107	76	19	68	31	10	47	115	7	52	6	10	50	104	82	81	46	6	98	18	65	112	119	79	70	98	19	101	77	114	79	122	52
127	66	119	38	42	7	2	25	20	106	100	104	23	74	25	32	34	79	76	12	111	82	100	87	29	27	70	12	18	69	125	30	3	87	44	92	2	31	26	53	22	52	87	75	99	92	64	93	75	64	68	66	123	126	20	36	35	114	28	12	96	48	101	1	5	75	45	0	56	82	111	7	86	87	12	114	9	72	14	21	42	107	22	104	57	97	10	24	33	39	123	122	18	4	37	100	21	25	127	44
34	48	59	41	30	68	55	110	98	115	61	111	103	89	52	110	119	71	81	69	105	31	9	120	123	128	54	115	52	68	46	84	97	77	82	29	124	73	98	59	32	8	12	67	46	58	103	128	81	45	94	51	123	65	39	66	61	5	124	3	103	64	72	95	48	113	123	22	0	35	91	46	51	21	18	120	73	44	48	49	36	26	81	85	107	22	25	56	30	50	18	23	88	68	102	107	119	127	43	98
116	110	120	106	80	86	97	17	47	36	117	128	19	11	64	129	3	105	129	94	4	108	70	100	56	128	23	16	69	50	84	29	49	34	50	120	101	120	106	11	99	10	2	44	27	29	67	109	2	44	34	28	123	60	32	25	14	6	116	29	117	31	105	38	98	17	106	53	86	0	53	82	108	6	107	84	49	87	55	54	110	87	33	50	80	114	68	29	54	12	99	61	32	111	23	95	86	125	19	81
114	26	33	20	85	62	104	83	116	85	39	116	84	52	30	83	108	31	128	95	72	36	16	13	85	128	39	38	40	93	97	120	38	113	9	59	55	32	83	81	93	100	77	76	2	92	95	64	95	82	30	64	115	2	44	46	62	61	53	100	81	39	64	123	25	98	89	78	97	35	0	15	64	111	129	2	19	1	34	63	115	95	6	6	127	19	101	119	23	128	112	71	127	4	42	81	77	5	18	102
84	60	105	34	22	49	11	65	62	13	119	19	59	108	25	39	98	33	8	50	99	69	101	2	105	66	47	97	91	22	45	89	73	97	97	91	93	57	109	98	90	104	1	8	80	116	27	71	105	45	1	59	121	114	66	90	16	59	18	102	121	82	107	116	84	116	110	85	83	2	7	0	129	102	1	57	58	65	119	99	39	92	25	101	62	88	76	92	34	41	38	111	72	46	113	74	19	124	23	65
128	105	85	26	4	80	72	46	29	109	7	27	113	51	77	10	68	31	113	96	98	98	49	28	92	46	101	53	105	80	55	60	34	44	114	76	51	40	44	12	75	83	66	78	86	99	24	57	37	128	72	97	104	12	56	111	118	43	24	37	34	83	11	25	104	25	54	30	95	51	73	113	0	41	82	26	13	88	73	8	27	26	7	2	96	124	96	73	76	44	83	25	83	10	25	102	129	96	86	21
119	124	80	89	22	77	103	71	26	64	1	26	41	26	109	11	70	113	63	111	47	45	42	50	34	48	46	19	16	65	48	1	48	49	47	20	113	10	128	113	101	106	70	21	38	26	44	89	124	85	118	8	47	97	106	123	26	14	93	56	19	71	2	96	18	11	86	46	61	47	28	79	70	0	40	49	69	121	86	47	107	120	26	100	68	85	5	101	128	63	42	79	16	28	61	93	13	47	24	30
54	52	68	91	29	77	84	37	52	28	19	75	88	102	80	7	27	45	10	13	129	43	114	110	128	120	47	5	2	112	103	110	84	4	63	69	35	116	55	100	59	119	20	43	115	48	58	58	52	3	27	50	7	28	77	94	101	115	122	81	36	87	56	58	69	45	39	122	18	76	75	83	86	67	0	124	91	4	27	103	38	35	5	126	107	22	82	65	34	68	84	76	111	90	24	55	30	112	50	11
23	35	34	52	74	81	119	113	23	123	114	20	49	21	90	40	65	20	65	36	59	117	52	53	14	54	109	96	33	4	72	65	29	58	75	10	66	74	113	96	127	39	1	19	57	72	55	86	128	26	46	104	26	83	77	4	64	97	86	21	30	27	90	3	19	128	82	16	78	64	122	12	10	50	56	0	19	37	27	107	23	114	50	100	1	25	76	31	96	76	56	65	16	79	81	106	61	105	88	33
66	111	27	9	75	42	119	92	20	37	122	74	119	78	43	19	64	39	21	103	90	32	102	31	85	115	88	38	116	128	71	114	94	9	59	53	30	80	24	70	116	35	112	52	63	92	91	104	78	90	34	32	97	63	11	31	58	105	84	111	18	88	47	1	125	4	23	50	126	125	61	74	95	12	67	110	0	46	83	111	68	100	64	98	3	61	95	93	47	8	49	55	53	111	88	8	86	2	69	71
113	20	55	121	120	67	104	10	47	93	94	47	101	59	7	118	47	117	44	78	92	85	125	70	66	106	36	69	66	5	36	103	118	26	122	15	32	125	57	97	129	33	113	25	96	59	50	9	73	83	15	129	118	122	127	65	108	80	51	39	59	92	86	38	113	85	75	4	34	104	94	44	56	32	50	89	88	0	44	128	79	124	64	7	114	49	25	66	90	119	59	28	63	45	87	18	70	41	21	90
9	27	111	44	114	66	123	69	95	85	124	20	37	46	36	38	91	86	76	116	118	16	55	96	22	34	102	49	9	10	100	74	122	28	14	25	115	88	51	111	92	57	94	124	95	6	18	42	76	86	114	12	43	38	49	119	96	83	51	25	109	41	72	47	45	80	95	50	111	44	62	115	90	115	36	40	15	100	0	13	117	112	9	125	44	19	47	13	58	44	117	43	68	97	46	33	17	27	64	88
68	38	72	47	31	49	90	81	92	12	69	15	78	6	17	71	20	111	40	127	1	111	74	45	11	63	92	87	113	71	40	17	64	15	99	99	51	21	33	58	125	13	100	128	38	10	28	118	12	43	52	59	100	29	129	65	70	123	125	123	72	30	34	25	58	94	42	53	101	123	124	76	36	76	124	5	94	76	64	0	29	28	9	122	9	126	91	71	68	92	128	15	10	95	113	84	39	8	96	8
84	116	40	14	29	50	3	55	126	64	115	42	105	4	28	125	41	127	59	51	8	116	47	96	103	94	74	94	43	100	9	75	20	45	120	20	31	113	41	32	74	72	114	113	124	29	4	117	12	56	109	75	16	71	112	78	99	17	10	101	23	97	116	57	42	60	40	82	23	85	16	2	7	111	1	24	40	124	45	63	0	20	121	16	122	16	87	55	37	108	127	36	110	106	73	39	8	39	9	32
113	64	85	18	90	85	6	99	18	81	126	43	27	13	19	95	67	127	118	29	129	58	33	83	27	35	106	102	35	105	16	106	109	95	22	124	19	65	108	121	84	42	109	16	65	95	68	34	3	11	17	10	101	28	64	72	57	108	66	86	110	102	38	22	127	7	107	86	98	78	88	127	74	29	4	107	20	106	129	80	55	0	66	31	129	123	52	115	119	125	1	105	5	73	90	24	67	99	105	83
61	86	36	63	36	36	70	86	20	99	45	115	44	123	16	19	25	46	99	14	44	77	23	104	66	75	76	79	40	4	125	125	12	29	1	114	64	75	38	116	32	112	16	4	19	79	27	51	122	110	95	125	67	107	86	15	82	106	89	107	16	109	66	18	51	44	119	90	59	31	6	30	66	33	31	81	18	17	62	113	90	10	0	77	110	3	12	4	98	60	77	11	32	67	39	114	32	41	16	91
9	24	53	4	13	55	66	59	47	40	26	71	92	113	56	15	58	105	53	86	36	70	114	62	13	46	128	76	26	111	27	22	91	36	112	52	39	14	32	60	75	118	116	45	81	37	50	19	79	122	103	39	76	70	86	91	18	94	108	55	72	72	16	40	32	62	28	30	61	28	76	110	112	82	39	54	69	88	98	22	95	34	12	0	60	15	10	97	54	19	48	97	129	38	81	49	113	3	129	82
61	25	42	13	8	47	98	26	97	12	108	15	61	127	114	100	84	61	45	27	66	51	4	62	56	84	92	31	24	92	65	74	128	2	96	96	66	59	90	79	19	107	33	60	29	114	118	65	110	49	72	67	65	31	88	119	111	69	3	27	47	1	105	20	49	35	5	116	4	76	78	69	4	91	93	76	77	83	28	37	120	28	7	13	0	30	63	92	108	82	105	8	91	103	110	47	5	16	106	55
53	71	114	51	75	2	10	126	44	93	36	27	26	92	24	73	124	60	23	68	18	23	74	117	5	60	30	25	124	5	13	54	69	19	97	101	122	24	10	50	118	76	111	124	60	122	11	98	50	104	120	6	50	34	26	88	73	39	50	39	86	3	20	41	82	58	94	54	82	20	57	66	62	43	53	101	116	107	7	34	117	48	18	70	61	0	127	100	80	122	31	29	62	77	114	78	113	72	127	21
3	95	60	96	74	109	115	70	7	72	96	79	74	69	112	65	10	101	43	2	87	26	85	88	105	65	43	118	67	33	125	118	47	111	41	74	107	104	105	21	48	127	79	106	70	91	31	80	30	7	26	125	58	103	82	126	129	12	128	90	24	39	106	9	122	121	115	113	117	23	93	53	121	11	52	98	102	27	89	54	24	4	111	105	128	72	0	120	113	8	35	46	79	108	109	118	127	27	70	99
14	46	97	38	85	66	16	71	65	15	119	79	51	78	127	126	22	50	92	11	49	83	129	8	58	40	17	2	68	122	11	76	23	48	71	71	12	36	90	27	50	67	6	93	74	83	99	25	32	94	80	128	110	26	28	33	122	88	62	53	67	102	97	129	18	40	3	37	8	116	61	83	54	89	14	32	68	97	51	49	75	105	22	26	22	95	83	0	10	70	116	54	64	86	99	16	89	129	29	86
11	115	66	47	74	126	34	121	75	36	57	6	69	81	113	42	35	7	111	56	103	28	23	3	104	120	96	34	34	71	89	102	84	105	82	114	106	63	120	9	81	114	71	61	106	36	40	70	49	101	126	14	86	20	116	4	37	19	69	80	113	61	67	14	84	24	26	28	126	89	9	27	95	74	50	49	55	6	127	101	14	46	89	69	112	62	96	42	0	119	29	113	49	60	52	48	80	80	33	60
31	127	28	63	98	124	53	49	60	57	43	85	1	128	96	2	33	126	3	15	54	34	60	21	119	107	126	112	31	64	115	54	11	70	11	70	71	76	74	85	19	86	20	28	7	115	88	126	65	47	89	74	23	76	30	69	61	37	64	62	111	77	117	128	105	43	29	101	83	8	104	14	121	117	9	69	18	56	112	118	111	120	39	61	41	74	127	61	83	0	39	62	89	97	80	100	121	15	8	4
6	15	88	42	104	103	80	6	62	114	20	18	114	47	11	78	75	104	62	47	84	12	15	125	88	60	91	123	85	110	90	129	94	64	13	98	14	11	7	6	63	10	127	38	106	125	100	31	15	79	78	86	124	118	4	78	13	32	26	94	66	16	109	24	5	42	126	79	123	102	103	89	94	84	88	120	77	83	25	30	128	76	79	13	87	45	61	123	26	34	0	27	26	73	65	38	38	49	77	92
75	83	99	9	124	68	54	68	129	70	57	15	83	127	80	34	37	128	34	67	69	10	21	14	20	36	37	51	16	34	107	92	126	14	89	72	101	112	75	37	125	24	45	38	5	37	67	70	111	60	9	59	91	97	12	80	11	23	27	13	30	25	110	36	85	58	66	61	21	89	71	54	24	58	56	108	89	125	3	1	46	96	119	96	77	10	77	97	121	118	55	0	72	34	32	25	119	90	23	64
127	7	128	93	64	35	5	112	33	9	30	98	79	13	2	119	65	67	114	48	7	118	39	61	116	128	43	61	109	22	73	73	80	57	95	3	112	105	114	8	90	52	36	36	67	108	24	116	27	99	64	8	24	52	83	70	35	49	83	35	91	4	46	2	59	47	101	50	127	72	116	44	15	66	3	93	48	104	116	81	13	87	127	121	83	125	7	18	33	107	88	18	0	118	35	75	24	81	63	114
118	23	81	76	25	79	103	112	59	13	68	107	108	76	32	35	70	29	94	16	28	117	87	51	74	17	23	93	115	98	104	54	16	53	127	94	25	58	105	88	110	69	9	46	68	32	121	102	12	115	66	126	113	28	75	28	113	113	62	115	16	69	99	108	9	87	4	75	127	91	91	58	114	113	85	82	93	4	120	78	45	82	64	105	52	92	111	46	58	25	6	39	65	0	68	101	18	62	73	94
38	103	42	109	21	129	4	88	6	119	44	97	27	53	114	71	71	129	109	101	28	128	98	115	120	73	114	53	89	37	102	50	59	17	50	73	52	119	129	3	22	56	102	57	24	29	77	42	58	26	122	114	21	121	112	109	82	79	48	60	79	129	12	15	70	95	25	64	128	88	25	109	70	20	21	60	100	79	65	93	57	19	105	67	32	116	12	20	6	97	32	93	6	87	0	3	93	64	63	37
62	102	26	123	46	29	48	16	47	105	34	21	33	13	70	29	36	29	66	98	16	33	2	98	36	44	28	100	61	55	53	59	102	88	83	113	88	115	101	1	82	46	95	100	9	111	14	112	77	75	36	124	42	47	12	28	41	21	29	125	33	37	6	27	103	86	102	52	112	94	21	53	127	54	30	129	117	54	80	67	83	19	43	70	123	93	15	27	90	109	64	106	77	61	4	0	122	46	54	6
99	21	10	63	61	111	15	75	114	13	113	9	53	39	4	65	83	5	1	109	112	39	27	35	61	34	111	4	125	38	30	42	127	1	71	61	128	35	65	106	61	37	73	47	53	70	112	116	86	112	51	34	12	28	53	18	27	55	90	20	38	60	75	57	22	100	50	101	124	106	87	72	67	1	23	94	45	13	124	101	33	33	113	24	86	38	9	33	25	118	115	10	19	21	22	26	0	78	97	80
98	113	26	5	90	37	102	114	118	81	103	115	16	19	78	58	31	93	9	42	48	56	76	117	2	79	59	129	55	35	43	97	9	79	33	48	36	34	116	5	123	104	24	57	19	52	106	9	91	110	41	126	54	15	57	45	89	121	72	78	44	89	4	112	6	87	86	31	6	39	97	63	61	95	82	47	13	64	25	15	52	113	119	54	103	74	16	117	103	84	78	50	81	113	57	99	108	0	70	101
85	11	10	67	23	112	18	10	73	87	108	76	99	115	117	123	119	5	54	128	43	53	109	116	18	20	45	34	87	111	58	88	69	15	10	114	55	39	122	93	37	89	21	25	61	100	54	58	58	94	38	75	16	120	29	75	3	4	44	118	117	127	11	80	37	41	85	99	103	94	17	129	14	117	82	98	125	95	97	43	27	97	110	71	22	34	104	108	105	29	40	17	16	8	30	46	91	67	0	104
63	55	56	113	18	55	8	43	117	4	91	97	107	40	80	28	47	99	6	50	42	70	53	44	87	4	17	19	90	91	6	28	14	98	44	117	34	63	19	28	50	46	91	127	55	121	6	127	29	71	126	109	35	119	65	55	39	123	9	16	2	84	93	71	33	13	62	21	54	80	117	90	41	87	97	7	23	63	30	122	112	126	110	84	28	8	76	8	1	84	30	87	101	41	123	18	99	5	65	0
