A	B	C	D	E	F	G	H	I	J	K	L	M	N	O	P	Q	R	S	T	U	V	W	X	Y	Z	AA	AB	AC	AD	AE	AF	AG	AH	AI	AJ	AK	AL	AM	AN	AO	AP	AQ	AR	AS	AT	AU	AV	AW	AX	AY	AZ	BA	BB	BC	BD	BE	BF	BG	BH	BI	BJ	BK	BL	BM	BN	BO	BP	BQ	BR	BS	BT	BU	BV	BW	BX	BY	BZ	CA	CB	CC	CD	CE	CF	CG	CH	CI	CJ	CK	CL	CM	CN	CO	CP	CQ	CR	CS	CT	CU	CV
0	960	925	455	658	741	637	674	167	844	162	382	15	851	231	436	812	517	582	599	976	277	228	408	625	423	271	4	934	662	57	460	293	191	56	700	445	758	558	629	922	31	666	565	284	219	24	716	220	970	638	212	108	422	693	503	818	501	142	888	94	243	31	475	780	128	707	917	182	408	558	249	821	759	98	262	781	812	360	339	468	352	887	34	133	104	853	972	150	253	599	427	604	671	281	760	889	230	660	418
612	0	913	211	988	503	493	465	641	769	363	877	471	20	789	301	517	804	411	691	116	929	486	941	493	991	544	524	779	121	170	189	423	658	74	558	194	347	647	303	832	278	677	79	564	813	134	99	639	459	467	261	589	822	742	148	287	386	144	579	422	270	761	680	156	275	199	504	363	87	910	671	484	950	537	507	309	617	864	303	560	177	377	637	612	131	260	904	572	404	90	814	606	199	186	157	898	228	420	914
195	234	0	703	372	69	194	477	594	53	505	244	77	592	966	454	545	737	447	458	713	797	839	870	647	265	484	430	43	151	244	38	899	186	656	770	430	587	712	69	833	767	659	644	284	27	609	443	251	729	856	86	258	119	762	493	701	218	891	526	475	886	409	79	43	448	706	135	975	729	187	9	392	149	588	452	620	535	211	661	590	70	220	534	260	461	403	739	69	835	27	490	111	907	766	547	458	599	984	622
638	790	375	0	266	22	326	127	416	40	35	251	713	891	81	253	659	252	909	730	988	406	834	120	403	766	401	145	61	474	485	933	707	449	219	619	49	287	110	363	928	691	331	15	572	401	982	785	130	949	140	794	568	423	818	596	273	61	245	956	192	70	460	153	584	288	354	856	125	136	252	356	894	149	515	896	52	201	194	459	152	968	897	790	349	341	66	159	471	359	728	972	899	293	58	10	281	470	528	961
613	79	341	278	0	267	213	447	722	282	617	954	375	100	763	659	260	764	178	789	777	751	169	677	671	415	290	527	201	927	936	246	344	82	183	652	58	689	266	317	423	436	821	936	472	627	829	587	62	52	927	388	650	545	155	400	845	736	249	924	577	166	283	842	856	503	783	886	494	214	379	987	113	380	447	529	316	446	702	343	886	204	734	744	765	716	660	437	457	605	487	748	304	292	466	951	36	54	573	56
395	209	585	748	744	0	370	701	775	828	230	721	457	784	716	561	112	610	375	307	900	296	455	758	374	134	443	910	160	780	331	173	383	573	993	71	735	78	137	444	177	556	396	40	897	425	333	187	248	777	871	328	204	12	189	284	505	118	390	75	659	617	433	705	917	214	466	1	435	787	46	890	332	948	561	785	567	872	795	739	863	427	528	326	83	664	838	142	105	498	239	242	591	936	829	102	173	189	477	105
85	803	268	844	392	451	0	394	1	855	854	742	179	735	151	478	373	569	914	306	463	605	171	590	714	344	147	849	54	808	941	334	530	30	589	320	762	505	913	545	256	196	245	981	825	648	862	224	593	827	360	354	829	386	717	924	471	742	568	176	358	506	250	117	986	750	765	873	596	134	767	678	379	528	460	680	222	728	652	251	143	795	268	657	870	60	425	588	476	284	94	718	827	120	170	619	840	9	806	160
698	694	149	764	585	83	99	0	449	598	188	860	886	623	950	775	911	267	925	265	98	137	885	8	728	269	468	813	150	442	546	716	23	513	166	683	219	135	234	555	821	158	616	583	806	278	396	101	169	536	170	757	636	887	269	689	364	126	952	509	443	497	707	711	911	305	380	829	213	582	96	730	713	912	297	561	855	172	883	781	763	971	847	932	464	494	582	179	912	385	257	338	549	167	602	963	75	229	669	161
461	194	384	502	511	347	239	96	0	473	408	162	938	414	991	978	290	721	260	122	945	897	354	673	467	585	75	608	960	602	448	428	851	982	56	851	380	94	347	105	940	986	18	628	139	432	294	858	200	372	780	197	994	186	119	429	420	400	839	519	490	412	402	463	549	340	956	117	54	712	843	676	952	834	817	280	72	589	12	60	889	642	906	454	248	573	816	395	266	809	284	975	468	554	109	43	27	811	434	858
106	162	462	339	761	689	863	723	485	0	227	199	863	146	644	124	870	700	186	431	683	263	898	103	88	772	744	839	632	940	404	412	438	74	516	991	52	927	929	214	726	16	404	597	716	385	816	413	595	892	95	56	371	589	32	629	544	737	123	579	918	201	666	151	491	445	145	896	885	497	957	488	458	765	840	820	552	942	70	561	933	263	233	206	451	168	291	384	655	427	141	332	458	458	125	13	158	646	560	392
593	135	166	987	252	210	56	537	729	397	0	78	8	568	650	40	520	478	407	95	953	384	133	567	380	288	677	513	75	156	428	596	891	607	324	540	489	209	915	550	780	285	88	181	530	689	65	276	243	971	280	116	864	696	872	495	142	364	965	322	226	227	970	728	531	423	205	971	390	830	602	19	769	304	391	633	772	341	492	95	303	890	701	989	654	606	17	234	895	805	759	291	553	941	42	812	886	773	223	179
68	488	642	51	874	211	571	4	94	799	282	0	555	899	742	167	134	346	864	950	924	177	511	306	483	968	576	177	562	642	719	63	481	119	104	378	390	188	15	881	687	371	228	269	425	100	795	430	445	545	151	881	793	254	594	651	512	206	797	671	889	644	520	110	803	350	21	296	784	410	821	55	275	140	716	126	1	940	882	452	481	838	994	41	327	187	52	379	264	176	727	354	171	226	71	218	593	663	427	204
422	179	682	338	457	730	530	314	749	319	420	630	0	652	956	952	267	586	551	183	163	176	146	106	254	339	198	517	126	452	500	559	316	869	653	452	947	199	6	837	405	627	397	118	443	422	353	916	263	982	790	924	937	949	962	80	650	851	222	375	544	640	638	245	904	806	377	684	75	985	3	582	831	624	109	212	974	223	172	427	384	580	391	211	839	292	705	844	839	445	95	121	265	532	131	246	312	92	12	176
436	458	117	988	775	345	118	514	524	722	279	396	509	0	881	845	490	308	808	444	348	840	567	989	397	418	324	487	161	845	761	848	442	252	823	535	845	466	152	947	385	270	337	511	137	64	467	422	259	443	89	294	385	72	972	484	759	673	481	834	227	731	675	627	425	665	638	832	340	364	908	585	823	475	765	977	819	872	673	616	9	406	948	723	651	65	42	709	946	14	348	381	169	88	688	692	478	70	509	671
80	139	706	859	824	104	387	953	986	858	399	39	670	198	0	966	500	185	540	831	929	974	446	22	883	363	207	934	454	449	46	105	467	612	15	99	204	777	802	941	59	315	899	683	124	466	973	114	922	9	96	398	843	424	321	142	783	396	195	414	782	328	408	756	892	136	8	466	436	818	639	472	321	29	788	907	938	833	703	479	427	317	744	546	401	709	753	846	251	925	287	213	254	721	634	964	463	113	750	741
473	159	815	655	795	390	986	666	674	954	387	570	345	927	420	0	728	189	105	589	9	409	335	203	832	527	843	170	303	613	189	886	454	860	689	139	879	300	105	702	319	866	82	111	6	763	168	212	695	699	789	245	336	246	507	755	170	469	356	633	457	840	81	882	721	944	851	633	499	595	574	236	951	490	338	226	900	778	737	91	428	498	165	515	918	508	737	408	376	363	238	850	838	725	459	199	624	266	981	546
814	786	311	62	63	964	770	274	555	77	321	368	593	102	737	947	0	505	594	666	364	101	411	734	50	505	792	11	89	254	310	297	102	984	983	450	85	581	35	394	929	801	570	504	454	128	260	795	12	536	607	678	639	502	258	565	842	956	799	845	532	78	513	313	532	413	820	145	395	502	660	770	864	896	156	766	951	504	266	495	344	912	264	956	592	276	652	761	669	982	271	581	507	895	949	461	553	159	712	31
742	129	822	67	379	231	582	686	803	101	32	107	933	808	252	137	915	0	875	486	543	423	299	258	857	402	707	950	968	334	250	561	73	4	844	724	324	266	693	146	484	923	838	633	393	833	722	743	544	463	781	969	987	413	72	743	69	248	787	507	788	83	740	313	222	747	703	602	888	511	525	504	355	965	626	13	959	470	794	841	638	659	606	962	311	201	238	994	642	766	511	289	657	816	855	123	890	651	703	787
933	505	741	161	676	564	724	330	990	335	131	184	796	187	588	919	753	245	0	607	326	380	542	676	459	573	150	831	184	800	920	716	507	99	36	283	107	546	387	963	897	258	194	824	613	745	72	639	740	199	954	807	222	525	422	883	884	924	528	630	189	347	881	276	73	794	650	18	732	983	267	849	297	758	48	460	454	869	607	518	304	564	17	932	10	734	929	823	249	461	570	623	693	800	804	549	900	734	595	644
794	470	273	312	466	552	233	905	20	116	250	806	542	646	879	913	975	456	766	0	501	433	283	575	977	350	599	790	839	477	458	237	713	734	217	971	44	815	501	433	845	105	191	908	254	543	199	820	824	260	928	913	729	982	147	896	850	718	614	719	222	576	611	747	909	385	718	56	229	934	863	316	368	800	811	641	994	686	185	212	111	767	183	906	346	273	281	456	401	187	330	42	87	469	314	954	885	815	955	638
447	460	979	187	452	848	132	656	989	410	776	784	746	52	36	922	917	394	686	497	0	359	699	593	242	909	345	241	691	267	24	388	383	573	330	448	67	400	628	831	125	869	346	539	512	594	800	776	329	812	929	940	559	273	833	690	874	940	86	844	140	364	396	279	650	32	151	655	453	28	342	353	656	80	736	463	737	312	986	176	581	846	405	708	812	711	881	690	276	480	865	695	836	337	43	838	937	976	854	332
278	275	473	287	914	782	698	448	950	124	192	300	536	221	405	423	357	30	262	168	15	0	140	105	900	626	484	136	174	174	849	142	476	461	98	329	454	637	575	512	295	655	631	546	149	372	255	9	239	639	643	466	678	24	75	158	651	440	354	317	114	545	171	932	132	492	207	569	837	84	707	157	130	639	496	588	698	119	349	892	825	103	175	52	564	582	837	661	248	102	530	826	725	717	813	670	607	862	276	723
939	201	257	892	600	874	452	184	50	436	756	753	304	94	13	909	714	225	910	394	337	558	0	661	28	95	297	319	297	494	175	143	288	507	300	529	976	485	830	767	799	753	69	241	113	83	108	195	757	690	673	380	545	852	65	151	177	226	880	264	444	244	950	573	979	701	802	134	184	828	68	818	317	716	13	510	853	859	763	237	728	251	928	581	748	402	107	353	667	937	229	352	276	988	204	13	413	606	42	751
430	975	388	941	262	832	899	250	735	992	362	61	435	891	601	559	732	175	777	78	160	948	924	0	584	245	473	453	126	280	695	109	534	110	496	316	43	404	399	552	589	539	164	740	805	202	365	181	830	691	535	829	459	143	219	94	630	437	720	531	749	462	376	112	834	894	495	97	501	436	595	633	468	136	829	981	936	933	229	758	332	323	362	943	788	597	597	436	917	729	254	918	376	989	316	846	596	633	169	641
956	161	37	269	639	880	930	903	701	905	123	847	323	303	302	655	441	514	564	420	893	410	454	238	0	754	624	77	554	408	477	861	156	628	675	752	505	820	624	2	783	503	550	770	920	761	126	650	705	530	46	286	275	878	385	275	607	692	576	294	613	624	458	320	810	606	607	941	216	31	431	198	190	556	517	176	224	545	832	655	782	476	19	221	96	414	964	869	625	582	341	559	425	674	631	857	583	250	315	243
495	889	991	768	594	535	37	830	906	346	190	572	821	239	994	922	163	233	546	892	890	32	178	40	713	0	956	155	106	551	201	202	144	321	416	693	840	717	978	505	612	481	789	132	680	813	207	689	182	883	314	122	634	90	73	707	239	212	388	246	345	353	979	185	81	808	285	909	972	383	717	346	991	161	751	806	271	677	306	653	680	407	797	962	433	179	866	570	811	10	672	512	399	990	203	924	497	396	949	672
897	781	697	95	491	588	469	380	351	751	722	816	237	506	103	531	835	54	787	32	523	778	938	320	149	54	0	878	954	484	869	510	196	752	162	392	24	553	703	779	796	373	397	229	437	60	868	964	980	204	699	849	152	382	531	750	540	789	394	165	962	515	188	73	242	192	762	75	801	555	530	727	802	693	66	247	112	340	193	652	103	211	349	796	217	578	594	298	746	384	946	489	299	535	647	932	340	237	675	176
551	210	322	348	693	968	229	296	597	3	556	110	560	745	196	210	26	946	380	315	951	384	606	619	103	790	240	0	376	336	469	85	136	48	717	207	35	184	495	389	360	597	947	910	37	328	417	442	251	538	419	337	326	70	671	232	11	474	971	457	554	224	669	430	623	346	714	504	621	960	627	112	927	237	974	427	704	227	334	615	563	497	23	563	447	994	903	190	609	639	559	292	645	406	647	681	516	643	339	974
937	177	460	776	46	295	202	394	225	277	240	207	90	977	350	300	269	493	242	211	576	987	406	106	41	536	500	604	0	237	147	85	619	29	830	993	434	363	404	820	664	506	3	254	643	476	482	754	830	610	918	533	747	72	772	316	851	207	392	167	54	122	937	408	344	992	346	300	521	805	433	287	803	456	568	497	817	423	983	400	248	175	138	27	766	393	27	258	484	422	443	459	514	115	390	313	343	905	820	288
932	988	925	806	890	822	786	554	407	912	888	526	707	599	951	732	506	43	592	874	708	762	661	898	837	533	650	912	628	0	120	543	939	976	546	253	873	955	331	779	518	693	320	513	583	556	148	26	322	861	702	325	349	811	923	81	107	267	822	366	281	212	403	81	471	800	787	119	967	194	25	18	360	242	889	292	735	120	117	21	137	563	867	640	530	578	61	30	292	467	676	360	74	771	865	952	683	553	299	902
356	909	245	395	576	855	299	135	713	11	354	145	453	304	336	970	913	379	563	462	846	272	833	151	246	250	679	507	267	979	0	125	354	433	201	643	927	711	498	256	446	810	513	241	982	512	569	276	127	682	202	562	764	464	381	751	490	606	697	380	383	285	498	425	652	243	338	219	487	547	834	261	628	370	326	724	534	8	900	59	275	107	976	163	300	939	224	185	489	361	403	608	404	123	728	278	812	923	244	374
240	288	19	281	629	606	122	755	175	628	918	617	574	220	123	398	872	347	369	189	882	665	660	232	970	484	173	728	227	888	904	0	845	143	587	81	696	941	75	500	155	124	37	968	77	52	356	469	586	851	409	292	173	537	451	920	307	508	165	61	945	376	63	467	180	11	841	653	951	821	175	174	732	920	320	475	65	32	495	948	845	113	96	44	21	857	255	874	368	270	761	281	206	50	59	566	776	206	657	74
392	640	29	75	403	679	341	928	9	792	52	414	525	630	625	527	556	181	75	678	627	190	455	905	531	653	266	473	814	50	829	467	0	648	39	528	402	377	183	192	677	806	723	433	364	417	678	558	271	11	564	983	803	551	393	523	559	566	638	671	177	940	158	521	469	667	26	292	275	982	97	659	485	525	625	583	736	712	846	651	522	875	235	189	647	755	765	203	407	622	651	888	877	800	91	204	975	663	225	215
966	920	508	793	724	570	134	72	423	247	381	92	357	168	232	432	779	440	676	361	958	976	121	177	249	688	251	908	171	128	563	442	946	0	416	320	644	235	351	677	52	468	335	90	585	981	180	964	507	231	364	384	823	419	960	877	924	290	93	938	308	356	920	593	414	879	608	382	117	763	338	720	519	16	766	633	598	497	676	97	473	341	564	154	5	826	595	660	232	149	332	418	259	887	155	200	233	698	830	964
508	916	336	989	757	468	839	860	715	111	108	259	686	322	681	618	854	310	956	111	838	644	531	594	253	47	13	104	991	209	10	848	263	154	0	299	734	267	569	190	906	542	561	435	28	360	927	793	897	135	718	820	22	881	167	744	622	197	896	836	816	976	860	435	17	571	613	242	515	619	676	424	148	173	29	288	907	618	29	252	816	477	405	158	522	949	668	233	42	611	70	776	666	930	74	783	781	750	414	75
53	17	724	515	29	339	820	617	757	538	300	836	768	355	415	798	91	766	773	251	603	588	237	139	410	775	173	433	795	829	285	772	899	77	440	0	856	174	967	589	206	814	730	654	99	77	288	284	703	442	261	854	651	554	800	597	254	82	869	239	458	313	328	836	589	442	786	31	161	139	175	210	384	586	661	480	814	500	495	679	278	828	353	269	757	969	215	852	503	971	956	732	889	12	812	16	59	865	251	557
883	50	804	110	199	364	108	74	603	395	123	142	101	382	265	407	20	582	251	413	204	774	641	408	575	94	744	789	339	414	872	450	706	874	283	923	0	110	385	187	609	127	257	516	37	526	468	562	971	889	828	681	960	147	502	527	880	436	713	217	226	222	867	933	671	667	343	704	981	552	98	419	493	281	543	258	897	367	873	102	37	633	73	204	664	251	212	560	261	902	529	49	611	249	922	782	353	248	548	88
53	455	790	435	399	419	653	62	815	437	472	714	21	800	837	566	577	539	191	113	645	859	43	102	71	240	44	235	863	840	319	154	646	93	611	213	393	0	310	213	882	403	21	960	410	16	370	826	443	644	580	663	330	683	527	741	871	385	271	505	300	529	111	938	703	83	746	911	990	145	276	617	583	857	586	788	757	543	928	155	288	236	926	11	94	770	793	262	487	51	783	831	672	711	400	914	479	732	495	281
553	886	631	579	294	482	635	260	258	9	24	236	417	515	757	868	834	389	552	457	67	712	44	848	780	714	286	527	206	60	328	259	190	131	710	349	23	873	0	402	624	127	474	13	297	626	672	221	482	587	838	858	629	748	354	8	680	291	353	688	493	829	926	360	616	857	249	485	400	901	510	20	41	535	189	903	742	316	414	675	55	449	321	879	807	917	477	662	799	187	632	567	765	257	496	524	247	531	179	692
199	478	332	816	594	694	851	267	358	79	738	405	453	400	892	363	980	958	70	410	526	4	218	127	613	149	676	31	25	557	544	87	128	565	764	321	906	654	62	0	28	652	971	673	178	879	920	958	131	293	245	276	347	446	236	326	701	929	792	926	61	960	170	919	700	86	667	529	471	381	420	304	560	264	859	348	162	570	899	788	251	412	283	731	68	470	628	888	506	510	242	960	947	203	336	490	921	353	729	944
311	793	842	681	147	985	905	717	818	850	262	8	964	157	727	785	848	679	72	202	829	27	462	959	451	181	317	324	819	838	435	722	146	401	731	416	117	769	756	423	0	959	689	777	194	589	684	312	797	622	665	962	318	791	583	975	242	516	912	780	978	612	494	3	645	923	56	956	285	467	509	94	458	126	843	968	590	285	872	452	591	124	646	375	695	864	238	696	514	403	504	98	364	348	764	334	77	973	287	494
401	560	963	516	853	663	457	128	813	691	874	374	206	792	976	759	90	215	709	963	566	812	704	142	389	79	29	513	107	435	347	747	753	455	13	194	557	521	706	526	267	0	452	32	844	778	182	292	656	686	81	304	103	457	587	412	553	528	569	913	218	7	746	146	781	112	477	657	624	101	474	14	976	926	542	44	642	157	403	732	428	562	25	379	173	812	22	340	704	99	551	448	630	357	658	929	190	835	737	519
180	682	714	502	460	413	291	272	553	171	966	413	966	844	818	360	830	809	85	842	177	577	494	591	695	562	116	865	344	611	646	675	977	371	803	862	338	666	292	434	102	927	0	511	589	686	990	831	932	333	243	193	815	761	84	546	985	945	252	107	854	938	254	219	553	419	294	758	885	173	48	911	890	657	31	813	569	796	434	454	976	393	327	982	818	803	513	882	241	307	353	958	126	201	752	803	855	793	352	338
816	965	70	224	615	928	216	615	863	948	400	637	327	208	932	8	631	470	64	855	44	618	364	552	919	494	128	601	919	734	177	16	668	930	868	723	849	605	262	470	160	732	777	0	85	806	572	375	662	882	325	406	561	543	212	566	504	555	628	212	540	794	276	523	430	543	890	407	225	873	135	279	576	223	687	706	683	910	321	35	152	890	754	839	884	334	306	168	463	260	487	409	907	140	118	763	333	970	565	890
179	118	617	876	749	414	261	968	500	759	836	201	342	400	110	291	117	492	266	701	134	701	829	457	797	690	96	460	115	950	351	817	139	223	176	492	105	56	612	354	631	230	37	661	0	11	249	359	255	418	143	796	984	108	285	111	71	663	142	820	895	933	442	21	144	749	723	797	842	431	893	369	543	932	12	723	146	907	655	914	703	387	397	75	196	283	374	378	361	97	805	778	52	882	761	586	852	416	418	504
287	839	822	982	479	994	407	737	244	478	305	42	383	455	189	573	641	474	103	82	386	104	517	951	699	624	767	735	778	591	393	917	908	394	715	377	361	48	63	227	333	803	341	190	598	0	286	945	792	464	449	745	765	607	951	23	200	418	106	547	937	560	236	105	165	256	771	840	46	675	298	372	234	804	216	383	754	237	693	76	264	645	909	255	324	435	132	880	986	148	226	35	728	159	941	465	101	468	665	101
234	917	990	591	661	337	810	472	205	513	911	547	85	769	503	616	545	953	196	836	401	166	423	10	335	495	513	988	148	738	798	76	406	38	128	680	504	517	21	827	756	478	76	882	899	697	0	971	941	80	80	962	234	545	400	780	88	616	406	658	695	15	384	268	767	467	116	626	668	671	670	381	320	546	293	87	493	758	299	296	769	695	290	13	321	469	115	489	944	963	315	842	739	783	822	171	191	200	674	75
243	587	921	665	890	627	278	515	992	535	861	11	113	973	759	920	720	256	852	272	682	104	407	596	92	58	486	315	644	563	197	628	591	256	126	215	573	447	143	12	971	546	921	821	826	967	89	0	769	684	984	648	563	770	5	560	870	659	501	204	440	251	813	491	814	287	316	602	667	897	277	330	362	611	529	785	572	102	5	248	310	299	740	877	2	677	11	373	632	994	585	622	770	194	407	836	84	311	169	924
864	200	710	962	598	909	593	807	446	633	635	806	244	606	35	350	46	134	276	729	414	129	77	505	379	424	994	387	188	639	697	544	691	718	529	514	237	129	63	974	218	277	992	981	864	313	440	101	0	524	483	969	303	862	532	89	413	603	388	748	707	759	368	267	207	731	858	692	51	141	736	712	163	308	533	433	145	275	320	786	105	833	675	847	643	299	576	226	379	875	130	481	582	674	430	105	202	774	649	777
83	449	365	219	257	829	435	72	358	973	717	779	20	586	100	918	629	494	617	734	596	710	363	291	613	10	341	372	221	946	922	135	422	520	659	664	384	616	776	76	504	674	448	455	592	458	661	451	600	0	63	488	801	914	63	864	751	288	100	814	315	161	585	767	956	486	56	965	183	176	359	286	739	326	184	879	766	253	149	638	519	684	730	176	645	554	8	466	78	274	118	618	62	138	130	836	768	793	630	276
474	365	924	330	815	988	169	888	734	941	790	329	565	694	844	722	463	602	352	987	335	397	497	422	677	168	875	642	915	9	281	900	176	32	401	31	19	384	181	651	11	936	482	985	383	195	281	254	593	963	0	337	221	467	630	204	841	42	959	674	774	47	169	212	356	168	730	132	300	668	305	797	349	923	891	574	475	334	559	248	965	535	440	102	862	550	209	740	783	292	147	597	486	730	758	744	613	508	825	928
269	551	405	790	880	390	348	957	580	52	769	969	493	43	944	5	945	9	384	626	386	941	839	192	341	602	41	910	906	327	977	208	463	200	748	401	777	185	293	256	920	158	100	491	889	921	593	985	242	734	641	0	404	180	92	474	339	979	80	701	342	498	598	754	689	739	630	984	464	789	940	919	713	435	663	267	483	201	753	330	24	3	461	522	490	758	878	63	129	348	453	386	9	546	207	750	841	842	642	986
260	752	68	502	449	86	261	434	888	458	691	314	367	900	669	112	374	312	52	843	686	970	730	542	724	521	148	144	738	264	342	479	21	410	16	571	974	839	179	823	848	942	206	306	137	824	865	76	354	700	539	180	0	484	217	779	407	414	717	645	490	582	927	242	396	570	445	941	967	623	170	571	508	562	777	339	482	199	197	462	816	650	460	345	889	841	850	354	926	691	218	148	789	238	20	927	254	109	65	290
431	426	344	988	49	607	695	280	199	802	397	807	723	43	886	935	391	975	486	397	56	888	515	698	344	575	291	585	146	885	962	18	747	966	271	568	652	809	176	366	110	84	55	693	838	894	805	561	323	308	281	444	216	0	218	708	405	95	665	290	145	526	629	752	463	886	902	714	559	863	553	403	408	859	591	310	296	591	551	972	109	490	855	963	510	660	937	227	401	632	580	784	818	855	406	449	633	361	536	520
279	268	190	497	575	570	858	885	198	332	705	940	403	266	877	473	167	210	468	75	16	741	402	825	602	66	298	196	668	175	948	506	471	18	756	299	208	525	565	588	829	542	229	641	533	281	437	648	950	476	895	366	267	635	0	183	404	47	571	572	747	521	931	42	209	186	836	127	34	389	89	315	834	363	15	640	242	305	742	628	516	110	156	47	244	708	913	806	404	36	251	914	130	419	519	641	437	909	933	745
725	723	252	345	257	990	907	9	726	879	717	101	518	140	336	655	143	546	261	125	400	225	621	949	194	34	53	647	797	299	345	296	558	966	346	725	647	549	181	620	974	621	197	208	32	573	35	846	536	746	615	697	22	962	855	0	909	104	567	963	843	802	186	335	543	690	374	40	751	618	625	288	941	53	636	229	365	515	980	755	844	774	81	947	824	247	561	167	687	321	249	523	767	681	786	826	114	194	640	460
943	821	570	479	220	625	227	533	17	718	468	464	143	356	152	641	753	317	667	949	497	619	206	566	392	217	526	377	638	524	536	482	214	696	604	645	607	82	187	270	660	508	308	197	414	57	230	63	19	702	506	725	19	28	898	425	0	760	446	692	751	864	518	359	33	180	469	688	951	782	414	751	526	868	736	756	243	580	467	882	644	298	876	789	951	551	628	754	460	476	735	600	179	768	221	716	891	137	94	450
258	264	573	735	194	662	721	558	348	681	934	667	472	530	873	966	946	541	877	330	418	521	530	180	87	351	634	857	719	724	337	180	456	385	648	753	823	696	318	130	696	81	826	1	932	699	981	598	575	644	561	663	353	893	165	100	72	0	664	934	605	20	8	549	819	509	558	415	705	765	137	713	367	640	979	272	47	801	581	113	62	910	90	427	881	244	168	498	379	378	156	262	411	852	835	739	288	687	395	436
94	280	164	814	735	48	33	211	135	605	616	498	147	464	855	772	719	810	666	387	698	838	492	586	450	479	481	412	46	358	931	689	944	121	869	208	449	561	181	845	457	38	977	669	769	860	28	898	413	144	373	675	389	830	661	590	560	415	0	192	610	79	932	661	438	253	446	466	620	648	449	120	273	661	989	14	42	710	613	584	458	609	357	624	544	765	839	184	229	899	134	359	79	573	921	425	648	324	352	815
262	385	286	470	456	141	624	141	454	752	354	254	52	39	416	432	223	987	975	352	632	336	981	297	846	389	361	840	22	116	407	235	678	252	105	352	393	50	178	80	638	203	778	916	476	504	825	949	418	395	360	125	63	96	874	629	846	38	180	0	279	123	875	652	912	212	17	845	938	431	170	539	943	74	155	909	626	520	738	525	882	424	625	599	194	626	401	602	351	655	909	72	142	365	60	391	55	921	794	376
832	331	504	83	130	628	697	76	629	595	552	369	557	2	554	194	232	873	674	625	111	577	98	491	434	126	544	34	57	95	158	815	315	942	324	260	702	543	727	967	317	107	567	949	897	706	306	352	781	817	328	676	738	581	677	625	240	802	155	718	0	823	801	585	23	746	598	134	609	299	596	693	489	32	784	346	325	582	409	778	92	336	16	353	824	504	443	495	125	546	466	679	670	860	612	127	477	300	989	138
827	518	930	408	948	315	233	666	706	35	716	737	758	837	883	839	816	401	484	654	760	65	634	237	7	288	579	713	387	822	50	571	150	950	265	339	377	833	966	215	462	104	970	221	191	660	27	598	464	324	802	977	607	608	638	392	817	687	593	709	783	0	63	984	453	560	794	934	605	900	578	312	388	351	235	95	653	477	812	574	445	104	395	966	6	965	853	350	151	628	375	57	426	61	353	139	487	792	844	710
355	302	434	663	715	771	782	538	926	142	95	871	50	963	619	398	36	751	873	734	992	942	643	164	728	883	537	950	594	763	551	753	296	228	948	677	897	670	370	742	248	757	884	171	556	126	208	450	83	236	240	116	960	2	146	461	510	834	472	524	846	683	0	841	638	991	586	73	770	573	171	764	631	70	637	411	576	651	662	530	471	199	14	322	111	432	818	649	551	893	553	979	214	412	317	255	862	457	412	482
407	374	901	775	678	417	924	189	430	594	95	639	29	7	97	376	135	954	474	941	331	149	278	894	308	406	175	244	634	958	727	651	473	608	579	928	459	899	455	25	527	782	376	924	927	510	125	47	528	44	513	204	215	227	316	649	945	942	295	268	184	744	334	0	924	613	271	888	30	946	775	148	392	66	957	969	102	374	334	378	870	738	180	167	722	270	816	957	254	980	102	970	429	678	38	413	933	444	151	214
146	685	910	625	815	899	530	620	550	358	794	407	761	402	389	705	600	608	573	204	17	215	629	653	705	159	855	822	339	84	611	307	654	908	131	560	634	657	736	981	554	483	98	119	279	602	196	852	568	776	371	910	249	936	500	794	211	292	565	313	610	633	353	384	0	7	918	49	335	692	82	460	141	304	394	575	720	638	6	597	298	288	249	917	991	306	812	408	419	573	25	731	600	556	254	667	609	538	781	926
358	354	491	865	829	653	717	42	367	812	573	806	873	122	386	175	654	989	234	830	426	225	29	315	32	513	899	20	165	937	796	141	429	723	52	783	303	191	746	201	474	37	751	494	674	175	884	433	247	782	366	611	602	572	839	106	845	852	774	627	390	142	958	155	112	0	186	228	663	755	217	691	218	246	885	775	117	145	141	927	373	594	613	550	213	224	639	860	602	298	719	398	561	296	421	8	488	642	759	173
9	922	301	225	569	29	973	262	416	384	692	151	519	771	545	177	855	88	952	212	269	546	983	861	1	77	575	702	890	914	103	487	71	401	245	48	634	718	537	811	511	486	287	572	652	72	615	198	528	274	829	153	634	641	123	545	656	613	906	948	527	976	892	448	629	775	0	948	11	740	549	518	75	325	718	363	388	417	8	632	324	67	775	981	409	174	889	738	626	84	683	538	953	326	777	974	742	168	819	740
738	289	459	372	167	495	507	817	347	932	396	450	254	479	240	875	798	658	353	346	399	951	601	803	749	219	324	827	719	882	222	506	99	514	485	747	428	467	557	152	254	865	335	920	209	880	820	40	434	620	534	144	398	326	442	286	328	188	10	868	382	486	503	726	133	698	122	0	945	924	721	435	379	34	385	319	504	217	370	251	797	445	837	575	577	433	718	72	643	896	483	224	10	944	848	123	804	364	248	357
193	659	269	299	780	938	190	425	487	489	603	827	576	846	697	735	940	385	507	720	160	742	117	547	225	292	16	775	794	720	457	670	846	300	288	641	673	986	189	326	867	60	405	816	694	670	584	562	188	66	663	849	289	294	323	886	912	115	826	87	285	591	236	573	599	205	937	362	0	806	578	598	845	824	115	763	756	964	860	959	496	173	907	959	530	112	930	247	801	608	609	147	548	860	896	729	662	198	586	481
881	611	360	466	653	492	100	612	728	603	235	190	115	137	173	908	482	153	270	943	907	394	170	191	280	795	502	481	989	379	804	830	936	465	916	868	127	659	940	737	12	617	189	479	701	62	537	543	423	267	16	512	913	701	678	283	978	186	608	892	751	525	454	236	196	362	569	548	257	0	483	271	433	784	439	612	97	728	338	80	693	413	270	304	892	938	42	418	637	627	635	421	150	25	412	691	947	284	213	622
610	305	423	738	334	498	447	580	103	203	88	221	195	638	901	993	112	95	816	887	637	298	380	519	96	947	806	363	838	295	797	185	952	121	247	348	985	392	832	320	444	190	786	907	812	463	596	884	245	393	848	11	731	93	706	281	990	465	168	772	162	362	868	768	525	614	617	659	26	202	0	548	373	330	599	386	738	44	356	965	253	364	814	67	719	461	574	289	205	485	723	284	372	994	565	516	868	612	234	739
285	683	713	166	318	186	763	389	80	379	72	675	787	227	550	23	989	409	766	862	673	926	439	749	469	757	489	649	145	902	903	188	241	316	4	303	464	644	73	547	550	882	502	290	48	375	530	176	263	495	279	939	883	429	35	768	434	492	644	895	304	587	942	611	620	801	265	395	426	858	19	0	967	975	564	908	292	490	853	947	625	37	307	354	512	837	723	148	64	661	559	844	164	578	702	673	275	13	620	811
290	221	160	160	405	53	844	676	680	562	297	618	944	621	318	296	279	634	227	676	343	140	501	228	257	631	295	564	180	556	212	593	416	977	724	349	867	275	807	602	57	338	21	414	59	722	420	440	111	224	242	463	791	898	793	182	876	296	11	868	273	572	149	935	406	804	219	929	920	434	525	18	0	167	478	286	233	113	120	50	917	610	966	379	512	772	803	730	402	769	682	880	432	751	50	801	700	366	559	520
307	813	376	337	836	387	16	255	757	678	162	944	338	286	934	906	38	756	399	622	726	634	64	343	181	982	935	731	202	253	289	939	189	429	477	577	472	186	266	851	72	871	75	861	621	884	560	213	452	129	135	586	875	645	542	428	4	759	635	56	516	530	41	916	340	231	27	452	875	505	276	505	353	0	486	965	66	870	401	136	70	731	347	920	837	399	461	182	229	522	15	163	158	417	242	534	37	879	234	393
645	245	44	863	613	809	857	799	264	459	75	408	938	305	446	461	549	98	974	631	336	417	619	651	682	294	339	486	440	410	902	478	398	311	176	827	622	836	785	358	17	117	989	767	167	576	384	126	328	366	822	761	929	62	257	781	134	250	667	277	773	146	364	514	255	725	878	657	255	438	390	396	818	833	0	274	759	901	138	592	345	318	339	824	632	399	985	703	227	574	238	746	407	636	750	860	297	976	260	183
26	208	681	519	262	633	936	439	465	872	556	242	697	139	584	162	390	153	60	566	761	397	649	25	880	728	164	653	810	359	846	675	657	71	954	99	47	628	98	939	336	625	954	949	38	257	241	807	220	118	710	664	514	825	888	598	519	336	922	711	325	157	986	456	857	637	755	660	259	586	17	843	949	522	648	0	788	584	759	591	166	772	583	556	39	279	375	525	771	795	205	645	283	443	985	980	784	832	348	939
92	391	111	829	624	70	332	230	620	413	556	355	559	810	161	897	527	634	369	546	214	372	121	389	355	809	566	423	554	933	205	551	5	480	770	466	302	142	2	106	902	321	687	581	230	475	974	759	825	938	59	491	821	348	674	280	396	820	521	426	530	696	340	564	140	953	230	203	728	701	223	6	499	125	919	56	0	397	432	116	178	722	732	753	38	55	911	569	141	347	929	208	780	673	734	517	804	835	603	584
616	384	740	432	841	843	733	866	251	946	90	387	708	237	745	875	306	750	825	247	486	793	332	608	582	815	55	506	894	558	422	399	464	513	567	559	364	486	345	252	653	108	505	414	288	629	876	761	322	170	683	797	564	503	503	355	809	196	679	725	499	674	619	194	982	885	590	231	403	45	153	604	775	705	194	243	872	0	458	307	153	150	19	247	194	194	117	887	578	470	974	258	469	72	994	228	764	940	541	217
148	668	309	441	353	396	365	929	377	316	366	276	76	172	373	294	232	142	663	962	667	525	776	750	143	60	916	735	809	161	439	742	264	856	17	150	261	518	82	419	257	887	131	129	577	421	537	410	748	220	697	359	873	799	388	905	637	967	55	709	660	42	253	581	740	367	429	408	503	134	367	761	495	835	658	186	11	387	0	697	619	825	62	954	793	802	391	833	28	338	178	543	770	82	475	601	89	668	863	703
656	698	6	346	172	793	171	302	546	176	832	910	573	302	485	322	656	917	782	196	60	748	392	16	79	737	622	687	362	6	292	85	722	130	886	497	447	486	91	570	720	837	3	3	84	427	131	401	940	401	447	260	548	887	733	483	112	554	793	358	315	950	801	325	818	822	119	123	19	355	896	482	935	689	814	783	961	35	542	0	709	906	966	356	820	120	473	570	715	527	145	2	401	58	914	147	603	968	777	541
328	17	387	680	937	765	462	81	472	141	501	848	58	318	867	366	597	76	955	651	74	221	550	374	125	453	6	439	288	490	394	317	932	245	822	388	130	615	758	63	885	198	846	635	473	901	588	732	774	635	666	651	814	984	234	248	268	764	36	782	815	133	784	989	983	889	127	395	875	310	752	186	686	115	105	239	528	559	984	963	0	801	298	426	785	306	230	353	20	767	335	871	591	652	780	317	24	447	143	877
379	453	664	672	314	873	196	163	827	540	976	211	460	315	646	258	659	179	593	767	604	640	416	862	4	362	891	265	350	677	973	494	800	735	434	2	325	334	260	392	993	607	85	378	232	572	904	724	289	367	805	199	462	598	641	946	364	77	396	214	502	812	881	398	596	864	775	403	165	608	832	476	278	261	612	307	650	59	51	104	520	0	205	262	551	26	436	398	366	513	689	185	780	475	136	556	476	861	57	279
63	682	801	850	936	506	130	130	44	887	582	508	475	147	294	94	27	300	73	382	970	773	965	656	459	14	907	631	145	961	187	871	587	301	193	721	96	971	139	20	518	515	778	108	519	658	749	75	59	706	754	209	945	712	427	551	851	701	982	752	37	451	623	803	702	18	958	224	372	906	393	277	110	143	761	95	564	681	642	668	946	772	0	207	454	607	381	784	368	82	798	16	640	648	903	843	813	786	430	470
287	354	638	539	129	973	112	215	609	954	268	364	324	941	19	851	926	262	101	588	436	494	834	639	989	709	59	452	12	940	444	445	961	304	35	154	370	863	41	889	62	542	743	249	433	388	950	704	410	682	460	15	6	404	618	456	344	720	906	587	739	460	569	887	648	91	482	456	572	681	156	641	724	162	100	921	301	146	512	654	400	237	595	0	428	908	795	630	808	101	142	787	424	271	277	946	54	603	757	543
763	478	735	493	595	85	385	838	440	21	976	55	487	218	757	118	838	61	721	3	930	354	724	506	790	199	820	554	808	609	156	441	56	141	937	831	894	180	617	612	930	644	661	351	385	169	306	52	487	778	776	67	422	706	379	469	828	506	543	159	768	359	754	256	334	644	321	171	77	395	870	236	169	549	195	389	888	81	662	177	717	226	613	578	0	765	572	433	323	304	614	420	352	697	331	983	449	893	834	991
569	781	829	685	994	877	316	667	949	943	793	874	51	146	743	279	978	859	19	75	131	560	899	893	53	239	428	527	814	579	274	774	939	809	710	52	124	754	773	558	747	565	220	976	811	328	782	136	626	920	890	53	194	487	592	483	140	122	83	361	38	974	553	132	746	433	821	814	832	506	696	624	372	180	402	742	652	600	710	119	474	516	841	950	987	0	238	681	134	608	727	61	985	396	882	392	502	946	176	466
721	745	985	512	143	465	933	90	543	656	565	827	253	841	929	160	181	416	399	494	279	410	748	187	932	4	150	204	833	63	60	250	445	975	952	213	373	814	173	927	626	804	747	508	854	169	488	1	701	59	976	969	868	380	81	958	871	303	343	505	161	177	871	44	931	178	775	443	901	817	565	308	86	596	148	543	863	226	51	961	495	946	577	431	336	235	0	364	610	516	777	618	210	371	22	736	14	94	542	170
261	310	609	714	884	993	713	771	112	881	954	215	375	437	910	163	697	393	678	170	431	935	802	574	170	440	648	502	104	830	479	130	967	844	829	138	321	947	232	632	46	267	691	284	418	766	490	342	583	466	722	99	459	423	148	537	42	119	424	758	505	976	69	677	851	470	393	897	543	971	119	183	502	770	906	418	204	593	646	84	17	513	211	268	554	528	586	0	974	956	286	433	458	225	191	490	177	301	202	219
746	978	852	722	742	464	60	403	447	494	909	152	481	320	949	709	684	759	791	226	351	870	890	384	895	866	931	789	687	884	106	140	510	922	247	78	57	574	31	261	657	350	845	548	562	367	493	414	969	255	140	471	36	1	266	735	144	822	842	614	824	539	67	388	736	826	971	552	945	827	147	467	683	199	726	804	891	287	746	218	86	12	175	904	806	984	427	158	0	663	554	135	259	782	766	809	767	224	15	238
529	983	590	334	117	457	484	359	959	89	228	807	983	133	238	723	780	633	944	439	502	554	799	109	990	657	966	340	799	21	926	828	71	618	562	687	370	898	68	239	603	533	758	156	352	658	355	727	118	706	706	351	171	621	600	373	965	198	617	648	245	753	698	245	938	556	837	396	455	232	792	409	906	616	898	302	982	239	870	262	210	311	779	779	602	853	772	473	210	0	657	136	26	668	906	472	265	330	257	688
806	316	256	507	644	150	32	308	65	249	832	750	776	644	720	971	156	78	481	331	456	949	928	820	490	721	641	439	127	873	415	163	639	26	514	206	336	879	718	960	501	854	582	842	483	688	954	427	206	634	365	918	788	457	845	452	647	952	281	326	132	60	646	657	212	898	521	670	964	854	542	837	3	773	592	595	522	540	274	278	833	500	742	940	409	704	184	593	615	894	0	268	711	106	813	42	400	2	645	233
286	976	881	439	993	968	47	980	455	516	364	855	720	608	31	624	38	194	217	620	267	292	785	413	886	827	349	131	826	668	593	778	977	208	661	205	603	184	858	700	933	909	493	398	181	575	444	803	869	261	433	667	912	187	269	950	379	731	889	581	108	393	252	225	341	108	820	840	739	191	552	167	505	497	303	462	458	754	419	117	147	495	755	351	325	784	398	269	43	150	330	0	136	670	442	201	246	440	589	333
375	569	960	350	82	149	431	72	20	901	179	195	336	987	692	759	121	289	951	18	81	70	157	140	649	808	562	98	857	926	864	872	261	300	40	643	870	554	873	199	67	233	99	274	483	910	488	148	800	380	292	789	280	328	684	900	965	565	308	314	681	722	409	290	647	316	970	158	670	420	964	746	673	295	86	34	964	719	370	51	317	82	48	30	277	976	356	409	875	66	19	176	0	837	735	203	828	571	89	175
189	762	107	403	315	549	539	390	993	176	804	975	330	963	22	968	445	758	560	754	439	899	732	526	202	948	442	476	670	839	492	885	985	731	81	977	715	555	140	492	26	802	664	381	28	939	758	550	898	516	907	929	161	73	346	972	727	813	393	942	908	158	254	687	164	368	869	743	435	498	560	720	303	358	344	247	494	21	712	144	552	419	624	704	961	26	436	373	384	994	994	598	777	0	692	882	255	989	958	479
218	404	302	505	599	84	956	845	841	313	302	702	896	365	342	457	190	96	120	852	88	36	473	520	550	339	384	77	293	110	880	349	192	333	399	371	54	918	311	617	3	4	51	818	645	31	843	480	162	751	231	40	262	342	556	787	547	598	81	609	157	110	238	795	681	690	326	585	316	228	199	388	820	825	433	588	931	987	410	842	668	522	933	190	953	932	739	855	765	575	832	862	655	859	0	347	131	724	587	607
738	907	143	437	640	48	642	230	291	50	455	848	829	730	677	902	947	184	687	281	430	184	244	389	273	519	181	698	225	162	205	704	177	136	774	980	138	278	850	832	170	395	144	955	617	761	166	607	415	719	266	41	131	8	38	908	53	384	402	215	813	973	291	342	852	392	971	782	632	534	789	258	484	820	736	626	971	700	45	205	848	413	778	922	729	684	357	47	756	522	365	58	681	383	699	0	37	114	324	817
331	860	478	377	771	330	116	490	448	89	717	478	377	479	858	635	739	283	798	330	60	611	667	176	66	621	284	866	244	588	462	967	994	473	54	458	888	797	504	40	91	65	327	360	134	509	342	859	512	185	621	80	677	537	651	415	809	63	856	700	531	265	789	547	328	651	213	756	674	216	875	12	516	503	669	32	758	628	66	465	214	315	123	741	25	676	728	917	526	899	159	418	620	762	178	74	0	889	132	339
6	389	364	699	918	281	36	352	564	633	826	704	759	549	473	25	23	685	247	873	542	395	882	128	121	770	840	820	343	78	615	460	836	937	448	301	558	94	588	513	931	813	967	321	664	433	712	426	937	110	480	174	447	28	638	739	724	197	714	833	986	499	539	729	413	777	275	293	613	816	824	9	594	592	392	939	498	579	276	284	986	743	846	534	493	486	950	925	106	173	198	831	576	91	913	866	163	0	38	241
211	60	758	860	913	553	841	714	561	37	353	789	518	708	865	43	546	415	501	928	801	412	541	24	706	411	290	278	851	407	326	194	775	204	486	630	569	582	954	780	602	976	773	384	800	134	379	744	131	776	740	724	104	470	539	280	214	88	564	443	358	416	80	646	525	226	158	121	773	68	959	204	145	490	527	215	330	943	9	952	513	694	253	231	548	20	747	784	425	793	340	724	934	482	685	346	574	407	0	85
27	926	50	972	938	273	122	957	344	917	918	157	320	910	118	842	659	392	659	158	529	630	593	566	210	449	527	265	575	443	853	797	605	409	554	84	659	736	331	471	820	548	311	915	271	615	425	244	466	484	514	673	333	941	8	823	416	926	344	722	399	816	785	43	683	653	938	110	94	110	637	859	36	441	324	708	657	563	892	761	816	910	267	306	781	457	278	360	292	55	597	592	991	690	434	823	621	14	140	0
