A	B	C	D	E	F	G	H	I	J	K	L	M	N	O	P	Q	R	S	T	U	V	W	X	Y	Z	AA	AB	AC	AD	AE	AF	AG	AH	AI	AJ	AK	AL	AM	AN	AO	AP	AQ	AR	AS	AT	AU	AV	AW	AX	AY	AZ	BA	BB	BC	BD	BE	BF	BG	BH	BI	BJ	BK	BL	BM	BN	BO	BP	BQ	BR	BS	BT	BU	BV	BW	BX	BY	BZ	CA	CB	CC	CD	CE	CF	CG	CH	CI	CJ	CK	CL	CM	CN	CO	CP	CQ	CR	CS	CT	CU	CV
0	460	470	336	480	6	707	60	351	531	732	179	118	120	218	55	232	223	874	577	829	754	810	827	417	548	52	32	895	35	32	641	497	536	503	862	827	331	198	159	553	735	84	237	320	582	171	694	853	245	665	752	640	343	577	585	281	731	629	165	729	89	830	11	869	300	192	9	499	883	344	786	66	301	188	867	504	781	592	671	313	358	429	829	83	356	209	818	737	15	661	446	294	72	542	805	500	564	189	398
316	0	736	149	861	560	78	173	315	390	20	514	200	520	180	49	386	899	55	712	408	744	703	88	180	755	599	146	307	575	2	470	300	881	282	587	218	455	232	293	198	270	93	892	813	220	316	588	256	521	683	147	85	464	6	212	119	378	634	631	702	198	10	897	423	380	360	364	154	664	273	535	492	487	224	810	476	247	311	736	332	296	85	517	359	730	576	361	325	346	85	822	759	441	239	643	81	137	680	627
546	777	0	488	635	298	10	333	907	604	860	519	37	817	796	446	189	768	173	16	233	646	475	390	864	89	693	806	121	619	117	436	822	654	615	448	472	857	206	807	381	539	390	297	368	667	606	832	791	774	107	613	604	668	149	5	403	99	614	586	828	582	18	370	871	532	324	571	739	266	242	759	202	214	96	669	710	579	345	804	807	195	768	860	326	89	744	851	579	230	342	247	816	458	478	515	629	700	218	27
790	130	125	0	632	578	870	76	178	391	48	369	554	803	511	349	233	668	394	494	391	7	187	531	638	26	305	197	903	760	232	91	557	81	381	521	1	615	282	55	39	27	777	430	485	141	615	3	169	173	576	369	429	777	318	327	407	35	890	485	8	887	66	244	5	899	905	504	185	44	179	66	388	427	71	476	477	273	511	234	847	460	653	265	743	368	398	848	14	907	62	819	277	159	183	336	338	365	503	593
93	545	873	486	0	259	497	20	695	761	162	68	884	848	700	2	131	23	260	415	93	876	716	694	682	688	155	572	63	79	347	108	767	138	74	838	660	818	336	360	855	880	351	338	697	196	763	318	565	719	522	18	307	303	355	201	121	788	263	558	616	490	43	793	589	84	380	679	746	795	399	503	495	253	453	873	833	849	305	416	800	701	70	634	164	361	68	117	110	363	838	116	241	473	480	724	135	517	449	437
65	35	297	404	253	0	595	597	421	108	66	587	387	643	476	580	95	594	722	438	584	668	689	356	582	640	441	377	607	816	15	497	439	693	90	676	12	524	766	478	184	327	643	145	49	860	524	567	405	672	195	323	640	108	140	810	264	121	81	439	594	712	246	556	270	554	170	654	898	412	843	203	579	759	398	32	869	380	809	270	523	788	464	405	571	577	620	794	483	449	333	437	447	761	818	752	39	117	609	427
129	17	827	109	656	71	0	532	69	6	493	842	521	736	206	545	115	680	858	781	203	244	140	72	174	813	58	771	179	24	474	439	843	417	740	591	376	407	5	254	870	609	749	818	836	164	354	105	749	98	468	727	391	173	632	262	861	582	619	808	59	844	3	320	178	49	725	693	854	451	225	594	658	694	94	278	723	592	693	128	115	303	672	701	561	421	719	570	250	641	663	207	222	241	490	57	289	143	274	711
630	20	271	602	874	875	309	0	170	337	595	578	868	348	894	631	493	380	246	777	286	565	681	412	178	161	123	834	211	184	864	658	332	272	162	131	179	89	71	840	188	878	469	168	727	759	657	26	749	459	225	60	270	812	612	670	501	589	708	748	873	656	593	345	8	501	289	251	901	213	465	46	559	612	819	461	495	226	47	123	378	421	283	865	494	692	545	572	339	808	657	507	153	80	879	518	487	366	657	581
868	895	521	881	516	774	295	63	0	94	153	263	277	681	25	846	435	638	412	765	196	582	163	186	168	65	117	819	647	30	474	671	840	858	139	173	742	755	660	863	188	345	541	406	315	615	490	824	799	478	80	221	680	809	61	534	143	784	4	806	882	272	665	634	509	691	479	806	399	298	438	408	531	703	251	482	7	184	82	77	708	404	597	726	440	643	573	120	506	177	189	721	99	548	605	275	428	613	281	764
448	204	770	577	718	639	393	669	743	0	3	142	22	466	350	572	851	154	631	554	8	79	495	141	167	355	282	478	873	9	895	108	518	792	643	325	58	450	678	85	30	22	622	769	904	571	631	651	535	526	404	811	860	134	207	839	421	288	427	14	640	244	153	136	881	206	164	580	276	312	557	807	781	13	785	609	442	538	521	314	750	429	180	531	820	846	746	295	345	739	132	786	258	196	679	48	660	418	398	118
383	213	907	796	813	791	16	314	904	145	0	840	225	754	177	80	461	571	769	370	575	179	267	508	286	627	28	814	364	730	361	9	592	203	812	22	262	790	61	177	181	620	20	738	639	61	221	817	770	347	123	43	287	205	718	13	281	339	173	561	678	82	483	179	495	258	233	232	314	112	676	894	148	763	75	12	201	115	437	147	302	848	637	628	805	816	16	836	679	703	398	364	549	544	645	226	412	579	333	330
90	179	374	523	696	239	456	294	645	875	808	0	549	317	601	564	857	13	393	460	415	137	603	694	891	89	502	308	120	685	904	122	620	597	667	671	569	751	592	510	654	579	35	593	867	828	471	691	698	802	707	179	886	586	765	755	580	130	442	274	98	194	360	526	5	745	764	718	453	878	53	633	426	168	126	24	834	773	342	565	779	801	507	99	55	599	872	572	901	421	640	353	249	128	326	331	677	56	354	325
575	873	163	347	769	162	460	181	165	819	659	587	0	861	265	66	578	569	121	514	500	221	782	503	562	696	869	149	163	497	861	897	35	121	799	672	327	43	340	822	717	549	66	252	896	508	286	244	29	211	416	465	681	828	428	104	77	657	725	634	636	285	271	463	73	107	540	394	803	224	460	740	891	579	555	427	262	560	602	834	345	699	195	590	739	191	736	11	415	670	463	56	351	574	851	102	12	118	51	295
461	450	434	101	492	246	182	672	743	450	678	817	456	0	840	5	371	113	584	686	226	826	294	342	526	58	394	560	631	861	752	822	412	528	90	439	323	906	151	50	364	653	650	512	248	88	374	17	156	280	629	616	407	685	59	527	40	315	367	162	532	861	727	852	51	504	722	673	796	662	880	545	796	543	407	215	592	230	490	697	687	195	374	670	400	126	337	14	74	886	663	618	404	766	573	570	212	765	750	605
19	30	884	792	214	78	732	393	234	891	94	589	511	305	0	292	307	263	519	97	509	242	500	470	770	210	342	312	141	488	602	202	70	136	215	359	530	618	65	334	793	342	49	562	146	84	137	807	269	703	188	390	208	512	115	844	476	589	270	567	96	706	260	702	776	285	447	773	138	603	444	878	869	170	169	859	201	464	696	320	279	407	587	502	482	640	531	93	5	872	657	659	483	191	786	426	324	803	752	163
867	711	359	277	145	42	141	175	94	515	623	655	842	424	142	0	413	833	614	595	363	581	148	574	879	890	218	201	380	665	865	739	870	5	107	333	87	349	263	106	746	738	682	841	429	65	355	167	136	795	208	175	34	317	728	864	301	451	700	271	1	632	815	424	393	730	866	30	357	602	614	494	116	504	425	379	819	192	810	801	268	392	412	40	298	518	22	244	626	736	577	281	91	301	494	431	285	564	78	125
444	341	545	307	240	878	344	532	655	233	146	284	713	240	671	343	0	652	196	867	278	566	215	194	856	811	833	879	836	226	60	188	163	10	670	390	694	688	279	111	322	641	309	556	328	43	172	76	530	834	682	511	718	363	484	81	801	68	862	302	506	177	28	29	1	880	261	317	691	461	332	546	864	715	519	481	390	663	478	32	624	626	377	360	311	757	725	281	202	491	886	239	461	26	126	78	461	412	173	511
213	411	283	239	895	294	340	645	17	520	751	805	405	503	213	182	435	0	127	888	65	262	27	522	823	58	192	782	381	675	77	585	310	730	133	555	702	720	448	666	424	452	232	898	644	582	274	903	556	855	308	375	807	714	745	263	543	361	626	632	672	848	686	463	892	54	148	316	855	553	506	538	872	868	818	381	402	847	357	481	772	717	575	131	430	393	416	622	364	316	707	851	7	671	708	237	723	54	124	538
376	822	336	758	820	876	545	703	672	538	284	67	539	833	862	545	254	170	0	287	249	325	543	356	850	328	784	512	145	755	366	254	162	826	376	388	654	780	848	799	531	17	73	232	751	145	404	573	337	907	468	261	717	204	724	205	454	294	231	563	429	342	885	607	307	534	488	298	902	138	32	114	286	597	394	487	148	894	90	185	117	511	414	504	103	905	378	682	282	796	850	412	442	800	80	248	198	54	263	85
474	681	421	448	834	333	641	426	137	756	646	745	821	567	198	415	64	677	886	0	576	591	198	173	182	286	288	892	711	490	470	186	562	374	902	799	865	790	650	809	414	632	226	660	858	21	697	399	745	117	868	220	763	219	376	435	352	452	220	819	352	307	684	536	801	599	273	667	101	410	146	407	650	443	815	133	745	108	203	519	579	705	162	815	387	453	826	601	585	656	260	277	696	624	352	905	201	862	52	787
540	857	351	845	717	325	7	658	541	298	140	40	75	631	152	351	146	191	696	43	0	140	48	480	790	335	336	896	461	867	513	174	355	257	103	146	381	148	596	299	156	660	486	378	179	612	158	367	232	433	115	102	758	631	427	233	530	737	586	406	838	143	99	377	196	357	814	157	76	540	424	490	155	328	204	32	777	419	397	451	686	708	95	670	156	137	477	480	857	59	831	16	776	600	626	897	312	531	431	156
516	453	33	556	183	688	203	302	878	732	637	314	692	117	189	218	702	50	166	156	672	0	771	135	796	623	211	325	249	480	375	837	554	440	766	472	856	670	436	765	349	55	471	113	11	387	780	674	255	136	799	23	61	458	305	370	580	548	219	37	166	394	736	67	431	50	327	524	250	131	686	405	327	253	700	344	1	818	740	708	776	647	752	872	343	366	908	332	180	305	167	325	648	860	364	438	168	743	602	96
130	697	187	446	637	289	55	163	601	233	106	766	18	536	490	195	448	582	158	306	833	763	0	364	540	204	264	552	825	664	722	536	700	836	368	659	865	86	441	563	82	61	621	245	701	277	840	15	665	566	518	46	559	612	492	881	906	862	730	117	548	212	195	755	493	414	904	889	865	433	900	445	332	7	880	1	2	13	112	557	659	65	357	463	135	416	817	359	373	777	473	704	869	617	286	551	203	542	191	578
299	618	546	78	18	796	475	277	400	309	706	428	451	758	165	678	711	329	799	22	219	748	530	0	675	715	358	553	234	599	399	220	574	321	898	596	813	571	529	646	722	354	906	75	412	898	637	687	444	208	852	294	284	843	890	861	801	492	407	360	22	560	258	35	546	346	36	615	553	205	21	401	218	171	453	164	231	116	12	808	8	521	827	804	209	187	476	768	576	243	678	590	688	129	215	820	817	338	730	297
614	744	585	832	830	892	491	67	700	281	524	817	740	501	892	250	599	751	273	476	519	129	679	281	0	418	326	524	162	173	445	270	278	266	340	593	346	162	598	818	153	739	509	374	679	424	495	263	101	248	654	293	270	667	598	764	710	338	70	469	223	115	400	228	850	131	280	481	604	388	59	431	584	692	26	466	902	835	77	54	729	130	895	595	718	120	803	881	236	366	44	531	105	73	597	783	555	595	520	591
895	127	895	436	22	149	518	549	706	827	397	668	713	260	154	850	23	379	523	166	747	5	594	192	554	0	52	650	431	272	576	43	767	491	658	122	42	14	666	711	386	641	414	13	610	394	795	891	746	240	495	611	76	242	892	167	374	843	457	2	545	751	414	324	813	576	472	284	251	791	638	686	838	128	295	57	881	315	525	111	793	336	291	586	369	303	764	261	575	740	467	832	534	88	794	821	392	771	427	338
680	343	890	280	67	504	281	77	728	889	184	465	895	725	367	640	777	423	734	479	39	75	885	39	650	478	0	330	437	731	335	702	14	74	516	780	497	837	543	59	856	882	785	254	65	150	360	20	815	458	93	796	483	599	872	426	171	682	352	500	397	355	683	718	611	129	209	624	702	200	861	304	510	135	705	330	163	305	471	342	426	112	787	702	204	260	230	632	314	694	546	738	112	134	355	798	605	748	87	368
840	618	853	768	525	491	884	180	418	526	881	646	599	33	205	889	719	802	808	527	517	112	435	244	117	278	668	0	825	789	789	381	480	477	48	150	181	489	591	901	891	457	831	537	691	16	172	696	719	237	45	462	275	664	323	787	886	835	372	808	118	58	576	523	491	670	298	567	323	727	399	863	234	173	125	587	801	468	572	667	652	465	774	521	405	794	841	786	579	852	17	213	455	150	873	754	674	514	489	684
758	151	450	700	159	860	151	775	320	459	374	796	788	266	385	623	294	393	21	378	525	622	496	801	516	383	567	413	0	541	484	242	570	749	286	549	343	392	670	899	48	359	899	594	564	740	760	637	354	9	161	72	560	204	150	773	497	402	73	217	424	78	205	522	166	188	22	739	822	880	359	524	497	549	363	106	810	880	832	497	416	325	694	119	275	833	229	378	884	245	786	464	433	765	644	763	618	604	604	666
782	176	572	134	884	547	19	91	477	482	536	336	445	140	503	33	305	85	360	253	309	108	267	150	575	620	399	383	587	0	396	526	896	220	612	782	286	715	259	212	647	161	264	840	795	301	770	765	73	713	672	705	675	762	245	229	195	616	716	829	47	879	509	310	246	527	645	350	585	516	22	78	716	585	409	408	99	463	214	81	158	107	32	448	745	159	668	599	836	364	528	39	246	647	714	671	304	135	621	573
789	232	598	675	91	67	142	230	414	96	258	273	366	371	774	305	707	319	614	455	254	471	663	289	469	749	719	248	695	709	0	608	823	40	907	626	91	132	45	310	838	499	455	759	402	143	493	898	130	627	57	241	206	147	834	322	542	532	384	837	282	334	269	526	145	185	303	322	826	52	385	693	763	482	451	495	460	413	455	612	648	211	770	262	11	569	349	490	730	429	672	816	34	129	16	879	469	575	70	743
92	737	243	277	478	832	131	120	319	557	196	156	878	382	589	849	874	394	442	21	646	647	865	806	125	467	817	129	547	708	247	0	131	680	463	282	293	847	41	308	540	519	301	803	303	669	656	661	460	842	124	263	730	463	693	514	337	783	607	565	457	791	514	76	766	23	88	339	784	181	623	141	504	71	622	863	643	160	518	201	641	743	673	905	65	709	469	317	419	736	854	635	366	3	685	202	671	41	633	712
676	785	576	22	411	753	293	747	402	185	9	907	871	846	394	631	625	690	15	745	202	486	124	433	669	499	792	13	229	864	373	38	0	57	292	285	65	387	345	640	629	776	314	71	535	895	395	849	816	440	618	799	569	375	889	21	268	437	900	146	767	448	342	740	335	565	671	577	447	296	334	831	429	584	184	467	503	848	891	606	784	447	164	328	849	258	487	676	297	40	149	430	2	127	2	389	475	127	50	547
700	616	813	211	658	495	301	646	438	361	366	814	287	194	277	262	841	484	15	846	465	508	816	101	672	587	727	724	826	827	592	568	509	0	468	636	836	165	223	850	859	251	191	446	275	220	319	9	550	630	666	713	784	805	30	254	578	72	607	310	795	145	722	82	174	487	108	744	62	483	25	784	473	648	259	832	3	141	507	34	483	380	185	805	873	136	161	364	666	381	736	216	183	483	794	567	723	207	662	378
340	98	151	551	295	228	149	475	48	789	70	110	901	905	158	437	343	836	740	228	247	857	525	575	613	352	203	776	611	446	462	304	190	79	0	848	297	456	501	9	16	907	43	548	429	365	590	841	258	118	354	543	516	740	99	841	483	13	524	734	356	54	104	321	169	257	530	612	68	551	97	765	51	30	110	412	879	651	420	67	633	329	278	300	545	691	469	418	724	366	620	370	635	43	166	630	118	524	655	324
528	69	712	440	471	336	573	874	170	472	545	84	822	417	749	812	176	472	779	521	343	626	642	904	840	258	285	883	666	49	523	515	470	800	508	0	347	389	8	151	906	612	164	419	522	705	546	624	275	184	101	324	501	757	846	420	472	831	70	517	416	221	691	644	484	10	504	522	415	644	416	214	576	61	542	107	86	677	163	398	218	110	87	453	587	671	610	571	813	238	644	140	420	182	403	645	634	132	221	160
130	803	311	764	852	787	101	36	249	599	748	143	23	242	471	98	689	200	400	95	753	456	367	566	640	343	690	703	751	451	220	191	641	781	678	211	0	898	497	550	771	274	757	609	294	364	773	409	380	289	59	628	192	356	131	581	433	440	60	36	27	60	874	845	209	804	654	120	573	457	828	22	312	168	641	430	273	889	248	257	486	381	564	106	644	374	60	515	512	828	84	177	111	213	435	294	486	596	465	356
369	818	783	35	564	75	454	107	470	794	572	374	343	734	36	443	65	335	157	174	293	232	886	75	765	402	115	55	747	336	544	822	142	889	27	332	815	0	627	465	7	9	567	427	612	782	325	823	121	627	635	616	432	268	242	41	228	628	647	853	314	767	83	294	633	43	392	39	254	822	884	859	798	830	19	592	510	804	400	434	897	754	595	402	905	751	819	508	878	884	257	320	544	144	502	317	704	581	699	162
553	369	4	432	345	274	53	621	258	227	296	712	166	628	581	885	777	423	722	546	874	838	898	541	28	818	548	765	317	870	755	583	525	582	415	391	492	882	0	562	899	288	612	297	266	806	423	663	559	812	227	522	127	467	190	529	47	620	417	303	42	675	368	656	20	683	124	143	124	188	48	455	894	253	474	176	858	680	216	327	428	702	72	610	904	285	684	428	685	434	433	795	697	259	304	497	84	824	531	144
847	139	141	685	766	633	722	879	31	251	447	878	532	55	12	177	233	544	152	653	584	609	452	642	186	105	742	289	257	646	496	417	243	332	57	182	254	500	688	0	631	178	660	789	748	564	136	890	518	575	518	260	158	328	670	780	544	440	872	698	833	221	123	212	675	719	602	464	538	367	905	712	220	55	470	403	306	428	583	462	518	396	359	280	906	777	538	254	899	284	125	807	149	878	383	718	139	806	139	266
870	891	677	854	542	849	846	382	623	525	460	368	78	331	839	270	471	796	245	495	446	498	168	307	779	554	218	667	285	504	468	609	752	8	790	606	45	165	411	247	0	581	693	550	550	514	327	843	750	47	431	652	576	410	738	192	876	178	681	882	376	650	806	257	31	251	64	700	212	345	12	268	834	325	133	742	790	868	852	477	778	301	721	780	527	209	600	375	817	199	664	689	82	103	277	334	61	313	713	111
370	387	625	267	425	823	847	201	127	661	748	93	215	499	163	251	768	754	667	91	467	651	685	778	902	845	3	437	384	866	542	122	657	765	707	834	247	482	402	429	664	0	394	274	803	428	403	220	641	582	693	880	63	449	94	165	587	337	171	271	267	48	78	822	778	249	374	367	702	564	900	536	365	404	344	244	654	407	503	582	39	805	230	329	309	211	834	358	343	114	846	64	722	159	766	663	169	471	651	674
525	827	448	874	213	784	843	458	18	123	508	495	719	183	97	825	848	401	291	173	625	448	492	75	536	472	111	816	156	385	10	677	590	507	344	354	615	430	500	517	57	872	0	132	613	396	840	103	252	245	710	81	558	169	248	643	67	350	693	774	141	686	87	213	218	77	87	662	193	224	799	359	146	564	596	717	376	808	22	656	862	388	496	776	437	667	52	409	888	532	349	381	563	687	834	866	831	498	808	803
192	520	623	696	863	585	111	235	562	622	354	477	827	451	95	412	311	255	466	371	542	800	183	653	857	559	488	144	434	382	502	453	398	156	159	308	840	404	423	70	620	506	458	0	186	556	622	402	352	435	796	409	102	192	566	315	195	280	393	58	863	855	213	230	262	141	377	183	721	255	736	152	38	890	747	79	849	794	435	533	517	447	25	500	320	206	719	654	170	261	662	784	37	244	726	624	708	387	606	741
281	23	144	133	259	218	838	375	443	900	6	383	539	835	265	314	673	127	306	638	904	620	714	904	883	789	229	502	383	297	332	661	54	536	520	437	772	471	36	70	882	905	185	390	0	52	110	880	333	754	569	501	519	742	583	97	498	72	875	741	273	603	629	111	863	792	372	690	555	573	343	626	526	524	856	291	698	291	179	803	318	156	251	355	514	10	449	116	285	819	556	9	177	458	498	97	841	807	899	580
807	157	789	864	674	92	150	444	149	412	435	603	896	656	372	160	202	507	261	801	33	773	43	604	128	884	658	317	826	536	147	853	200	127	543	452	862	626	449	739	838	176	48	360	400	0	291	182	580	658	47	17	851	424	495	368	877	554	233	262	48	226	477	865	237	812	890	892	192	107	799	330	262	543	694	494	837	45	468	545	780	752	296	76	439	875	751	860	64	904	21	533	649	777	74	346	901	858	808	599
849	241	667	337	555	317	868	122	307	152	261	685	67	57	336	241	682	479	814	670	721	790	357	667	249	509	394	27	479	230	502	758	367	604	537	97	493	677	124	531	800	388	498	224	96	265	0	95	377	769	179	182	641	395	34	660	468	459	3	264	426	776	393	782	310	583	343	604	629	759	873	551	621	481	488	405	58	129	255	149	586	370	10	610	313	288	617	733	189	339	519	46	659	858	82	79	535	519	675	476
787	375	387	408	845	145	685	162	306	119	643	230	25	14	802	347	73	362	376	121	412	309	167	48	513	604	898	459	548	415	222	524	748	718	645	895	28	513	795	168	544	63	189	524	466	608	202	0	252	436	117	181	371	574	273	152	697	24	475	329	817	2	265	839	744	171	770	638	119	350	262	471	253	739	407	90	405	59	687	313	700	372	531	300	341	354	403	58	103	775	360	445	303	236	658	825	523	697	774	681
59	154	568	313	63	441	235	294	643	137	178	363	485	902	559	98	782	513	264	158	238	424	331	751	115	394	474	748	886	531	369	182	363	131	177	853	579	397	200	663	520	77	160	735	251	282	189	707	0	35	604	585	93	715	746	559	140	209	200	698	862	206	354	474	652	632	509	204	1	323	40	363	21	314	223	448	688	228	695	1	522	907	662	211	220	130	253	172	499	351	227	753	266	779	576	478	522	650	336	736
777	258	347	538	547	407	131	76	370	91	197	875	616	293	823	628	904	103	345	110	656	64	132	308	447	604	896	886	765	215	747	320	625	876	904	393	784	815	170	890	76	241	861	524	78	418	35	804	426	0	649	567	76	503	230	238	419	719	324	542	624	892	101	140	566	896	501	639	757	828	330	401	9	548	897	586	383	415	209	42	89	306	209	355	536	179	330	796	834	499	525	182	111	304	254	188	140	687	370	699
563	667	710	575	342	686	710	289	689	492	727	308	92	174	747	167	673	861	156	816	601	431	30	120	746	232	60	211	721	43	77	61	82	813	211	882	503	31	834	628	812	22	279	806	182	530	205	113	455	777	0	622	901	452	607	577	311	222	496	796	710	322	761	343	855	34	68	360	300	846	681	818	94	354	327	794	667	865	732	138	405	351	510	208	148	571	335	180	133	613	822	865	604	325	743	57	695	290	857	269
805	127	143	576	586	66	682	101	862	591	603	110	325	891	845	615	412	127	256	215	613	282	52	274	334	596	192	500	737	17	545	805	828	102	447	564	181	124	34	447	411	179	41	88	648	229	245	508	128	194	174	0	626	192	867	632	529	761	271	701	696	262	816	143	552	517	80	484	847	151	325	650	743	28	170	431	388	420	7	845	319	443	4	100	738	744	360	21	99	578	686	316	103	692	757	460	130	106	756	54
815	35	236	618	106	547	615	11	486	544	639	627	91	812	203	110	286	148	854	594	137	680	194	412	841	84	252	99	45	94	446	334	208	394	45	518	712	9	71	180	113	530	364	45	327	517	334	205	487	581	360	385	0	641	554	254	1	353	624	653	72	404	188	250	349	563	681	311	667	347	90	502	298	586	191	398	645	239	9	486	519	785	399	112	210	192	795	427	466	53	653	683	93	47	742	46	817	223	171	62
515	241	437	618	828	130	301	166	140	796	59	271	262	404	144	129	439	148	115	232	29	795	202	895	587	153	112	588	253	836	411	693	646	866	294	627	284	907	700	440	43	255	536	757	80	190	496	169	137	436	468	761	277	0	164	502	149	830	587	191	576	504	559	438	768	531	735	48	622	101	625	688	286	775	574	437	771	458	335	804	8	778	193	257	142	71	139	137	874	737	802	626	352	576	210	633	296	222	181	626
630	761	485	173	328	796	280	776	390	296	659	756	455	369	186	216	63	76	873	394	106	302	801	683	515	224	728	886	882	681	795	394	458	606	528	805	551	588	193	876	613	664	60	396	411	196	116	669	335	374	368	59	206	771	0	152	364	33	227	868	908	561	8	309	312	81	158	878	371	358	743	591	179	709	26	822	148	171	50	677	777	463	443	107	182	349	759	352	492	123	107	121	587	370	424	229	539	410	88	226
122	666	318	310	510	756	396	174	449	653	80	516	95	447	297	906	135	791	584	94	614	894	819	346	65	710	872	825	679	824	233	227	283	188	889	450	659	688	417	387	293	719	640	141	238	537	875	838	337	450	518	876	242	83	728	0	608	659	182	585	195	164	431	370	84	248	695	279	275	551	466	195	7	610	869	329	481	440	344	530	225	891	356	679	513	253	733	810	639	583	311	585	356	607	808	108	823	417	740	864
467	452	498	752	464	683	106	713	691	847	443	733	504	786	124	547	21	404	217	191	835	75	903	767	76	626	312	646	682	430	736	650	512	270	505	152	29	25	297	261	813	371	327	317	108	268	93	551	343	181	812	337	581	147	399	324	0	89	267	415	376	98	343	193	730	772	538	55	5	20	473	96	100	889	521	115	884	899	93	803	786	775	305	756	274	440	474	438	612	13	217	713	161	313	393	436	258	770	506	255
498	164	29	720	847	868	174	535	531	755	589	573	65	729	759	581	71	798	85	716	425	421	598	84	187	367	383	239	892	151	809	358	791	68	402	486	460	482	532	94	850	483	737	840	685	810	869	595	685	779	436	230	808	215	614	600	875	0	303	580	739	646	82	384	568	287	338	720	213	791	616	589	214	606	45	509	877	390	2	124	800	255	441	450	614	832	603	849	568	346	280	816	91	231	593	100	522	397	540	97
542	629	342	135	219	242	585	390	211	426	130	720	6	225	361	757	458	204	732	389	751	593	716	257	336	218	254	648	287	794	682	409	874	885	792	885	784	649	238	31	651	273	340	892	782	521	352	397	578	351	449	356	814	530	42	245	148	862	0	837	616	96	486	631	102	755	159	206	884	317	275	332	321	154	825	866	601	558	640	881	500	842	437	698	603	871	110	571	777	285	17	516	298	860	887	834	184	378	377	124
583	293	582	68	45	384	833	504	33	494	99	861	182	627	492	122	593	525	375	94	902	760	606	556	300	391	280	728	667	166	489	272	93	76	363	103	882	419	278	505	45	465	139	12	171	19	860	364	402	853	767	796	56	535	533	37	282	77	596	0	323	373	68	261	459	219	114	414	598	97	250	267	146	180	46	566	41	109	451	365	643	105	757	182	576	295	89	25	145	880	125	722	30	264	816	887	227	335	657	219
140	664	455	691	93	604	740	864	13	329	537	187	340	549	216	252	80	204	246	511	817	786	853	515	656	878	775	543	568	901	841	895	39	903	189	50	868	318	193	171	338	750	441	482	632	801	243	882	112	480	635	877	810	519	24	399	476	284	584	881	0	795	112	159	849	601	51	430	29	375	874	194	246	235	805	624	2	831	691	425	687	180	701	184	22	160	828	86	310	66	250	791	248	700	564	466	759	52	468	626
401	336	259	905	91	265	798	880	556	243	862	188	746	342	263	575	680	61	468	292	283	886	849	296	189	102	197	854	89	530	347	140	512	461	41	105	19	250	204	827	69	253	884	462	65	359	188	125	557	318	128	505	788	136	786	259	595	318	306	379	291	0	404	371	703	132	812	453	124	13	428	877	628	151	131	293	721	456	902	679	34	371	860	149	381	198	218	549	294	72	375	537	406	330	659	899	509	279	625	734
398	729	893	146	766	721	897	820	218	678	444	613	190	487	629	343	304	252	63	315	752	368	456	303	856	102	566	416	397	380	72	204	239	153	898	250	31	4	60	178	27	95	298	369	399	657	202	534	480	282	46	850	48	579	408	10	373	634	534	71	634	27	0	294	323	194	725	81	257	690	310	864	92	98	588	505	301	20	494	200	63	289	480	556	423	87	841	180	54	377	88	621	609	195	337	760	63	754	692	262
874	798	477	36	429	319	356	824	871	205	370	163	753	606	230	42	78	520	73	33	879	164	898	457	656	450	476	718	94	284	318	279	67	285	807	890	216	408	312	638	906	411	18	187	590	502	276	881	735	709	10	580	208	175	504	850	83	758	462	79	702	803	574	0	305	281	698	446	418	102	271	787	249	606	557	324	706	444	204	78	266	141	89	3	341	643	393	221	856	400	498	697	220	412	526	818	871	83	390	315
562	831	868	734	209	52	120	504	588	756	200	53	503	895	120	163	100	272	281	576	528	596	327	849	88	615	680	254	473	296	133	223	49	109	157	810	134	151	272	432	725	452	179	74	665	682	468	67	832	206	264	222	438	85	88	555	303	777	605	533	695	884	234	785	0	90	264	527	154	484	478	45	729	581	33	513	700	742	735	29	850	843	480	444	182	733	131	361	701	312	764	613	223	110	312	366	409	52	859	326
387	634	354	616	879	66	737	484	158	233	42	145	625	256	55	754	778	116	699	17	334	318	660	542	817	353	298	474	523	143	161	802	883	118	313	254	595	537	620	275	382	49	661	146	103	81	525	222	867	523	875	129	368	878	865	196	825	573	468	762	466	385	433	463	150	0	141	298	399	242	638	134	135	114	870	635	130	605	235	428	86	242	676	197	841	523	447	873	370	359	171	543	264	122	39	535	776	369	384	699
394	294	627	259	17	198	476	607	694	614	188	81	635	680	411	664	351	26	53	139	737	440	735	906	706	583	428	8	451	466	125	680	392	223	361	835	22	490	589	790	22	482	29	869	878	364	751	260	876	665	693	12	445	306	256	617	214	802	643	605	596	351	169	660	708	906	0	19	733	682	433	18	190	299	822	760	14	466	690	804	600	445	748	553	455	535	751	364	618	650	69	565	126	737	256	72	301	70	12	320
294	167	150	895	398	869	226	518	176	881	802	96	883	28	179	362	829	893	542	380	484	464	776	810	72	801	82	332	815	331	25	236	611	758	567	499	825	75	717	713	756	461	506	805	402	394	514	147	312	218	844	796	570	99	899	321	649	511	552	592	59	228	778	131	424	855	475	0	904	568	417	645	29	778	829	319	11	896	822	544	254	314	52	120	31	105	656	460	60	156	252	131	2	802	792	449	284	495	31	847
784	322	346	69	734	261	212	352	232	804	577	576	665	73	360	401	766	526	252	526	590	630	647	763	355	495	631	417	461	813	245	649	747	421	297	120	264	483	159	105	544	126	828	568	338	840	586	465	256	219	721	870	689	104	648	112	468	208	388	228	469	763	475	49	221	731	881	272	0	427	805	461	874	272	344	460	366	518	531	87	286	837	31	440	384	381	329	756	620	134	492	87	116	655	235	656	280	197	871	310
655	408	870	350	345	15	647	897	24	641	157	460	470	309	650	153	150	716	403	636	204	630	164	908	523	889	524	207	133	142	265	763	347	516	648	372	229	644	222	145	187	233	19	760	638	905	79	434	871	845	238	621	758	557	628	632	7	227	770	245	855	617	380	632	344	802	259	603	234	0	460	681	487	797	877	242	634	164	546	877	800	303	852	475	491	734	901	247	124	120	445	324	723	575	543	106	601	607	341	165
122	464	520	462	20	696	416	458	545	215	134	583	41	285	203	760	865	428	240	260	361	223	717	424	645	583	818	367	636	409	158	123	5	827	605	460	801	207	33	183	269	3	323	435	1	281	839	491	171	425	839	147	552	61	660	103	850	356	20	634	777	212	303	262	763	540	659	319	199	821	0	274	705	74	851	265	711	196	728	731	335	348	373	44	358	881	137	148	54	527	384	440	47	288	714	161	278	510	25	329
811	225	1	739	370	422	426	784	129	602	891	698	793	689	835	810	172	862	488	345	526	207	110	516	810	540	646	324	482	483	157	156	816	792	105	116	91	844	613	203	252	505	890	542	291	163	236	314	356	126	609	323	305	600	166	612	121	302	537	457	747	816	420	906	416	466	653	190	151	362	705	0	797	744	323	742	766	68	108	767	568	294	275	828	801	143	712	85	254	539	353	523	408	6	226	671	291	318	357	826
735	560	720	19	549	269	836	781	367	820	169	291	808	641	267	634	461	376	384	55	255	499	877	356	533	224	635	569	769	783	334	896	270	163	564	875	471	2	665	766	766	718	745	280	3	502	397	636	435	647	214	198	420	156	535	363	717	468	612	422	817	397	56	887	587	746	718	29	723	431	547	125	0	30	843	170	434	417	657	534	152	336	792	776	437	812	387	343	762	405	769	598	337	294	700	804	517	843	457	276
780	628	770	471	148	683	468	74	495	635	835	338	29	141	398	379	646	136	772	483	538	477	147	158	728	773	766	256	552	151	7	554	484	735	246	647	457	902	590	496	572	378	223	629	505	549	62	402	802	34	799	73	274	636	516	685	376	672	249	290	446	28	583	711	749	572	290	439	82	871	650	677	659	0	894	648	857	523	860	162	531	632	68	417	250	74	93	7	434	295	49	36	253	350	302	118	890	196	307	508
717	586	132	111	572	664	722	556	340	255	663	178	289	166	94	202	701	293	530	799	327	459	265	350	308	487	545	183	461	96	757	833	196	670	753	710	546	531	712	723	794	467	497	463	516	652	631	603	732	15	874	731	802	537	872	543	34	822	170	883	278	863	670	730	874	510	621	307	647	358	842	590	524	321	0	847	810	531	359	370	440	536	876	392	894	215	672	286	272	785	221	247	312	252	767	514	34	345	614	857
777	82	68	476	226	96	489	447	258	29	600	551	464	460	728	47	844	757	140	788	154	448	440	847	825	199	835	433	77	770	611	639	837	633	571	293	705	136	7	320	255	438	829	679	335	594	142	393	786	430	17	113	139	361	510	692	558	24	114	788	715	332	800	561	206	223	617	70	468	838	109	680	408	243	138	0	210	716	674	71	689	619	346	880	331	82	593	83	131	693	105	658	419	492	721	396	652	908	859	838
498	534	743	518	752	434	590	346	337	337	452	482	96	283	663	147	795	39	215	132	1	101	593	651	99	653	355	589	478	386	813	529	172	207	354	134	255	809	831	510	183	6	442	198	47	737	231	732	257	889	744	219	598	836	392	106	720	118	516	274	342	679	32	1	648	217	603	321	9	469	780	595	129	806	279	293	0	402	464	244	509	132	466	857	414	359	140	327	167	93	191	28	705	722	399	797	603	847	766	56
886	705	399	29	634	112	99	367	396	285	908	523	380	267	815	892	54	282	182	647	238	436	871	448	49	873	584	714	38	875	589	563	783	569	498	532	441	394	250	105	783	882	79	93	858	664	904	887	507	419	272	727	315	78	638	347	656	872	51	693	41	526	306	661	48	896	714	507	587	181	119	281	814	735	562	67	15	0	482	859	525	701	822	212	765	599	331	740	660	710	801	593	470	860	298	592	785	714	656	856
641	615	162	98	739	9	611	393	223	114	390	382	14	383	694	436	797	330	149	827	602	907	592	213	110	221	746	325	516	740	434	394	528	864	273	124	53	501	564	157	850	281	856	320	196	823	481	104	681	76	604	268	596	569	384	157	408	227	726	401	369	468	230	76	247	417	683	246	656	128	454	798	874	528	83	145	232	316	0	721	686	664	514	784	545	466	42	480	209	733	287	294	874	908	179	112	41	361	265	156
643	291	18	539	228	129	574	460	89	827	608	157	37	794	225	460	677	623	130	483	331	296	493	258	860	497	378	848	151	163	151	395	369	482	528	56	431	15	802	165	707	610	25	593	517	633	365	547	310	260	669	312	713	577	370	334	44	568	251	786	394	261	417	199	360	391	673	207	127	73	659	579	151	633	649	407	484	89	206	0	814	714	305	543	475	908	98	875	67	522	619	901	892	200	618	554	784	269	479	709
67	141	181	413	255	704	482	196	392	722	602	865	288	737	370	419	192	841	660	848	429	192	639	799	901	44	718	214	180	283	474	714	119	5	292	352	610	743	693	132	840	120	653	788	573	592	767	824	753	186	632	162	614	280	683	741	567	313	507	855	866	737	545	728	510	778	359	97	82	630	338	834	799	179	670	438	716	189	375	431	0	76	499	232	301	510	609	295	772	705	530	212	828	25	23	899	602	318	748	312
270	671	84	208	719	568	830	35	275	641	305	814	94	391	51	358	172	35	415	258	353	268	329	311	283	163	323	150	467	63	685	792	174	777	567	647	140	891	491	62	624	857	357	432	64	513	856	885	382	673	132	475	401	15	892	758	72	126	498	876	620	135	469	887	190	587	805	413	414	102	691	790	313	154	600	361	651	178	36	170	682	0	294	879	683	792	581	253	26	796	123	429	573	194	265	377	842	409	340	665
559	897	346	685	270	188	818	621	526	724	896	575	867	30	750	899	351	675	589	374	643	392	168	576	521	208	87	422	743	232	89	350	882	372	413	109	715	165	450	212	122	394	292	483	317	318	516	176	635	663	53	331	152	693	1	740	523	215	860	743	584	470	307	424	665	906	736	773	906	41	80	193	417	303	542	556	495	544	64	570	87	483	0	434	586	569	582	411	101	557	86	58	31	356	49	730	416	851	656	409
145	396	502	374	255	263	671	461	884	285	676	813	34	449	23	315	638	688	655	383	15	88	568	628	699	200	44	46	633	199	890	721	655	434	597	838	494	206	904	735	75	33	257	902	762	473	184	878	321	411	770	153	232	443	666	325	882	116	315	399	471	605	413	55	562	195	409	711	134	292	60	639	332	558	48	478	608	103	29	333	569	492	34	0	759	511	396	149	786	75	531	180	5	243	85	793	885	653	673	690
335	23	599	6	720	772	626	853	775	134	504	825	808	270	704	511	613	749	211	361	686	825	113	889	508	195	487	495	553	905	144	214	329	832	513	889	423	324	457	47	282	524	736	541	242	123	834	11	88	470	413	481	550	378	14	68	575	494	608	139	268	757	33	191	769	712	768	475	320	540	395	32	94	865	759	112	12	651	308	842	58	91	831	525	0	507	176	766	454	381	535	780	739	383	631	518	232	153	268	191
25	119	869	588	47	858	15	241	64	821	742	353	586	502	332	787	604	832	175	649	458	894	754	564	49	34	148	382	317	141	720	13	902	611	235	418	906	29	76	855	24	739	562	111	93	190	134	295	272	797	57	75	250	283	865	225	745	647	488	168	833	480	469	366	463	35	375	709	908	231	557	53	27	237	348	304	521	476	417	755	248	426	848	19	810	0	122	67	567	812	343	584	895	382	836	11	672	470	449	796
501	33	159	702	358	812	759	75	494	441	669	188	882	617	37	238	655	816	29	38	733	855	571	301	760	485	351	446	474	800	627	374	889	659	653	312	96	804	709	612	328	543	190	627	742	439	459	628	29	18	170	252	836	606	642	690	66	865	229	355	269	100	855	245	131	147	241	274	138	692	812	10	528	884	13	659	786	311	483	137	359	658	233	655	290	790	0	640	197	312	582	205	852	400	902	647	676	435	421	330
655	721	139	616	443	877	296	634	102	154	236	322	328	201	893	746	461	683	644	215	633	755	588	192	784	841	781	241	789	750	129	334	555	302	308	573	502	306	538	840	334	342	859	307	153	767	546	532	877	4	829	562	371	645	620	766	104	92	728	39	200	501	276	317	263	752	396	658	383	654	884	501	162	430	353	478	147	623	221	356	209	7	255	208	672	378	781	0	28	572	863	244	166	541	769	49	613	899	884	525
165	96	613	462	643	404	175	440	677	87	828	698	788	530	573	362	309	382	22	590	386	383	799	541	39	702	58	634	429	838	592	292	874	675	119	215	179	116	300	890	773	65	577	93	700	434	681	113	567	487	603	312	720	353	5	37	192	600	838	139	55	820	76	388	796	56	133	522	155	628	106	687	242	826	61	339	709	868	882	251	881	587	901	623	650	507	615	264	0	779	638	456	708	665	885	475	851	186	623	306
254	10	669	471	166	154	69	312	694	73	308	908	82	705	278	558	705	303	39	369	757	804	680	395	551	394	457	282	382	142	591	722	278	98	708	902	741	785	64	343	214	69	382	362	500	114	673	196	432	506	496	105	854	584	311	876	319	879	155	205	662	1	230	37	133	905	484	335	310	94	843	189	536	464	765	583	257	343	238	839	195	320	213	859	768	854	843	139	476	0	188	801	174	221	855	208	803	761	212	535
438	168	638	779	716	422	357	643	898	95	834	814	856	557	1	511	93	48	220	783	655	324	13	786	869	228	328	693	134	575	267	4	493	571	260	577	13	250	244	254	818	144	111	266	161	291	173	684	765	723	141	383	589	640	31	106	785	577	889	476	570	699	272	264	360	469	420	272	338	902	658	460	712	38	361	288	563	9	699	106	852	417	344	509	601	669	359	880	380	113	0	262	847	116	817	573	741	198	216	213
595	275	512	484	514	857	594	809	169	155	693	864	488	355	25	121	377	891	392	233	212	7	730	119	635	308	514	12	485	291	277	889	98	402	688	867	316	518	619	1	426	604	250	427	209	330	706	750	666	752	155	165	895	565	875	545	589	678	296	882	526	359	77	540	769	739	148	687	845	312	397	447	255	719	749	769	442	266	347	176	707	744	15	364	319	233	625	812	53	572	412	0	150	183	302	469	855	80	844	764
657	877	505	151	662	864	511	37	277	592	407	691	689	536	718	835	428	360	323	886	292	543	900	309	149	353	290	549	13	579	660	269	598	809	181	695	487	180	417	371	311	638	565	615	132	368	456	826	120	848	279	122	275	137	112	468	619	299	81	871	342	268	789	659	362	638	626	121	628	327	900	310	790	16	15	111	797	523	505	445	428	197	331	185	840	208	697	249	385	115	614	62	0	687	807	2	574	556	803	633
486	455	142	198	319	281	237	288	819	642	745	866	118	724	499	575	284	233	718	468	550	326	552	41	91	727	469	871	213	818	93	767	662	743	371	69	671	507	629	159	163	357	674	222	302	180	238	457	65	158	802	73	537	761	566	529	19	885	483	680	348	386	41	657	873	110	45	508	414	475	252	823	137	66	255	397	523	367	849	103	48	865	777	288	126	382	99	340	77	384	153	876	14	0	258	118	566	718	899	466
47	385	582	431	239	288	858	454	455	425	669	199	626	559	611	749	659	754	616	772	448	309	63	208	363	258	308	399	217	97	432	517	322	61	685	392	876	465	305	587	836	765	512	468	273	223	81	389	270	246	382	657	136	544	515	812	486	446	885	165	836	489	297	886	249	314	57	581	683	184	216	722	145	901	669	9	642	542	138	883	98	657	772	407	119	427	17	68	883	685	771	479	115	752	0	876	229	880	260	437
213	107	758	713	532	123	615	715	172	571	102	202	652	316	654	321	52	572	712	766	690	404	110	183	372	465	10	557	630	892	63	306	1	283	245	864	632	585	778	137	292	399	22	697	645	887	236	189	338	90	146	464	222	39	592	442	755	273	597	611	756	86	46	663	238	630	566	551	819	543	626	251	593	50	804	113	615	368	417	380	517	389	511	228	78	704	726	285	139	798	177	482	590	907	185	0	711	616	690	469
256	529	187	253	78	463	314	626	670	42	271	785	244	824	187	563	303	242	329	740	236	324	838	531	782	67	381	427	392	358	275	364	256	291	906	821	844	780	744	674	356	365	74	296	39	818	765	538	74	882	857	90	343	575	651	657	190	86	18	410	112	345	896	572	134	37	425	378	198	779	486	78	257	571	753	31	121	439	843	56	748	742	811	841	185	65	869	83	519	32	401	211	8	654	496	636	0	340	16	243
647	583	679	236	420	189	123	435	114	696	12	440	591	275	888	334	301	157	160	271	734	601	414	277	292	437	465	156	581	12	512	781	565	634	326	747	496	278	880	619	342	891	727	776	323	880	512	383	880	395	387	293	674	510	805	212	638	478	832	714	450	150	904	274	841	84	646	159	43	895	635	730	749	385	33	713	588	4	72	386	341	644	785	112	47	33	902	714	338	20	534	810	237	32	463	723	396	0	135	85
147	531	364	217	587	383	137	524	626	846	343	829	238	585	810	418	377	9	194	593	551	421	294	600	770	626	440	190	555	573	327	476	303	549	646	49	126	129	218	556	528	657	37	828	608	606	168	172	200	659	844	363	56	319	182	82	517	882	275	143	17	480	38	677	857	177	407	787	217	329	870	33	832	107	732	180	80	514	339	304	773	341	590	197	844	246	402	84	277	417	525	874	519	599	905	376	197	787	0	367
866	725	64	721	639	280	400	292	329	865	817	252	806	447	811	392	794	153	316	538	62	398	352	771	29	644	653	373	811	518	117	579	359	52	264	877	466	223	3	71	109	457	558	534	834	50	625	787	195	433	773	706	907	663	474	527	767	764	815	551	561	646	433	254	872	662	303	95	880	348	327	78	354	349	894	544	605	34	776	572	900	799	96	670	678	593	842	707	880	414	896	327	229	759	496	293	93	544	320	0
