A	B	C	D	E	F	G	H	I	J	K	L	M	N	O	P	Q	R	S	T	U	V	W	X	Y	Z	AA	AB	AC	AD	AE	AF	AG	AH	AI	AJ	AK	AL	AM	AN	AO	AP	AQ	AR	AS	AT	AU	AV	AW	AX	AY	AZ	BA	BB	BC	BD	BE	BF	BG	BH	BI	BJ	BK	BL	BM	BN	BO	BP	BQ	BR	BS	BT	BU	BV	BW	BX	BY	BZ	CA	CB	CC	CD	CE	CF	CG	CH	CI	CJ	CK	CL	CM	CN	CO	CP	CQ	CR	CS	CT	CU	CV
0	373	898	46	598	326	193	459	935	638	929	690	395	372	629	130	74	647	521	498	101	402	638	229	101	259	363	373	747	860	255	1	792	630	453	859	419	346	44	964	820	269	972	769	149	892	735	400	742	312	184	87	706	17	48	316	29	751	296	771	128	942	129	483	335	330	228	412	814	137	78	751	474	179	658	152	792	267	398	96	738	7	43	747	542	852	860	148	795	647	420	160	758	932	449	111	46	83	855	790
935	0	807	321	254	525	938	544	198	112	250	227	182	77	887	269	85	598	151	708	798	255	869	579	380	97	544	547	968	152	385	670	347	508	927	967	614	92	468	747	143	814	443	496	926	904	756	572	118	135	772	626	450	106	973	795	447	717	531	362	793	627	195	767	835	75	310	15	652	105	227	815	208	299	274	745	271	481	392	515	359	645	952	716	796	438	153	816	413	239	938	727	773	41	282	786	595	817	582	793
647	671	0	686	113	497	706	90	795	467	581	817	375	927	334	405	864	62	422	114	190	150	923	117	46	6	576	664	529	127	79	577	872	531	312	851	257	764	770	265	738	580	684	464	429	8	217	633	580	718	390	868	966	645	397	383	395	190	930	109	685	759	198	966	672	908	104	302	541	126	194	713	533	93	463	158	193	237	885	845	124	569	637	468	966	552	344	977	416	817	137	761	970	486	484	221	332	299	448	83
720	181	288	0	627	180	447	567	919	772	711	345	355	634	336	801	34	721	868	96	696	866	207	743	254	143	843	531	905	228	437	527	163	445	735	859	834	520	535	430	360	293	86	414	536	85	586	41	391	609	604	937	22	668	320	475	801	235	227	184	133	740	325	299	897	82	146	132	13	943	721	640	427	49	131	346	559	198	832	208	206	7	530	649	702	479	745	973	438	638	201	380	786	582	394	203	198	187	591	242
252	535	656	94	0	202	229	73	145	259	205	740	12	40	349	248	259	592	954	727	269	55	163	944	752	648	294	21	593	465	10	889	366	625	234	504	696	453	127	315	652	787	864	513	132	941	782	893	365	303	749	69	942	571	143	911	834	205	396	964	249	204	671	118	597	626	258	325	763	961	445	753	465	191	105	659	160	730	957	851	231	268	448	244	571	875	484	232	565	202	952	965	730	459	115	213	422	131	583	80
905	427	331	54	691	0	692	761	89	88	164	827	322	137	179	164	405	821	919	884	815	675	28	32	129	410	15	303	39	935	699	267	701	571	369	600	727	239	635	859	909	373	369	219	355	844	955	248	317	739	506	836	277	470	925	119	353	473	711	659	557	460	821	779	694	226	522	63	205	338	837	600	292	769	395	413	650	145	859	415	953	124	14	208	558	433	569	388	657	494	519	99	143	652	726	792	793	753	73	767
374	326	431	844	133	303	0	406	360	817	218	572	718	639	615	333	393	827	96	95	913	660	488	637	908	285	484	514	327	506	897	427	147	268	764	909	219	551	613	93	664	721	862	173	123	261	678	882	78	531	642	122	386	964	329	481	607	277	484	278	617	453	930	448	25	658	512	324	959	272	888	536	777	464	103	784	674	579	4	660	626	522	340	285	257	862	459	766	637	135	651	866	141	876	454	105	439	298	67	294
519	39	801	264	350	899	361	0	788	382	79	773	949	598	758	315	5	589	449	224	45	631	966	832	564	475	859	778	273	490	343	376	84	974	513	977	503	784	795	658	664	686	976	940	916	683	191	539	622	168	217	613	275	678	4	361	969	594	102	244	201	619	867	462	507	702	814	676	369	676	459	784	457	866	743	922	973	895	641	22	407	511	910	295	627	769	532	174	113	745	958	216	836	787	80	793	864	777	399	892
105	191	557	810	204	658	228	723	0	160	834	968	870	609	574	759	244	182	705	917	229	825	219	911	221	752	804	853	394	232	134	59	225	572	412	55	705	366	847	788	648	126	474	900	717	697	308	684	605	729	348	624	544	753	652	924	361	643	346	791	820	537	575	958	948	866	330	127	383	371	114	693	663	237	207	476	280	773	259	254	757	332	891	489	464	701	606	10	535	883	907	7	863	244	184	81	918	70	642	38
736	885	463	601	843	158	82	936	187	0	548	465	750	912	384	290	561	640	156	277	133	399	141	502	62	457	299	96	617	231	19	212	23	735	75	139	909	162	780	42	446	598	833	588	783	841	300	975	462	841	587	235	262	82	453	340	55	229	976	321	798	31	676	172	450	326	92	352	237	388	137	169	799	921	599	639	352	643	89	848	871	851	84	180	896	75	110	586	191	671	234	656	268	180	696	147	926	561	849	859
207	161	502	416	608	918	855	378	593	429	0	227	828	179	68	663	899	457	366	404	152	949	77	622	304	898	68	707	849	911	235	252	230	606	451	555	319	170	667	773	238	391	317	646	465	294	411	570	270	164	878	83	34	167	668	518	56	25	743	397	502	807	335	48	423	307	210	944	795	500	562	354	908	482	398	962	584	794	176	276	640	794	63	958	63	945	647	871	538	491	189	400	529	752	585	655	753	88	53	247
146	599	665	970	606	471	444	864	898	271	182	0	906	820	918	93	838	870	472	474	525	473	561	25	730	441	418	3	471	92	603	523	29	891	237	231	317	305	916	629	23	117	362	771	172	356	817	473	808	865	636	13	784	938	576	557	474	663	891	152	964	550	412	925	546	775	8	567	653	199	456	916	437	688	673	65	514	577	793	365	461	214	559	346	290	857	574	939	709	784	509	702	257	967	391	307	107	741	956	460
652	90	509	909	744	701	566	248	407	921	730	783	0	248	740	644	328	366	968	634	765	33	489	586	639	976	931	815	137	769	958	69	658	299	778	792	241	33	672	602	650	500	821	584	94	856	508	334	134	218	942	799	545	591	229	817	18	558	288	914	10	824	17	976	530	142	715	360	212	773	84	262	725	526	361	397	600	140	232	773	359	86	600	82	743	473	245	637	173	421	511	883	302	977	544	331	763	336	814	724
805	330	499	821	10	799	613	541	13	706	831	649	896	0	542	279	254	260	939	450	76	604	488	522	478	752	777	54	802	549	60	337	792	698	261	55	307	129	846	831	581	564	742	215	222	415	174	63	699	391	399	662	61	901	453	835	487	223	307	664	748	501	803	20	512	155	374	877	712	344	775	885	261	634	526	442	542	309	885	712	298	740	516	280	364	17	318	235	659	505	80	577	93	642	644	952	921	48	196	842
402	555	449	716	482	301	386	913	744	239	406	437	637	372	0	809	791	874	820	399	243	642	432	175	326	723	385	234	833	117	222	766	42	645	76	497	305	195	639	588	204	37	701	49	271	495	13	154	682	254	244	709	324	631	686	179	826	393	627	873	946	409	297	707	327	785	672	427	953	348	133	930	641	560	564	928	826	445	737	918	384	734	192	410	939	66	899	303	881	809	697	783	58	67	349	198	177	957	631	928
518	243	241	483	136	387	130	127	484	269	157	148	624	629	488	0	617	719	911	523	928	54	547	611	445	790	298	654	114	928	739	520	270	231	354	446	403	562	278	454	334	524	896	652	238	612	476	222	608	807	646	836	12	120	507	65	247	417	384	184	336	785	368	442	349	546	449	391	359	330	60	675	83	827	638	656	379	836	470	356	362	728	352	222	833	182	3	7	85	458	506	469	877	475	554	269	290	653	945	160
220	485	630	835	882	948	385	574	45	443	623	871	226	815	576	509	0	294	783	345	358	899	821	655	836	75	810	730	526	34	427	596	344	263	224	118	671	349	77	953	763	599	563	878	14	424	70	788	374	867	191	464	164	120	871	928	435	226	956	648	93	961	290	107	815	777	703	153	564	518	569	864	758	523	319	936	971	306	214	309	207	21	790	413	131	583	26	490	819	899	40	109	66	217	315	285	105	669	890	455
654	944	293	484	520	248	447	634	136	117	762	45	533	622	24	31	218	0	900	730	345	906	761	196	357	204	275	452	52	618	641	851	417	614	597	708	772	760	765	775	222	104	511	240	817	837	611	350	367	148	68	573	603	793	780	576	789	605	71	340	645	63	692	829	198	37	211	975	458	476	330	415	7	132	682	835	22	516	298	40	36	782	357	397	14	125	801	541	701	863	386	873	866	917	365	427	53	358	12	219
59	370	418	429	332	671	648	905	803	719	14	73	630	807	722	435	341	501	0	454	16	637	141	530	49	150	57	502	434	800	150	335	468	509	544	626	714	491	241	812	150	926	675	421	526	266	375	514	56	886	798	305	179	354	851	604	208	307	547	189	362	213	145	14	830	850	134	537	944	380	444	472	864	327	716	578	904	572	460	119	876	839	575	816	942	885	838	556	681	634	459	668	841	242	297	627	619	963	549	521
422	218	256	435	490	936	129	498	210	255	727	955	97	204	51	885	686	895	439	0	765	181	774	413	158	688	320	932	580	278	136	197	214	404	409	103	71	557	330	969	858	872	719	64	261	80	435	796	451	862	336	530	611	704	873	787	96	279	220	671	27	673	669	537	745	847	471	307	212	562	67	755	12	444	417	299	762	428	568	3	275	227	485	549	131	835	413	301	63	414	949	620	585	277	854	368	307	415	651	860
436	195	537	942	118	55	216	393	593	107	545	430	850	294	479	661	593	197	640	976	0	917	407	823	408	578	727	856	121	837	318	465	910	540	117	329	191	96	528	613	885	711	82	963	124	325	417	957	573	374	325	960	460	269	733	183	186	20	42	847	16	349	429	562	978	95	821	330	957	215	196	631	326	604	976	41	806	145	445	833	368	650	841	767	804	845	439	929	750	142	521	639	376	765	764	479	747	340	673	956
632	479	576	897	458	619	663	713	718	260	625	828	528	464	893	585	774	855	187	39	715	0	24	515	578	722	160	93	692	543	437	647	341	928	487	206	499	927	609	304	403	105	852	810	326	444	848	778	656	404	360	406	92	269	18	875	304	848	101	396	968	957	597	902	902	769	883	415	564	19	157	548	137	175	599	626	488	502	255	77	10	121	585	565	861	618	438	743	563	448	275	910	168	976	662	501	377	217	575	362
311	65	254	795	414	764	948	437	856	281	332	185	219	745	414	165	54	553	956	959	561	578	0	802	36	302	681	287	688	522	662	288	581	179	702	467	292	968	330	932	44	521	271	471	838	486	183	765	278	677	552	810	642	62	143	780	919	655	142	503	683	432	41	723	59	396	814	218	408	672	454	555	536	210	316	648	114	168	436	312	648	656	718	567	253	433	778	125	308	677	114	5	570	43	312	910	586	687	934	106
228	475	421	517	725	240	232	532	339	46	971	549	380	488	494	662	412	694	499	910	501	667	812	0	113	191	80	731	255	241	945	75	697	636	697	759	189	32	736	870	975	719	548	859	464	576	304	58	135	375	221	44	262	559	397	866	573	678	25	672	340	657	335	785	844	11	611	675	321	352	910	85	860	819	805	150	309	673	554	437	56	414	131	537	85	362	288	869	27	124	48	222	259	380	652	797	929	181	457	953
805	737	634	758	164	863	544	145	610	480	462	158	881	6	942	204	925	942	570	69	769	914	90	884	0	915	353	65	181	768	659	485	933	154	816	506	246	128	195	495	98	820	130	413	212	925	837	167	804	218	922	603	149	191	887	550	184	420	491	12	851	493	460	182	653	678	497	133	927	421	137	720	169	108	780	302	294	223	772	147	747	666	125	51	158	510	754	778	753	64	902	771	75	643	548	773	430	496	946	535
635	51	65	128	529	659	40	162	702	559	738	917	65	202	392	828	538	260	624	26	486	18	87	141	840	0	679	481	582	420	840	427	788	171	487	876	622	587	925	904	46	639	417	566	48	560	907	368	624	55	118	403	530	937	441	864	290	343	560	36	152	655	556	948	801	959	949	72	848	550	194	306	194	181	546	154	576	870	866	118	964	121	57	9	47	18	600	462	386	329	922	841	173	577	260	381	345	115	54	529
406	657	881	629	318	460	608	170	209	307	656	562	849	307	232	138	960	30	543	736	618	781	18	535	782	641	0	454	357	715	558	342	83	650	174	642	449	540	642	473	109	555	257	805	185	256	427	800	30	729	641	451	667	513	804	477	612	285	540	347	545	539	508	196	457	176	125	841	378	975	499	249	520	237	95	273	221	53	197	755	719	536	575	111	351	852	536	524	693	950	184	640	389	375	952	828	678	701	585	470
175	864	440	806	368	189	219	941	512	176	586	576	604	614	534	581	167	452	382	375	966	782	885	238	634	821	92	0	958	712	584	893	217	46	684	768	701	89	400	893	738	32	455	375	263	953	678	637	283	540	81	749	772	293	833	732	635	708	546	392	949	499	752	564	19	748	833	356	817	767	53	21	549	26	745	475	301	909	143	340	572	63	699	233	914	791	27	75	537	785	672	664	922	102	498	259	599	313	874	539
205	493	872	244	47	247	505	546	59	20	476	647	569	13	36	725	742	858	450	535	719	897	795	77	700	681	266	645	0	678	813	789	108	242	454	228	607	564	198	390	961	99	748	68	360	450	783	444	557	621	416	698	286	471	595	708	283	471	958	401	923	764	125	951	584	651	621	442	696	117	330	862	10	960	706	49	49	823	828	966	174	623	376	79	713	893	767	4	101	675	591	799	422	669	134	415	877	233	850	931
621	361	826	128	823	227	790	379	624	770	440	280	270	209	827	400	64	559	949	148	752	543	512	5	90	933	404	8	686	0	961	858	558	628	402	969	856	113	515	371	294	119	527	30	125	792	965	253	371	139	484	100	491	484	727	897	2	522	18	588	168	805	502	163	802	444	400	40	27	264	419	671	447	542	433	327	467	528	667	709	388	41	870	288	386	62	371	549	291	737	67	517	136	516	605	484	396	714	309	873
569	655	970	692	750	727	670	653	248	914	632	919	170	941	677	689	824	835	621	646	951	695	829	476	236	261	675	64	294	94	0	290	694	577	31	331	798	492	974	142	353	138	952	309	520	964	298	475	554	192	530	853	889	166	306	814	485	510	904	448	911	712	85	806	55	930	896	880	726	459	940	282	244	566	236	798	790	298	747	277	42	881	541	455	162	395	539	159	106	694	5	767	331	125	538	1	76	756	978	7
950	703	53	588	756	556	141	907	861	616	826	78	861	867	67	306	416	192	105	325	379	828	504	234	943	361	630	162	231	109	974	0	795	467	423	437	580	112	294	734	551	281	592	919	86	317	482	328	476	129	483	72	763	321	296	649	592	176	975	280	383	673	112	329	220	519	615	728	813	140	784	104	423	898	703	356	679	156	661	845	901	278	458	466	917	646	937	305	74	357	508	326	103	236	709	329	588	620	257	336
317	874	840	877	404	135	215	41	724	28	182	401	448	79	655	511	876	125	788	889	359	802	422	655	535	732	256	812	75	53	105	679	0	658	847	132	531	243	154	584	619	79	172	299	399	967	921	811	552	564	320	824	453	404	939	449	663	357	335	892	687	234	714	134	423	329	240	477	139	45	335	560	37	129	579	139	226	260	270	859	868	511	792	657	158	129	257	117	937	491	495	817	829	270	493	949	480	891	851	24
103	59	968	59	529	522	945	873	6	850	609	666	519	220	70	419	808	383	779	351	54	740	108	749	172	619	650	723	387	765	201	43	888	0	957	909	401	729	476	503	183	547	661	531	644	22	323	839	962	233	703	289	536	856	976	14	827	824	677	586	44	968	19	884	583	277	276	757	99	73	854	201	625	80	384	803	697	866	771	716	884	147	329	668	386	449	210	951	72	706	482	238	222	54	434	508	15	708	249	419
245	314	436	108	200	270	71	622	123	964	898	825	604	15	305	55	356	110	944	965	298	922	7	595	422	501	197	754	470	888	580	348	313	832	0	315	170	277	681	719	142	387	229	327	773	655	458	283	517	519	588	581	17	809	807	321	499	867	5	825	129	383	716	784	64	706	867	534	410	847	598	513	444	977	893	366	694	262	56	644	220	448	15	119	154	666	644	284	313	621	684	158	310	519	287	189	776	954	85	544
825	847	771	554	614	542	101	708	493	652	46	767	511	659	635	41	670	654	932	355	754	479	912	287	224	858	13	211	790	482	537	530	821	348	318	0	749	473	647	20	348	910	781	475	9	727	543	422	318	539	5	160	631	889	138	607	377	422	936	631	515	220	956	857	105	509	392	891	528	460	305	947	341	644	426	295	179	243	860	671	148	907	594	855	391	399	385	59	361	815	662	112	232	51	353	972	821	945	43	827
80	345	322	588	53	938	417	582	139	465	310	300	945	436	445	363	626	244	104	534	571	591	813	371	577	775	373	161	37	655	746	50	533	317	737	974	0	303	540	649	294	80	515	916	777	568	616	892	207	946	270	919	798	47	205	896	5	388	640	320	470	694	175	93	605	434	526	121	603	71	659	765	903	165	769	341	172	964	115	779	942	225	100	121	637	785	818	328	357	935	196	107	447	417	197	702	639	798	338	909
216	321	920	276	29	97	627	216	263	185	590	666	426	947	204	752	664	113	630	943	19	716	258	218	124	269	886	953	219	953	958	364	916	35	26	298	826	0	797	602	850	796	179	116	727	782	465	783	774	888	918	434	625	723	319	14	148	199	788	854	420	628	298	780	214	611	816	735	927	962	609	168	315	689	146	671	819	655	904	890	854	235	50	612	320	268	824	75	41	224	205	302	236	167	580	842	679	23	951	18
617	694	54	796	417	560	532	873	514	903	962	86	487	152	839	454	203	339	237	484	426	21	30	505	258	745	718	801	192	698	551	55	40	545	803	683	345	892	0	619	444	364	861	575	635	708	184	389	879	871	934	340	91	902	867	429	239	410	139	104	828	787	895	219	750	877	752	872	125	431	217	166	420	50	635	177	399	268	940	774	486	629	354	355	74	163	964	263	245	68	55	912	370	754	714	345	40	14	777	970
76	844	353	475	658	578	43	679	487	922	656	520	251	706	354	239	291	970	435	280	688	487	428	219	924	34	638	710	544	428	684	359	611	479	958	778	368	329	114	0	226	560	306	629	417	769	238	933	882	204	701	113	16	802	188	546	91	301	415	387	297	778	377	191	155	47	126	515	951	307	272	935	946	705	274	441	641	99	341	636	418	944	415	368	907	649	902	532	831	255	702	229	690	697	659	470	760	709	386	115
468	68	658	576	764	429	384	788	768	378	149	775	570	146	848	507	260	524	261	333	374	941	67	858	667	645	182	363	703	91	318	68	608	547	157	262	690	606	692	249	0	288	652	887	930	247	740	208	40	116	746	891	302	730	502	602	890	716	198	799	699	446	811	406	443	697	421	783	853	264	803	169	432	734	696	885	142	398	872	515	563	170	101	691	85	899	440	625	576	629	390	804	605	111	706	280	728	618	268	50
606	397	619	155	91	723	142	611	594	602	94	196	767	556	245	175	161	771	366	892	694	325	402	358	353	270	704	637	37	218	596	527	577	120	87	793	446	587	269	533	480	0	13	119	257	740	4	318	947	410	123	162	422	15	100	573	744	801	702	876	961	935	163	632	597	137	760	498	230	80	609	18	49	807	648	123	859	383	885	18	668	602	967	265	550	540	7	191	903	161	781	800	392	927	865	319	2	90	431	241
896	411	771	501	26	899	375	582	19	846	146	957	790	642	275	275	268	605	401	790	272	176	722	274	7	946	659	350	203	24	505	133	232	436	631	588	447	576	832	4	286	563	0	71	126	588	369	552	540	656	386	669	47	452	554	863	156	326	208	31	387	768	302	95	480	895	446	150	218	917	868	555	768	177	30	711	75	5	475	753	829	941	859	472	780	844	333	48	124	893	116	403	948	19	64	646	171	888	534	419
304	977	531	255	354	173	168	943	211	735	294	162	47	312	421	663	60	824	961	841	451	322	293	136	896	382	423	455	364	228	752	382	482	661	662	126	609	5	594	259	932	22	578	0	421	504	749	575	629	744	580	487	740	41	537	842	683	496	919	601	360	302	167	432	891	391	468	69	176	713	59	94	415	582	630	642	354	474	602	415	140	226	387	915	217	38	396	158	517	527	7	46	294	804	4	301	3	734	214	376
814	249	47	317	97	260	456	660	452	801	157	709	93	397	135	106	567	682	968	116	924	838	180	731	291	374	166	322	549	233	185	503	304	875	263	947	433	896	101	950	444	30	382	692	0	732	275	669	148	158	676	621	241	495	235	325	526	122	128	644	831	744	828	72	568	476	88	489	28	807	610	745	29	552	170	317	145	974	64	163	250	125	261	666	364	369	780	275	153	809	139	807	409	288	675	236	355	793	122	634
698	942	841	807	902	279	153	253	536	908	154	483	328	205	144	312	198	920	648	336	315	826	561	452	352	128	60	722	231	898	561	551	845	807	281	854	880	229	29	941	94	48	125	303	327	0	81	224	382	427	693	215	107	60	499	393	590	416	164	777	608	472	390	916	950	914	362	682	161	290	960	247	161	258	211	524	140	548	393	487	900	318	165	600	367	527	95	643	226	145	954	283	315	499	742	632	157	341	388	905
770	302	726	451	661	760	448	708	863	27	11	382	812	913	827	933	804	251	394	839	417	415	121	803	522	603	352	249	491	425	206	185	558	901	402	699	37	29	137	528	207	390	710	812	515	630	0	905	626	430	41	714	839	127	640	177	838	298	115	960	643	30	391	857	794	670	150	437	294	163	454	532	861	624	896	607	309	537	305	831	703	193	916	296	926	945	210	23	30	123	461	90	761	714	846	120	605	644	567	26
3	614	73	415	458	934	220	419	156	191	958	598	722	329	124	697	217	312	842	237	25	329	154	778	859	914	443	899	901	120	745	82	639	620	290	237	656	625	13	888	98	212	196	421	435	460	350	0	368	178	829	37	481	446	968	672	35	840	443	956	956	646	169	891	55	948	314	247	804	847	468	453	540	875	715	220	822	708	77	574	734	105	404	934	443	305	597	49	636	840	255	945	850	796	195	889	159	524	165	789
411	359	224	716	937	885	570	335	448	584	678	242	594	691	377	540	925	76	861	710	42	159	636	670	310	808	338	476	936	632	772	534	105	101	511	435	764	496	401	597	460	32	725	524	815	407	379	716	0	700	185	36	436	860	368	96	179	525	298	224	689	448	298	855	874	840	443	665	185	537	298	358	812	285	322	209	357	451	296	460	851	495	53	824	332	360	525	908	907	278	501	896	453	692	223	628	798	272	874	691
87	611	293	840	568	374	313	817	321	217	411	301	858	978	302	815	572	602	627	879	32	64	757	757	829	550	764	607	708	697	100	500	468	606	544	921	372	34	496	479	301	108	862	14	858	663	608	89	312	0	788	669	159	827	369	796	373	731	719	722	585	112	923	711	342	164	647	587	860	71	645	56	892	209	522	206	765	771	18	688	971	102	125	806	907	598	421	243	338	202	787	703	586	272	945	968	20	870	392	239
629	408	268	340	465	452	897	59	3	262	376	346	624	852	255	83	672	199	815	603	23	636	240	629	803	301	850	98	778	338	468	416	336	123	473	427	900	229	670	34	71	251	660	616	366	231	114	837	121	696	0	281	228	727	296	399	138	176	838	856	406	393	146	370	615	181	351	619	174	669	560	677	544	773	103	510	947	796	136	972	110	111	971	190	248	125	971	23	395	482	151	660	515	508	765	29	810	138	797	834
23	418	133	267	16	777	978	217	322	473	773	337	669	602	348	855	575	575	450	778	234	732	182	769	746	235	578	65	828	801	456	62	557	906	700	691	918	197	7	486	904	340	712	956	877	845	338	670	720	146	38	0	834	424	114	280	653	433	740	336	753	9	479	262	744	489	875	782	762	388	147	262	49	461	490	511	879	700	422	253	747	835	719	181	402	697	373	268	422	350	292	641	672	958	880	888	930	604	752	809
18	113	951	870	941	629	92	192	439	283	261	187	708	302	41	172	795	699	326	478	125	513	590	59	264	635	800	751	441	657	112	11	61	164	535	168	70	671	78	751	904	606	940	891	40	195	755	115	166	704	87	916	0	373	237	413	221	159	733	964	425	739	891	454	643	775	39	953	6	555	91	412	585	475	777	448	89	830	483	240	791	407	311	959	910	145	755	826	781	362	771	580	806	702	968	834	720	515	93	882
235	407	651	72	680	823	328	950	52	85	213	45	181	153	976	439	48	463	862	429	341	801	372	612	168	397	474	654	32	679	349	405	539	973	268	960	630	890	938	279	760	206	121	846	929	231	45	329	890	256	794	78	336	0	682	800	300	761	1	632	908	78	847	556	330	182	350	755	944	813	595	550	161	153	379	688	451	92	928	687	300	147	182	551	447	86	821	525	965	265	418	383	469	196	150	929	837	489	269	311
322	132	872	25	792	108	123	240	867	34	116	676	707	550	820	98	232	975	400	899	103	448	874	409	824	451	174	970	654	758	804	67	295	167	312	672	247	936	851	266	302	600	925	421	409	970	804	45	122	498	59	189	94	914	0	706	402	45	28	26	625	743	539	90	952	437	960	132	743	569	868	848	508	429	238	672	928	717	162	503	440	119	266	606	851	257	802	275	379	255	601	160	436	49	118	206	347	715	15	339
908	743	913	54	808	265	294	761	429	200	166	967	960	772	364	767	96	653	251	669	444	367	586	782	640	948	767	193	756	320	363	528	468	353	170	112	904	278	429	267	635	84	305	395	862	976	590	696	469	26	779	870	543	606	923	0	858	265	458	379	59	558	734	16	548	87	533	903	409	124	643	396	3	53	867	764	446	326	248	324	238	546	69	40	597	154	156	87	108	523	892	194	621	849	932	76	855	510	544	743
275	811	58	175	202	128	251	131	368	276	672	82	378	886	250	705	411	551	888	2	434	499	46	673	307	749	481	812	444	630	19	325	779	8	901	257	731	845	447	342	505	653	133	971	28	869	716	701	558	270	632	206	617	476	895	304	0	775	607	10	777	426	187	924	809	803	531	199	160	194	786	378	414	733	269	742	705	385	627	331	741	345	79	845	295	495	678	304	807	954	592	639	447	952	685	678	57	666	648	113
309	912	885	827	175	744	474	184	397	960	259	297	421	131	134	962	732	597	446	251	488	121	358	233	441	247	217	92	840	729	895	125	612	100	172	476	903	375	377	641	848	843	608	675	782	95	176	172	764	445	492	689	267	449	199	192	717	0	579	590	206	324	245	934	690	587	862	71	430	58	585	386	400	26	513	280	57	866	890	428	800	421	410	8	126	58	139	481	360	166	633	581	770	549	332	496	226	431	803	445
937	10	762	238	24	244	864	899	248	417	299	57	444	726	196	976	159	62	446	491	86	483	310	953	374	226	901	600	910	469	276	854	221	427	639	234	322	123	529	223	778	326	507	489	329	691	163	113	114	38	218	35	544	402	525	173	6	816	0	176	358	90	577	308	582	636	303	893	473	380	831	20	607	160	118	196	233	636	495	42	579	16	59	675	788	724	310	671	164	346	35	923	179	972	170	560	434	343	905	408
443	847	62	586	930	290	348	9	715	654	682	667	148	196	726	525	265	199	640	113	628	155	174	636	824	204	792	756	701	479	445	215	665	293	535	281	779	77	711	376	694	839	112	919	413	12	497	80	960	267	667	11	159	201	300	31	39	902	24	0	292	966	966	837	922	171	275	487	525	222	281	360	256	442	425	74	850	452	311	486	499	612	753	508	93	408	81	335	130	828	596	746	39	738	377	803	576	255	223	314
256	503	743	546	926	547	374	454	108	372	552	594	155	180	419	213	498	699	219	316	104	879	652	53	834	563	191	42	267	778	26	602	156	160	33	243	271	511	896	354	567	869	44	747	769	335	76	874	213	527	640	633	379	592	603	400	468	559	474	700	0	853	845	423	580	398	540	355	311	501	306	307	497	16	561	148	883	72	145	787	816	614	841	448	29	755	558	426	805	370	559	513	665	255	48	677	514	632	868	303
653	848	694	195	970	970	700	646	439	446	111	86	502	587	478	371	312	925	62	922	74	578	892	542	58	350	191	793	323	424	1	154	642	829	445	573	309	396	49	908	418	621	542	88	561	782	525	410	163	489	946	312	924	200	481	625	292	933	879	323	750	0	405	62	691	240	473	327	427	26	209	837	598	507	219	583	93	644	477	740	108	958	578	44	307	886	175	62	34	323	495	381	326	923	226	710	441	74	124	374
842	748	553	336	171	128	104	662	781	162	828	426	564	673	598	698	630	770	185	785	90	326	946	813	290	721	195	57	171	817	560	272	578	966	647	282	431	506	127	534	14	594	171	332	789	372	722	328	877	280	940	793	914	194	582	69	790	793	451	5	851	511	0	764	523	824	188	349	412	976	586	962	76	694	781	110	407	116	107	822	584	828	572	29	896	878	89	588	797	30	740	408	145	387	842	653	48	225	447	607
677	597	208	565	682	139	909	160	678	751	897	233	105	949	557	84	416	286	261	714	275	870	408	817	588	385	467	772	441	299	825	512	59	846	864	365	537	653	377	323	885	967	941	594	792	252	759	955	394	519	897	288	427	41	681	581	589	692	501	916	552	891	463	0	755	303	704	363	797	483	408	844	965	332	590	547	421	97	535	402	71	833	817	630	443	771	487	889	98	883	312	186	251	460	217	938	564	277	67	208
350	586	85	174	750	401	800	71	623	34	547	888	356	692	236	667	301	404	898	89	938	933	773	689	152	22	470	813	635	543	756	283	32	780	434	721	707	289	76	208	425	575	1	654	42	492	423	925	82	20	755	213	734	802	703	726	876	490	648	806	31	200	359	650	0	61	508	70	822	314	530	159	186	793	450	45	400	126	102	348	687	501	550	350	39	43	393	454	960	226	111	628	877	952	578	59	812	962	803	687
733	536	775	140	23	466	658	27	752	399	763	220	805	434	863	845	425	233	89	446	438	56	557	123	364	555	370	125	155	686	288	265	528	430	444	871	5	572	803	581	385	499	474	180	378	182	863	147	716	126	290	694	872	489	370	448	684	591	762	61	313	889	522	837	730	0	769	21	921	663	761	300	795	364	759	189	888	219	627	775	319	314	723	531	857	43	523	795	193	646	261	953	376	372	570	83	959	15	248	125
285	111	450	816	352	195	369	495	842	801	303	490	391	9	171	925	862	875	186	813	98	181	330	232	561	773	348	264	371	296	642	353	289	291	487	778	913	270	395	219	301	765	244	976	2	356	201	335	113	408	896	240	848	675	528	792	639	777	42	190	69	473	431	128	6	372	0	21	516	573	357	562	838	256	187	269	173	905	344	545	173	222	709	430	685	149	475	230	270	842	257	250	465	941	410	971	527	655	695	821
820	954	814	110	487	15	865	828	954	860	353	907	179	762	847	842	248	442	631	117	868	353	308	90	64	553	889	290	858	459	950	202	621	217	112	323	684	623	931	255	631	553	497	476	734	21	824	313	333	468	479	801	447	876	110	607	733	468	709	353	361	241	789	12	430	207	236	0	409	81	747	198	240	502	523	743	313	891	760	921	972	748	236	243	859	131	629	664	504	547	435	218	631	743	970	53	78	597	565	423
107	276	271	398	187	725	33	288	663	33	314	821	815	520	779	193	102	515	926	546	703	291	569	441	407	861	602	548	258	688	85	965	259	161	609	793	755	277	525	947	105	35	239	424	215	328	882	401	306	847	752	938	52	458	871	742	645	402	381	273	417	44	479	327	102	612	819	456	0	422	561	453	76	224	302	253	121	328	613	627	478	849	563	942	935	684	491	522	94	335	34	393	237	867	45	223	59	418	393	611
539	149	105	474	214	801	593	771	760	936	746	947	387	681	286	247	2	932	42	271	684	682	967	618	454	127	843	296	54	329	474	232	270	949	605	299	87	777	653	391	615	421	558	118	107	522	888	114	545	12	406	300	126	957	452	249	163	71	272	805	127	645	968	781	45	116	117	102	588	0	733	362	133	59	609	686	176	592	829	154	966	675	516	450	484	451	42	447	873	306	328	324	579	704	300	781	553	229	73	362
410	67	146	71	694	963	558	772	602	214	906	495	517	949	92	750	329	859	26	961	206	312	623	631	410	706	590	162	574	635	491	462	35	495	689	509	968	165	80	683	467	361	952	654	330	697	118	922	859	818	629	756	518	211	336	647	754	432	473	585	796	237	482	123	17	545	40	665	246	822	0	599	181	521	539	324	477	738	161	406	642	296	973	410	171	206	188	923	250	927	331	160	288	812	616	969	873	396	419	416
386	281	967	358	768	703	268	289	105	668	394	524	384	71	457	366	297	565	955	407	137	760	367	307	970	477	913	879	268	163	373	388	324	182	766	124	142	662	687	118	31	756	663	359	28	585	522	827	462	162	172	865	896	191	632	540	212	881	369	543	441	3	619	510	767	731	751	250	259	496	142	0	780	868	568	535	742	509	622	759	557	141	410	734	46	854	85	741	98	415	693	553	563	860	630	484	817	421	653	533
682	883	828	253	963	373	746	426	486	728	592	827	247	790	316	274	698	75	626	555	598	140	144	273	827	402	721	440	723	716	432	574	256	766	974	485	511	656	224	700	650	720	874	373	257	772	631	230	139	303	933	374	305	392	974	425	962	246	120	558	665	274	255	412	246	655	103	516	505	656	798	851	0	181	346	314	480	344	460	459	615	559	351	973	174	312	94	321	908	968	94	951	301	318	1	230	926	377	533	663
793	148	438	78	504	938	113	518	33	46	893	813	140	800	278	747	235	927	808	231	559	738	702	708	411	923	281	390	851	513	89	537	787	903	224	834	874	399	941	139	691	69	861	618	802	269	155	691	253	423	306	490	326	600	374	601	553	583	870	10	540	491	795	742	497	751	835	671	549	499	167	239	182	0	369	375	191	198	654	810	695	388	545	635	561	162	495	686	500	484	817	835	328	763	696	398	775	230	684	966
576	277	264	760	904	439	725	814	63	602	14	90	957	512	973	338	766	315	815	856	85	827	830	35	705	474	804	452	731	610	627	324	821	368	463	577	21	778	230	778	114	474	280	669	722	675	530	757	206	359	576	356	381	125	466	135	572	78	478	532	231	838	976	368	540	730	451	323	479	946	207	222	435	729	0	203	652	36	587	176	532	31	301	330	359	171	173	223	289	902	117	758	319	788	149	180	740	421	627	142
270	548	279	15	388	680	579	668	28	797	199	967	50	415	757	627	326	795	869	529	666	463	423	387	294	603	344	725	954	736	262	687	810	123	867	667	563	223	260	820	972	199	242	241	235	193	838	361	3	143	478	473	835	675	434	653	544	922	792	265	676	784	386	94	887	332	694	653	958	935	679	654	668	907	805	0	967	213	665	379	856	646	203	1	643	81	436	574	484	896	47	212	826	949	828	936	822	717	196	800
840	539	617	141	501	841	781	193	406	605	658	356	53	742	414	944	617	706	26	554	298	792	847	215	326	685	889	296	119	13	42	167	848	616	626	336	538	540	756	622	640	116	420	569	824	970	914	443	211	299	958	2	199	478	789	547	969	41	107	76	230	544	864	225	857	185	503	399	128	459	357	805	595	581	505	810	0	137	96	138	708	934	20	59	132	486	862	189	336	642	491	769	633	746	762	803	784	890	708	732
256	974	550	495	131	184	590	708	168	703	698	461	718	46	893	571	972	71	70	721	476	482	487	339	383	885	307	591	418	218	764	614	939	418	775	520	470	133	516	263	892	649	972	955	786	928	893	617	154	355	359	542	296	563	535	164	22	178	35	599	154	368	358	290	526	45	795	346	870	128	387	490	457	444	265	692	39	0	402	220	94	546	601	321	551	435	865	508	704	179	458	465	256	266	269	928	110	661	754	336
733	915	399	976	884	262	740	73	448	47	216	312	462	463	127	828	522	622	689	829	682	759	684	816	344	405	777	864	376	659	277	616	961	134	33	479	450	218	593	342	527	934	899	395	98	452	681	152	498	271	658	43	410	883	89	237	233	43	183	481	154	437	860	970	555	190	793	745	104	821	497	906	333	210	732	54	387	32	0	682	77	804	326	63	538	326	900	100	114	42	787	497	256	385	604	752	727	355	920	905
576	322	627	6	153	404	665	522	733	473	928	124	213	230	827	697	690	131	400	592	230	418	764	224	420	623	802	661	709	148	833	486	421	506	456	68	506	768	825	329	69	740	806	900	452	571	27	49	962	659	833	59	402	530	973	415	618	525	94	644	589	47	826	639	550	111	33	939	959	17	750	180	475	120	112	233	132	857	292	0	202	134	216	797	676	438	542	615	327	332	603	121	825	191	695	522	563	70	944	583
188	872	321	385	92	57	400	929	528	632	532	708	350	859	651	964	131	397	647	752	60	812	227	523	863	42	414	62	778	553	531	685	284	42	922	438	495	755	37	795	510	708	305	59	580	669	619	178	634	22	622	850	781	618	170	893	22	382	214	574	462	667	212	112	12	455	305	787	100	866	848	138	158	264	666	181	767	294	641	249	0	363	458	258	860	582	84	781	30	382	98	740	298	504	456	908	58	117	745	889
217	593	509	206	670	329	424	22	933	831	49	401	179	64	465	37	466	451	623	97	673	152	560	635	721	394	149	859	790	749	515	351	623	469	398	101	377	23	178	726	697	174	644	792	510	964	577	824	246	924	905	724	842	836	488	734	901	192	450	923	590	878	309	497	156	809	186	189	399	369	512	911	582	702	692	250	554	414	680	856	82	0	370	578	313	891	403	231	171	817	155	131	124	549	686	597	173	193	502	39
306	39	374	85	251	733	841	404	692	82	63	597	621	367	517	346	494	348	659	667	589	375	364	393	524	371	362	867	562	628	756	240	483	211	453	579	195	254	434	612	625	681	462	632	606	634	433	49	130	550	434	12	44	687	151	423	431	826	511	1	976	742	170	186	513	828	827	248	715	691	129	852	934	46	240	406	31	251	564	118	298	15	0	60	246	721	664	678	560	191	520	711	921	246	911	706	638	118	64	61
492	26	311	269	596	707	290	835	720	896	894	289	587	677	255	161	913	734	495	207	858	816	375	652	29	238	119	562	909	939	881	576	674	278	538	859	379	851	112	86	201	824	143	139	297	400	448	427	145	265	328	26	53	28	768	895	761	978	310	869	379	158	56	824	170	923	404	658	122	443	421	869	773	756	82	553	906	473	376	945	133	47	625	0	234	222	526	952	431	857	970	800	498	54	153	321	185	61	499	378
880	650	935	97	906	476	263	199	698	410	743	854	882	710	867	572	907	373	217	529	968	865	114	366	824	320	662	244	377	804	537	428	83	792	911	602	33	937	258	122	486	815	807	931	369	821	430	469	878	768	791	255	536	601	585	974	939	808	496	177	737	234	377	455	106	527	477	417	149	114	613	769	635	688	712	668	899	113	881	871	765	897	524	169	0	881	879	373	313	800	254	98	435	693	666	333	284	861	110	169
162	372	859	705	747	848	895	213	513	496	8	121	561	790	305	49	220	167	590	482	684	124	760	487	516	354	949	789	94	186	611	355	436	23	785	739	243	767	335	297	976	694	825	761	240	397	625	950	838	633	596	175	623	150	438	552	303	969	293	908	310	940	749	456	582	906	696	724	514	368	499	755	117	448	587	877	527	603	351	929	611	140	304	602	903	0	956	974	292	686	821	834	218	627	218	521	404	600	162	284
348	95	967	649	143	523	917	170	175	418	183	125	303	618	282	579	491	657	408	372	914	395	202	99	903	373	870	81	212	483	790	945	897	12	22	270	394	802	161	603	118	351	226	583	856	75	105	860	148	625	272	900	91	555	644	808	263	428	936	456	189	459	99	350	883	449	86	489	261	566	918	805	19	138	804	477	573	384	362	808	932	517	918	880	627	680	0	672	907	448	598	115	193	401	854	507	268	136	413	317
8	264	286	922	738	54	475	284	137	453	175	478	458	264	16	113	148	297	580	946	891	74	448	359	120	909	966	863	842	327	220	152	635	95	493	403	778	669	44	382	901	945	406	610	35	668	502	120	285	14	679	499	321	293	590	785	305	342	955	821	857	790	350	631	71	897	897	413	94	77	292	154	564	232	598	136	296	334	546	885	757	515	352	224	516	863	310	0	937	266	127	606	504	960	240	588	457	193	30	720
320	626	878	972	346	354	324	902	745	729	815	117	183	339	831	629	160	222	573	974	569	300	425	320	839	309	642	198	102	416	810	267	887	877	435	456	447	168	692	924	789	674	863	887	671	803	11	947	774	338	886	500	923	973	795	1	484	82	537	377	178	145	65	101	45	821	935	300	36	465	533	914	224	721	449	414	95	909	867	331	149	41	338	477	790	324	883	369	0	353	529	359	243	364	88	881	125	91	834	572
452	47	329	969	23	460	597	899	769	975	528	847	392	870	883	963	748	502	130	839	152	816	413	729	325	856	276	325	145	804	153	100	349	695	294	836	443	150	905	478	708	464	104	58	368	219	936	501	434	526	638	963	872	830	522	609	269	291	363	41	25	553	248	60	499	100	344	796	65	168	284	571	380	121	196	597	57	244	640	775	395	629	489	105	704	534	534	359	602	0	743	233	959	485	681	692	784	407	826	905
885	257	878	926	43	319	541	153	248	221	755	318	747	799	3	631	280	597	433	359	173	685	604	859	246	717	167	800	176	80	770	464	340	570	497	317	432	784	95	252	879	334	124	873	370	510	464	470	481	641	2	16	282	618	326	925	270	672	409	861	425	670	544	618	314	20	912	838	741	609	486	541	473	312	213	925	676	838	9	621	467	326	896	402	862	274	655	973	736	974	0	683	14	223	767	217	463	816	644	613
724	773	162	677	853	645	138	753	393	302	405	545	262	224	528	34	183	832	180	754	488	296	34	288	745	269	221	317	448	901	652	553	932	265	202	826	363	327	297	857	736	780	11	473	194	36	932	719	641	638	464	843	906	587	945	705	458	40	928	869	593	605	915	547	902	489	67	669	193	370	940	289	325	186	275	720	836	282	82	853	71	36	425	374	472	862	150	587	464	208	937	0	29	286	860	502	836	204	159	442
946	960	267	934	778	243	888	84	900	372	278	645	896	300	379	867	277	325	871	580	828	640	111	523	98	477	39	307	488	229	464	926	771	290	290	347	719	429	470	921	782	916	673	91	494	648	440	522	44	427	896	130	788	271	211	938	177	287	695	249	931	57	70	115	7	944	242	922	776	815	924	916	831	170	172	406	582	703	227	240	950	63	652	92	389	208	388	382	975	642	622	900	0	219	7	897	912	113	614	237
778	496	902	600	260	830	620	47	53	100	135	830	978	92	382	54	81	651	560	580	596	285	176	72	365	818	185	634	402	96	509	693	339	323	396	317	840	201	180	334	580	714	282	497	595	390	40	259	315	108	414	896	564	951	567	886	327	713	157	14	874	280	921	431	269	76	414	821	459	356	259	402	344	49	379	254	530	330	86	756	217	758	788	59	800	252	920	261	650	57	10	905	451	0	320	160	950	724	355	448
543	906	489	798	189	669	65	155	947	470	482	500	247	697	9	453	11	430	923	644	703	245	435	271	327	314	227	2	674	908	659	745	63	628	174	209	550	255	517	467	745	937	342	877	257	910	173	293	395	121	607	39	949	771	937	304	448	174	267	729	69	221	943	128	187	281	421	443	164	900	951	357	67	766	343	974	752	226	273	56	959	323	954	174	760	587	606	196	198	669	898	620	386	65	0	696	840	568	190	735
269	637	804	53	54	700	98	960	465	851	98	742	9	198	191	343	281	339	777	842	130	385	843	153	265	753	936	147	958	230	3	589	925	370	963	336	786	839	274	552	171	190	157	123	14	480	179	266	433	155	143	443	601	425	540	263	149	39	623	741	198	677	898	512	855	18	608	5	5	18	712	767	795	630	869	674	195	535	305	533	516	864	72	419	441	458	27	508	342	303	631	806	325	211	282	0	568	103	685	207
37	236	734	206	658	162	81	757	939	332	288	78	167	58	342	595	479	861	89	672	130	870	394	532	772	725	681	465	188	946	850	395	268	676	452	133	350	136	621	687	678	94	378	101	703	54	710	381	229	651	879	516	342	974	400	868	944	745	473	664	651	447	91	362	426	914	41	323	322	268	31	501	634	949	509	258	102	399	282	730	472	863	703	731	612	268	584	781	216	79	346	648	625	30	561	609	0	592	637	855
800	542	660	808	212	918	877	748	891	694	306	294	796	805	444	379	295	672	95	535	712	341	340	658	77	612	189	333	975	592	499	637	438	905	123	637	444	786	15	650	741	402	442	478	664	774	444	761	689	839	114	691	508	173	330	15	684	902	617	485	808	412	35	745	876	485	337	459	107	155	641	854	934	157	352	541	498	733	383	736	895	541	636	6	822	329	341	152	903	392	313	28	887	737	426	139	492	0	431	514
244	343	425	210	951	71	959	461	315	530	40	422	839	665	390	217	957	900	968	155	864	521	181	824	782	76	27	251	229	395	282	442	482	675	752	433	496	196	79	755	786	333	147	33	580	408	50	654	959	850	976	479	821	180	830	81	558	861	220	949	45	794	21	206	401	852	358	52	57	70	663	179	570	123	132	816	829	597	307	233	686	153	672	646	554	364	949	555	670	938	197	48	699	367	434	128	753	248	0	349
569	596	779	876	190	119	815	7	101	356	588	737	9	300	603	791	69	28	67	397	342	894	271	615	510	697	761	342	24	80	182	567	426	305	214	408	259	935	480	943	75	541	834	346	206	800	173	683	290	329	116	197	299	939	650	387	942	203	394	321	13	768	950	726	11	614	379	576	838	584	209	624	894	727	240	722	274	146	45	778	863	192	639	913	504	495	318	329	806	919	371	168	302	690	204	78	237	89	330	0
