A	B	C	D	E	F	G	H	I	J	K	L	M	N	O	P	Q	R	S	T	U	V	W	X	Y	Z	AA	AB	AC	AD	AE	AF	AG	AH	AI	AJ	AK	AL	AM	AN	AO	AP	AQ	AR	AS	AT	AU	AV	AW	AX	AY	AZ	BA	BB	BC	BD	BE	BF	BG	BH	BI	BJ	BK	BL	BM	BN	BO	BP	BQ	BR	BS	BT	BU	BV	BW	BX	BY	BZ	CA	CB	CC	CD	CE	CF	CG	CH	CI	CJ	CK	CL	CM	CN	CO	CP	CQ	CR	CS	CT	CU	CV
0	806	707	775	267	861	164	403	808	851	439	868	416	893	893	230	659	115	767	129	650	773	3	767	211	866	761	706	910	947	196	247	813	289	376	697	482	841	602	637	955	458	65	194	219	695	927	575	514	103	343	719	403	274	550	409	107	308	497	129	353	210	165	330	665	902	578	429	282	613	831	441	65	58	900	169	302	257	86	378	2	787	318	919	724	924	255	274	144	916	762	245	51	801	588	653	894	753	449	748
565	0	411	241	27	809	639	40	656	572	408	433	536	655	315	100	237	438	125	469	932	33	423	852	792	204	861	549	68	572	95	420	657	760	196	282	477	917	927	819	627	597	776	107	739	703	205	788	732	378	623	5	508	726	390	453	610	353	745	307	747	680	853	371	61	845	208	913	140	670	214	360	13	481	745	854	382	605	245	139	936	219	301	133	3	51	253	52	136	187	840	24	129	371	706	447	457	470	515	307
327	710	0	430	941	920	358	429	764	510	153	563	330	742	353	539	686	231	41	787	428	293	272	335	777	314	317	61	550	681	326	378	942	79	394	769	175	657	596	334	5	403	890	169	760	809	175	166	28	260	172	389	694	829	208	295	457	681	947	551	298	224	418	284	239	733	316	539	90	259	267	601	473	307	697	388	188	701	338	142	856	238	147	432	144	612	650	22	392	205	113	507	796	178	853	762	678	354	195	740
774	880	951	0	627	766	93	462	771	740	6	259	652	381	50	885	95	623	595	758	88	308	128	298	276	487	335	830	407	411	140	624	284	30	814	275	699	357	728	275	221	85	905	252	860	777	54	83	73	373	832	90	640	250	90	339	741	11	807	73	157	931	455	20	679	258	748	657	317	882	587	848	559	402	404	203	59	364	668	182	62	782	693	231	844	438	697	129	844	204	45	896	266	136	166	701	861	1	193	327
882	321	907	536	0	382	771	547	751	541	766	729	586	304	554	644	920	366	512	206	446	659	252	398	744	199	353	956	868	909	930	319	656	544	204	519	355	902	494	413	551	339	807	155	218	412	147	940	738	396	869	72	13	897	748	915	378	427	777	790	328	350	311	338	333	827	862	430	101	242	683	541	854	921	874	381	220	901	650	151	425	325	496	620	534	657	332	337	700	857	360	145	484	321	764	616	51	251	393	256
174	270	400	142	910	0	45	400	391	326	171	545	291	136	79	294	357	61	243	841	682	647	478	432	318	132	846	879	819	621	568	838	337	425	170	639	952	564	652	736	307	78	436	26	731	732	232	826	814	42	545	82	734	739	553	191	455	370	49	605	788	558	496	394	634	454	698	185	143	903	445	127	595	276	750	90	140	75	806	845	751	908	702	15	198	640	783	859	767	810	889	317	421	304	919	130	530	921	524	72
508	64	674	250	877	560	0	225	435	887	539	93	665	79	531	313	538	792	461	705	607	776	476	407	569	359	811	535	158	740	53	774	307	642	314	651	761	111	649	358	819	438	686	544	107	283	76	412	804	943	714	601	328	194	649	791	764	880	937	956	725	871	839	498	297	51	652	816	955	502	845	63	679	8	499	571	551	227	264	823	678	868	397	680	822	302	853	593	799	465	448	707	351	900	874	536	269	61	372	275
232	638	845	712	376	234	955	0	147	404	3	677	432	375	508	927	252	77	339	711	433	26	245	124	141	398	169	795	677	878	681	296	201	79	744	311	305	315	767	16	820	594	736	617	551	783	483	81	414	389	441	216	582	165	884	356	31	287	442	761	733	751	748	24	812	161	392	424	33	57	470	588	597	893	640	676	868	241	894	295	278	599	428	645	239	119	652	911	821	737	320	369	939	550	580	534	249	599	425	144
898	511	394	548	944	690	742	169	0	421	192	740	428	717	583	617	872	163	628	758	664	207	291	694	85	842	550	398	446	688	179	249	712	908	329	588	779	532	358	272	499	344	187	575	401	558	824	174	194	412	295	842	581	858	739	676	896	858	639	162	902	870	277	114	220	346	570	476	262	146	864	459	457	154	848	935	1	908	615	652	672	908	117	231	569	625	773	765	39	164	711	199	470	813	69	10	128	421	212	376
307	916	916	335	902	256	743	896	574	0	350	954	273	516	311	609	656	729	557	461	407	9	491	438	918	101	118	949	691	58	17	80	855	938	205	190	740	205	459	817	17	631	734	219	630	210	402	102	825	691	646	381	305	432	53	275	46	477	473	205	107	478	554	485	734	39	20	32	370	789	174	895	518	378	471	634	500	604	890	45	273	866	676	826	391	306	355	230	21	370	495	414	532	384	932	648	454	502	856	131
82	220	358	343	525	816	482	424	122	789	0	35	956	785	367	46	391	486	655	365	27	721	122	776	166	177	528	502	621	617	808	650	689	104	833	107	182	567	951	726	567	338	345	461	481	922	148	20	944	706	824	166	388	516	142	95	56	637	712	552	894	52	688	436	194	307	680	233	469	887	197	274	714	229	870	130	956	108	297	638	771	257	82	256	368	745	354	392	692	253	549	74	254	154	8	807	651	158	240	398
417	847	751	233	367	696	402	875	311	722	100	0	171	115	75	140	553	786	615	585	360	493	84	113	145	654	916	107	616	305	374	867	98	212	911	252	849	189	170	212	774	584	360	869	864	52	155	516	272	824	929	166	15	918	577	727	155	388	717	717	451	133	750	616	103	621	409	60	774	873	100	387	382	699	702	38	111	662	721	875	590	662	697	426	913	777	559	280	450	81	704	947	21	465	477	919	2	587	518	109
268	742	758	577	12	323	469	524	433	582	609	438	0	522	144	629	577	690	365	439	613	269	343	102	484	620	3	520	337	19	406	569	676	716	310	794	741	214	419	552	167	860	463	633	845	815	258	815	653	210	403	22	243	760	163	381	607	115	403	215	237	91	723	605	350	242	415	761	879	616	245	372	234	598	317	840	679	58	882	510	790	289	344	255	905	478	330	518	171	20	597	48	658	894	418	744	620	735	161	722
523	480	626	755	388	944	711	911	532	366	824	116	823	0	461	345	482	717	627	701	670	211	806	736	44	171	764	845	792	891	740	229	662	104	289	955	496	651	751	51	67	277	583	599	63	849	649	546	818	577	779	3	264	782	104	232	797	369	482	343	233	360	287	424	209	416	523	539	774	647	679	13	532	554	325	497	951	229	533	554	937	710	57	240	596	20	930	344	544	372	557	475	528	776	829	361	289	180	865	524
369	8	53	92	698	952	939	20	418	132	567	34	891	734	0	721	257	834	858	882	407	261	778	19	341	507	668	687	577	379	790	5	405	118	520	185	191	322	359	326	631	479	887	214	265	368	885	187	891	345	903	295	165	349	835	760	533	943	646	650	913	189	662	656	382	383	223	653	468	418	335	278	663	229	471	301	612	604	605	877	112	3	71	337	164	941	768	824	717	94	547	399	549	810	424	578	294	701	585	807
889	818	717	813	272	552	384	478	630	86	569	621	474	323	192	0	139	371	94	91	561	179	914	380	239	584	488	778	196	721	781	486	444	227	30	543	242	740	87	516	202	285	286	255	36	654	325	646	471	845	87	941	239	905	468	487	490	171	382	433	879	473	283	438	733	519	885	824	345	291	159	772	23	9	284	199	816	497	553	426	686	602	361	741	346	504	690	198	795	164	522	552	351	276	606	317	494	436	878	770
96	89	63	645	263	171	557	104	438	788	569	449	581	683	497	252	0	309	60	297	185	638	274	682	847	349	343	52	916	884	119	59	146	381	88	453	397	415	562	470	869	295	20	126	557	413	428	644	177	146	567	152	72	394	201	898	926	722	663	562	40	329	151	604	638	284	496	9	536	606	124	720	150	8	452	394	242	10	436	769	50	117	379	610	104	523	136	619	421	438	499	489	839	729	773	436	297	955	631	752
390	952	25	845	16	38	22	804	287	113	104	937	237	518	338	505	108	0	76	513	836	144	801	268	786	572	23	720	317	408	335	766	276	946	120	120	803	516	603	151	397	925	96	316	188	219	936	590	450	394	891	236	832	147	904	618	786	82	412	565	743	789	177	669	914	938	160	365	671	856	232	609	375	923	910	855	690	157	577	329	318	414	631	297	100	292	500	124	551	138	719	481	558	494	30	343	727	35	143	513
630	477	212	442	116	851	372	505	82	384	257	492	873	338	775	213	635	418	0	512	956	316	815	823	910	647	268	24	896	140	849	79	641	132	136	538	908	537	46	478	1	847	699	437	542	892	673	790	289	123	591	155	780	7	472	299	573	108	58	13	145	273	514	512	692	403	628	459	319	539	332	707	729	108	285	100	119	198	751	192	281	42	502	462	123	760	796	646	653	101	909	240	79	311	129	625	514	331	397	742
939	538	409	888	547	411	291	579	187	379	211	873	637	194	101	2	621	776	269	0	578	600	851	352	156	265	296	652	872	770	443	198	590	263	331	613	923	14	166	704	214	163	235	306	772	174	313	660	950	524	150	231	932	811	719	886	536	619	487	633	907	296	941	456	817	665	392	808	215	577	429	423	889	133	944	405	657	99	285	53	211	421	907	104	590	429	556	506	274	822	279	374	936	249	873	276	592	201	100	274
153	793	252	727	753	503	293	222	610	719	47	220	639	17	665	652	144	600	3	509	0	791	368	557	340	944	800	639	703	552	675	86	184	743	416	343	913	635	826	40	288	433	503	332	495	340	568	626	743	727	783	169	603	846	795	155	859	705	851	289	364	512	710	567	545	701	666	230	327	816	762	581	464	556	707	412	254	159	645	47	563	194	587	554	874	303	426	82	677	711	545	681	864	492	225	646	904	791	150	330
908	626	352	727	410	152	81	322	730	420	556	157	724	196	427	734	354	638	591	606	24	0	170	117	886	538	142	668	901	893	43	465	550	17	22	401	450	529	598	790	18	308	527	120	101	328	19	443	374	720	760	585	507	749	813	551	268	951	808	47	672	678	96	278	18	510	704	815	442	260	559	559	272	834	619	785	474	737	426	474	444	379	556	719	96	309	502	161	912	750	292	3	501	741	645	832	454	408	155	879
549	655	728	582	302	342	486	762	360	922	384	636	769	859	249	442	677	276	615	601	692	492	0	858	220	460	568	436	88	37	566	410	499	517	662	410	180	80	772	234	224	460	131	611	188	526	843	939	248	326	125	109	495	586	579	796	417	511	405	780	406	366	703	417	245	147	113	936	235	787	94	157	193	800	935	635	283	573	45	750	902	653	259	892	490	363	11	120	395	536	714	402	752	511	916	657	659	112	64	81
218	451	734	632	502	351	93	435	952	625	597	883	935	439	131	119	520	775	418	541	723	888	376	0	805	528	360	43	433	239	470	772	102	550	142	326	830	643	531	522	790	138	369	291	521	103	291	47	127	717	768	738	511	604	476	711	93	710	423	908	229	792	7	720	931	569	791	502	865	640	46	112	648	66	936	306	947	676	782	200	375	57	602	440	226	53	442	364	53	435	131	671	932	570	334	392	373	894	203	696
128	302	836	596	260	124	111	37	341	407	414	382	300	65	146	930	598	359	647	131	206	844	764	896	0	225	227	732	541	686	664	643	26	787	67	613	149	125	517	709	137	460	251	462	252	184	209	772	490	715	755	276	413	505	935	576	220	89	116	524	559	40	530	367	918	545	790	633	490	138	14	789	829	430	209	273	821	279	741	279	594	950	684	189	57	50	579	670	627	809	621	591	371	448	948	248	356	132	716	782
907	89	206	45	691	881	484	636	469	607	324	680	250	587	476	811	918	650	241	220	593	654	294	192	462	0	81	855	915	339	766	505	775	42	369	483	575	463	453	933	603	795	683	595	252	164	221	736	512	166	417	199	241	103	221	438	936	51	587	723	371	846	356	222	877	742	947	807	16	431	439	496	751	256	281	582	359	431	120	903	262	754	936	281	593	941	496	853	153	881	296	525	845	19	813	672	595	13	587	157
267	796	312	799	106	818	506	909	931	283	269	281	46	422	61	341	882	651	576	496	230	609	913	256	795	294	0	139	434	251	934	824	402	266	658	285	619	154	879	294	305	552	927	909	956	195	465	653	333	706	953	311	266	70	425	549	718	210	603	67	39	854	838	183	237	622	934	85	169	891	539	474	204	335	40	454	466	281	706	336	240	819	329	490	688	781	92	917	52	368	931	107	861	95	918	955	495	102	98	300
565	98	11	813	70	796	426	143	714	855	850	32	436	743	358	519	576	507	861	588	493	632	41	120	649	51	753	0	300	353	380	38	449	434	540	872	376	171	487	921	333	651	956	247	288	715	603	845	295	916	560	713	694	897	221	744	848	44	609	634	619	875	278	183	213	563	125	648	418	895	42	892	920	190	609	818	324	322	384	759	388	403	423	149	914	266	101	553	400	521	831	210	139	948	100	525	252	624	592	413
271	816	488	274	89	482	231	843	312	352	527	118	610	166	377	513	530	834	512	794	122	156	740	218	824	439	454	282	0	634	462	417	813	533	376	899	859	704	829	200	430	799	622	895	57	395	526	111	537	753	43	235	398	624	726	371	42	105	530	744	408	445	634	301	793	299	52	261	694	309	266	516	704	935	826	806	267	561	514	284	438	780	559	751	835	41	125	731	129	603	812	722	791	701	425	834	710	720	319	172
616	231	32	274	501	625	47	299	186	115	879	839	480	475	794	734	243	546	366	791	333	947	301	930	33	863	162	234	74	0	550	113	466	88	213	323	777	502	190	87	352	84	954	863	707	780	947	739	858	827	555	519	599	158	477	326	93	742	170	656	567	499	553	614	730	628	311	324	319	63	709	283	89	499	720	645	433	617	207	886	53	549	515	876	914	427	414	187	431	579	276	162	136	411	575	69	491	256	863	614
452	617	489	284	101	204	788	525	65	945	194	65	70	746	168	391	277	486	24	949	382	375	32	851	363	565	614	221	18	751	0	861	780	178	918	786	669	283	32	550	456	424	253	65	192	830	381	514	627	264	381	64	23	30	559	367	102	834	95	914	651	183	411	533	337	62	227	855	387	239	165	930	854	426	235	263	763	798	244	387	578	853	655	866	923	563	691	516	404	88	672	587	582	778	392	561	474	249	249	435
159	847	170	455	92	513	635	793	90	706	911	630	936	884	390	434	935	128	675	116	566	918	769	386	787	363	853	813	111	227	717	0	578	946	405	179	714	271	51	229	327	88	464	858	1	588	812	450	700	762	939	418	468	537	271	913	528	348	257	847	410	505	899	268	416	331	168	546	503	137	365	330	861	621	266	120	270	427	471	851	926	145	893	897	850	758	925	603	334	225	374	421	472	266	320	36	810	287	461	78
540	318	223	382	692	864	819	519	672	574	717	476	822	557	288	145	933	253	624	788	368	811	760	881	702	903	466	600	565	96	551	8	0	810	925	108	127	665	141	95	395	443	73	857	229	442	2	933	571	11	476	292	182	15	752	669	397	60	33	8	415	690	655	841	479	827	824	619	164	159	430	670	516	97	843	584	620	216	578	949	638	243	300	929	360	176	565	189	766	577	20	400	121	31	618	663	444	162	557	582
122	593	97	766	135	30	849	708	405	74	219	219	790	478	22	258	626	846	334	279	382	518	505	634	847	750	807	922	547	455	543	299	559	0	65	624	268	733	323	425	724	269	771	770	951	135	322	918	421	829	414	408	21	727	532	731	345	812	700	46	876	494	567	728	861	373	50	892	110	792	645	448	771	939	523	711	421	666	676	246	196	323	763	522	71	653	434	863	204	850	950	143	537	84	311	730	185	952	786	232
742	283	102	877	241	481	350	420	673	894	239	374	351	69	426	287	383	668	17	592	96	512	383	738	753	71	341	876	38	429	544	411	298	179	0	784	716	297	333	394	32	680	861	576	237	357	657	926	256	629	346	681	871	248	207	304	599	357	57	33	101	236	742	24	335	790	238	18	428	715	266	161	470	273	92	137	782	898	531	479	805	358	815	803	693	299	533	556	211	686	434	301	311	177	321	571	35	782	935	358
19	162	464	388	17	154	180	862	233	892	255	648	817	263	65	633	264	905	781	170	566	301	850	568	84	379	747	476	900	894	449	175	359	546	79	0	831	135	576	20	721	651	132	781	672	510	115	483	888	165	899	173	875	714	880	270	496	731	945	912	127	36	578	572	154	70	679	909	170	385	104	568	847	879	808	257	950	670	714	489	337	261	334	147	87	749	445	378	150	804	116	109	306	885	738	802	491	734	764	49
385	215	503	154	23	848	886	861	478	663	472	729	494	771	509	529	173	139	56	766	706	646	29	6	923	206	252	528	270	394	887	834	529	63	170	577	0	602	402	885	790	373	407	236	621	172	246	681	153	822	738	345	30	331	604	74	132	830	757	70	503	616	761	124	937	738	308	564	821	564	895	429	415	220	326	126	881	620	499	19	645	831	137	393	484	556	259	105	345	19	478	851	851	439	689	885	769	796	220	451
98	379	317	641	337	340	187	620	820	810	793	666	248	375	422	269	201	546	954	835	465	767	730	499	883	646	494	789	791	470	307	769	277	777	767	669	850	0	175	134	32	799	361	261	521	629	300	445	590	283	119	744	302	12	701	731	179	420	801	462	903	713	337	357	779	572	460	749	937	30	548	64	692	151	229	592	816	27	134	952	581	769	7	865	673	484	739	565	25	586	345	941	654	155	746	327	437	268	929	931
30	328	519	419	900	553	287	447	167	650	365	260	116	512	318	486	26	578	606	109	108	559	180	374	925	550	354	649	81	289	677	157	768	377	779	443	948	279	0	808	144	62	867	223	918	406	128	824	89	948	651	759	633	335	770	450	886	550	197	710	4	15	682	71	35	713	289	345	54	272	222	467	562	199	446	850	577	376	211	517	669	209	62	887	207	933	675	303	641	745	107	473	472	264	871	659	403	103	57	541
131	865	306	594	207	619	703	276	847	651	941	171	938	914	186	494	949	449	689	739	180	83	733	360	827	538	159	625	29	395	666	463	644	117	492	661	521	401	33	0	886	920	703	351	362	760	752	634	842	199	286	534	196	811	637	49	950	133	426	816	349	504	369	322	57	374	761	23	865	186	199	59	309	766	416	563	47	91	105	267	228	306	285	818	301	942	912	723	70	748	822	776	277	529	6	261	336	304	863	21
343	837	661	935	230	730	918	466	642	812	549	827	52	808	17	232	289	652	607	216	581	157	557	955	483	222	520	285	871	631	892	765	669	852	831	74	404	430	9	774	0	450	498	775	141	601	287	792	882	121	883	608	657	14	303	481	774	515	645	487	658	786	11	493	534	637	495	57	841	520	114	948	823	675	230	159	167	951	739	289	531	910	356	749	133	134	533	767	741	764	850	398	873	26	796	288	142	283	261	521
734	480	36	950	103	794	305	268	700	645	97	488	166	319	10	436	246	128	491	186	722	307	840	349	43	719	98	88	706	878	360	911	701	841	416	7	19	433	679	473	134	0	46	577	876	203	243	15	677	859	67	755	75	423	58	283	676	18	847	188	26	401	632	653	820	449	721	384	64	169	352	603	41	698	784	83	103	757	571	554	212	552	61	498	364	375	490	249	127	525	51	290	236	432	836	790	570	100	595	125
809	559	147	748	861	80	402	347	599	642	478	69	454	684	36	566	713	933	849	910	701	599	70	731	767	343	282	701	592	645	378	644	751	737	511	433	941	557	892	301	873	133	0	361	277	260	246	522	716	691	28	778	553	928	263	436	129	574	651	299	754	765	78	943	174	623	63	733	450	152	478	814	528	485	853	733	885	722	292	636	67	910	17	171	755	681	723	430	876	942	561	848	541	631	17	938	574	244	390	605
455	383	792	76	835	728	48	821	318	685	848	887	228	598	362	601	642	457	700	20	687	862	598	650	388	50	140	952	446	283	654	702	425	371	234	135	273	470	727	230	188	191	745	0	652	418	72	538	800	363	657	452	683	489	68	55	863	841	174	309	225	279	308	243	240	272	619	943	769	36	859	412	562	454	857	802	816	740	169	285	698	764	531	602	350	129	532	255	656	347	576	864	329	835	665	296	905	777	735	849
489	358	89	56	455	284	48	855	794	324	923	199	655	584	269	804	189	99	202	649	864	98	10	594	50	53	3	367	612	789	82	803	556	416	677	726	691	63	908	956	148	761	165	84	0	692	774	125	202	773	6	864	263	201	144	353	297	64	466	779	566	674	454	309	369	459	753	366	868	23	704	94	481	338	846	491	706	56	769	326	202	305	326	803	121	412	832	148	843	315	337	130	248	945	820	530	785	249	379	95
503	33	712	723	103	839	37	828	482	407	150	135	750	827	33	29	23	443	350	315	149	771	950	937	252	914	297	68	346	603	676	101	485	295	410	643	825	160	438	368	82	617	924	752	353	0	530	951	647	344	788	282	12	56	778	592	883	136	427	632	800	313	899	842	172	543	147	848	716	79	144	692	569	539	174	503	741	400	645	441	245	245	653	801	774	629	606	416	707	888	583	88	945	518	721	524	865	760	101	372
697	846	939	246	706	650	205	782	824	117	641	856	720	283	584	374	468	895	82	808	720	530	312	747	797	328	200	493	176	345	806	858	390	916	713	273	616	726	643	805	572	761	10	76	579	224	0	5	288	422	636	541	629	102	534	24	545	852	611	729	917	422	278	424	814	652	424	866	888	664	26	108	827	222	138	105	849	548	181	560	515	423	236	376	864	728	446	79	810	8	693	581	689	526	720	696	75	544	218	276
604	846	560	504	168	831	741	285	414	645	493	151	328	538	2	877	503	898	552	414	732	155	324	308	387	418	580	385	573	146	188	730	539	363	782	340	85	838	716	305	616	487	110	597	385	633	207	0	671	260	577	227	575	574	265	883	524	390	568	347	116	661	779	241	104	502	295	552	57	450	170	714	366	492	614	833	883	635	930	515	279	940	84	274	26	727	467	641	832	922	532	68	58	300	726	136	132	940	135	805
397	598	165	172	779	44	891	254	669	925	573	717	608	370	19	819	219	632	38	731	751	508	684	193	130	212	414	432	506	25	360	728	393	598	21	224	712	828	349	173	573	629	339	574	806	836	434	804	0	124	392	426	415	150	409	629	587	589	29	500	669	53	907	198	22	27	853	271	61	953	867	746	49	421	142	931	104	233	623	726	956	204	389	786	669	642	770	649	955	851	455	447	35	548	734	530	828	23	922	415
352	179	65	757	340	742	588	907	57	655	101	106	539	485	898	525	133	33	83	172	598	731	465	530	523	552	951	560	368	267	215	354	324	747	907	689	501	918	251	509	761	853	614	667	586	863	622	1	345	0	385	416	435	26	853	637	551	658	351	62	849	461	467	232	633	358	59	771	786	557	773	419	138	667	116	84	88	168	812	498	588	663	902	824	312	778	597	768	667	251	87	688	424	407	929	360	875	533	302	320
416	251	403	370	789	179	899	273	564	300	874	411	135	154	505	736	538	715	194	30	555	264	423	515	834	395	289	836	923	225	483	108	653	888	481	406	271	102	366	681	689	830	457	744	244	610	803	694	770	615	0	263	639	809	854	844	853	532	308	848	64	92	382	482	427	493	841	822	110	868	201	411	680	134	207	858	623	414	793	131	175	598	569	612	360	92	419	312	634	106	754	262	277	853	655	62	914	668	727	492
475	846	156	447	368	274	25	847	23	956	353	680	469	4	210	464	637	937	235	696	74	939	50	636	204	459	354	94	410	74	342	792	156	589	369	91	671	684	831	493	562	691	495	943	172	238	891	740	778	629	217	0	33	106	732	170	816	624	603	776	326	379	658	637	946	334	236	437	841	950	350	247	836	844	712	255	274	149	581	820	819	825	326	794	745	191	898	156	554	350	165	178	311	217	426	340	459	461	11	766
501	420	628	42	890	226	156	710	711	654	110	14	115	831	243	425	99	584	827	862	947	280	493	52	765	197	455	283	548	551	828	410	517	242	877	375	656	780	276	37	676	769	60	260	898	60	645	595	853	433	76	618	0	218	428	810	125	489	248	542	216	76	175	197	778	154	23	476	122	165	242	920	769	233	189	2	25	869	643	935	657	644	832	713	793	372	282	388	31	911	666	175	193	936	133	597	457	550	885	74
8	849	228	496	902	111	607	217	830	407	309	710	818	902	588	399	596	467	857	323	379	719	79	830	345	51	284	623	703	614	759	344	753	74	761	723	601	821	360	635	325	705	31	646	78	785	707	889	778	148	644	235	340	0	241	116	854	41	527	83	157	509	761	756	339	112	943	776	458	571	663	818	646	887	210	332	751	828	382	887	443	635	770	715	384	286	566	687	62	380	610	869	800	101	263	294	130	869	708	447
305	811	251	313	9	812	899	421	496	636	422	735	104	448	526	900	906	240	568	85	609	917	579	260	86	323	407	514	75	244	480	413	660	360	663	48	614	106	409	848	356	525	345	221	200	308	291	751	273	51	820	232	42	14	0	566	184	764	314	642	108	74	588	939	866	457	742	87	820	337	644	315	755	579	873	225	407	475	843	524	129	356	41	281	314	604	691	635	941	641	783	646	240	52	871	873	393	675	387	84
80	230	774	509	859	684	100	653	880	241	755	63	726	537	137	802	833	4	304	456	902	494	358	358	198	619	521	204	813	503	445	202	893	537	821	671	338	564	460	285	6	211	185	566	579	257	913	861	723	573	266	243	589	523	31	0	725	935	855	246	744	457	431	303	456	233	660	947	24	853	675	59	26	223	853	121	735	117	163	240	99	833	330	104	758	4	944	773	752	778	308	342	332	22	355	847	180	208	439	525
300	718	914	398	781	343	290	518	246	62	283	779	482	163	838	216	686	626	279	436	860	704	943	182	613	53	819	610	383	555	77	562	811	339	540	953	636	349	700	94	526	724	691	349	628	556	265	750	607	664	679	772	892	151	894	928	0	601	618	933	253	483	462	921	523	697	657	685	717	191	632	564	231	305	866	313	770	270	277	357	303	300	162	887	432	147	120	575	45	764	397	56	40	202	879	505	676	711	149	491
894	585	431	617	496	586	517	524	476	461	517	241	287	951	910	32	29	881	217	878	925	567	810	427	565	246	449	217	875	892	378	212	567	652	389	255	167	551	179	84	628	592	517	597	314	309	129	196	569	880	661	579	561	716	911	381	388	0	203	907	775	558	719	148	106	672	315	745	474	45	905	608	117	855	146	108	793	897	550	716	172	347	4	873	195	828	235	154	786	712	860	534	446	903	898	152	810	222	579	469
892	312	810	254	537	862	563	945	203	207	865	766	14	480	184	846	558	614	46	778	7	61	956	503	123	123	391	360	628	287	790	42	273	793	728	625	126	622	647	670	706	90	481	799	722	782	579	176	444	304	717	148	433	448	536	940	650	477	0	520	577	62	120	389	894	573	661	909	112	183	226	378	923	18	114	365	651	249	791	259	248	816	7	471	833	272	442	59	78	344	893	564	789	608	329	333	893	811	747	477
525	591	363	12	857	319	595	41	555	940	748	140	868	375	82	901	854	436	801	359	483	231	352	305	41	522	488	141	19	598	45	592	321	632	683	942	248	235	657	252	377	849	599	628	592	54	948	479	596	113	913	776	948	661	861	142	242	62	248	0	790	44	877	368	680	180	71	548	364	425	874	593	757	94	692	7	291	258	627	176	328	659	267	634	525	627	196	855	935	466	226	728	438	239	633	74	865	255	407	697
930	361	320	302	956	816	6	142	275	822	350	320	455	31	133	949	922	844	721	447	600	195	350	598	334	472	726	729	910	831	862	880	268	904	507	545	672	646	541	185	778	340	322	727	652	348	249	7	192	56	505	515	23	119	469	925	879	46	905	389	0	399	504	927	6	530	485	670	726	638	722	713	278	728	196	64	701	790	710	212	302	874	334	310	358	191	794	29	170	35	229	163	245	455	35	339	615	584	538	33
800	852	400	661	888	105	615	211	242	456	177	34	225	40	99	850	37	715	260	688	731	663	292	677	274	895	38	215	207	98	692	661	487	673	908	689	151	916	127	847	391	404	364	122	338	834	688	109	608	291	847	898	862	348	505	861	99	395	619	453	70	0	372	90	811	319	399	452	829	640	734	99	184	649	499	712	20	799	618	43	537	120	301	655	69	834	503	369	511	65	481	130	442	678	781	628	943	590	860	259
300	417	424	318	27	136	872	311	544	310	755	714	913	23	517	637	742	639	923	794	766	148	530	509	644	737	434	809	554	596	926	30	609	591	621	702	540	391	55	346	213	376	878	559	571	381	259	29	679	644	211	57	252	256	501	950	348	357	828	128	763	260	0	69	794	635	725	40	424	290	930	649	299	939	31	33	314	289	250	509	121	238	336	617	539	574	370	331	9	40	191	107	41	300	430	672	315	911	438	331
893	877	876	788	60	304	17	5	223	486	126	345	400	636	479	822	809	894	736	517	56	684	528	690	418	422	258	362	879	65	10	699	53	667	801	857	881	268	503	705	484	275	941	913	829	493	746	94	214	951	201	821	525	516	662	46	358	434	65	142	55	407	736	0	65	275	924	320	287	162	618	157	465	331	195	893	664	521	120	290	140	268	825	175	920	99	564	439	899	187	437	618	605	174	791	459	522	515	319	329
591	316	280	111	659	172	142	498	795	781	412	393	698	854	247	835	359	388	448	276	478	128	161	762	134	498	91	73	96	227	167	245	757	131	362	517	24	430	421	568	514	464	234	235	159	80	490	297	208	498	413	666	246	558	460	82	846	78	121	113	134	500	631	120	0	378	175	481	167	271	192	339	736	408	340	27	305	315	56	137	904	520	218	6	447	351	109	824	491	38	704	125	689	470	521	72	208	380	529	97
646	396	105	527	83	659	851	301	341	283	496	697	956	736	435	301	181	901	684	81	940	474	131	303	349	49	528	285	505	570	517	263	197	878	448	567	840	37	604	315	512	226	443	547	273	376	912	354	420	687	552	842	719	953	707	736	550	84	231	548	876	450	884	592	822	0	669	808	770	884	895	652	624	702	553	931	770	921	933	878	792	575	285	159	333	176	577	224	677	309	732	289	258	779	5	736	519	307	569	506
461	770	137	549	778	225	532	256	261	343	431	354	515	83	840	160	440	888	733	374	477	648	903	26	896	290	866	529	830	21	874	602	747	706	706	8	865	879	281	212	575	87	833	745	368	821	529	504	666	451	807	80	355	832	222	499	906	158	155	671	85	548	103	377	433	804	0	42	828	539	699	159	948	438	19	56	157	407	713	28	179	572	849	97	838	322	450	906	12	177	385	126	468	3	91	213	544	939	481	79
15	915	523	552	487	627	209	38	521	29	262	389	278	253	27	17	757	930	830	163	828	510	879	177	140	899	54	569	948	866	392	208	446	540	348	513	701	552	677	119	682	946	758	418	422	50	542	45	911	110	734	858	481	680	199	59	253	953	116	134	804	374	523	663	357	887	293	0	214	116	507	89	399	318	218	13	28	177	500	540	808	184	414	366	474	65	327	768	282	770	512	696	24	893	917	881	257	764	467	345
216	829	426	422	368	447	503	488	78	305	690	922	206	158	17	10	291	258	428	439	826	680	82	723	731	556	783	310	356	101	79	82	607	46	515	563	642	784	391	806	89	536	831	371	871	711	842	58	425	286	388	449	124	136	4	482	683	713	53	585	747	167	318	93	555	891	34	138	0	178	68	552	376	836	268	84	197	360	40	641	338	756	554	612	251	652	122	677	169	783	886	11	415	100	610	782	531	884	548	434
664	384	261	376	357	692	576	170	394	526	156	418	48	548	952	501	641	642	472	683	223	810	814	863	230	260	911	731	130	742	692	142	872	790	617	820	583	722	91	837	705	598	202	689	470	917	155	597	759	667	641	855	236	650	551	665	449	308	236	178	618	40	750	66	792	895	157	678	779	0	635	685	509	112	557	762	473	543	231	680	395	648	807	437	307	235	802	666	664	412	446	401	321	885	470	920	813	64	845	407
245	296	538	188	207	180	194	144	649	778	396	473	699	630	327	934	386	149	897	379	756	825	551	762	277	171	77	723	315	227	340	936	944	593	179	192	537	360	441	183	478	361	54	796	611	648	156	889	18	330	51	204	188	46	56	160	817	294	90	767	257	568	806	542	930	264	891	553	445	62	0	758	218	226	502	850	862	930	340	121	436	222	936	849	152	687	210	227	49	828	295	104	179	785	953	190	573	433	175	173
560	203	101	420	903	52	475	94	4	674	114	365	261	75	481	213	853	278	887	641	433	207	372	548	315	64	738	810	737	806	133	155	920	721	342	394	902	220	588	87	558	769	140	939	285	440	684	29	620	6	475	934	333	453	323	505	151	112	314	595	186	146	575	340	773	224	663	797	249	887	867	0	792	585	462	535	87	10	256	601	346	675	647	255	596	74	785	692	650	858	281	487	103	499	71	731	196	259	863	645
148	726	256	853	683	832	823	577	167	322	394	83	201	775	599	599	705	656	300	538	514	460	633	788	60	281	864	821	293	386	716	264	643	14	275	318	1	747	595	319	823	582	244	685	195	473	458	491	187	933	330	760	630	702	945	540	799	793	35	745	782	801	81	337	273	942	28	880	84	9	846	508	0	262	547	313	927	826	10	123	718	676	921	50	817	633	920	644	79	209	382	366	793	646	47	319	822	106	447	218
928	400	377	504	21	367	845	307	822	888	317	470	99	848	179	399	817	802	719	165	301	613	588	413	921	550	798	945	251	784	811	292	828	261	104	492	273	407	394	388	863	659	103	471	323	720	904	45	91	319	677	309	370	896	667	308	953	512	27	272	87	577	726	322	246	706	17	13	615	290	749	731	21	0	124	940	110	955	166	503	85	486	732	464	186	954	527	276	292	497	852	819	344	596	199	510	554	753	8	443
737	612	171	661	516	421	322	346	552	812	514	725	130	534	956	55	356	169	134	7	872	792	557	190	465	665	682	395	623	175	385	617	456	944	956	921	227	279	582	61	14	29	682	713	617	603	508	764	691	260	444	908	230	465	610	101	890	466	330	398	782	525	810	434	934	149	763	631	717	50	493	709	650	616	0	397	447	880	453	589	700	560	620	34	768	316	337	816	163	66	14	591	875	154	298	318	770	614	387	495
782	482	537	563	718	673	955	356	232	802	334	304	567	418	222	641	897	412	588	711	470	923	789	334	916	883	890	254	720	782	709	585	84	676	81	298	261	48	161	158	505	897	70	410	545	929	290	765	822	244	600	302	89	212	415	881	266	19	224	304	718	469	272	858	635	228	486	581	540	109	717	751	33	935	898	0	74	870	422	869	27	620	233	311	278	34	32	701	291	357	700	180	559	310	328	155	803	801	288	626
239	337	47	349	524	870	472	425	344	632	18	335	756	551	923	623	938	847	337	494	465	517	803	314	456	712	440	583	662	344	614	171	470	114	928	387	333	41	915	668	826	907	637	452	156	844	916	540	922	228	509	955	499	344	487	777	745	2	214	841	823	45	544	813	652	457	141	481	630	196	139	633	625	275	278	746	0	374	640	273	613	808	526	129	116	288	614	309	443	174	66	621	870	196	718	577	291	924	744	469
901	261	791	101	740	186	780	74	133	894	432	691	152	860	21	901	223	444	824	951	8	395	545	907	536	866	430	406	796	9	748	486	571	438	276	163	873	684	682	19	490	141	269	69	323	927	321	64	626	543	387	29	35	671	329	405	523	192	463	656	274	403	154	703	456	65	5	649	948	412	442	646	652	433	571	849	453	0	915	643	631	75	63	420	262	358	61	290	174	889	131	628	255	482	83	272	131	32	254	802
92	593	524	12	395	242	89	759	747	644	696	323	556	131	881	473	328	153	330	498	477	314	158	942	253	786	256	86	676	77	871	386	820	909	378	806	503	906	534	67	642	723	675	541	177	313	77	301	609	45	530	687	759	892	699	564	659	214	245	535	638	513	437	192	55	180	570	910	66	846	788	123	262	784	295	804	925	620	0	643	769	927	742	835	896	748	119	304	16	85	453	783	522	898	653	491	682	901	267	68
596	224	234	322	948	193	506	533	929	475	109	235	298	460	875	692	856	927	53	358	876	699	270	936	368	824	117	608	509	63	372	20	734	676	508	949	286	228	563	316	394	919	256	522	385	734	579	642	250	678	229	818	158	674	360	712	535	407	415	595	465	471	354	267	437	878	10	838	686	607	496	333	362	781	718	676	151	860	746	0	862	8	63	561	821	75	770	357	413	798	162	911	409	789	656	384	228	299	306	921
96	235	716	842	809	315	453	111	282	754	817	866	809	510	288	588	376	277	696	9	20	900	219	332	285	682	802	512	245	282	73	628	207	36	670	799	522	135	600	915	929	453	642	922	459	419	619	375	698	782	376	239	252	429	426	411	319	712	51	874	36	817	501	45	80	444	640	458	174	878	414	908	475	705	370	918	210	824	764	62	0	322	666	156	838	194	489	643	261	745	168	462	313	303	400	312	297	82	445	264
866	309	353	891	953	172	869	503	66	377	555	603	886	873	870	544	808	20	759	849	264	664	600	347	62	314	759	118	327	137	366	113	266	325	615	475	568	556	498	743	739	879	250	462	943	899	706	496	76	774	349	147	498	935	699	276	235	625	12	89	650	656	920	635	530	264	377	811	226	46	554	880	888	348	434	682	312	3	1	6	429	0	775	920	314	730	370	115	24	181	110	670	651	358	460	176	837	580	788	371
250	130	785	812	258	245	246	618	946	703	775	430	854	31	463	881	384	862	900	709	607	850	906	453	614	393	743	530	606	286	493	423	838	72	37	24	83	588	920	882	503	315	759	276	232	386	597	260	888	588	103	40	682	6	118	373	370	847	297	896	239	569	1	96	270	857	508	883	453	138	139	40	79	376	363	841	189	777	869	496	200	106	0	854	626	885	347	902	953	668	630	277	654	334	409	458	889	97	418	534
335	658	637	549	858	447	442	179	302	761	790	92	500	870	914	285	234	710	68	943	732	271	225	379	509	109	302	369	661	104	291	924	371	476	829	153	447	882	404	60	914	798	255	758	773	415	488	628	111	787	634	411	172	522	111	369	408	747	435	626	629	481	324	433	46	27	824	850	158	622	396	890	713	700	22	663	565	208	781	595	521	744	21	0	357	677	629	372	762	131	424	378	955	891	159	46	407	257	617	78
852	923	502	475	89	852	658	20	389	429	264	247	487	624	771	113	155	165	268	162	92	108	887	318	909	349	951	120	297	599	473	870	799	719	454	390	227	403	14	570	642	859	632	667	198	828	160	385	850	853	361	593	671	911	620	296	603	815	459	418	195	165	165	91	840	117	739	919	339	461	424	598	885	705	486	131	574	715	562	699	317	585	48	316	0	780	880	887	525	620	288	883	61	717	707	838	504	274	25	159
491	239	844	281	666	424	96	813	96	11	178	10	241	578	196	250	343	295	164	591	764	667	310	584	144	745	934	46	218	526	814	144	573	157	613	734	98	518	430	140	612	459	141	361	621	458	714	799	888	177	522	382	298	44	372	886	903	895	389	109	521	569	110	419	132	231	64	221	952	483	660	558	883	58	652	100	692	703	870	458	204	911	931	343	430	0	518	787	42	651	404	457	60	53	526	530	395	868	307	329
495	877	946	161	247	541	140	83	867	440	614	903	161	797	375	649	269	745	448	4	707	600	663	492	699	572	84	757	920	31	595	254	344	185	639	282	945	780	786	618	915	107	104	883	929	466	23	632	822	395	492	862	13	42	175	442	325	543	469	815	212	317	592	385	463	285	501	12	141	897	572	909	777	400	502	199	185	822	122	57	115	628	675	262	276	35	0	165	803	335	125	901	238	555	548	922	458	363	333	543
499	419	450	766	607	534	398	424	55	154	479	601	475	602	605	407	446	557	525	243	832	486	81	900	350	940	758	669	805	262	303	634	280	108	125	877	195	911	77	349	799	316	66	117	450	428	550	423	369	536	746	583	757	65	734	175	929	639	813	776	536	582	447	6	692	600	700	155	607	763	579	341	287	891	445	312	318	176	362	490	211	648	336	897	37	18	115	0	167	679	26	249	427	159	769	73	893	18	427	220
309	47	798	690	917	52	861	441	397	200	791	269	272	197	397	346	724	683	46	695	97	162	158	701	356	842	324	618	576	683	816	679	681	44	942	587	535	643	811	226	773	492	804	735	564	808	364	479	706	234	263	796	666	198	534	816	583	142	941	180	160	159	639	144	627	129	48	602	824	492	23	368	850	530	828	632	222	169	663	42	859	452	858	717	184	285	152	293	0	717	17	310	309	346	692	243	904	453	905	509
400	196	85	596	799	199	352	102	16	582	123	274	81	353	753	756	272	591	951	321	443	345	673	282	597	85	604	520	946	34	743	447	920	814	632	784	490	853	55	392	413	218	805	950	62	900	335	751	289	844	116	339	208	720	490	604	709	800	222	164	475	110	351	177	913	39	119	422	452	261	636	183	932	91	564	513	304	189	247	736	341	169	75	630	171	737	138	680	384	0	922	48	847	436	442	718	16	701	857	562
410	445	317	330	760	122	587	366	543	162	412	239	415	101	297	878	170	607	619	907	843	6	148	397	933	209	335	633	328	852	763	633	440	416	814	236	281	702	1	369	623	646	432	398	305	743	797	335	179	872	722	466	534	149	50	68	104	66	431	3	647	248	35	793	362	115	818	191	296	664	1	670	714	526	185	363	596	691	592	648	411	524	848	688	209	72	270	373	28	506	0	649	204	213	749	387	100	245	951	269
212	65	300	312	750	808	731	934	209	727	724	665	556	1	696	796	470	306	697	722	79	820	591	127	101	373	292	97	408	97	518	954	660	831	104	63	923	279	344	908	897	475	495	536	695	360	454	30	375	122	557	109	184	693	805	414	940	389	243	207	574	485	932	796	548	643	374	699	426	347	273	458	330	884	172	522	104	275	47	486	481	248	296	854	608	323	94	772	700	468	756	0	77	226	490	211	369	485	676	671
378	750	238	602	215	837	475	697	862	22	282	273	954	534	280	764	367	179	371	97	772	778	34	733	927	663	237	380	523	277	139	937	525	259	478	355	92	257	384	780	273	281	905	645	737	952	252	446	436	57	621	875	887	881	652	673	825	897	10	555	182	682	852	183	485	652	662	370	378	395	19	184	340	199	723	355	886	901	72	679	231	134	137	946	689	269	175	397	442	904	512	585	0	219	7	875	707	28	885	880
727	671	525	54	857	230	500	383	241	145	729	810	407	701	551	229	634	853	847	157	13	374	915	368	788	704	225	79	317	508	756	478	119	882	715	800	334	704	842	315	847	597	492	954	106	140	365	214	258	569	409	190	81	715	578	338	449	823	887	207	131	85	715	168	275	551	20	881	766	63	895	850	247	170	261	305	189	765	275	48	238	349	852	218	890	476	34	153	9	606	950	323	915	0	951	900	173	526	117	614
522	814	564	93	566	744	270	909	793	875	830	538	108	343	17	472	783	904	701	583	854	243	531	426	219	132	409	781	914	178	48	891	351	19	449	476	792	154	62	187	317	736	253	436	528	318	345	4	888	158	522	73	12	706	417	606	8	544	344	495	497	809	924	173	656	524	238	26	563	646	356	737	634	592	126	328	754	763	737	774	326	905	73	913	591	370	239	421	164	150	807	468	1	625	0	825	314	863	102	353
313	938	312	392	458	954	185	631	849	639	375	309	858	620	132	123	95	762	467	516	811	610	872	90	441	320	802	780	734	47	109	814	39	231	919	822	937	590	234	418	249	941	907	97	110	836	113	824	868	646	466	540	348	671	234	143	152	907	354	568	704	434	183	342	292	183	355	661	885	88	187	781	570	276	27	636	666	461	306	515	573	478	139	937	531	393	583	675	798	585	635	536	486	663	955	0	201	923	171	911
335	167	300	468	289	752	826	636	454	844	22	116	99	695	775	184	188	149	227	147	456	772	201	496	748	430	40	675	617	809	397	928	333	360	885	408	321	800	869	204	902	301	835	518	861	657	297	742	431	657	662	191	657	906	273	428	661	521	661	203	855	75	269	485	698	490	516	30	734	625	472	553	871	124	499	51	504	940	518	696	837	407	652	919	260	852	346	255	821	500	289	548	27	189	360	502	0	825	730	431
226	423	138	517	755	174	947	637	644	886	143	708	505	515	276	702	74	651	79	298	252	751	712	577	366	564	397	950	452	41	825	537	765	57	320	372	886	497	503	564	285	74	909	395	916	722	471	567	170	250	260	253	71	439	369	925	889	206	919	361	684	311	537	592	950	931	268	149	128	675	909	98	796	172	211	776	559	707	494	304	409	569	412	38	432	444	63	105	52	90	701	383	151	302	462	282	121	0	656	298
165	368	692	674	694	343	296	608	107	920	419	934	145	878	470	230	582	725	200	91	173	829	261	631	349	172	64	827	305	843	242	532	150	476	66	770	589	130	547	147	227	682	479	664	508	611	640	219	52	748	61	758	177	473	520	35	562	406	741	687	898	831	38	341	638	587	636	625	125	400	195	773	702	314	298	148	388	107	768	215	360	690	338	521	55	721	893	229	19	67	400	575	720	189	599	217	636	430	0	138
714	71	703	15	275	46	722	357	888	898	601	47	699	152	716	724	60	328	806	579	702	549	492	61	201	728	231	569	12	105	612	34	61	687	945	720	510	275	611	330	145	541	821	296	580	664	345	693	677	388	84	882	592	908	183	91	450	1	774	631	503	494	293	463	569	227	649	903	557	875	90	450	695	391	121	752	16	437	86	683	134	635	130	196	386	608	450	247	65	649	520	554	290	732	122	387	715	43	878	0
