A	B	C	D	E	F	G	H	I	J	K	L	M	N	O	P	Q	R	S	T	U	V	W	X	Y	Z	AA	AB	AC	AD	AE	AF	AG	AH	AI	AJ	AK	AL	AM	AN	AO	AP	AQ	AR	AS	AT	AU	AV	AW	AX	AY	AZ	BA	BB	BC	BD	BE	BF	BG	BH	BI	BJ	BK	BL	BM	BN	BO	BP	BQ	BR	BS	BT	BU	BV	BW	BX	BY	BZ	CA	CB	CC	CD	CE	CF	CG	CH	CI	CJ	CK	CL	CM	CN	CO	CP	CQ	CR	CS	CT	CU	CV
0	165	205	269	206	180	25	11	168	236	242	69	166	199	144	56	25	177	2	105	36	11	40	127	148	148	187	182	136	84	128	265	166	119	9	160	257	158	113	44	106	187	108	10	238	58	4	184	44	109	143	67	101	87	228	194	44	52	149	155	65	70	9	172	73	165	116	239	3	233	181	206	142	35	199	265	212	230	199	60	197	123	171	40	162	32	101	260	231	163	147	239	130	29	207	218	197	130	148	210
32	0	124	151	47	220	34	240	154	181	164	119	208	247	191	197	12	53	236	130	267	54	181	117	257	195	30	50	265	152	172	238	56	103	252	259	131	257	253	35	144	244	266	124	117	165	258	88	29	72	203	86	139	109	94	113	107	10	214	122	255	267	254	73	102	163	42	12	75	16	244	19	66	246	107	200	124	188	264	37	7	73	150	259	177	167	71	196	190	171	96	97	167	38	247	196	172	242	21	238
77	112	0	35	228	106	263	254	54	234	121	255	56	51	110	128	148	110	56	148	189	126	113	42	109	102	209	25	44	111	150	99	194	54	194	236	215	194	233	41	135	205	121	203	202	112	89	173	160	59	137	93	69	157	66	167	232	230	154	266	84	98	221	125	130	67	41	226	83	86	161	86	239	128	75	120	237	102	142	185	166	259	165	267	255	42	245	70	135	189	240	45	55	48	184	208	99	91	117	215
252	174	141	0	14	177	269	9	21	103	187	163	68	121	34	240	254	52	68	75	38	81	211	207	3	93	192	226	211	181	27	10	116	156	134	244	24	125	78	37	4	133	28	19	184	221	131	42	44	12	145	113	182	165	252	81	152	226	16	146	50	131	263	257	87	132	125	115	115	66	161	93	29	5	57	192	259	162	48	244	102	4	201	1	53	234	227	56	243	163	212	81	245	166	235	198	35	221	63	175
223	56	214	25	0	119	29	24	10	106	153	137	266	49	241	1	165	178	263	72	75	146	54	47	218	58	254	16	163	186	163	134	226	239	151	246	196	167	148	221	135	253	18	183	251	89	153	173	11	34	204	191	252	172	78	7	41	58	179	254	80	249	230	224	254	241	104	59	107	199	192	220	134	179	263	125	35	48	86	82	56	40	218	258	177	82	81	70	148	107	78	120	133	174	17	131	94	43	158	56
213	141	228	103	200	0	72	163	205	93	192	154	7	195	12	260	9	75	198	148	105	60	155	216	43	47	219	43	192	172	232	129	77	42	252	74	88	59	109	267	9	232	248	61	74	268	170	254	241	215	6	103	265	266	75	225	171	204	90	225	266	239	16	39	36	221	12	211	55	250	51	51	33	235	134	30	214	252	213	89	254	20	195	124	224	209	60	158	259	18	254	138	229	131	113	54	49	268	244	191
147	161	131	244	229	82	0	161	162	171	70	109	64	180	90	176	28	130	87	71	150	256	262	109	81	215	161	170	158	62	132	111	143	190	225	228	37	11	186	38	126	211	44	62	178	83	93	37	23	106	199	226	130	109	176	181	199	239	24	227	219	202	202	195	87	35	184	97	132	64	251	150	30	3	207	87	19	117	226	167	153	84	240	14	124	163	232	21	90	182	4	145	126	10	72	166	214	30	163	14
133	220	45	63	245	68	230	0	104	52	154	50	235	212	99	100	239	151	128	134	175	231	110	159	103	195	121	222	80	85	58	68	107	19	98	204	25	161	37	198	61	207	261	98	259	90	148	193	128	9	9	195	34	17	19	62	194	105	52	63	9	5	8	161	180	99	262	134	206	167	85	191	244	24	24	230	71	67	124	94	83	167	124	205	133	45	19	58	47	124	163	74	259	142	194	34	111	155	252	65
105	44	239	53	190	202	72	243	0	134	139	245	106	53	176	192	77	215	32	212	152	106	56	31	81	220	262	21	24	15	155	13	86	245	189	79	132	144	29	206	92	188	242	81	147	259	167	219	52	224	245	95	116	97	145	213	3	144	252	256	77	160	162	9	185	199	250	118	8	228	85	169	147	68	66	31	253	166	53	218	87	38	168	63	10	140	140	142	119	24	140	175	26	222	233	178	105	258	53	194
9	43	43	52	55	208	117	260	118	0	188	172	14	100	203	81	184	137	253	111	131	190	63	23	227	156	167	20	44	7	244	242	158	6	218	253	209	157	67	143	73	129	14	113	13	106	106	53	3	59	41	1	100	208	235	157	70	60	239	236	49	66	111	103	128	172	184	8	146	127	171	217	123	218	122	39	146	19	191	249	226	78	195	235	223	120	33	137	268	237	129	2	156	146	60	167	109	102	59	212
268	113	181	253	139	5	14	122	220	225	0	237	198	89	178	115	164	99	143	197	244	262	261	34	260	60	171	168	267	1	52	63	128	120	239	147	125	249	36	219	252	171	191	164	190	86	246	269	12	51	194	144	119	49	55	60	24	161	238	19	28	209	171	122	170	198	215	257	158	7	36	45	137	219	262	253	146	89	166	258	88	252	266	73	168	8	141	23	258	198	181	63	99	68	60	224	47	179	51	261
7	194	134	229	20	45	129	48	265	120	257	0	84	54	200	31	95	89	29	56	205	81	43	86	12	95	63	125	198	163	57	10	121	122	150	206	15	100	247	108	85	45	179	268	113	60	254	230	102	14	18	177	212	214	31	107	75	241	185	2	101	77	113	93	91	18	181	74	1	110	59	15	232	88	64	161	92	184	162	192	13	128	91	77	132	104	191	38	171	28	13	173	138	54	152	148	64	142	159	224
9	56	249	185	116	142	149	111	7	64	16	1	0	113	90	173	156	62	39	38	252	87	59	30	116	17	247	221	80	236	40	238	20	215	86	57	193	239	215	11	196	226	135	259	225	23	34	80	9	119	155	200	14	38	68	113	229	20	240	96	243	12	208	34	200	67	100	185	45	184	231	46	89	219	141	92	193	205	160	205	198	127	30	161	52	132	40	94	134	182	40	90	178	134	61	110	255	99	95	225
239	26	157	53	2	199	140	222	184	216	143	101	248	0	262	124	145	144	26	117	59	256	52	14	97	78	263	53	80	111	225	211	26	23	182	150	5	264	108	17	66	224	126	77	70	263	185	244	161	267	125	127	144	146	105	240	46	44	267	193	34	213	152	193	17	196	130	84	128	187	188	259	8	17	142	132	59	75	56	191	215	4	65	265	224	230	168	262	14	87	172	102	131	146	57	199	254	254	130	224
46	208	38	199	216	123	120	179	130	100	56	121	269	219	0	140	119	253	73	51	38	75	261	18	51	97	163	63	65	168	235	113	176	231	226	134	143	192	216	228	219	208	175	77	37	119	101	49	53	30	56	124	11	154	259	111	217	30	128	141	250	101	106	27	130	261	122	9	74	7	57	3	236	40	231	154	230	99	160	158	226	257	150	142	248	195	174	29	82	135	45	44	241	14	177	191	51	144	116	208
33	4	215	132	17	97	1	238	244	213	124	38	58	91	60	0	184	230	173	189	84	46	221	138	72	4	156	141	26	119	92	112	162	256	154	253	28	120	63	161	213	242	20	93	146	164	255	53	193	268	31	208	57	93	176	149	195	137	42	85	234	28	238	226	222	60	166	37	110	5	140	171	37	68	140	45	31	70	228	232	181	20	255	228	259	106	239	201	131	117	155	212	217	116	81	202	251	259	223	64
188	139	107	228	201	168	209	95	181	168	268	222	200	203	126	84	0	214	195	258	134	164	121	214	174	89	124	127	115	133	95	122	14	127	123	185	85	80	197	226	217	260	161	43	179	191	200	92	156	114	125	86	234	152	93	18	3	111	90	197	240	92	264	32	146	186	233	4	81	164	140	232	24	205	111	238	246	167	92	39	3	23	250	20	21	222	21	93	249	238	24	103	88	269	133	8	153	70	98	20
58	62	208	195	267	134	203	37	118	65	65	140	218	55	54	199	92	0	174	106	59	55	59	13	167	25	21	20	18	39	186	139	190	18	108	247	159	129	205	128	124	122	130	193	9	5	250	36	226	176	75	113	59	222	265	100	72	36	156	17	245	4	211	92	99	41	120	212	32	126	3	131	32	151	207	211	234	32	140	244	239	201	63	227	130	134	235	239	140	180	68	112	53	209	15	134	136	213	75	116
74	260	165	63	21	80	8	9	153	19	50	52	176	252	244	62	165	119	0	204	117	229	214	112	126	185	242	57	105	251	41	75	132	182	266	19	105	3	233	106	32	229	197	151	35	20	200	135	27	263	214	71	224	217	238	11	70	70	156	179	180	171	14	259	263	118	83	172	269	165	159	126	58	148	128	70	241	103	202	268	64	39	104	14	77	230	110	91	85	229	73	36	110	91	257	81	170	162	205	107
145	207	148	13	11	152	36	117	219	58	141	191	134	34	203	100	103	126	58	0	215	71	92	2	16	194	45	85	139	59	223	221	211	62	98	242	51	134	32	91	166	162	60	95	11	152	26	43	145	265	74	67	202	164	211	46	145	66	99	99	70	44	58	256	38	180	196	96	119	124	257	178	247	144	170	85	38	185	135	148	127	52	226	27	120	123	211	137	192	251	61	183	24	221	7	126	164	170	117	51
261	155	127	9	57	201	135	243	134	89	135	33	236	171	25	237	139	158	243	27	0	257	227	15	182	213	248	77	24	50	47	26	136	46	45	81	254	220	82	124	26	16	127	53	150	168	99	244	157	174	63	240	71	135	36	153	19	83	257	185	99	230	191	193	47	78	174	64	42	229	71	35	115	227	6	172	230	148	160	56	92	78	269	254	243	233	200	88	178	101	7	135	133	46	210	120	180	156	180	13
105	258	162	41	73	189	258	209	187	159	39	266	192	23	176	256	46	162	20	6	89	0	197	136	24	45	193	240	94	2	157	114	129	102	52	245	66	98	87	149	130	263	65	184	173	131	69	33	228	106	90	233	10	213	246	131	211	56	111	232	71	44	81	196	178	190	23	204	158	208	81	233	120	204	13	240	109	72	196	148	70	169	255	122	257	255	138	14	61	91	163	125	99	232	51	247	28	77	269	183
104	181	21	82	50	58	269	61	94	151	47	266	195	164	75	10	196	157	39	23	12	124	0	34	257	116	126	52	9	95	101	47	188	130	254	72	132	31	23	170	228	194	39	145	196	57	65	156	235	70	135	222	228	181	122	117	45	119	75	246	71	16	158	244	130	248	258	187	178	93	4	126	210	262	72	88	94	175	20	169	213	136	187	118	219	102	148	226	69	72	162	204	129	109	29	82	196	158	165	217
144	77	22	24	37	166	26	126	134	90	132	124	15	30	99	130	180	249	63	16	156	85	259	0	217	19	249	211	59	235	101	112	269	60	233	103	143	93	140	118	256	139	44	263	36	123	11	131	14	120	194	125	35	41	164	30	209	226	176	147	76	241	107	66	105	13	157	79	118	18	8	23	84	14	225	239	50	219	179	230	136	167	176	232	58	177	205	251	8	85	266	230	120	10	136	3	207	246	214	56
150	237	231	1	103	58	248	252	164	158	257	233	67	143	149	103	130	92	70	234	227	255	57	134	0	116	184	71	31	262	71	28	252	84	74	74	93	65	148	226	251	210	13	157	121	177	144	127	256	269	158	11	59	258	92	130	261	71	197	208	209	182	160	252	53	215	225	176	50	108	44	198	240	74	180	214	182	47	152	110	128	143	98	132	169	181	184	254	233	29	137	105	65	17	156	86	151	194	137	38
262	257	74	39	232	117	256	111	182	153	199	183	186	92	92	50	92	152	44	214	110	138	162	198	185	0	83	114	102	92	249	122	9	120	194	150	196	119	170	76	256	70	1	148	221	208	230	229	198	75	36	116	70	104	222	133	220	67	23	148	262	180	151	217	131	194	237	247	265	124	192	50	65	71	206	239	261	141	131	100	179	18	187	48	70	188	262	78	43	166	210	169	52	139	40	165	75	262	36	89
67	132	171	238	93	18	257	261	75	227	220	222	121	137	154	16	122	54	166	177	216	214	158	231	132	40	0	228	55	31	53	251	165	7	1	232	135	34	78	78	200	217	249	260	253	221	258	18	95	150	123	227	56	15	215	101	35	265	35	101	34	31	265	25	221	12	119	75	245	126	82	89	206	70	122	81	147	38	234	255	52	215	142	14	219	29	206	264	123	208	67	51	93	109	88	249	168	27	17	92
207	28	107	42	40	12	253	233	188	106	51	47	44	191	111	53	184	112	145	90	55	176	63	107	150	60	11	0	200	67	26	206	115	183	237	160	9	130	121	154	30	20	233	212	161	251	225	128	255	157	72	209	219	237	256	117	150	200	254	259	215	169	137	48	243	72	269	263	150	200	246	224	266	186	120	269	207	66	158	262	177	155	213	128	254	42	145	75	75	229	197	24	246	113	244	244	269	82	141	263
260	60	134	61	169	183	232	31	33	183	90	216	185	118	265	77	103	96	28	46	22	153	263	249	259	50	65	3	0	82	113	42	112	197	242	117	14	150	96	192	193	134	77	196	85	106	10	129	37	261	127	258	84	209	163	134	18	141	189	37	135	78	103	1	168	40	208	197	74	154	201	157	205	100	17	126	232	167	168	107	8	69	13	44	260	175	84	241	177	5	50	6	161	250	162	219	94	186	204	190
264	42	220	67	51	84	170	202	169	183	101	73	177	78	90	45	55	90	238	221	101	171	190	184	211	263	132	222	260	0	141	135	237	212	47	54	203	60	104	252	105	85	98	34	120	173	222	33	155	173	257	259	44	125	25	17	113	68	46	36	205	96	11	69	105	54	4	189	195	201	189	84	42	64	138	168	231	233	188	93	193	209	156	183	120	35	166	211	230	261	147	105	108	237	202	47	55	252	50	51
61	155	203	258	35	266	131	161	237	217	247	41	240	52	47	32	68	70	237	164	221	126	170	78	235	138	72	56	250	69	0	101	168	203	209	208	257	201	223	11	206	225	178	8	92	136	66	140	223	93	234	197	14	69	215	208	86	136	138	169	153	254	46	256	182	79	95	250	104	164	127	269	36	150	217	94	171	254	4	191	236	188	206	222	129	242	254	158	22	92	139	140	82	62	84	4	239	7	75	147
87	10	66	93	206	27	250	243	37	71	178	177	224	62	12	1	215	200	212	246	53	123	209	121	47	91	47	221	115	72	27	0	93	177	225	198	135	162	175	177	177	152	219	27	257	166	194	184	169	230	131	242	57	230	164	208	102	230	47	174	179	150	30	68	143	85	170	30	241	127	125	234	224	169	73	200	263	54	168	203	167	262	225	93	47	77	238	29	170	46	245	243	217	1	60	163	3	150	254	212
257	130	37	186	247	100	127	114	8	242	29	265	111	95	19	108	159	238	131	112	80	143	105	16	165	155	102	204	47	12	14	199	0	58	71	163	99	136	54	175	144	241	178	170	221	81	185	199	229	58	125	157	102	246	3	134	191	169	19	177	105	153	21	181	232	67	23	8	224	52	147	138	68	230	266	65	42	40	257	269	138	248	168	203	81	141	268	59	232	265	47	115	102	226	5	251	209	7	41	37
156	81	122	11	178	90	209	221	166	242	25	212	236	17	199	256	128	170	83	65	169	225	165	110	13	1	46	62	240	102	226	203	265	0	43	139	259	111	68	104	84	114	265	125	10	89	204	87	168	164	14	79	202	115	38	112	158	266	230	211	16	59	18	176	251	144	11	53	207	142	183	237	43	54	46	259	1	73	207	252	146	192	175	128	5	120	179	243	147	44	47	169	228	225	193	234	207	11	174	259
179	237	46	101	85	197	130	100	200	209	229	77	46	61	259	229	120	194	154	69	217	249	88	206	24	73	48	216	221	256	266	180	161	124	0	133	219	214	166	86	265	202	14	197	160	26	155	217	18	197	165	230	111	192	31	22	3	141	51	217	68	46	173	93	258	185	38	119	125	162	170	37	3	219	196	205	55	206	23	260	165	159	247	138	252	262	100	80	125	166	44	56	265	27	90	160	251	252	39	12
81	106	107	214	188	2	104	255	161	225	255	84	266	189	204	125	70	212	172	242	5	122	241	242	45	176	36	211	208	119	200	96	206	93	196	0	119	115	156	176	220	212	49	100	123	239	62	155	87	231	251	91	75	63	202	43	19	38	106	23	121	18	162	141	3	245	97	91	170	251	1	35	211	46	61	48	44	260	226	200	257	40	56	72	50	268	250	1	12	93	178	194	69	34	233	122	205	26	88	49
205	228	145	242	19	200	167	16	92	137	10	244	127	69	17	47	87	12	19	130	71	68	30	54	4	11	165	262	219	162	38	102	37	264	214	257	0	109	98	24	7	201	198	117	68	87	166	136	254	111	181	17	9	250	152	159	207	66	174	119	65	139	1	222	87	226	251	88	91	16	108	200	198	168	138	107	32	7	154	96	116	111	167	25	266	56	167	228	56	20	14	3	168	115	25	140	49	196	176	223
171	224	6	170	213	81	243	2	54	238	26	128	38	71	28	113	254	7	224	37	60	184	25	155	160	89	110	128	27	213	101	174	75	41	240	74	139	0	135	216	57	96	205	137	98	185	19	121	145	122	95	100	149	11	269	115	201	253	130	232	192	45	181	157	14	182	111	31	29	9	185	164	243	48	12	242	144	182	257	129	187	85	85	3	168	241	108	145	198	234	3	157	197	264	19	54	161	92	60	35
156	128	195	52	119	131	35	41	12	111	120	109	168	57	4	21	36	109	243	36	254	245	149	66	167	142	193	40	60	148	12	186	171	200	213	240	146	159	0	3	233	35	34	29	139	90	52	28	98	268	67	159	211	12	220	169	43	250	168	165	129	31	178	117	175	212	75	237	252	32	145	92	233	21	199	125	5	176	58	266	2	227	93	183	208	176	28	11	69	1	228	35	109	57	263	64	81	204	64	132
46	125	267	31	28	213	258	64	65	39	241	46	117	64	81	50	70	42	39	198	189	239	218	138	86	7	23	76	83	214	114	248	103	2	29	133	141	92	82	0	168	73	257	252	174	253	68	101	226	242	43	43	71	79	11	209	184	164	224	218	56	115	214	45	262	148	156	14	208	113	1	242	87	228	147	230	121	156	178	236	157	101	86	126	38	53	161	161	32	155	235	86	245	78	80	160	138	153	67	40
253	218	122	198	50	236	229	91	165	179	247	89	253	205	37	56	267	53	5	26	82	80	204	218	87	182	48	230	262	241	60	68	3	167	184	146	255	132	226	63	0	216	17	151	64	226	217	100	97	7	207	22	169	196	219	21	172	222	61	156	20	258	158	143	197	82	83	208	141	258	9	85	209	240	118	64	143	241	28	64	99	105	25	177	179	45	261	250	22	158	259	247	216	106	131	209	180	56	48	149
169	144	175	39	262	137	193	83	102	45	31	260	11	248	1	62	253	191	61	69	174	87	241	7	170	201	22	72	217	254	113	177	160	2	162	68	145	66	54	42	223	0	266	172	144	195	101	13	33	24	196	222	54	174	26	96	155	196	244	190	15	195	33	140	84	41	115	142	244	171	178	224	241	235	82	27	198	6	233	233	68	133	39	245	158	151	248	234	105	51	111	105	247	150	213	86	189	158	248	102
94	71	51	58	97	61	107	168	183	171	8	174	50	28	161	165	239	96	38	224	252	190	182	247	174	262	82	54	124	4	147	89	249	26	216	205	14	72	133	65	7	241	0	247	30	255	143	78	164	1	211	171	269	61	117	93	208	252	261	81	68	138	7	45	180	130	248	150	263	186	70	51	256	171	25	44	45	154	147	26	17	258	207	32	128	37	91	129	208	84	12	139	51	154	61	8	25	178	74	67
12	16	155	72	193	55	64	127	19	139	28	237	51	171	216	194	90	157	147	20	193	14	61	109	72	5	234	234	52	30	53	183	160	155	169	33	165	261	231	220	44	162	20	0	229	158	221	198	127	45	196	218	213	228	80	98	194	80	172	27	118	23	193	158	64	27	247	196	131	91	115	177	92	237	75	217	96	264	184	77	199	121	171	107	121	220	51	175	184	257	254	207	254	239	21	60	269	80	114	19
26	139	261	26	174	175	185	31	188	93	10	191	209	223	104	1	113	149	93	9	226	44	269	149	37	133	91	55	147	17	207	185	252	107	18	50	93	163	94	182	231	261	194	193	0	86	265	203	264	166	61	146	201	47	112	204	155	131	29	15	77	38	193	6	264	14	240	233	203	189	113	96	159	12	209	59	257	161	24	224	121	194	114	199	81	100	39	262	57	171	221	48	241	238	258	14	219	96	72	31
60	89	263	91	4	67	47	95	2	36	207	57	113	237	212	253	125	165	155	72	126	21	85	261	83	245	95	37	241	71	115	54	135	71	219	108	148	62	49	13	92	116	46	67	126	0	151	47	152	137	22	248	77	28	220	226	208	192	247	110	35	209	118	193	90	262	251	15	85	123	92	106	69	176	113	142	195	130	143	221	137	87	152	223	130	194	222	121	228	164	23	164	44	191	165	256	74	63	31	92
51	186	98	67	246	70	27	235	172	231	161	250	164	64	3	33	77	101	14	99	117	11	77	168	95	204	50	240	198	197	148	246	61	62	211	222	262	253	14	48	228	57	217	85	171	246	0	10	77	51	111	201	214	28	144	16	39	154	138	266	220	180	74	79	9	148	26	177	217	133	70	221	16	75	17	61	129	143	233	43	135	114	94	99	226	248	97	118	88	217	179	1	229	8	70	50	246	4	30	29
42	30	251	17	132	249	14	180	65	226	168	73	102	129	27	182	268	80	100	165	133	145	78	171	188	103	238	90	42	253	66	267	21	72	192	195	111	212	189	74	187	177	258	238	228	45	152	0	19	168	176	54	39	5	42	187	171	242	151	264	214	50	169	217	197	113	240	126	255	80	109	141	18	199	206	94	85	78	121	94	245	160	108	197	259	20	12	75	220	175	46	138	122	91	62	82	153	32	162	194
105	2	222	10	266	63	31	196	172	62	195	208	107	263	199	43	222	155	144	70	95	47	257	35	211	107	90	119	250	36	210	176	16	242	131	150	233	157	13	173	109	185	41	158	166	153	32	36	0	259	81	51	4	113	137	38	235	30	185	27	173	2	203	84	66	187	37	43	83	53	47	83	89	73	95	163	13	104	116	138	134	157	168	220	256	214	161	153	241	42	247	114	43	252	32	201	16	70	241	141
205	23	123	103	147	104	119	185	92	183	104	22	100	193	205	212	194	82	83	29	224	113	47	128	4	244	64	199	250	223	267	258	17	168	42	239	171	155	3	202	67	193	185	234	226	143	27	195	147	0	216	30	102	49	202	139	42	236	224	237	213	94	72	202	59	246	128	162	126	224	250	104	241	92	201	124	234	173	191	37	59	25	13	38	188	44	98	100	67	22	50	133	179	175	233	171	259	190	136	20
244	113	25	156	2	66	26	249	16	114	126	258	85	115	128	47	127	164	265	177	226	129	190	24	81	268	45	159	164	27	103	264	259	154	166	207	240	213	261	69	28	37	126	260	112	131	108	170	213	226	0	248	24	269	218	238	233	18	241	236	128	238	5	110	33	38	144	177	209	132	127	177	130	191	28	81	199	66	192	81	29	123	47	200	33	46	26	19	264	134	266	18	163	189	200	158	261	74	173	7
84	169	178	235	9	209	94	263	248	135	140	44	160	188	42	49	174	84	237	34	91	146	175	127	266	194	209	89	17	202	187	48	71	35	196	262	177	231	144	100	189	12	120	227	205	24	248	254	228	166	8	0	127	231	30	219	229	157	215	3	248	184	230	97	147	97	31	203	150	80	2	261	116	24	10	63	258	184	196	186	27	3	127	174	107	180	227	85	157	261	23	186	187	108	92	140	2	265	66	115
169	77	210	32	195	162	43	59	226	18	124	157	26	48	103	134	196	209	65	211	253	23	121	139	146	41	144	226	128	203	61	227	123	69	70	102	114	198	91	19	224	58	104	193	24	15	147	228	60	225	80	171	0	200	69	174	222	207	124	257	253	166	213	242	264	107	51	96	126	182	48	73	148	132	86	29	91	106	185	103	146	53	20	234	92	69	15	261	28	149	100	122	251	140	162	78	141	193	108	140
220	47	231	96	125	145	132	138	180	73	265	142	131	160	109	109	221	17	105	37	70	140	174	125	104	91	92	160	170	61	96	51	207	177	265	54	200	265	55	257	234	52	224	7	26	214	180	165	264	47	266	198	118	0	143	264	122	78	173	223	217	35	145	204	92	199	115	244	140	19	10	88	97	132	238	153	119	123	239	207	6	21	51	212	269	132	253	259	54	190	101	116	77	162	12	243	188	93	208	163
54	157	234	9	56	235	240	50	43	210	36	188	160	167	66	250	54	203	106	105	256	62	171	216	171	79	91	112	87	248	40	229	169	119	261	14	84	184	210	215	124	158	38	234	101	262	29	78	68	228	50	174	162	35	0	56	261	245	96	116	248	162	265	212	240	16	35	126	129	269	259	79	113	73	10	91	134	136	213	247	186	14	222	220	8	166	9	167	153	175	111	177	181	16	266	87	189	244	156	193
14	5	227	170	131	45	81	172	184	200	247	145	190	39	185	137	1	238	230	78	23	141	200	100	43	83	268	266	212	14	261	50	99	201	129	210	11	185	254	237	95	197	152	225	205	115	188	91	82	35	30	269	59	240	153	0	176	87	138	88	244	92	253	136	182	258	268	221	9	65	122	110	25	139	155	144	23	177	13	175	80	210	209	174	26	192	247	44	244	138	68	113	115	165	46	2	234	232	26	86
26	59	146	12	45	237	190	264	107	53	228	162	259	149	72	139	200	231	204	72	17	89	156	6	31	75	186	141	205	106	78	56	258	229	198	232	21	23	6	210	141	248	79	263	189	219	106	148	203	50	260	147	151	96	36	39	0	32	172	45	259	138	5	248	269	171	6	71	222	210	226	252	10	70	95	119	117	179	240	26	215	30	164	191	150	160	266	6	253	213	172	28	20	171	65	120	43	14	179	39
193	234	40	65	107	137	267	130	120	254	198	68	54	83	224	117	193	238	38	44	252	32	40	99	237	41	112	9	237	125	246	257	199	38	57	147	261	236	180	211	178	267	168	263	136	169	237	155	207	227	21	58	26	131	178	104	195	0	24	222	37	50	66	119	7	213	114	260	20	129	198	65	12	258	16	227	42	81	7	105	95	206	100	265	244	92	125	113	97	1	10	227	83	253	11	85	35	70	109	97
108	238	246	258	246	158	118	124	262	143	3	266	36	19	61	115	88	185	116	176	20	177	51	4	74	263	10	67	64	27	66	163	128	50	92	64	46	128	208	241	153	40	2	92	191	93	233	11	51	80	28	109	31	47	28	133	71	139	0	210	20	18	42	20	34	26	102	71	186	227	253	259	218	123	263	144	61	204	32	35	69	217	39	80	74	172	71	144	231	88	74	184	255	162	28	135	72	210	95	7
230	151	257	98	129	118	182	251	164	89	263	45	233	233	188	78	65	51	73	96	125	234	177	86	215	204	114	231	176	146	147	247	11	120	15	133	209	136	223	184	128	46	232	82	225	84	118	74	89	119	187	76	42	191	260	207	184	179	26	0	189	132	165	32	24	148	40	223	167	7	105	121	197	44	171	204	41	39	27	167	56	46	186	63	259	185	145	215	246	170	262	174	187	95	243	243	151	204	22	44
93	129	178	262	206	38	189	122	5	108	236	161	218	44	51	55	25	52	227	117	141	140	195	125	190	29	206	42	99	120	111	12	200	264	139	103	111	18	235	198	188	196	102	33	218	264	70	154	256	24	75	62	8	53	121	30	111	66	141	14	0	185	202	176	4	33	45	72	60	260	258	149	93	93	80	210	17	47	194	190	169	44	24	83	85	80	144	59	224	136	7	128	63	33	216	92	35	245	33	255
227	80	164	212	192	244	150	176	54	38	9	60	223	58	59	248	31	94	240	65	27	46	161	65	210	113	131	90	214	55	120	233	159	204	85	166	256	121	225	132	165	177	54	177	35	68	265	183	128	159	138	209	122	197	149	128	119	5	1	154	117	0	5	24	258	12	222	6	140	172	173	19	10	224	59	47	59	113	218	58	149	58	261	81	11	186	237	137	217	62	65	38	84	144	266	51	52	164	54	103
121	255	8	14	145	162	63	33	248	45	98	102	268	66	213	10	153	94	184	26	213	261	74	63	39	221	123	182	126	269	26	250	32	261	120	135	6	192	206	253	247	164	54	92	36	32	85	140	74	18	250	119	15	196	82	36	226	243	26	193	27	41	0	156	220	76	223	1	238	29	44	43	222	9	50	126	57	40	204	217	201	158	116	251	211	157	267	56	90	60	178	115	31	205	78	69	77	255	60	122
184	157	122	256	21	225	147	224	113	132	147	121	144	12	150	259	197	134	86	74	11	42	140	57	237	14	159	223	239	123	148	69	12	107	37	139	160	170	86	29	146	9	188	30	169	174	37	69	53	126	167	264	217	258	71	135	249	107	255	123	172	26	198	0	53	189	241	14	17	58	93	37	39	47	54	142	84	169	42	8	59	246	196	84	221	216	31	88	188	77	45	212	60	1	72	243	231	243	120	183
36	174	55	137	245	114	210	92	52	86	145	89	68	223	190	261	86	148	16	130	247	203	14	79	225	20	200	178	207	179	177	96	153	129	71	2	51	208	71	6	119	244	135	150	246	223	191	54	257	35	214	184	93	257	211	24	198	134	262	44	235	97	153	58	0	51	6	238	211	238	116	126	209	13	143	185	120	140	31	10	133	207	34	156	21	73	258	159	241	207	132	133	57	165	219	88	182	189	13	244
211	210	238	59	132	124	112	146	188	263	93	238	84	181	194	104	260	94	199	27	50	203	189	29	264	213	181	171	84	194	141	119	216	64	218	123	160	149	91	126	174	176	122	230	237	191	121	129	177	139	253	245	207	206	267	118	161	110	15	97	17	267	11	260	157	0	155	15	248	130	118	256	200	100	5	237	92	143	225	113	264	202	116	69	164	212	221	256	105	96	36	209	168	57	82	107	174	121	22	266
104	3	68	215	51	269	252	251	267	63	7	133	111	240	102	234	96	165	205	200	195	223	216	151	176	251	184	162	115	88	108	204	42	97	154	68	78	161	163	177	81	195	253	34	210	4	85	100	138	8	223	150	30	142	36	238	1	229	131	107	136	82	3	228	121	241	0	246	63	101	240	194	91	27	117	163	142	5	255	263	63	206	58	106	70	125	227	158	118	105	61	96	235	200	118	8	71	219	86	191
80	54	38	173	55	34	4	17	6	175	112	54	115	34	156	174	224	132	166	184	8	248	168	110	85	115	240	16	154	98	75	157	137	25	1	231	249	212	98	47	69	55	127	57	87	122	130	85	127	32	133	121	122	244	260	129	132	30	17	1	246	6	50	14	113	123	79	0	257	84	150	155	20	86	228	204	125	23	249	106	90	16	77	160	16	98	55	1	107	1	262	234	154	110	41	204	203	91	265	49
210	175	64	190	9	269	197	221	75	143	116	105	75	216	174	214	258	173	28	21	29	65	241	192	192	214	85	220	141	62	82	73	19	169	191	179	44	221	218	39	224	122	139	214	56	173	133	237	80	234	33	148	126	89	184	36	88	119	220	122	207	245	262	232	156	185	176	102	0	49	266	23	2	184	21	175	51	128	101	218	33	193	161	265	159	265	108	179	128	55	112	132	42	250	53	241	225	74	116	103
208	43	106	59	174	252	146	227	83	90	119	123	61	3	179	230	240	203	111	50	138	42	39	84	149	59	85	221	58	42	11	31	26	233	81	28	189	8	25	149	17	80	227	216	96	189	70	178	70	155	15	168	117	62	33	228	199	54	60	188	222	211	92	206	75	91	234	158	231	0	139	191	172	116	185	260	130	259	3	1	5	177	138	8	195	131	99	20	20	249	17	231	86	2	34	83	196	251	67	98
213	212	150	111	37	163	204	233	68	224	161	149	12	196	61	206	82	40	28	29	67	10	36	4	168	261	184	30	34	24	153	67	173	250	101	30	116	41	182	235	34	97	10	182	188	219	206	106	220	48	108	220	242	52	212	146	22	217	197	112	268	120	216	157	47	120	27	13	150	83	0	178	139	167	136	163	191	64	156	119	140	79	226	15	34	101	41	180	134	156	233	59	174	36	83	203	148	93	198	235
246	16	164	236	115	189	218	132	197	173	29	111	249	203	148	211	40	228	240	10	93	22	269	112	12	162	187	103	105	61	13	30	51	122	89	209	14	250	49	51	116	112	135	170	98	192	65	69	174	151	212	11	7	215	261	154	195	187	40	114	9	177	182	232	168	259	66	261	142	91	136	0	18	120	76	120	41	186	177	55	142	213	57	262	142	7	163	69	182	14	49	133	262	7	97	255	89	53	258	205
21	140	52	59	141	164	224	24	187	221	209	159	39	239	255	53	155	99	135	68	216	267	224	241	71	145	49	45	231	242	246	211	219	194	264	45	10	200	150	144	192	73	86	99	227	1	129	241	140	2	223	80	59	42	119	123	30	87	238	36	179	167	20	253	107	76	180	75	97	16	14	232	0	89	13	63	257	121	24	15	221	243	172	85	141	150	214	220	86	148	101	50	201	258	11	10	153	142	50	241
39	84	105	30	63	194	89	268	17	96	19	120	180	173	142	197	218	215	19	95	109	1	220	45	188	81	204	45	239	1	176	60	198	168	70	267	212	101	63	81	28	14	114	223	100	166	85	56	259	60	208	247	58	155	53	179	29	31	187	175	108	268	65	144	253	54	68	46	127	175	58	207	115	0	39	153	22	77	61	1	135	148	90	267	218	212	46	33	197	154	205	105	184	93	11	74	129	232	32	102
176	213	227	157	21	89	25	121	105	254	118	132	146	4	240	77	132	142	92	41	4	201	61	20	10	20	112	44	95	231	215	116	68	213	141	87	5	245	247	120	207	82	54	142	172	247	165	157	5	115	58	216	236	115	84	167	169	269	131	162	97	119	20	252	158	219	252	222	250	191	267	74	77	17	0	202	108	75	210	143	227	202	99	43	74	192	250	224	73	3	167	55	87	242	267	62	220	132	231	81
252	233	134	264	259	223	255	193	210	200	107	7	132	241	72	175	160	177	40	208	212	130	179	147	128	128	38	201	83	39	32	106	263	157	159	204	214	160	187	256	147	3	217	222	140	107	62	237	137	177	204	7	268	110	14	60	11	114	132	47	137	44	126	68	164	242	45	21	178	195	117	257	201	226	145	0	148	3	99	88	22	88	43	217	55	67	122	222	10	200	105	183	213	46	259	188	119	22	122	252
151	217	87	31	40	129	27	152	98	194	179	1	2	93	171	195	94	117	23	69	227	214	179	123	214	227	33	16	92	126	124	244	169	41	255	100	175	93	98	121	170	104	168	267	233	100	261	245	49	110	202	86	175	144	223	114	36	198	2	7	23	84	124	109	191	76	43	203	9	86	60	195	233	10	120	112	0	180	134	70	229	88	147	13	108	71	83	188	187	42	94	261	100	21	96	248	28	269	170	21
192	145	248	72	213	39	157	4	86	142	71	46	201	160	166	16	95	175	134	88	64	44	28	226	37	123	150	164	12	28	9	208	107	40	19	20	191	81	27	181	131	20	148	172	80	229	112	144	74	18	116	195	176	88	176	62	133	197	228	197	269	48	211	8	129	85	252	8	110	65	198	14	204	122	46	63	73	0	223	115	105	71	74	75	220	252	193	41	47	23	18	82	255	220	171	136	256	76	257	170
62	194	181	220	67	222	208	188	172	104	110	25	253	178	155	171	123	37	2	128	136	132	153	39	261	269	119	70	217	86	6	230	234	123	125	104	36	121	262	102	129	34	43	142	194	40	154	135	100	216	15	228	243	105	264	4	109	180	269	141	13	123	224	133	101	252	176	215	135	179	260	211	180	149	149	216	77	31	0	244	21	53	29	125	51	261	250	112	155	53	103	7	5	151	17	200	245	154	117	141
112	2	202	188	39	248	97	67	141	141	228	147	94	90	83	189	35	125	145	70	89	71	26	15	65	107	263	219	115	248	9	40	33	181	246	190	138	119	191	206	162	268	77	195	129	164	266	95	82	34	253	189	13	87	99	133	106	61	240	113	89	144	65	140	20	158	97	53	43	182	267	154	126	94	26	127	110	2	203	0	150	248	127	164	136	254	231	13	167	92	130	8	67	187	49	184	98	114	182	261
34	48	200	203	72	90	260	131	261	76	196	156	127	132	78	136	76	8	247	111	61	197	267	11	99	142	241	76	15	36	39	176	24	5	117	248	79	236	212	19	68	23	192	257	206	182	104	239	39	165	123	164	227	95	218	94	60	1	34	203	165	185	267	221	79	187	35	36	144	81	26	104	262	71	74	45	242	44	35	195	0	65	163	24	85	172	182	140	264	140	1	44	76	186	69	151	208	240	23	209
2	82	144	11	213	237	255	203	264	79	147	4	203	69	9	85	90	9	25	175	229	269	239	51	11	263	215	233	59	170	210	147	95	183	265	89	177	172	87	206	60	106	157	44	16	92	197	92	246	82	96	228	182	59	184	88	1	221	90	235	75	224	44	251	266	28	216	50	240	198	141	9	44	106	216	217	88	229	132	55	237	0	55	54	202	36	207	180	240	167	105	238	24	142	55	83	51	194	174	222
149	268	39	210	147	203	48	257	158	111	118	159	220	29	183	119	190	11	6	57	216	98	70	104	23	214	244	149	229	59	25	182	69	243	120	59	33	237	8	249	56	48	17	90	79	180	255	72	258	62	83	180	59	177	169	35	13	253	148	50	63	57	12	184	212	105	70	87	39	134	148	135	102	56	28	98	137	94	194	175	54	203	0	95	34	180	13	208	50	220	136	25	207	155	93	90	42	172	60	126
58	264	244	159	135	230	17	101	10	26	241	183	10	184	155	207	239	126	114	27	100	86	43	88	77	127	179	149	135	33	55	41	218	64	71	119	78	86	29	225	179	216	54	76	84	254	50	123	115	177	97	123	233	53	211	28	84	223	237	205	96	93	230	112	21	62	62	119	261	196	257	234	67	154	40	44	132	245	148	60	39	217	171	0	103	11	101	112	80	198	81	128	80	9	211	97	186	180	58	150
68	78	266	183	60	266	117	78	82	216	148	7	269	225	266	262	240	6	38	34	217	22	27	164	54	31	228	131	163	24	92	111	255	24	133	228	173	151	73	155	150	137	1	94	162	156	13	148	46	261	85	219	100	147	226	233	223	184	3	248	21	145	201	253	10	197	72	234	57	95	53	70	71	122	56	32	99	50	225	134	79	41	12	206	0	197	11	77	114	53	27	174	18	173	95	175	108	130	139	154
249	166	135	183	144	161	131	10	135	142	238	65	228	182	51	226	190	136	147	4	6	27	263	256	54	103	49	179	138	223	115	47	171	66	226	124	63	239	25	155	123	20	31	36	193	98	165	9	207	154	145	66	104	252	22	90	215	106	210	187	108	149	256	240	264	57	32	63	174	128	113	251	131	210	183	11	101	26	119	63	256	96	60	158	163	0	261	136	155	26	80	193	215	257	105	205	128	205	2	18
205	191	58	121	265	216	160	263	37	14	195	104	169	157	35	18	186	247	34	201	4	43	126	150	171	135	258	176	67	177	15	41	263	39	238	259	184	103	96	33	202	250	163	129	90	269	145	184	99	241	113	103	135	143	227	167	200	153	129	47	179	218	47	99	48	22	83	67	258	4	109	130	13	100	180	106	181	3	12	206	207	90	132	138	230	49	0	11	168	51	177	64	47	148	214	190	183	121	38	97
21	137	11	107	156	193	210	125	32	78	96	78	216	51	152	119	160	11	81	31	59	8	19	191	250	65	183	79	141	1	91	143	31	13	250	132	267	251	105	257	251	206	191	18	239	225	266	55	265	81	13	181	196	212	163	180	152	75	18	237	3	165	260	164	243	173	2	229	42	41	38	101	229	101	1	207	233	77	235	269	256	21	153	35	7	47	41	0	175	83	182	63	102	48	196	194	225	19	16	263
209	180	56	89	114	56	122	88	34	12	249	79	231	234	239	227	103	265	104	260	169	247	251	59	185	98	117	136	140	169	126	100	121	18	257	12	155	235	201	78	241	211	62	135	22	218	269	83	181	125	118	226	245	249	141	205	1	239	19	41	237	64	96	210	247	41	55	219	2	116	215	72	135	40	244	36	95	21	70	213	162	135	71	237	28	28	195	233	0	110	46	99	136	185	157	269	49	235	109	35
12	120	24	6	123	49	166	259	57	55	245	74	185	267	121	239	247	159	164	244	89	237	56	170	242	187	72	147	65	195	248	265	198	179	247	77	103	168	178	127	153	232	209	150	119	260	49	97	220	265	52	151	258	14	148	139	101	178	252	70	250	178	235	105	244	32	221	160	195	97	93	249	15	158	52	112	194	41	152	248	233	17	229	182	85	245	253	97	133	0	69	243	142	128	265	15	199	97	102	125
14	171	74	246	97	12	140	77	64	212	211	269	214	249	195	24	163	138	214	197	114	212	161	22	254	156	205	178	108	160	116	33	80	104	167	54	235	214	130	54	97	213	137	173	148	150	220	261	179	249	161	105	78	202	206	25	262	183	135	139	115	259	136	251	192	100	206	132	205	220	157	28	140	269	5	72	20	206	18	149	7	77	113	49	124	156	168	80	163	121	0	72	162	102	201	79	237	249	241	79
124	98	9	132	211	161	30	58	257	86	91	221	112	33	9	100	219	105	44	127	245	116	59	14	120	9	226	154	225	157	200	84	65	55	1	267	177	233	250	164	266	222	236	193	123	127	2	51	32	210	221	55	69	164	142	63	11	28	96	152	4	247	203	183	134	167	262	98	156	47	75	132	75	139	202	101	187	124	19	25	214	204	205	147	229	110	180	121	133	128	35	0	153	40	258	230	26	113	117	64
179	227	77	140	163	259	171	108	83	259	109	266	40	95	96	79	137	50	79	85	80	60	5	194	197	137	99	119	112	202	35	244	63	9	261	260	236	30	15	31	84	87	219	38	135	232	49	172	72	182	89	23	194	253	6	237	68	232	176	201	138	79	235	219	101	192	97	257	85	1	264	43	78	179	216	75	39	203	148	63	125	127	189	62	15	194	61	194	164	50	193	137	0	98	122	42	162	148	257	30
135	204	65	119	48	133	238	133	41	107	99	217	43	95	212	79	220	100	223	46	79	30	211	240	258	34	60	186	166	2	36	158	182	130	54	124	69	190	46	121	80	216	252	162	255	264	110	125	7	134	61	66	267	114	205	155	110	215	245	217	212	126	221	5	201	209	227	253	236	164	44	45	200	37	141	190	217	226	207	219	243	201	105	266	166	53	88	179	25	162	23	192	73	0	208	27	105	84	254	112
15	193	92	73	82	24	179	192	193	162	235	212	79	74	138	84	199	94	122	154	144	59	21	16	130	162	55	154	117	195	195	254	18	20	113	84	191	195	145	31	176	214	254	208	47	210	89	123	139	211	31	23	58	21	103	73	145	73	225	228	201	79	209	176	45	249	18	125	165	176	224	31	164	13	74	166	193	69	127	50	52	108	107	229	67	64	115	121	25	167	223	99	23	215	0	153	220	85	171	84
244	202	267	136	233	244	80	32	65	44	53	70	43	111	97	153	159	219	73	3	82	244	104	231	265	66	106	198	103	232	203	119	27	202	165	189	94	135	55	30	114	84	157	159	127	141	9	11	85	61	260	259	22	257	177	35	249	88	3	98	42	221	163	252	123	86	177	156	156	54	103	50	20	15	41	97	72	55	193	233	261	269	37	245	227	33	154	239	103	151	128	105	247	220	127	0	252	185	144	190
112	80	195	38	212	66	126	90	64	249	63	38	117	47	18	58	107	8	187	247	134	223	78	81	67	110	121	21	129	93	231	85	74	263	249	203	207	37	64	223	119	209	228	34	36	67	256	17	182	202	63	134	75	115	81	156	263	247	109	137	200	114	148	116	44	68	229	238	260	260	214	121	19	79	211	223	250	243	222	196	181	44	256	222	241	140	266	101	74	257	139	8	4	184	230	160	0	134	241	127
253	27	248	107	24	190	54	78	57	209	231	84	68	129	74	55	242	133	61	47	41	149	256	130	105	80	117	214	118	184	130	21	78	49	111	28	109	199	133	104	158	174	57	174	146	248	79	172	218	92	99	232	160	55	192	37	177	263	149	164	149	117	238	178	2	179	46	19	163	114	67	166	82	17	250	142	85	12	186	203	102	52	154	28	51	110	170	142	151	61	153	190	135	218	76	262	164	0	127	144
59	169	19	73	131	76	228	81	20	76	118	162	265	53	29	185	7	195	18	55	115	256	114	159	162	154	167	6	241	75	119	9	205	1	103	139	266	86	215	204	101	251	139	241	111	200	22	207	111	178	259	163	53	142	56	40	188	37	168	206	190	216	250	89	200	18	31	123	252	259	123	81	153	166	98	105	160	234	132	153	248	107	98	48	136	210	78	182	250	139	153	171	61	96	143	191	238	70	0	100
73	105	154	40	186	84	45	222	96	223	143	266	147	86	124	130	243	26	214	204	216	89	30	145	61	81	208	98	123	59	13	128	187	163	117	63	40	157	266	185	171	221	267	52	95	63	226	52	123	27	189	165	108	150	109	218	102	76	17	196	82	226	127	174	72	143	228	257	223	141	5	165	17	145	219	5	9	108	224	185	251	188	35	239	123	115	193	79	163	202	82	210	40	107	146	148	52	36	32	0
