A	B	C	D	E	F	G	H	I	J	K	L	M	N	O	P	Q	R	S	T	U	V	W	X	Y	Z	AA	AB	AC	AD	AE	AF	AG	AH	AI	AJ	AK	AL	AM	AN	AO	AP	AQ	AR	AS	AT	AU	AV	AW	AX	AY	AZ	BA	BB	BC	BD	BE	BF	BG	BH	BI	BJ	BK	BL	BM	BN	BO	BP	BQ	BR	BS	BT	BU	BV	BW	BX	BY	BZ	CA	CB	CC	CD	CE	CF	CG	CH	CI	CJ	CK	CL	CM	CN	CO	CP	CQ	CR	CS	CT	CU	CV
0	67	319	47	187	255	137	85	233	229	58	141	119	276	329	185	188	215	143	163	118	44	28	17	275	201	169	255	176	341	47	207	244	42	271	168	341	232	242	211	128	233	77	198	277	222	8	42	80	237	57	160	212	178	131	25	277	270	299	26	215	177	277	260	295	285	296	319	73	140	180	191	316	333	331	134	6	23	18	30	91	42	53	36	77	70	234	323	341	190	234	300	249	105	9	295	288	223	246	25
268	0	337	15	273	266	169	302	301	242	195	277	41	39	65	68	294	9	329	227	303	245	81	83	339	147	263	181	284	139	1	185	12	315	289	204	235	224	149	133	160	232	15	213	112	190	287	170	142	130	72	117	33	327	281	56	99	16	295	287	82	63	262	22	6	42	133	25	175	140	95	95	305	25	83	226	267	217	112	201	206	156	179	201	150	24	284	287	168	312	205	285	183	136	231	248	43	31	211	170
294	226	0	125	211	166	60	30	79	253	126	5	280	113	257	284	341	337	250	61	192	120	7	82	204	238	163	150	94	34	31	115	128	161	242	171	293	240	189	332	242	57	27	234	161	130	236	233	325	164	10	101	1	38	201	192	194	18	210	148	179	9	39	338	30	270	290	98	198	142	182	266	229	318	204	148	64	47	135	300	134	140	200	132	35	207	64	134	296	318	133	121	115	7	251	165	268	279	6	128
201	129	45	0	63	168	178	79	64	140	147	113	186	34	203	240	208	59	204	223	84	3	34	62	70	293	337	194	331	232	13	7	163	28	249	214	86	229	11	199	218	314	125	320	335	37	145	185	61	279	290	238	166	330	47	102	339	72	76	201	313	115	240	330	160	320	265	89	260	125	296	165	180	290	255	111	123	85	179	230	82	46	251	146	251	228	219	268	33	125	145	222	258	303	162	150	99	98	14	237
166	329	261	241	0	27	170	124	158	203	243	155	261	201	241	112	82	64	65	25	256	56	90	254	171	100	108	332	309	91	150	43	307	75	94	106	196	84	70	300	286	128	227	235	34	43	288	149	278	219	146	192	114	135	194	259	40	97	22	285	145	43	210	123	246	48	66	82	127	82	59	321	308	63	155	231	40	340	281	332	176	340	178	22	146	166	60	104	337	62	171	62	60	49	251	228	235	46	226	279
317	312	90	144	5	0	302	99	29	148	81	71	210	289	196	203	72	16	256	51	163	339	96	221	75	130	256	130	37	209	314	69	73	210	93	200	130	142	27	222	331	186	51	72	77	261	315	211	294	297	216	160	314	41	272	167	12	99	112	134	111	141	176	158	125	310	109	36	298	42	214	265	85	90	314	233	172	329	212	49	265	286	200	219	188	285	90	150	144	211	208	323	66	155	197	139	282	192	4	285
270	230	183	102	154	218	0	104	78	158	170	160	159	335	242	124	281	8	124	192	119	303	201	129	305	214	91	144	328	68	233	194	270	121	118	208	206	243	336	32	328	164	340	267	11	251	185	173	157	242	3	116	193	15	62	208	243	53	174	211	35	173	85	229	241	253	101	157	122	137	185	259	9	254	294	230	254	200	30	64	263	262	39	90	109	337	10	167	233	21	188	59	312	332	164	116	231	38	58	73
47	332	340	219	231	53	295	0	177	275	138	106	220	63	134	145	310	111	29	122	169	51	37	42	324	102	221	124	36	228	231	186	95	145	38	271	131	319	330	270	88	214	56	22	193	282	251	139	48	140	272	316	109	275	280	57	295	30	205	242	333	329	82	217	108	321	301	171	156	313	219	279	145	231	23	211	44	122	245	56	152	55	279	228	301	67	177	171	20	294	25	317	247	80	65	132	269	248	27	161
291	339	207	236	116	87	313	298	0	128	257	300	327	265	194	197	113	171	59	28	131	238	215	195	16	158	243	51	146	28	303	44	268	304	338	260	30	312	222	244	280	213	291	112	296	265	96	19	299	147	158	23	133	306	296	316	31	61	256	136	36	128	31	213	258	179	86	158	146	229	191	184	138	217	125	213	273	282	283	228	211	246	172	276	198	118	95	181	129	281	165	182	105	177	205	318	156	82	42	28
239	172	179	179	29	244	236	111	308	0	60	250	54	77	330	75	216	75	322	247	199	286	311	309	226	166	196	131	117	320	297	55	55	194	262	227	148	245	131	43	246	2	303	88	194	260	61	257	190	235	200	6	76	107	114	137	138	144	190	244	195	124	226	334	318	109	113	327	333	242	15	109	50	184	293	318	202	52	165	37	70	250	16	321	163	201	150	97	328	210	335	84	201	276	55	159	192	89	265	217
313	40	154	192	238	287	152	104	175	149	0	204	193	225	185	48	112	264	87	133	6	112	8	66	309	49	93	220	294	94	140	268	28	4	129	266	204	295	160	154	109	245	253	272	189	113	297	165	320	32	167	62	79	60	334	43	281	59	127	323	55	165	256	85	192	174	89	170	265	123	233	210	78	148	9	337	147	69	135	312	62	310	186	153	139	66	203	180	245	269	294	20	103	278	146	48	159	333	263	273
335	322	28	211	325	195	7	140	199	70	64	0	123	124	14	195	186	40	9	307	235	226	258	19	39	293	166	74	317	63	162	167	194	154	17	117	34	21	174	86	238	198	236	168	303	325	57	267	96	305	102	153	232	99	298	267	224	13	157	238	271	77	59	70	115	290	243	55	262	178	85	79	259	85	165	114	88	75	137	169	297	292	106	32	21	174	341	197	325	126	203	188	113	15	150	55	238	83	168	328
193	205	203	130	236	313	62	234	123	35	109	337	0	178	42	12	108	82	203	226	77	242	115	202	337	173	182	95	279	244	49	311	245	278	91	90	105	29	298	293	193	219	48	165	278	157	129	274	223	167	266	98	50	221	111	297	115	29	126	239	53	75	72	116	54	125	34	304	80	10	271	189	287	207	215	303	200	26	212	230	6	53	285	238	266	334	277	328	68	10	307	122	49	241	222	311	82	87	136	308
269	38	14	85	272	279	58	43	25	3	82	105	23	0	66	149	71	156	222	221	297	337	43	69	287	120	279	84	337	42	274	18	339	134	141	185	141	104	44	38	118	38	282	189	40	44	202	211	158	333	311	315	291	315	84	2	48	327	152	228	84	334	114	82	134	177	331	41	68	200	89	40	263	272	155	280	151	200	51	299	121	38	291	137	33	33	182	101	337	340	250	250	44	220	156	290	25	127	222	16
220	328	114	255	323	180	164	77	223	54	119	97	168	329	0	33	4	303	85	298	202	144	75	107	308	260	166	261	139	148	251	319	298	221	253	120	260	100	226	64	200	307	184	41	208	241	32	318	303	123	135	212	110	100	82	210	107	192	307	324	118	51	333	302	267	79	147	295	217	85	61	117	261	10	330	264	146	236	33	321	130	55	297	171	219	60	153	135	143	112	305	109	83	51	64	26	4	6	91	312
81	71	217	22	192	138	203	38	178	76	78	323	225	143	139	0	56	215	21	293	117	165	39	172	246	321	277	268	323	330	93	267	273	315	212	317	70	232	172	44	227	83	189	118	116	20	259	165	289	161	102	338	83	298	209	69	298	61	233	219	143	316	159	82	100	152	324	34	104	135	133	23	231	127	99	13	245	234	130	114	208	228	185	52	45	42	252	126	328	327	93	7	271	145	266	230	322	339	292	318
253	127	157	324	255	84	303	194	266	96	10	18	313	240	12	179	0	134	47	185	297	333	314	86	202	36	325	125	301	253	178	338	165	315	290	150	79	182	64	43	3	192	10	31	155	43	84	62	141	226	29	85	54	122	16	199	146	52	94	220	30	30	134	186	197	186	246	156	60	205	77	87	42	69	114	17	101	8	102	27	62	112	270	163	309	6	137	280	303	196	11	135	300	263	288	13	2	264	139	206
153	286	258	16	311	207	119	331	209	294	52	208	95	107	230	19	295	0	189	85	307	292	150	93	144	89	138	100	207	152	94	105	205	311	213	159	240	202	133	182	124	177	275	334	120	250	175	318	172	112	89	125	300	67	237	147	36	78	141	325	208	104	218	171	19	19	134	209	283	303	120	146	197	92	133	97	163	92	134	195	228	68	145	113	154	329	201	4	34	286	305	286	266	4	174	139	36	146	52	7
263	262	36	174	307	202	183	263	266	210	207	178	227	71	122	14	218	176	0	264	11	288	8	280	264	328	31	290	309	129	225	305	264	303	76	294	51	338	264	147	198	13	60	75	114	31	238	46	98	57	148	157	85	247	286	175	297	189	48	311	34	16	320	108	338	249	82	267	322	24	191	286	266	214	12	302	72	174	118	149	274	92	154	273	92	257	183	7	67	192	320	197	92	286	170	329	167	110	199	194
273	337	171	124	76	302	5	182	219	225	217	263	100	338	289	234	17	19	192	0	73	279	219	303	144	51	236	81	223	285	167	321	78	212	237	173	274	52	158	274	322	21	207	182	322	273	148	278	170	81	136	329	197	182	188	233	173	267	162	259	26	237	109	176	306	33	116	54	272	205	28	226	2	189	178	275	270	313	50	327	128	293	26	229	333	249	17	16	215	184	156	41	61	305	180	19	319	107	169	97
249	287	175	216	250	103	44	277	269	277	59	45	107	102	160	81	107	25	9	260	0	48	58	325	334	82	298	43	238	119	294	119	284	41	32	157	143	181	8	97	84	202	315	16	113	134	166	239	249	6	212	99	278	155	61	159	298	165	75	130	328	290	268	183	137	78	24	56	97	197	68	339	108	192	23	118	2	8	292	186	180	163	308	141	251	149	185	333	85	256	4	164	25	247	85	2	156	65	128	53
236	273	319	298	201	15	261	34	212	206	261	124	121	136	252	142	143	285	131	51	141	0	253	275	246	87	139	247	202	158	329	251	97	91	219	21	325	229	106	96	232	119	175	17	50	267	68	315	123	131	126	17	310	326	33	38	90	35	141	313	341	63	57	212	332	248	143	259	232	260	101	186	171	64	268	295	145	325	118	316	267	238	256	290	75	210	244	71	330	102	314	266	26	71	109	45	251	78	187	308
307	170	183	253	222	316	279	231	249	246	125	281	168	40	44	37	125	248	45	90	59	325	0	57	310	52	254	224	99	213	90	327	330	134	84	293	231	88	224	39	120	278	191	90	277	335	127	122	277	132	312	95	43	212	333	25	141	67	255	260	168	33	1	325	319	206	283	340	295	38	51	159	36	168	10	293	268	313	279	213	65	45	195	64	336	341	159	153	180	220	235	192	236	159	92	196	164	81	165	233
193	221	26	135	30	99	160	196	230	212	179	158	87	13	287	210	149	103	238	204	73	222	104	0	59	326	40	179	231	209	36	59	215	160	23	271	274	70	312	98	233	282	310	233	197	291	276	219	83	209	224	337	230	312	167	300	284	62	319	315	322	108	280	54	237	183	309	85	15	326	281	121	224	206	111	56	5	187	64	25	106	126	209	250	135	282	338	128	312	266	161	107	13	319	166	282	18	137	86	320
31	316	18	169	1	77	228	96	339	313	75	95	7	198	174	284	249	323	72	249	235	40	143	275	0	84	339	223	339	191	178	331	103	312	155	131	163	31	156	229	255	308	127	59	9	269	194	300	259	197	49	209	199	213	36	252	207	98	152	64	271	118	27	335	268	143	283	164	274	17	72	328	205	84	156	195	255	47	166	165	12	128	53	228	7	44	300	204	110	100	255	216	118	284	221	150	65	321	192	24
239	121	96	267	230	12	157	150	336	75	45	64	81	102	293	137	300	94	220	200	310	197	8	65	267	0	248	199	293	327	137	138	250	190	10	331	76	227	27	158	80	86	36	186	136	257	15	338	51	314	21	77	109	123	107	115	243	2	259	247	123	84	97	279	152	304	2	243	104	207	142	296	279	325	94	25	162	239	213	137	260	157	288	11	13	38	149	121	132	31	178	46	229	108	173	194	148	98	299	255
113	336	200	102	156	337	109	128	105	179	181	212	43	78	221	312	82	288	131	81	43	237	131	8	117	67	0	256	35	28	204	207	298	7	201	141	66	252	170	147	117	36	147	139	1	307	195	338	238	170	185	50	288	134	75	188	176	110	169	231	52	201	320	112	254	172	303	100	273	125	98	82	310	256	268	57	137	250	38	77	36	137	80	196	92	262	171	322	94	124	125	171	230	132	196	157	28	294	240	73
40	203	181	281	137	27	156	110	308	278	261	131	206	329	234	225	192	244	224	73	95	279	256	227	42	146	191	0	226	108	123	222	88	134	265	4	123	103	206	48	231	301	219	327	116	271	135	211	328	289	38	180	139	337	1	21	70	290	267	163	69	75	265	9	17	80	233	1	165	94	244	267	220	281	101	327	13	78	229	132	176	93	192	168	215	169	19	284	142	100	208	74	119	79	276	142	91	324	203	237
99	135	282	294	178	263	201	269	4	283	240	301	229	321	335	233	290	134	92	61	250	325	80	338	187	74	111	201	0	181	237	165	2	278	177	230	326	314	288	3	298	154	8	11	227	223	72	171	284	167	281	9	184	62	264	147	41	18	162	317	306	269	206	272	95	196	99	83	161	189	23	317	248	170	97	133	27	25	66	219	238	129	13	137	51	128	60	31	197	314	231	296	29	176	331	102	298	101	141	14
338	120	132	24	243	56	32	236	265	171	82	50	31	40	322	316	219	12	94	291	12	70	297	66	257	163	331	124	11	0	58	159	274	259	288	303	140	5	273	166	179	298	230	200	13	270	191	21	102	82	167	257	254	29	60	26	142	29	279	318	266	297	210	97	194	305	167	267	276	4	272	287	72	317	172	41	55	239	265	216	211	57	266	245	210	330	280	134	267	29	117	75	197	201	62	165	213	67	253	245
243	28	255	7	91	77	294	63	26	206	55	315	309	90	258	159	199	177	71	81	158	11	292	285	309	245	188	167	104	269	0	49	138	97	199	217	218	207	112	254	315	295	221	20	112	83	196	64	274	200	65	125	171	19	30	180	251	336	285	85	318	247	61	224	261	103	265	50	332	39	110	290	48	162	314	169	199	276	33	293	289	283	21	179	173	165	303	172	14	315	278	288	159	164	61	334	236	233	32	230
307	148	27	241	333	304	268	277	163	71	39	149	23	9	243	218	132	193	112	101	197	78	129	238	48	86	69	337	10	315	152	0	87	237	274	157	24	124	65	151	301	129	292	302	318	47	133	331	47	20	211	268	81	103	54	33	289	239	102	121	182	326	204	109	33	231	244	290	242	332	189	187	5	314	40	60	4	238	56	69	330	31	111	57	227	162	207	202	170	256	13	253	93	95	249	204	179	262	158	144
221	86	37	210	48	97	336	226	306	86	80	163	244	42	308	279	248	96	214	311	338	175	48	336	279	58	267	145	190	264	238	34	0	331	79	337	18	219	274	85	214	43	198	7	311	216	143	227	240	284	169	145	211	196	269	331	234	124	237	67	110	206	138	27	70	21	240	235	33	113	187	190	126	197	277	77	71	138	202	115	204	191	277	281	137	116	212	325	309	289	36	28	42	129	118	54	156	81	16	204
231	323	302	103	309	87	304	239	299	288	250	255	167	265	114	328	335	231	134	269	3	146	326	145	132	65	75	326	71	183	231	148	203	0	71	233	23	101	182	304	295	93	224	150	149	74	184	149	63	293	273	126	212	178	277	212	244	149	306	272	45	84	150	250	330	266	1	316	72	223	165	218	45	199	179	38	166	174	179	115	327	51	64	37	333	55	113	75	98	7	189	316	20	129	70	126	133	265	193	23
284	182	2	291	20	135	181	302	234	229	166	244	182	84	4	81	330	195	263	336	117	241	5	259	304	116	278	8	276	106	46	158	275	189	0	330	105	309	3	55	235	252	54	43	259	65	242	97	246	44	299	290	262	263	251	124	334	338	80	187	62	340	323	93	232	54	183	127	265	317	174	239	13	72	314	23	11	74	180	70	227	323	314	171	131	82	91	333	81	27	27	246	58	206	299	98	26	50	142	295
58	100	201	231	297	184	13	141	203	43	220	328	60	29	16	88	279	19	63	91	26	296	9	307	234	35	187	97	329	280	254	15	156	239	159	0	97	274	196	149	144	119	140	98	48	146	275	265	292	33	172	183	275	54	164	285	231	291	58	41	195	286	278	273	191	275	258	133	169	11	313	199	204	35	87	308	309	8	324	320	147	186	198	234	198	103	55	310	66	162	324	8	77	292	174	191	80	45	186	209
297	112	99	81	161	237	267	164	243	263	173	137	280	53	325	225	274	90	286	80	309	138	142	176	269	257	199	62	273	207	337	34	12	49	9	195	0	178	262	66	1	246	225	25	162	101	106	114	227	226	3	170	156	132	149	118	61	213	108	53	337	339	281	280	23	293	330	228	30	44	242	127	222	231	130	222	278	209	203	5	19	133	275	271	325	211	144	22	153	242	12	22	169	250	149	245	78	295	82	203
188	114	107	96	4	335	89	119	205	44	272	134	32	204	293	268	63	270	336	259	253	140	261	208	335	234	71	307	340	205	130	312	81	78	111	207	257	0	271	179	234	329	285	331	161	22	287	242	66	276	12	164	99	107	16	277	111	230	187	30	325	99	181	337	338	174	129	55	13	248	305	246	66	214	34	294	310	171	119	300	341	109	108	176	180	261	295	48	240	299	315	291	133	124	305	262	321	113	306	115
305	329	315	291	24	71	341	47	120	218	205	131	227	45	14	143	327	326	240	303	135	89	230	333	89	284	118	59	278	164	232	182	83	248	51	166	88	106	0	302	193	128	287	268	246	272	202	341	77	96	259	62	341	228	267	204	110	322	236	40	336	15	273	107	228	275	80	243	254	229	224	48	177	108	49	73	231	278	205	45	128	88	62	66	7	74	285	236	56	244	30	303	3	199	108	327	242	209	226	87
179	44	206	204	309	298	55	223	54	45	22	38	84	161	194	134	171	253	167	105	304	191	5	284	56	74	137	200	49	84	96	259	266	279	242	204	170	25	101	0	301	224	298	164	118	81	145	38	46	12	211	120	1	287	210	93	322	328	44	181	186	161	198	247	294	132	114	303	70	145	56	304	144	112	5	266	185	118	294	126	285	21	106	24	268	9	267	150	287	306	335	68	227	10	123	308	281	81	60	77
289	18	166	18	84	156	45	152	253	309	127	146	11	322	106	162	20	45	207	12	277	72	179	256	49	280	135	227	18	26	8	33	277	65	222	197	249	79	331	286	0	189	182	13	341	323	222	123	156	52	30	39	23	225	128	172	232	265	241	115	286	256	222	278	324	167	178	312	59	181	306	100	132	69	133	78	62	317	323	57	277	18	290	208	98	258	72	122	232	16	279	276	52	125	180	275	188	128	179	120
7	265	98	143	302	157	67	174	332	235	48	201	9	34	275	77	46	221	66	206	327	33	293	13	51	270	316	314	294	163	308	44	238	179	127	296	200	116	60	162	315	0	332	167	245	207	117	261	225	75	285	40	123	4	315	323	146	87	142	336	250	15	263	327	326	86	334	202	18	95	271	114	114	142	44	77	29	5	251	210	237	11	77	196	329	15	292	1	224	142	227	105	189	192	196	267	101	130	137	8
61	164	80	237	310	65	216	329	129	68	62	212	195	29	150	35	238	190	335	165	306	288	15	20	57	297	233	132	64	166	4	186	117	15	19	262	243	284	205	8	46	16	0	30	278	109	270	29	311	94	256	226	64	164	25	74	155	60	245	60	202	162	250	58	147	107	233	191	309	109	176	94	201	72	258	239	161	212	105	277	28	81	263	140	306	268	189	84	220	101	225	217	17	111	294	301	205	141	309	308
180	251	186	330	122	4	180	324	57	279	91	15	211	159	310	273	298	215	32	61	72	82	280	97	103	71	339	87	191	194	238	238	144	270	220	211	211	286	48	17	253	19	292	0	233	50	295	239	70	316	10	204	126	212	256	121	239	238	70	335	132	96	320	214	192	170	143	145	192	110	120	181	100	306	253	171	323	165	221	309	340	138	276	119	187	215	81	7	305	250	99	269	329	268	134	159	194	27	269	89
184	220	341	200	260	148	276	67	309	241	212	47	296	170	133	293	162	306	12	305	29	166	163	191	24	201	15	243	230	304	219	321	308	102	77	115	299	148	13	22	121	49	324	124	0	141	157	59	199	3	63	106	212	295	256	164	56	131	31	195	118	20	250	122	266	212	169	274	299	107	232	204	298	89	100	172	75	236	269	238	289	159	253	201	174	112	228	9	146	314	116	270	75	173	117	263	190	334	322	27
158	233	234	298	245	111	118	182	57	118	148	192	2	338	141	76	62	248	250	117	39	36	3	22	110	185	189	341	167	256	336	171	60	222	4	306	107	29	198	249	215	310	315	162	326	0	152	341	193	316	339	294	4	177	155	339	176	121	46	124	145	169	133	105	216	326	90	136	215	52	341	155	270	295	7	163	86	140	195	7	198	63	203	58	288	163	328	49	275	31	155	178	119	41	332	133	186	70	200	213
150	215	45	127	47	333	238	139	248	95	20	107	327	175	296	14	143	26	62	309	292	297	315	109	109	253	248	128	251	256	341	230	183	23	216	313	220	299	247	4	40	81	200	49	245	92	0	104	333	272	113	217	129	142	180	228	154	33	192	273	185	112	227	194	245	41	177	251	219	254	108	237	234	27	61	338	23	78	57	111	6	261	187	73	20	236	14	211	121	52	158	172	274	97	312	9	170	283	281	21
340	32	299	282	99	307	153	307	278	155	314	110	295	48	180	85	216	39	188	203	307	210	285	232	317	67	129	160	239	161	147	292	272	149	179	153	314	2	261	187	266	48	249	14	1	48	14	0	174	319	80	286	62	238	205	120	114	48	290	161	124	111	32	257	198	317	297	73	315	86	236	51	286	303	178	120	208	114	195	239	197	160	175	167	225	188	205	124	71	264	300	214	121	40	37	282	259	93	311	237
192	2	135	269	231	17	26	2	228	109	256	205	220	133	11	340	218	13	168	142	182	10	23	266	317	254	201	40	77	327	4	312	218	256	94	124	170	328	81	114	326	332	174	275	20	9	203	188	0	285	308	68	183	186	259	112	37	113	311	204	282	320	202	125	22	112	280	122	156	104	264	191	176	143	336	25	119	270	121	336	160	51	40	9	257	111	175	82	100	310	222	162	328	198	217	308	290	52	310	263
321	161	84	245	190	120	299	3	40	330	71	280	192	272	324	98	313	63	226	27	174	17	307	162	178	120	197	46	180	216	102	172	141	114	67	259	266	69	96	7	65	9	290	250	64	278	80	273	37	0	270	147	144	84	47	217	190	205	253	173	56	25	138	152	236	268	194	58	66	37	51	88	24	273	248	147	200	258	337	269	195	180	139	10	82	221	220	56	53	173	97	305	26	98	235	330	187	291	20	227
308	170	197	86	314	271	315	14	276	190	304	28	1	126	261	254	283	267	113	270	34	305	271	194	324	144	230	68	61	65	77	174	250	229	80	173	293	243	230	27	242	226	80	329	341	180	59	9	247	243	0	23	283	126	130	258	94	100	10	60	289	324	317	146	207	145	283	62	326	257	126	72	119	5	38	120	161	332	173	258	112	236	159	181	122	45	212	154	89	161	289	335	66	90	69	86	159	285	61	226
160	254	301	182	64	43	83	92	15	119	323	138	203	140	28	101	93	87	38	135	292	285	267	147	264	204	240	280	127	134	340	262	296	144	30	158	163	297	130	179	95	309	31	337	194	48	41	284	173	260	214	0	230	171	235	52	121	123	69	294	8	118	62	156	181	14	340	62	63	276	289	216	234	284	63	303	144	341	145	124	178	199	111	84	250	105	149	249	278	132	1	54	275	198	323	16	326	228	97	228
273	32	86	287	80	183	208	134	94	85	41	92	277	166	50	110	288	292	131	87	103	302	125	175	329	290	29	327	286	35	244	292	6	63	321	213	222	261	328	291	334	147	222	124	25	139	235	18	275	26	304	99	0	67	308	28	245	199	17	41	268	155	130	164	275	323	307	291	207	22	204	77	53	306	20	73	323	321	29	312	33	209	74	256	302	172	43	275	272	278	99	241	249	112	54	111	26	271	26	143
282	44	321	304	204	63	66	109	121	218	142	129	81	333	286	53	15	226	288	318	56	95	171	306	290	320	301	71	145	306	76	62	99	66	13	20	227	166	16	281	325	35	236	137	281	267	103	264	288	124	159	124	277	0	256	152	287	60	149	82	7	8	305	120	107	194	338	205	119	252	132	257	295	256	74	36	105	189	339	71	206	211	23	247	133	321	330	2	228	133	169	303	176	5	268	329	117	84	247	271
263	48	199	121	290	29	167	266	169	102	180	54	290	200	291	174	8	161	107	91	227	234	62	322	206	246	279	98	258	89	306	327	321	173	309	331	26	122	233	284	226	74	330	164	193	204	150	235	331	280	112	337	75	33	0	278	85	72	54	24	313	96	245	164	167	278	45	267	306	312	319	272	107	340	263	294	135	69	260	323	326	159	180	87	81	7	185	202	202	247	187	179	3	223	2	262	236	231	329	70
203	232	163	261	260	104	328	119	93	131	290	190	170	57	251	271	185	6	177	43	128	111	273	143	91	78	246	293	86	41	48	235	140	310	217	67	88	185	278	277	248	192	154	194	289	192	309	208	287	24	41	217	271	146	183	0	321	136	326	307	328	114	103	65	271	140	112	172	69	194	164	316	64	81	182	147	97	205	135	20	110	141	329	148	289	284	84	179	118	335	16	155	224	313	132	44	59	101	302	228
292	337	241	341	116	270	10	145	270	212	281	278	133	166	86	34	193	135	284	111	184	122	276	106	207	266	17	312	236	241	278	119	336	141	285	104	112	276	189	36	284	284	181	272	279	116	146	71	165	237	247	150	97	233	202	312	0	251	299	264	222	5	18	101	114	306	116	94	153	217	284	176	160	338	2	94	307	83	201	196	183	123	305	58	311	290	182	255	123	281	208	97	201	146	161	199	82	9	107	44
168	305	256	172	97	154	247	340	149	206	52	137	198	156	209	76	110	54	46	295	140	212	15	8	193	70	43	305	290	226	323	301	40	11	326	50	173	304	321	53	65	136	134	47	16	255	228	311	41	47	74	81	21	258	17	168	30	0	218	189	85	205	310	271	88	61	235	196	154	234	79	126	260	122	328	66	119	134	320	111	131	294	112	233	171	320	183	249	63	26	107	215	70	270	203	109	244	184	184	83
186	160	304	182	13	21	145	268	228	164	306	316	312	225	60	325	260	38	203	50	129	142	140	14	206	236	30	302	202	313	223	145	136	241	28	298	208	126	338	176	83	50	98	225	329	43	197	135	251	144	61	86	107	213	123	302	165	82	0	19	147	279	38	32	246	22	271	12	13	78	270	190	325	213	119	11	61	38	17	8	222	177	250	118	100	168	118	317	148	244	304	64	76	3	268	31	23	187	230	202
270	263	198	91	149	138	198	230	157	151	130	272	151	234	161	248	222	210	229	210	63	222	285	187	199	43	267	189	256	324	267	68	9	55	215	230	247	117	140	107	238	155	154	211	328	218	42	156	254	74	216	194	33	110	95	308	174	164	143	0	143	4	228	29	289	138	63	138	323	79	338	279	182	138	185	59	57	31	322	159	121	140	23	3	65	293	296	245	254	187	75	160	318	277	331	219	278	71	306	294
203	209	337	174	51	261	51	325	202	313	335	182	43	24	173	299	82	167	307	155	64	195	280	260	217	143	283	293	207	305	147	320	281	167	191	52	259	206	25	220	27	247	217	264	12	77	160	67	257	337	65	127	173	162	124	111	282	81	261	243	0	60	19	23	23	36	256	285	212	182	121	153	151	252	42	252	270	313	334	84	128	126	171	234	188	321	51	116	324	213	13	8	78	157	31	333	240	299	184	307
76	317	283	187	56	95	295	296	236	28	101	176	234	227	88	312	13	187	154	28	292	255	302	132	16	337	108	208	85	51	246	201	253	313	118	326	258	249	269	107	149	339	147	234	54	79	250	20	250	23	304	122	236	113	320	197	208	61	292	302	75	0	286	108	155	28	332	295	212	101	249	195	91	87	272	286	27	48	262	117	166	66	299	194	10	160	198	56	195	166	203	182	150	11	272	152	271	237	258	30
75	166	6	289	161	40	116	119	74	119	224	299	289	118	283	300	61	49	15	308	317	293	280	302	81	202	301	266	174	25	137	80	166	306	326	243	201	150	143	155	62	268	301	311	327	61	104	219	53	77	338	109	35	312	242	18	226	327	313	17	111	4	0	107	271	131	186	9	95	108	247	89	280	156	36	270	147	109	124	244	16	189	236	315	163	55	75	341	275	297	111	72	286	308	334	11	330	293	148	136
221	188	154	92	37	131	74	176	43	151	306	18	15	206	157	204	106	290	270	229	195	196	175	231	103	332	48	135	81	238	305	41	44	279	11	123	319	162	166	193	101	235	306	152	323	108	80	18	183	59	143	91	113	149	324	293	263	10	223	179	313	333	182	0	258	261	14	54	22	168	174	85	14	70	313	283	30	188	80	151	168	139	220	245	304	167	298	196	168	76	340	137	45	104	306	203	208	153	21	226
304	26	108	142	272	215	201	123	121	63	131	141	272	86	98	323	87	308	58	73	215	217	221	26	181	226	206	216	302	144	54	181	303	208	87	77	247	188	185	127	78	254	294	150	60	257	100	123	31	87	88	2	302	176	170	167	116	231	12	307	129	324	46	225	0	1	18	165	7	15	219	230	237	306	266	162	102	195	93	30	58	77	240	221	50	264	224	103	151	68	260	210	290	110	180	245	79	332	105	321
283	107	80	76	18	57	152	38	201	261	220	290	223	35	60	113	137	113	96	314	89	244	128	217	114	335	260	82	311	24	290	124	285	14	273	244	59	283	125	329	288	122	168	16	263	147	214	38	319	68	16	210	86	92	64	65	84	227	156	221	195	339	26	134	219	0	159	166	275	198	282	235	185	173	268	194	258	73	319	30	206	264	134	133	215	67	122	137	252	258	31	173	275	26	54	223	130	99	178	231
17	181	122	9	316	224	291	190	302	186	222	53	191	333	221	59	43	221	233	115	229	249	49	67	233	180	287	107	56	12	305	257	77	329	308	187	205	237	9	60	336	266	118	102	110	82	1	66	136	158	276	28	137	63	333	228	272	266	151	133	247	159	182	191	29	276	0	267	92	287	258	125	329	76	303	271	35	223	165	108	230	293	104	304	143	168	256	14	39	30	255	114	70	315	136	6	148	83	258	285
78	284	160	69	152	68	13	105	150	197	87	24	275	200	286	192	70	142	325	160	164	331	114	33	29	192	111	7	255	115	182	148	4	172	285	35	221	193	315	315	95	269	170	108	91	230	312	296	296	175	131	268	240	242	291	3	184	250	243	31	152	24	28	337	231	77	191	0	235	235	58	324	303	10	194	55	144	110	278	131	200	99	331	25	170	47	189	289	271	121	307	88	8	213	152	37	252	141	162	137
63	68	122	153	7	271	3	119	38	67	280	251	100	206	211	293	294	179	234	114	171	88	131	254	275	296	156	269	128	317	188	96	16	9	168	214	238	146	56	338	97	105	162	247	285	278	83	259	315	148	334	1	166	102	79	71	247	256	54	33	199	27	262	194	66	264	259	339	0	316	201	176	134	255	40	61	62	158	229	152	124	15	20	313	221	217	223	140	32	216	12	297	59	130	307	246	50	199	225	267
117	28	207	243	113	144	135	287	235	204	233	192	296	131	141	25	263	224	92	127	216	154	112	93	207	238	308	77	79	180	337	268	248	205	5	73	218	158	64	89	106	108	132	129	186	223	214	75	337	264	340	323	177	64	56	228	21	239	122	171	291	282	266	241	276	27	274	35	58	0	165	14	60	190	54	196	333	307	184	314	78	44	292	192	190	76	37	80	46	116	59	49	38	15	88	7	130	156	118	162
205	79	188	159	146	161	253	335	208	253	77	204	55	105	104	201	197	336	325	142	91	162	292	219	326	54	187	242	325	298	4	303	148	272	319	145	173	120	206	160	329	110	191	259	198	63	333	51	215	62	232	93	143	64	69	310	51	78	325	145	93	116	122	321	127	78	241	83	337	85	0	150	107	15	144	114	95	70	172	191	291	19	48	174	5	94	196	162	89	291	172	322	156	273	76	122	176	271	60	272
189	320	100	41	18	70	241	6	126	284	105	64	312	59	278	309	211	306	323	193	248	128	3	215	19	224	259	110	83	337	76	323	251	101	274	164	194	288	7	308	128	33	181	176	174	137	304	251	31	10	126	177	143	227	102	203	209	49	226	104	15	330	4	233	77	326	258	187	132	166	161	0	205	251	60	181	334	13	101	208	29	164	81	205	96	292	310	60	110	271	42	50	55	67	315	176	87	69	295	196
96	339	243	139	82	14	88	4	258	318	144	41	185	49	267	332	340	341	39	341	212	70	316	134	75	131	250	170	295	256	319	145	137	216	338	252	132	292	162	278	29	317	204	331	64	107	42	292	234	223	118	236	295	167	49	315	65	309	5	8	302	297	279	275	185	261	158	27	330	248	215	42	0	264	249	323	153	117	103	215	109	26	300	9	341	13	340	154	308	4	294	216	91	209	234	313	17	127	1	189
62	338	83	248	79	207	65	115	310	288	128	322	216	1	209	19	3	133	266	77	171	328	187	131	237	221	196	311	141	336	315	102	11	253	16	335	186	159	193	285	204	239	62	24	306	231	161	184	24	174	54	299	277	182	241	16	287	312	118	12	40	287	202	240	89	113	148	154	17	184	93	91	166	0	29	337	120	100	88	175	159	131	310	301	150	81	272	208	78	200	143	330	121	21	209	307	242	304	210	121
10	171	297	92	132	278	168	22	15	37	268	216	200	13	173	322	28	287	310	322	214	289	9	106	99	243	5	234	22	207	300	323	209	12	143	293	264	116	298	253	58	216	217	244	71	211	270	167	317	249	208	230	294	112	212	290	189	230	194	264	247	199	40	301	264	227	287	83	70	338	80	70	127	180	0	122	194	222	171	262	110	45	138	28	94	103	211	311	45	254	263	28	186	265	9	163	70	173	249	96
110	13	90	19	84	193	263	104	155	153	290	144	226	277	126	270	215	89	324	110	312	267	280	31	203	236	47	88	217	244	262	212	232	125	89	186	238	329	165	279	296	220	154	15	176	10	240	139	40	177	284	322	289	20	181	15	94	35	92	1	140	93	132	222	120	110	278	169	59	251	270	308	26	93	326	0	72	20	85	338	84	286	110	84	51	130	65	238	200	29	10	312	7	161	112	331	63	36	274	331
249	257	241	92	37	336	157	141	224	206	133	209	200	283	236	190	247	15	56	319	227	277	291	332	155	125	158	285	260	265	62	68	95	294	239	306	335	157	147	186	19	109	251	291	330	193	147	61	169	94	27	192	168	165	305	318	339	33	253	56	290	144	148	22	197	63	96	40	110	308	35	117	122	54	50	234	0	103	320	108	298	262	202	54	200	54	90	244	103	215	239	326	180	193	260	117	191	149	277	14
138	242	132	251	173	1	53	5	294	200	308	330	71	232	11	195	232	84	162	201	76	100	214	70	166	282	206	24	313	83	74	6	260	300	250	13	193	255	36	316	53	75	94	299	221	96	96	219	120	26	183	60	67	227	197	71	77	215	273	86	208	151	37	322	2	166	241	254	339	156	10	300	334	140	323	9	227	0	201	95	103	25	288	42	259	310	187	214	272	126	329	71	124	124	12	144	113	228	3	241
164	178	160	228	178	282	328	288	18	246	22	22	233	107	13	221	317	82	261	2	86	222	29	288	258	289	330	120	152	19	335	209	225	6	163	26	113	212	66	104	26	217	241	243	197	66	181	120	27	267	226	140	263	285	220	173	2	137	259	215	203	224	234	269	147	173	6	156	198	49	315	179	15	188	55	51	313	136	0	180	103	288	233	267	201	316	240	88	245	189	153	127	118	202	117	25	147	39	148	312
292	194	260	289	328	89	242	230	270	324	289	138	147	160	225	246	127	73	83	341	108	267	183	77	109	310	298	289	127	13	232	174	309	150	104	147	65	101	336	86	312	234	14	243	178	243	257	315	197	278	233	304	199	154	116	141	293	259	42	329	305	131	286	74	168	188	93	316	45	182	124	125	41	261	6	39	148	293	56	0	2	73	303	272	62	108	176	115	303	17	331	230	233	117	200	229	11	6	163	77
116	18	77	281	44	52	71	337	271	256	36	7	155	217	148	150	5	30	248	308	50	199	300	266	249	59	191	147	156	120	141	80	170	90	327	53	125	62	254	247	12	197	81	50	124	186	107	192	116	188	97	103	285	176	279	95	72	219	338	309	69	240	226	276	60	281	321	202	206	172	153	198	72	92	105	168	337	142	232	37	0	101	133	291	264	300	191	271	279	177	129	2	91	204	33	260	287	245	197	95
10	159	302	234	86	336	81	282	260	249	17	295	309	56	113	116	20	110	270	225	314	161	258	84	40	96	162	170	146	108	315	105	220	127	144	252	260	220	159	39	120	132	150	96	247	119	221	244	273	51	173	207	225	220	179	138	234	36	308	321	280	191	11	115	280	222	303	54	266	74	325	314	292	126	262	241	284	103	92	189	74	0	58	139	238	45	186	191	147	242	266	177	176	306	58	187	90	193	217	36
37	128	166	1	65	234	341	174	272	64	299	100	318	337	158	41	174	136	74	77	328	85	14	260	158	4	89	188	103	277	321	119	242	78	197	321	282	227	247	102	85	166	279	99	46	124	13	304	198	148	193	14	307	305	16	91	65	195	93	88	16	298	139	162	227	10	311	317	171	257	131	337	229	103	190	91	268	162	292	125	327	334	0	291	165	9	337	310	109	248	31	273	92	220	329	188	240	23	239	122
80	116	166	215	294	306	184	256	157	10	79	148	104	104	118	203	26	231	232	229	74	166	236	68	25	125	120	259	157	27	222	216	237	11	332	331	182	242	316	117	59	149	106	238	102	268	315	80	158	195	239	214	280	126	291	148	254	168	193	41	21	1	326	3	106	252	290	105	80	152	171	5	9	95	166	204	163	120	146	121	184	63	101	0	340	245	202	43	156	161	296	214	48	163	77	92	31	108	2	89
167	236	26	25	325	223	115	90	4	79	145	290	308	186	226	224	308	30	213	170	319	241	184	62	291	53	139	255	252	269	319	256	299	49	114	143	236	6	27	32	333	276	257	329	158	8	327	192	49	278	280	259	205	284	319	139	228	153	54	299	248	96	24	109	301	236	280	191	20	101	104	71	50	129	214	63	123	164	84	291	66	85	71	310	0	106	302	73	200	221	256	167	70	79	197	79	57	194	9	135
329	245	215	18	20	37	27	35	264	236	141	183	56	30	1	42	146	268	214	37	199	169	269	260	179	244	279	35	79	280	293	95	7	18	270	204	101	103	69	293	336	258	12	295	114	88	219	113	157	96	183	37	61	196	176	116	255	292	109	251	101	308	248	184	93	218	255	27	218	4	163	102	257	306	111	185	218	107	252	67	86	52	41	249	204	0	12	164	306	65	300	153	245	230	217	146	197	338	223	54
175	76	69	165	55	104	200	91	201	31	146	322	269	21	253	50	154	290	143	260	329	247	114	166	104	321	104	90	230	12	146	39	129	331	53	78	143	291	236	303	195	216	71	16	250	169	172	279	23	217	65	15	317	76	293	239	243	277	135	285	321	170	214	32	82	157	231	111	328	72	328	103	100	257	194	300	267	125	34	50	274	142	193	156	332	160	0	57	48	184	76	242	260	334	238	73	1	285	214	171
329	29	274	176	293	212	200	148	98	172	262	339	98	253	197	328	165	68	117	127	259	68	53	208	34	157	15	90	247	270	326	104	48	250	118	229	98	151	192	252	332	181	167	319	15	155	205	231	331	247	159	176	244	141	252	256	181	164	294	66	89	58	326	150	279	49	291	41	263	101	268	200	241	226	243	195	145	97	324	264	27	49	262	127	180	20	333	0	31	24	155	63	47	308	30	149	130	267	216	92
107	193	319	41	57	39	43	55	233	312	126	94	29	21	15	5	92	215	219	221	163	9	63	184	281	153	178	110	236	151	321	228	291	80	102	219	31	311	140	13	150	287	26	84	250	326	111	322	77	267	101	324	119	199	215	279	1	150	315	310	306	145	273	73	115	98	332	164	13	114	321	67	276	224	171	201	169	136	37	117	254	67	81	74	77	300	75	185	0	338	226	19	116	167	327	211	121	113	183	268
148	118	115	299	38	249	202	146	239	243	20	267	326	307	140	125	230	268	17	168	341	63	339	219	2	27	88	5	228	302	313	269	63	246	221	325	283	287	302	333	238	97	170	210	332	225	85	331	70	119	249	218	162	325	18	317	82	235	275	126	301	63	178	64	118	107	203	260	251	261	215	323	210	217	99	246	56	276	39	117	258	195	43	159	143	130	305	69	302	0	127	20	75	125	224	288	260	81	105	205
160	134	232	259	172	144	224	281	61	136	24	287	119	324	237	252	88	208	129	226	293	122	44	110	111	306	25	206	260	297	53	301	82	78	235	105	45	290	319	61	332	52	308	149	42	118	168	310	6	211	188	211	9	63	187	166	235	235	164	230	121	140	97	141	326	187	26	177	69	257	257	274	127	3	5	106	220	256	215	94	179	174	136	51	101	42	329	312	186	327	0	271	61	92	21	220	150	130	185	242
296	25	24	163	302	134	329	277	337	157	45	307	13	73	153	94	156	133	62	41	135	100	118	193	90	124	41	29	13	25	276	193	155	189	214	196	241	150	75	119	84	310	188	32	183	193	250	100	262	55	165	149	217	156	204	286	318	271	143	185	17	131	55	194	188	221	143	260	117	311	311	287	204	200	84	138	277	128	245	332	310	117	163	88	171	258	94	65	154	185	325	0	299	330	156	128	196	239	198	145
172	35	175	17	67	168	88	47	131	95	61	173	174	268	242	103	285	64	95	165	42	242	203	253	46	146	120	275	203	113	155	307	32	199	262	8	73	316	181	21	68	27	227	66	91	89	57	59	114	106	154	73	208	10	337	331	288	276	310	297	256	152	268	123	177	114	58	61	28	299	242	339	250	70	326	213	254	320	292	318	173	44	292	36	299	115	110	238	289	186	38	15	0	149	179	86	289	200	277	10
295	231	256	202	195	82	228	117	289	295	108	218	84	41	264	56	184	12	29	287	328	124	97	125	305	247	292	242	62	3	234	328	111	199	204	236	232	299	33	191	242	134	222	58	169	125	109	305	195	64	210	314	224	288	142	63	64	4	258	205	69	98	132	183	137	175	322	260	253	157	57	230	27	149	323	118	269	314	217	294	133	63	125	51	18	175	22	332	209	106	34	158	251	0	187	106	284	103	196	308
84	27	155	263	193	89	31	60	183	206	163	257	45	228	299	281	117	239	278	217	86	96	97	209	179	24	250	7	93	193	113	338	24	74	36	319	318	309	198	148	270	179	333	304	184	46	125	152	307	250	105	193	124	260	286	226	210	215	36	128	59	171	261	144	49	156	131	69	164	292	332	53	53	70	198	231	191	327	314	107	24	51	40	218	323	312	296	188	64	106	190	221	259	332	0	274	310	162	14	209
295	143	216	167	45	143	6	240	263	174	17	72	239	192	299	331	99	205	243	154	185	185	337	229	232	93	302	246	221	174	324	228	55	120	31	167	71	28	289	277	48	119	294	339	137	281	262	318	13	40	270	203	41	27	15	274	185	295	162	302	279	160	256	157	122	79	169	139	50	185	37	129	121	102	97	93	164	267	117	128	256	15	86	273	311	48	60	201	22	232	51	215	60	276	228	0	2	207	88	67
172	224	147	324	328	157	39	289	224	68	249	59	206	326	300	92	162	229	120	157	250	244	122	6	321	206	312	9	14	206	102	186	168	142	146	14	223	99	320	244	219	119	209	56	77	117	81	91	195	65	186	115	135	182	4	282	109	135	42	133	49	218	327	272	235	89	201	286	260	36	324	305	23	335	227	46	7	116	249	108	85	187	160	220	8	66	103	85	31	298	244	91	41	193	318	336	0	43	200	271
324	248	241	262	105	334	40	103	261	318	102	206	98	47	20	304	134	113	341	173	253	26	220	163	77	236	114	72	37	334	7	124	269	8	50	133	311	285	198	84	338	211	309	178	52	309	305	103	102	79	148	96	14	167	246	149	211	332	271	182	111	91	58	99	184	226	64	68	266	339	157	84	323	238	280	332	70	142	310	110	100	194	146	152	240	197	210	249	218	22	223	109	111	87	330	334	263	0	238	204
250	199	174	166	125	105	265	118	320	268	241	94	232	42	265	44	119	195	209	167	156	169	221	14	75	40	285	132	166	224	177	253	186	245	182	161	313	157	273	78	236	48	83	82	35	225	329	79	21	305	13	322	116	299	55	10	291	61	136	119	211	156	59	14	67	132	337	218	207	218	314	71	222	267	78	160	305	149	300	266	1	194	31	142	67	118	166	255	25	141	227	305	233	77	6	316	77	191	0	258
101	316	301	196	334	241	228	229	72	162	112	26	120	282	206	336	204	243	276	171	4	281	37	305	84	215	271	34	82	163	14	308	295	249	161	165	81	18	30	282	175	242	163	195	247	4	22	304	189	69	99	229	235	2	130	173	118	253	324	247	220	282	156	308	236	241	315	37	173	192	200	330	92	220	179	36	274	31	164	163	188	85	158	156	87	270	12	242	283	136	105	148	85	164	81	106	119	204	252	0
