A	B	C	D	E	F	G	H	I	J	K	L	M	N	O	P	Q	R	S	T	U	V	W	X	Y	Z	AA	AB	AC	AD	AE	AF	AG	AH	AI	AJ	AK	AL	AM	AN	AO	AP	AQ	AR	AS	AT	AU	AV	AW	AX	AY	AZ	BA	BB	BC	BD	BE	BF	BG	BH	BI	BJ	BK	BL	BM	BN	BO	BP	BQ	BR	BS	BT	BU	BV	BW	BX	BY	BZ	CA	CB	CC	CD	CE	CF	CG	CH	CI	CJ	CK	CL	CM	CN	CO	CP	CQ	CR	CS	CT	CU	CV
0	114	86	340	306	64	241	224	228	25	110	359	282	456	401	328	398	324	69	283	325	387	363	63	244	54	48	90	137	118	132	9	136	285	409	256	272	436	302	198	288	398	15	322	88	270	435	52	101	327	51	200	323	449	16	303	114	201	32	385	385	175	29	129	253	395	411	171	252	439	256	69	80	440	435	314	157	192	72	119	18	54	195	376	245	160	245	176	283	190	394	235	460	331	171	76	369	131	435	264
436	0	78	256	309	271	437	202	314	407	311	185	76	384	219	261	258	138	266	382	276	364	242	20	420	62	412	211	312	241	267	60	384	265	454	456	286	301	310	21	223	333	412	75	406	178	116	356	175	196	11	384	244	137	197	282	277	29	265	391	29	188	198	137	391	395	65	206	310	334	419	303	436	359	122	167	264	454	107	285	383	79	239	185	81	38	350	364	403	129	148	217	434	356	343	158	119	24	461	370
129	15	0	34	154	150	189	129	283	454	24	303	364	374	10	32	459	125	138	86	359	139	239	53	369	394	359	231	379	233	317	272	66	418	220	404	337	414	149	304	393	304	42	176	234	200	372	392	21	210	157	5	7	458	432	410	179	440	364	443	27	390	171	273	253	413	150	129	342	423	452	224	344	384	133	174	251	389	163	402	115	18	456	81	387	427	357	457	272	356	427	414	131	409	377	18	217	415	55	63
116	435	56	0	436	423	196	348	282	407	106	219	284	204	367	182	78	125	48	352	74	375	263	358	69	172	131	137	421	205	289	4	445	357	27	421	367	61	69	269	30	420	448	303	287	400	1	132	320	349	275	439	199	299	291	54	250	300	59	30	401	214	65	425	164	162	233	341	215	381	422	10	429	376	168	130	60	103	155	35	4	66	40	346	165	433	338	440	273	416	130	328	435	183	299	450	51	142	322	190
130	50	372	56	0	50	161	271	59	162	219	384	227	183	73	23	46	212	274	4	28	235	171	36	215	407	94	296	251	282	406	140	392	59	89	333	76	101	108	392	427	115	156	172	348	44	246	367	426	260	231	79	321	326	356	104	352	392	88	105	323	343	323	148	280	366	31	372	47	382	223	120	427	132	193	71	144	86	151	164	20	62	143	239	206	404	327	16	215	290	275	267	355	193	376	267	117	374	400	152
455	381	55	70	439	0	164	358	105	295	157	410	41	179	202	101	289	109	280	377	37	326	364	216	79	66	405	90	153	288	302	75	179	215	429	166	383	353	41	300	121	409	429	305	188	188	227	237	335	80	314	5	92	322	446	448	99	433	96	185	356	225	268	346	244	241	186	217	119	74	213	301	23	126	224	288	57	133	49	262	451	131	39	153	21	12	261	198	280	111	137	63	151	101	336	135	57	301	253	30
169	37	340	325	232	6	0	194	340	419	299	154	311	379	424	359	270	395	340	221	278	112	360	93	412	60	270	38	290	49	64	460	310	1	301	92	14	431	273	451	227	437	447	204	102	369	197	120	386	12	257	198	77	267	210	355	117	219	151	1	214	177	47	73	131	403	134	347	316	168	320	390	140	45	238	150	72	159	433	437	98	368	121	394	6	390	364	374	231	335	122	412	250	165	323	429	299	119	239	233
89	423	216	305	264	178	93	0	295	138	360	65	9	18	84	430	362	89	113	91	158	190	57	435	421	278	132	386	437	253	454	46	322	228	127	15	123	95	302	220	290	107	161	167	365	249	61	132	169	450	138	400	171	431	97	160	352	145	209	295	352	399	424	96	180	293	455	160	238	111	299	420	32	191	207	337	436	67	249	323	262	379	151	19	419	224	436	3	279	333	333	404	115	456	187	25	125	324	402	433
404	417	248	139	88	436	216	146	0	72	107	278	450	1	351	360	73	460	47	178	178	205	215	438	433	365	284	12	22	192	35	407	245	441	32	131	406	15	210	23	272	327	418	17	437	395	86	213	97	203	201	256	266	393	33	57	244	419	281	458	91	61	179	335	454	169	225	293	302	147	376	64	17	456	350	247	307	179	347	139	13	366	124	18	323	389	110	378	172	277	124	166	162	413	410	395	427	7	369	23
110	200	289	265	229	142	149	54	260	0	368	31	232	312	173	187	208	120	196	351	76	156	394	154	287	212	323	395	159	413	68	47	356	287	133	355	41	349	433	422	285	172	213	229	254	235	2	393	421	355	287	267	269	113	3	386	415	62	33	272	370	185	299	434	22	25	163	106	266	295	425	450	89	100	412	460	456	90	457	347	448	311	270	450	233	35	226	136	416	47	391	286	400	345	255	315	257	105	205	70
219	451	183	3	294	70	242	297	171	228	0	9	29	391	357	2	7	200	223	78	421	455	85	238	350	395	7	87	54	215	337	394	360	263	114	138	404	2	142	357	260	201	400	180	388	435	278	138	162	29	437	329	45	238	294	301	221	445	122	336	166	84	317	69	368	239	293	270	241	276	106	59	39	343	397	389	25	381	456	342	123	213	194	375	135	287	357	343	5	20	368	51	69	181	238	47	377	360	38	20
286	360	335	153	409	55	341	411	211	428	344	0	106	19	180	176	353	252	432	43	77	268	367	246	235	189	2	99	112	39	108	366	260	84	298	257	329	407	449	294	66	245	271	144	147	49	266	53	244	415	43	62	257	286	246	156	23	297	149	185	295	238	357	261	249	459	191	121	377	215	202	316	319	145	388	128	48	277	53	5	190	249	230	150	245	221	235	273	423	224	31	373	191	127	448	459	72	393	217	100
312	255	183	158	361	427	111	460	202	116	158	386	0	323	303	45	362	203	364	126	370	304	320	317	99	278	164	243	295	163	205	70	394	132	396	302	166	326	159	247	337	152	47	347	305	221	139	173	44	16	344	260	377	264	427	54	276	217	329	152	156	323	436	211	218	214	231	289	130	132	429	3	438	448	333	11	341	385	373	39	234	357	230	408	382	454	434	460	126	284	122	58	17	155	47	342	321	119	129	312
263	378	297	29	283	223	443	139	382	142	215	201	95	0	396	87	135	400	189	49	424	394	261	350	226	107	162	230	117	66	1	242	137	384	44	4	270	66	331	419	308	94	204	1	385	461	323	284	95	92	352	419	4	313	385	196	18	202	239	19	265	304	150	354	277	449	155	16	226	383	184	73	15	61	381	79	291	10	177	66	182	43	170	381	287	354	215	291	282	134	317	304	265	317	69	313	239	280	321	316
230	283	81	454	381	54	236	92	58	46	204	106	343	427	0	76	113	201	296	441	389	259	343	103	280	264	265	355	240	401	95	323	255	364	303	242	265	401	131	83	252	202	327	406	409	85	361	125	265	280	51	326	2	114	437	315	402	321	81	70	257	322	224	42	277	161	447	406	416	276	164	393	361	198	10	103	388	251	250	134	381	297	42	144	372	169	205	316	236	131	188	156	222	175	428	452	261	410	299	451
101	276	93	184	53	95	196	205	340	411	426	241	408	66	317	0	336	211	208	233	250	277	83	292	349	206	449	121	261	8	425	145	33	219	129	367	220	73	450	445	385	351	153	356	425	341	437	290	262	74	205	83	328	21	73	265	369	261	334	1	206	444	358	123	381	303	395	7	188	252	168	117	197	302	381	155	182	414	83	276	114	361	245	248	301	248	338	383	167	408	262	335	106	105	170	431	426	302	48	95
340	72	381	364	377	210	9	336	155	194	392	51	226	241	213	171	0	397	221	86	378	288	1	124	299	162	391	103	32	343	117	383	319	25	144	374	284	297	115	348	4	201	367	331	431	213	377	169	378	327	335	77	448	370	272	115	251	40	46	308	155	99	225	145	343	66	278	364	418	276	87	224	93	198	219	291	175	446	139	46	92	218	149	126	173	45	209	410	80	395	14	192	241	379	240	293	383	3	2	159
137	247	148	121	327	398	374	114	393	108	273	9	229	257	314	314	153	0	379	74	158	242	10	413	218	115	440	421	186	312	284	379	412	445	227	259	116	259	116	371	292	119	204	118	284	405	34	312	439	187	373	293	249	136	407	374	170	67	143	179	6	292	312	64	141	65	379	349	338	284	1	271	175	158	166	394	27	282	38	320	456	250	405	137	271	166	455	57	447	423	122	460	402	248	110	407	132	396	285	209
181	348	54	29	177	414	23	412	86	279	319	48	330	98	332	323	2	111	0	58	312	400	430	283	210	239	147	95	303	204	445	13	376	51	445	443	422	421	54	91	237	13	136	285	281	138	123	309	32	38	404	383	251	352	19	95	439	102	72	252	61	141	17	299	100	107	336	67	172	419	132	342	182	391	7	421	37	433	128	89	189	300	345	431	399	255	198	329	328	274	163	107	25	57	452	191	249	18	136	72
225	428	290	351	305	113	98	418	63	107	415	430	231	45	279	437	297	409	45	0	183	376	23	118	281	144	305	94	215	449	389	429	101	288	16	55	244	455	241	55	334	107	267	77	38	222	336	199	398	83	330	265	248	413	347	50	60	293	186	250	458	280	34	18	9	425	292	203	409	91	233	314	240	378	151	187	406	394	110	338	91	432	86	92	328	289	296	14	357	52	368	418	7	361	120	268	358	388	223	214
242	188	41	340	146	28	275	236	132	366	355	122	173	391	309	259	11	314	368	237	0	294	306	183	250	319	334	21	434	204	91	97	253	229	438	100	450	69	360	53	167	151	385	306	435	100	157	357	141	63	212	91	73	90	248	405	220	442	46	133	67	20	239	461	368	434	308	234	177	114	38	67	108	261	434	302	206	267	342	415	77	250	337	429	139	98	261	427	39	127	453	416	168	331	300	14	122	337	347	317
411	319	317	61	456	435	32	232	407	306	275	72	265	263	57	286	287	416	370	406	105	0	163	294	8	443	24	208	197	241	23	16	24	171	307	176	213	372	153	417	69	179	193	426	169	34	421	214	414	265	93	142	119	48	219	355	219	227	437	8	414	82	227	26	171	92	43	302	183	41	32	62	392	250	425	78	48	139	330	307	294	410	105	193	278	29	82	210	45	37	444	17	25	383	249	266	378	338	315	447
241	413	273	44	202	452	264	280	111	375	380	303	48	147	61	152	41	323	224	125	371	195	0	246	352	217	335	310	317	17	15	162	223	208	27	108	108	255	384	72	244	272	200	414	133	156	324	257	76	145	342	114	227	160	283	124	59	226	303	350	56	353	417	245	327	388	57	445	437	14	262	4	143	162	250	112	86	78	342	269	446	151	438	243	152	220	225	454	329	304	370	389	380	291	123	192	63	216	298	8
396	193	207	335	353	52	206	235	366	375	4	185	444	307	392	162	427	82	448	218	392	246	291	0	350	423	297	152	133	43	299	86	73	231	194	66	344	319	320	354	161	308	14	393	108	71	358	277	310	45	19	33	171	184	438	284	1	141	150	315	330	363	75	239	420	142	211	351	185	452	122	30	61	321	161	79	219	398	349	214	418	184	255	364	221	380	448	434	405	330	443	265	32	284	90	411	406	157	204	251
74	96	251	108	218	5	163	249	328	449	165	107	217	278	120	415	427	41	276	225	121	363	189	9	0	315	329	22	318	243	322	16	22	225	163	187	91	3	54	235	318	18	210	64	116	233	320	141	93	188	72	163	282	173	268	92	207	191	376	199	178	217	339	365	174	61	168	170	454	289	223	235	231	47	109	363	459	345	108	19	199	385	192	461	317	145	339	436	76	35	310	300	399	60	218	49	233	436	32	365
144	337	166	255	111	38	225	334	296	243	94	262	40	166	392	88	332	36	35	74	125	141	179	23	99	0	127	198	243	41	294	199	57	443	368	388	162	201	421	50	218	420	69	153	317	319	236	176	42	93	329	60	399	297	158	185	18	215	353	85	204	37	449	244	153	83	364	202	291	98	61	39	338	202	178	125	457	183	66	147	178	281	234	53	446	216	259	249	143	96	451	44	128	72	272	323	158	308	49	390
342	199	301	116	96	117	243	353	366	345	380	441	186	59	79	399	32	267	238	26	429	252	249	449	380	220	0	99	203	97	77	97	419	365	265	219	448	256	20	274	30	3	122	87	125	435	379	77	204	42	268	25	377	228	349	200	244	185	171	340	136	368	412	312	32	32	226	264	203	262	324	233	334	174	357	295	138	447	374	425	133	186	274	25	16	136	154	320	232	396	461	2	58	34	257	211	178	269	450	58
130	198	57	87	371	457	51	191	311	223	449	69	452	450	320	447	415	433	320	279	150	48	371	330	122	212	261	0	460	48	132	354	328	306	411	447	51	295	456	27	63	457	339	189	137	122	101	47	447	308	430	113	159	103	71	259	213	411	427	213	56	263	17	33	317	269	400	330	71	383	284	165	280	81	245	149	379	357	415	288	123	295	76	198	293	250	390	8	233	194	209	201	195	165	291	239	317	147	213	70
328	371	325	213	118	159	163	79	406	380	453	306	269	67	287	315	181	393	288	365	168	420	152	408	244	398	193	441	0	274	123	384	378	331	381	106	317	407	281	114	383	250	47	274	438	302	439	304	117	326	127	431	427	351	400	396	212	415	237	287	435	83	373	228	223	375	89	227	135	334	415	49	138	424	7	106	313	325	146	90	50	109	455	185	36	361	211	143	329	457	1	155	358	329	401	391	318	425	110	342
106	321	258	169	299	49	372	218	42	310	194	318	15	37	268	315	61	386	146	203	240	293	403	302	158	403	382	196	257	0	158	287	13	32	297	398	76	169	66	402	220	377	168	110	101	377	122	257	264	447	326	20	344	72	40	213	369	300	77	113	371	188	363	457	186	137	163	425	309	225	223	341	452	139	62	414	29	73	257	53	428	363	427	119	451	45	264	90	423	363	212	404	107	184	17	381	4	408	159	418
425	268	14	264	23	369	305	381	294	451	57	20	32	157	165	436	264	270	76	44	294	63	421	455	434	30	444	327	393	27	0	377	312	97	413	263	432	236	112	18	174	21	306	98	183	209	208	312	255	380	392	434	400	269	181	228	303	116	184	347	351	380	86	234	331	37	301	436	390	57	352	182	291	48	37	367	336	51	90	259	104	337	203	296	240	93	336	105	253	449	236	402	440	137	189	123	454	160	43	375
74	153	188	18	129	460	395	214	59	446	308	99	283	148	234	211	247	212	95	354	385	25	452	324	40	228	313	96	71	391	10	0	458	296	97	203	34	245	199	325	324	296	221	451	113	188	264	87	217	425	314	209	177	243	174	441	52	84	78	73	80	297	95	252	389	149	281	112	65	422	86	445	272	436	288	96	281	354	384	207	362	259	276	115	257	402	20	404	78	43	259	300	21	251	225	314	308	285	123	3
149	203	281	20	221	222	390	404	128	79	19	278	52	275	446	364	222	218	372	363	428	290	306	177	120	188	14	276	13	83	186	221	0	263	233	418	136	9	437	377	10	436	344	313	316	413	35	420	445	450	70	306	53	133	267	446	24	130	10	31	119	190	14	453	126	50	94	374	312	330	6	36	181	113	176	221	140	64	305	194	423	120	137	196	268	269	360	73	201	432	159	302	178	89	378	365	77	149	209	454
273	315	119	76	50	182	258	366	388	349	434	98	431	386	218	409	118	362	95	148	266	368	235	244	5	341	391	193	248	292	115	442	168	0	131	145	376	300	419	147	285	81	142	53	126	359	437	272	343	319	173	36	79	400	284	236	67	400	113	203	313	202	195	229	456	395	215	336	358	161	257	227	128	347	282	125	213	403	215	124	306	383	291	189	248	398	207	9	89	289	2	179	405	289	113	272	33	216	381	3
96	34	450	96	299	131	181	14	174	90	221	140	56	375	51	323	323	170	296	69	215	35	363	105	144	400	96	190	442	441	191	200	289	291	0	172	127	173	435	364	163	135	203	225	124	284	238	268	277	439	203	351	67	238	213	302	40	134	373	124	209	461	262	124	124	335	403	147	439	47	458	125	452	116	66	305	6	284	78	296	258	267	456	25	339	397	427	228	317	65	228	182	178	374	421	448	108	415	369	134
173	229	4	202	116	306	411	189	333	324	161	201	133	120	432	184	399	66	255	406	250	125	12	79	183	427	335	128	129	191	399	247	71	178	87	0	119	106	114	440	81	273	321	294	105	383	240	343	380	234	29	297	420	16	6	30	122	317	197	230	444	52	97	212	411	23	82	34	215	44	168	334	195	15	317	43	55	138	175	227	28	54	23	390	49	181	218	219	205	254	355	30	403	33	62	237	117	57	201	303
391	218	128	7	124	190	347	171	240	40	7	367	409	248	27	332	138	313	276	247	175	384	226	115	191	74	343	374	183	457	71	29	93	274	217	22	0	297	226	398	58	320	418	43	43	425	95	67	365	342	33	209	28	342	48	353	312	356	130	429	369	326	17	82	89	71	82	191	169	378	134	170	243	25	423	408	195	270	442	272	55	276	422	336	274	36	371	290	382	38	236	81	315	249	276	385	273	402	174	61
224	299	144	106	259	22	119	195	345	246	67	107	6	319	176	180	54	145	438	119	53	449	166	226	407	176	257	226	7	425	406	118	339	150	344	322	328	0	118	284	268	367	103	48	121	153	458	255	231	346	243	341	380	97	408	314	186	185	182	38	214	244	313	369	264	264	401	297	307	374	450	189	437	312	190	144	278	8	322	378	57	124	25	431	353	382	265	405	377	165	222	289	457	19	233	252	133	55	10	267
294	149	16	160	319	26	372	433	3	249	143	124	164	105	46	75	196	389	428	93	330	412	269	78	56	147	392	98	55	428	330	271	210	382	245	268	75	460	0	346	218	118	105	68	216	259	193	283	424	419	247	115	408	119	185	166	82	407	269	142	427	346	383	287	110	4	365	234	113	349	146	106	109	101	417	196	262	212	341	386	385	229	150	195	118	257	45	233	75	218	332	288	253	158	370	137	438	267	332	154
91	398	48	181	44	442	333	170	171	107	198	57	361	153	277	206	255	399	96	431	25	35	342	27	384	28	308	396	351	197	289	320	231	423	379	86	409	451	326	0	434	160	167	41	95	234	36	338	194	297	344	207	444	433	433	326	320	187	190	382	146	201	316	164	120	370	314	263	296	95	87	4	300	438	252	152	317	377	98	183	195	443	280	142	332	188	114	203	142	66	243	364	11	244	187	44	276	267	458	71
230	52	133	191	270	411	162	40	448	307	258	284	369	319	435	242	198	232	51	337	151	439	48	112	60	411	450	414	426	290	57	453	211	447	118	320	57	200	277	381	0	345	18	290	209	29	292	168	42	318	1	423	335	105	11	278	321	44	122	426	225	216	163	186	430	297	158	430	313	78	221	91	74	346	252	55	425	246	208	419	225	36	282	305	339	148	14	169	131	123	404	77	128	26	112	441	193	316	22	159
33	7	460	114	53	202	224	417	415	315	429	210	126	401	167	341	24	103	422	381	315	329	247	351	304	403	185	347	153	90	130	363	288	7	106	306	438	166	57	104	413	0	349	354	375	337	178	354	452	35	7	76	25	216	166	138	84	131	78	186	157	165	147	20	168	406	211	14	281	218	108	43	38	333	173	236	319	324	273	348	102	145	400	364	7	305	112	324	334	45	303	17	356	259	39	441	81	219	27	456
24	24	232	159	283	147	262	141	157	96	163	400	162	54	396	236	294	358	297	261	427	62	423	20	374	164	413	444	449	386	174	358	134	347	266	163	111	326	407	201	153	317	0	276	219	206	140	1	158	403	88	220	36	380	270	180	381	285	260	43	54	224	300	162	54	349	335	178	9	257	321	246	23	177	274	165	125	312	341	211	267	90	252	282	176	408	303	81	263	377	153	196	31	86	181	319	117	72	122	49
77	163	244	39	198	196	96	201	231	186	279	118	39	180	213	42	377	255	103	359	30	178	164	163	243	123	240	43	226	287	305	185	232	431	20	248	160	440	444	291	278	228	148	0	457	7	15	116	189	390	248	285	303	454	98	38	8	121	273	175	166	340	27	222	243	205	395	120	296	370	359	268	370	349	298	327	8	288	127	391	45	294	425	355	370	116	381	173	67	299	247	439	304	130	418	95	231	109	336	22
440	207	144	258	384	128	54	199	441	239	145	75	278	245	398	372	90	49	372	30	422	386	405	275	300	279	213	226	387	25	212	47	390	43	337	104	40	209	367	382	209	164	315	423	0	203	287	287	278	394	235	383	267	180	101	233	334	49	7	381	399	61	273	388	229	352	233	406	270	264	403	186	97	42	300	297	283	82	122	252	145	318	275	307	215	128	136	383	209	230	273	273	155	332	353	205	15	55	328	390
381	432	179	172	361	447	22	117	242	225	370	125	201	38	445	316	155	390	148	335	300	267	258	387	321	389	418	387	29	308	321	263	281	63	359	356	6	413	213	152	356	170	107	99	25	0	113	415	165	454	17	406	148	383	230	70	290	281	200	162	120	3	423	5	1	281	273	279	230	55	93	88	6	297	121	103	419	373	94	236	199	349	234	126	394	95	431	364	367	145	78	331	245	381	445	210	92	377	412	90
410	161	224	412	269	368	434	269	319	332	148	305	241	188	453	284	270	397	284	19	295	186	137	276	393	361	101	386	346	264	353	418	406	172	31	159	1	22	425	188	7	424	317	421	226	281	0	120	148	454	117	93	156	204	190	47	270	241	295	6	412	286	328	133	368	347	201	238	434	445	303	195	92	105	65	227	175	433	392	7	305	431	51	400	376	174	149	190	457	2	212	450	45	455	139	372	262	334	105	80
316	308	47	265	213	309	133	216	398	131	380	50	381	222	120	345	292	422	348	79	416	168	44	168	389	243	96	64	33	299	129	319	245	67	278	341	25	171	270	250	409	417	374	85	73	186	400	0	283	286	84	217	325	18	260	332	444	185	245	274	404	353	26	35	407	236	327	143	363	370	258	173	224	370	98	439	293	354	242	167	357	151	318	232	171	286	295	432	129	240	101	222	216	141	427	387	250	11	449	392
169	62	87	256	55	194	158	435	421	140	367	206	183	190	411	220	281	435	443	238	265	148	42	461	242	100	62	333	327	328	445	274	4	234	295	363	269	51	227	211	460	194	347	11	367	173	282	249	0	257	400	270	360	310	261	442	293	91	99	384	107	307	238	395	328	169	209	350	289	50	188	381	153	79	329	325	127	28	277	346	135	297	354	364	98	365	231	172	64	123	459	210	239	107	314	155	411	299	205	140
237	450	198	241	206	106	167	255	446	217	297	207	196	177	446	437	368	43	403	383	354	406	69	175	294	128	316	96	310	139	241	3	17	328	60	67	339	283	357	319	113	185	457	307	459	420	160	178	166	0	172	275	9	103	162	98	435	430	423	32	218	331	38	25	372	31	420	149	274	359	58	320	303	175	322	452	18	4	414	320	113	267	326	207	205	451	205	331	176	449	299	409	439	423	225	358	174	181	423	434
306	444	157	58	437	247	369	259	324	461	412	460	178	355	416	88	158	140	416	134	119	111	91	103	267	231	85	23	12	8	26	266	283	326	318	454	62	450	264	405	286	156	38	385	234	297	369	56	11	429	0	100	425	365	162	133	242	139	115	211	330	272	414	338	291	179	226	224	182	252	41	392	418	346	333	381	320	146	389	218	165	75	228	157	73	158	360	47	444	19	241	431	224	365	137	311	86	7	29	118
309	384	381	336	156	53	303	272	361	169	119	41	293	105	19	9	55	270	164	458	418	37	379	97	112	57	339	295	401	302	294	348	389	413	403	142	437	408	456	151	117	461	460	191	224	44	453	22	392	426	19	0	144	336	183	8	207	294	417	173	159	58	252	324	202	14	235	222	175	377	42	376	168	325	293	9	160	207	284	412	69	236	359	436	230	455	419	102	365	103	456	114	131	13	436	154	178	161	392	252
316	395	177	165	26	431	228	202	344	58	21	423	170	398	10	389	24	320	61	39	267	355	95	367	250	343	356	306	392	440	393	152	51	365	95	161	17	449	55	321	376	230	315	25	294	169	123	120	427	153	214	306	0	330	289	305	298	87	424	31	268	220	72	251	21	198	288	304	132	65	305	424	155	417	188	113	316	394	350	74	157	149	438	283	61	253	438	196	20	164	223	202	387	408	264	334	48	290	176	121
410	401	383	119	373	70	445	167	300	127	13	43	455	104	392	352	457	397	323	83	65	214	95	359	246	387	315	362	459	346	117	255	169	369	146	89	110	30	419	272	149	283	272	159	301	226	307	100	412	299	342	150	38	0	242	361	129	206	190	249	367	185	22	404	338	25	319	211	374	429	127	193	176	273	399	108	286	135	324	397	293	169	159	13	48	78	430	8	292	425	384	392	225	124	152	99	8	191	309	172
56	447	406	160	461	170	196	254	208	445	142	10	279	184	124	365	42	245	447	372	344	246	440	410	123	18	320	222	351	188	295	270	257	223	242	202	29	42	114	393	449	139	32	404	344	339	348	296	407	192	77	293	294	139	0	283	269	307	422	254	242	387	388	325	265	403	234	367	292	269	130	342	40	343	137	20	215	14	192	90	302	119	427	390	338	117	193	242	336	317	189	224	111	288	71	212	403	32	178	241
98	246	312	293	114	22	331	250	318	199	245	99	48	152	183	447	199	256	43	42	202	428	331	290	24	209	314	393	374	117	334	284	354	423	157	19	78	356	268	378	244	335	434	185	34	347	89	398	62	356	146	441	329	171	130	0	461	458	282	67	361	314	272	389	82	244	90	101	76	238	58	399	181	455	433	59	101	387	278	405	250	215	344	455	417	332	203	381	135	2	159	264	242	178	256	301	73	396	198	179
215	442	98	443	275	28	193	44	457	442	189	338	252	300	367	11	299	309	430	447	151	81	437	52	114	44	269	63	337	127	271	161	159	366	357	299	329	214	162	237	355	386	103	11	154	376	62	139	399	72	56	204	274	108	45	127	0	38	257	75	260	279	18	311	123	126	360	67	194	108	14	8	263	387	355	263	306	378	385	306	423	421	256	224	125	58	361	187	105	259	121	32	430	137	194	309	445	220	312	454
84	280	406	139	141	388	135	109	72	48	120	40	76	345	258	412	105	75	170	89	392	408	335	103	216	261	16	411	274	447	73	378	195	260	30	386	61	447	178	404	322	371	343	460	119	360	432	92	23	109	36	40	202	179	9	146	158	0	217	116	201	112	80	100	283	72	459	105	432	447	276	99	175	19	27	88	281	339	348	366	34	207	253	392	154	255	346	399	450	209	403	29	377	10	137	175	356	196	340	240
63	122	217	267	283	352	306	129	56	232	183	161	94	104	267	54	209	31	29	159	5	233	329	460	232	278	121	138	340	272	443	9	129	352	102	191	375	257	431	329	335	408	378	256	104	81	215	342	45	115	366	350	303	233	278	179	183	358	0	188	375	296	106	269	402	257	342	190	429	247	193	295	86	78	244	77	98	86	427	319	96	18	278	381	310	63	98	86	451	412	135	10	362	122	94	132	265	205	179	112
102	458	30	427	300	57	344	136	98	135	167	172	208	114	379	237	322	327	53	199	240	250	270	106	175	206	116	425	315	117	417	96	26	267	155	333	307	340	77	239	188	321	130	48	427	107	35	75	134	119	360	17	415	432	270	240	418	239	174	0	161	135	347	227	91	26	220	242	355	258	167	393	202	48	64	88	382	295	323	78	81	321	218	150	405	30	163	216	107	219	125	121	261	1	387	375	122	100	438	56
254	385	250	294	461	296	37	415	318	264	121	221	368	55	240	442	14	390	357	113	381	375	349	368	108	441	206	4	299	415	52	27	210	235	276	259	409	442	412	305	74	423	262	148	85	219	364	259	355	295	430	346	270	261	108	93	386	329	282	404	0	434	262	214	184	271	171	274	354	428	71	431	342	228	390	188	302	93	218	381	215	256	105	234	219	416	415	7	206	223	403	92	223	380	397	387	329	221	163	258
450	192	352	79	404	313	155	421	168	42	89	398	203	206	437	186	401	75	3	279	372	403	389	210	409	236	2	22	408	223	292	164	247	249	233	101	241	33	217	161	10	364	199	363	216	264	379	408	434	285	401	129	153	326	58	204	460	427	256	345	395	0	125	106	340	34	32	288	457	240	23	292	339	147	101	144	111	128	155	178	435	423	57	348	385	378	177	298	65	396	123	402	111	21	221	334	377	90	129	218
63	446	300	305	5	117	356	440	343	42	312	307	363	66	386	389	361	360	244	17	386	73	341	442	367	327	361	360	47	195	109	150	301	429	267	134	126	385	213	117	74	408	455	386	436	384	341	429	239	288	152	366	246	424	461	343	397	95	368	8	422	168	0	66	434	68	225	219	182	326	426	334	45	86	54	50	421	317	83	7	185	145	2	351	50	200	62	134	369	199	126	420	393	292	186	205	382	108	384	10
271	183	136	252	111	218	429	414	160	174	129	217	427	229	224	127	23	37	329	85	232	440	65	49	393	262	40	241	242	153	394	279	437	448	239	396	460	165	32	428	353	78	373	310	257	307	353	335	437	423	166	217	3	164	106	32	341	89	441	423	322	35	32	0	53	162	366	138	126	363	356	460	51	285	320	214	141	225	143	429	366	228	161	197	13	421	335	294	412	120	41	350	209	375	8	308	325	273	411	342
50	332	328	284	167	268	301	323	420	382	298	168	20	69	277	91	288	332	366	253	420	372	67	303	377	361	57	92	373	410	218	87	343	247	304	233	111	182	64	79	197	67	447	175	137	186	227	96	354	229	204	65	109	85	419	194	262	320	249	305	65	348	376	428	0	190	157	199	413	231	251	385	232	72	387	113	423	132	408	71	397	203	294	157	332	435	179	292	391	295	213	89	125	241	251	59	124	120	167	332
50	166	269	66	261	335	84	74	45	62	410	105	98	13	393	190	269	315	204	124	35	440	344	377	227	379	367	355	46	107	236	102	51	461	23	275	24	410	292	200	27	56	232	199	451	35	234	410	154	165	330	423	384	129	21	81	118	304	265	201	114	125	252	77	454	0	13	93	150	389	387	214	117	318	278	248	279	288	280	168	338	223	73	155	325	94	346	381	366	62	398	424	259	366	434	282	295	281	295	308
225	282	364	412	386	49	225	363	165	389	171	98	152	402	426	448	411	350	99	282	304	436	405	198	119	198	427	139	415	246	433	406	29	182	31	14	237	219	43	285	249	67	324	165	126	260	78	432	431	223	112	275	191	368	191	373	112	114	356	113	372	73	165	197	125	141	0	386	401	23	376	117	148	195	207	433	198	418	414	125	236	301	362	275	336	417	130	14	135	229	215	460	233	12	413	347	191	164	287	39
172	23	41	144	211	313	33	61	217	113	176	251	191	355	263	393	181	49	310	186	415	174	187	291	291	435	373	177	453	136	332	106	397	399	141	132	424	446	153	348	307	67	56	329	166	61	404	153	156	346	332	110	385	149	174	62	244	394	158	17	203	356	192	407	228	33	312	0	204	170	338	232	22	143	53	200	96	71	439	6	286	378	361	78	405	453	63	59	155	65	29	89	400	184	112	207	83	173	59	173
97	342	265	399	459	96	266	369	82	453	331	252	255	44	152	407	202	395	350	243	325	321	157	368	445	399	76	135	389	139	427	10	431	296	155	244	78	183	55	262	336	20	56	250	212	373	323	99	148	194	314	84	102	294	248	21	350	58	32	412	356	8	451	144	230	82	453	86	0	230	257	255	446	461	461	394	397	161	270	261	255	166	443	16	291	410	428	371	390	217	174	55	65	382	306	216	105	187	123	277
183	28	166	64	12	287	128	260	177	221	187	306	421	258	252	191	218	172	57	171	35	73	67	390	231	131	347	129	412	41	197	179	157	387	431	197	152	374	435	22	138	392	142	401	384	284	299	246	296	165	191	220	79	4	414	375	67	216	40	139	187	284	88	270	367	293	137	32	392	0	278	414	261	128	190	228	176	267	60	21	168	157	108	327	4	140	111	434	95	263	231	209	76	58	108	432	272	300	188	136
388	165	336	55	39	22	338	300	77	101	212	382	256	64	30	265	79	169	298	427	12	264	443	74	280	137	248	154	22	226	42	271	62	164	215	441	196	354	60	393	193	66	441	93	335	133	178	407	421	436	86	48	200	122	365	409	424	375	262	185	93	16	226	220	231	423	432	414	158	60	0	4	165	6	96	195	366	436	451	2	62	167	48	99	323	53	390	80	31	219	157	153	73	30	236	264	413	164	418	268
357	310	401	197	311	454	20	220	158	12	50	116	380	93	76	159	267	96	261	399	208	433	6	358	439	17	167	339	187	376	238	161	235	208	315	426	453	96	326	295	55	147	413	158	92	273	405	228	133	163	183	172	324	279	376	232	324	175	9	260	112	187	166	362	154	356	107	132	59	289	342	0	452	280	433	259	195	372	164	461	106	329	31	459	117	274	278	182	339	18	439	288	288	154	163	35	62	382	59	53
49	306	378	7	118	450	141	221	423	299	16	134	355	408	168	455	225	390	454	400	316	358	224	45	199	92	199	334	66	149	446	254	108	411	171	61	122	125	133	118	425	92	364	20	10	136	291	267	3	13	28	457	420	363	118	191	248	45	247	323	109	118	207	338	294	280	25	67	257	154	328	34	0	326	393	37	129	132	457	249	125	290	174	25	211	313	301	416	155	191	130	125	273	261	37	410	10	387	318	109
92	303	171	378	331	447	252	168	18	45	428	356	392	387	40	109	105	417	248	226	402	10	20	165	53	190	83	117	362	355	223	31	143	311	413	355	185	142	246	202	380	389	308	302	235	29	416	73	368	300	316	24	290	182	243	266	420	282	330	369	256	290	32	141	147	194	227	199	264	398	234	354	290	0	167	240	348	460	44	279	282	253	317	106	99	291	32	54	343	102	351	129	42	128	223	391	111	82	43	59
68	430	301	133	262	108	126	257	277	238	311	292	216	69	137	435	123	2	366	216	82	235	66	374	329	449	371	314	215	237	331	183	56	340	101	340	329	329	325	240	100	205	161	370	149	27	259	420	226	9	52	110	406	356	421	268	128	366	183	314	239	410	96	348	268	384	354	269	127	88	141	355	198	392	0	435	235	306	260	216	66	380	133	264	91	437	83	74	13	16	275	193	240	159	132	225	228	197	368	336
27	410	130	48	230	96	331	54	330	114	101	338	227	420	70	320	272	146	175	412	195	156	187	201	456	289	53	427	142	161	11	423	178	165	247	306	153	295	422	98	345	39	385	443	90	360	143	431	441	134	249	163	200	50	99	23	435	439	179	430	319	455	232	287	185	355	169	175	343	360	374	49	272	37	267	0	23	192	29	269	254	277	214	389	431	114	212	152	405	350	90	307	316	364	217	73	399	309	358	369
385	326	230	17	269	282	377	47	393	456	179	298	151	434	384	93	304	363	168	114	44	365	84	403	387	120	336	27	190	282	348	134	443	78	315	258	119	120	364	25	288	410	155	164	258	432	233	357	289	444	436	157	95	321	132	73	304	112	182	372	429	113	23	377	131	436	159	77	174	410	385	432	435	80	257	260	0	102	332	209	117	26	164	205	194	410	444	239	286	288	447	443	347	57	186	129	291	293	276	200
137	178	111	169	132	390	271	439	437	146	218	43	71	302	51	445	451	64	358	367	456	219	383	62	321	272	51	416	164	59	313	365	37	412	404	53	223	225	205	302	5	226	17	51	186	206	444	67	160	87	387	120	387	31	164	96	115	366	100	12	128	226	219	269	351	255	375	139	238	287	201	262	206	406	200	428	309	0	250	212	115	421	3	375	169	44	375	149	17	156	273	362	69	42	206	111	264	416	40	27
187	50	61	450	447	144	437	13	170	207	114	131	95	348	357	19	39	149	161	129	261	384	121	394	323	425	429	173	416	104	369	322	62	44	435	358	210	421	70	209	143	407	349	441	231	182	92	106	34	237	324	61	23	254	456	13	109	74	56	146	401	297	30	302	372	402	280	181	73	105	189	137	112	200	177	200	209	240	0	379	454	337	194	199	59	184	396	379	227	86	187	88	35	158	299	168	120	258	262	409
378	308	435	140	284	317	183	56	397	214	434	102	438	97	339	38	165	410	25	119	89	162	67	189	132	40	239	181	391	336	124	94	60	237	151	96	150	126	388	3	293	265	28	242	45	447	100	212	175	412	326	286	67	275	172	429	348	69	459	191	85	7	404	209	199	343	243	405	295	11	318	389	366	200	190	253	131	417	207	0	299	168	94	119	398	27	350	176	95	370	380	222	39	231	281	215	319	18	157	329
145	200	206	236	53	31	7	244	164	394	294	330	452	319	308	18	74	195	406	9	269	236	223	390	47	380	67	28	122	275	69	86	130	107	452	4	44	51	130	6	338	153	136	40	192	155	234	84	242	321	320	192	409	164	145	117	281	300	354	215	275	380	402	189	220	218	128	85	359	166	40	189	182	377	288	392	233	430	37	354	0	186	170	63	225	45	226	250	406	360	327	244	426	185	248	457	120	327	316	450
229	152	424	385	194	341	287	187	254	232	433	96	96	294	173	435	417	392	246	365	27	33	65	217	123	277	87	332	302	154	171	278	283	214	422	150	122	71	127	210	67	131	418	86	16	17	79	38	235	95	234	250	378	140	185	25	51	90	313	391	295	12	76	259	182	50	296	344	204	345	459	386	117	385	390	215	346	313	58	12	337	0	213	179	78	203	386	170	100	402	368	276	453	355	205	403	221	73	176	216
145	351	17	354	209	369	424	160	12	144	151	356	243	15	289	426	318	367	235	64	418	319	286	330	285	246	308	255	305	62	432	13	142	412	169	345	237	66	426	7	227	359	88	453	195	2	312	75	117	83	213	7	235	301	164	415	325	405	116	111	71	114	150	57	395	249	68	447	315	419	169	46	416	453	5	376	186	253	104	258	376	117	0	262	21	125	142	45	21	130	437	130	309	153	159	287	183	379	54	114
127	103	387	63	273	107	382	19	11	39	38	368	448	187	123	394	174	60	101	368	315	426	334	413	62	19	45	358	326	31	117	164	200	145	23	10	260	56	323	330	379	61	369	2	293	77	392	393	119	409	461	134	192	313	139	14	42	388	204	123	166	430	138	225	87	199	174	354	396	98	94	72	290	344	333	364	110	178	78	254	374	363	117	0	267	163	369	255	142	204	144	220	368	145	309	242	106	319	372	51
8	208	7	307	337	133	174	389	310	134	175	171	241	265	449	256	16	431	371	295	184	272	124	24	441	364	381	73	372	21	281	86	351	334	45	316	214	279	107	48	57	311	159	373	2	434	170	361	250	391	369	187	147	330	251	208	383	332	362	97	301	317	60	191	87	109	205	86	415	58	226	449	10	299	270	211	339	44	354	192	155	397	92	21	0	33	195	380	342	76	154	348	187	243	10	76	403	305	244	169
46	237	53	311	419	138	367	308	172	80	327	335	199	342	173	298	406	400	451	79	20	381	318	161	312	119	338	64	50	370	173	404	65	452	60	404	459	458	134	374	102	182	339	278	171	404	224	452	431	211	377	4	381	224	232	420	196	242	327	215	87	40	390	10	301	113	256	114	54	129	138	461	372	195	22	371	317	85	14	76	155	218	63	426	103	0	119	85	188	158	180	169	380	448	97	68	19	177	290	458
82	187	291	36	127	310	137	242	171	119	37	329	284	286	241	181	397	197	361	389	20	266	413	108	51	379	93	263	456	100	145	380	101	238	373	115	160	45	290	226	217	459	226	143	326	265	131	87	391	167	31	59	177	11	408	407	272	97	216	433	330	299	26	203	48	443	254	181	446	121	161	270	96	42	290	3	342	245	335	76	362	3	156	195	240	448	0	359	326	300	172	160	254	353	225	369	69	422	357	342
65	430	55	270	368	333	445	461	57	38	415	29	423	154	303	106	145	78	95	301	84	326	144	93	441	318	133	247	428	332	223	228	185	6	270	347	63	152	111	13	274	105	60	100	400	310	453	446	4	167	133	83	361	316	418	372	37	68	409	432	59	13	310	119	331	106	61	336	277	258	3	286	98	56	430	250	328	178	200	117	344	82	366	290	186	202	12	0	291	434	290	428	371	460	312	312	281	325	411	355
37	286	434	446	226	343	371	277	207	129	253	393	449	64	50	307	282	191	248	77	8	200	293	417	154	342	64	325	374	178	262	302	378	160	209	288	193	151	150	409	434	36	256	197	186	427	86	164	396	108	461	358	152	349	182	8	440	241	447	457	195	192	376	48	63	294	63	457	456	174	282	302	104	351	420	201	310	208	106	24	145	136	307	98	232	233	432	192	0	129	65	172	386	275	192	341	325	52	37	79
204	437	389	62	291	120	100	296	397	424	77	43	220	93	326	395	118	442	60	242	202	280	24	77	21	460	330	410	350	459	82	165	121	50	319	384	73	36	123	5	459	420	325	53	169	128	317	278	139	291	201	375	391	93	203	6	156	117	417	73	108	236	161	447	197	413	46	409	190	83	20	77	347	446	147	412	174	432	253	368	228	319	220	335	166	155	120	168	263	0	212	167	47	164	142	17	378	394	440	30
461	24	117	405	260	367	327	278	234	111	271	448	368	229	327	197	361	133	11	346	236	114	21	215	437	438	339	456	313	102	77	132	12	354	254	116	289	110	449	389	170	97	201	118	456	369	381	321	447	205	351	434	362	253	418	25	263	326	300	194	213	211	254	192	361	242	118	397	396	52	275	419	408	213	449	189	58	226	26	454	354	410	389	439	421	223	360	91	380	13	0	406	264	163	224	8	87	340	90	243
346	355	221	377	3	92	310	142	319	381	292	300	443	349	99	149	135	87	207	314	78	232	37	123	226	41	11	345	363	205	389	411	55	24	102	413	455	409	249	155	456	452	276	147	418	409	19	172	418	125	72	454	313	354	22	269	250	391	405	440	41	87	420	361	28	314	30	331	167	449	394	300	202	1	147	378	331	108	445	114	6	300	123	396	435	98	40	121	23	375	185	0	342	189	328	442	396	273	176	310
103	31	69	284	123	307	77	284	78	44	153	94	299	398	354	277	253	182	21	329	226	151	358	34	245	430	375	460	213	186	18	447	182	237	53	148	267	231	352	203	378	107	35	159	183	394	408	380	159	222	163	300	363	434	84	145	97	21	412	82	302	129	335	434	186	269	108	2	159	165	167	257	205	148	44	1	259	381	439	319	282	369	304	74	388	210	307	229	425	72	335	412	0	350	317	404	50	315	166	76
270	108	267	340	222	426	172	113	104	179	424	42	217	315	63	151	31	390	351	330	13	388	387	366	311	429	39	422	283	95	179	404	50	324	228	448	410	333	45	131	164	392	456	186	227	172	341	406	203	49	10	424	106	93	261	4	326	86	234	437	239	253	210	299	295	186	145	270	384	289	289	91	23	440	240	237	9	161	197	140	333	312	62	124	354	223	198	125	281	184	128	337	450	0	433	323	392	370	216	103
15	212	258	416	214	51	438	53	33	391	103	343	234	385	114	56	93	375	50	386	409	360	269	337	80	431	106	319	445	204	414	371	449	67	430	248	26	285	15	100	325	319	6	442	216	318	196	182	161	121	223	256	200	198	8	322	325	336	343	284	392	12	183	413	403	381	19	393	311	215	207	176	84	94	264	159	437	33	159	203	349	450	133	151	22	353	2	59	12	350	29	169	243	134	0	156	451	95	259	409
168	254	206	269	401	101	21	351	141	178	34	412	69	408	94	25	441	259	114	15	350	109	182	116	204	117	309	238	416	6	11	170	393	69	32	423	44	344	96	78	138	138	334	75	323	178	329	277	385	332	342	89	190	300	427	252	139	270	206	47	320	381	222	124	261	410	174	220	3	45	191	227	277	347	419	162	132	272	425	241	408	230	271	319	312	52	380	312	126	245	176	318	267	215	22	0	177	411	166	250
420	141	307	255	373	399	33	80	2	170	272	108	161	168	249	205	455	263	438	120	82	349	429	13	24	267	453	54	303	397	410	166	67	214	447	231	149	65	369	401	89	444	183	387	17	434	196	57	417	351	251	155	208	290	175	292	174	410	327	156	179	98	133	354	229	439	255	150	249	202	242	289	415	88	125	434	299	84	66	222	41	168	33	278	113	334	154	342	224	81	427	65	173	375	35	357	0	103	301	90
154	394	1	17	70	369	206	351	364	174	399	208	54	189	361	167	129	446	220	435	86	160	232	311	409	378	110	39	420	181	145	405	44	252	249	23	100	46	86	363	393	340	80	93	275	255	450	222	300	461	436	375	162	420	314	183	382	455	330	183	306	445	279	306	344	167	292	270	3	354	165	461	171	329	409	42	145	256	389	155	72	28	142	80	175	199	407	369	334	63	227	337	259	300	194	317	233	0	70	139
52	400	15	348	286	303	102	402	381	174	312	281	71	438	333	296	428	7	393	52	374	244	447	380	3	379	303	458	20	199	39	215	32	119	51	185	101	95	44	387	202	360	287	439	162	199	449	323	426	331	79	394	380	354	114	280	386	257	328	304	270	260	39	50	406	293	351	203	192	145	437	229	173	399	267	244	133	204	21	53	82	223	95	327	204	87	115	334	358	256	263	305	396	436	291	327	20	114	0	107
129	393	224	25	362	398	236	375	325	107	309	269	34	146	237	401	285	276	45	179	179	233	273	125	282	102	139	341	30	450	62	213	128	369	375	321	328	297	223	365	134	156	79	217	265	296	450	58	332	330	416	148	298	403	397	152	130	396	190	159	360	216	132	133	8	303	138	436	15	178	153	346	436	83	167	3	228	273	272	127	131	237	302	36	203	291	135	335	92	327	51	105	72	342	29	154	210	348	383	0
