A	B	C	D	E	F	G	H	I	J	K	L	M	N	O	P	Q	R	S	T	U	V	W	X	Y	Z	AA	AB	AC	AD	AE	AF	AG	AH	AI	AJ	AK	AL	AM	AN	AO	AP	AQ	AR	AS	AT	AU	AV	AW	AX	AY	AZ	BA	BB	BC	BD	BE	BF	BG	BH	BI	BJ	BK	BL	BM	BN	BO	BP	BQ	BR	BS	BT	BU	BV	BW	BX	BY	BZ	CA	CB	CC	CD	CE	CF	CG	CH	CI	CJ	CK	CL	CM	CN	CO	CP	CQ	CR	CS	CT	CU	CV
0	38	291	201	232	156	118	224	256	285	256	95	190	165	268	226	260	290	43	252	2	15	42	91	70	293	293	208	228	208	2	223	5	86	284	248	115	245	274	205	41	301	144	57	284	208	123	191	107	84	23	144	211	210	30	92	36	143	194	83	178	182	177	92	286	243	164	195	242	249	148	20	135	124	79	94	204	107	275	149	60	297	123	199	30	38	168	264	234	94	263	5	32	251	235	61	88	118	101	34
206	0	164	104	93	183	38	139	216	176	186	286	243	302	69	5	20	61	26	148	280	164	160	69	140	90	141	171	98	142	243	304	60	283	204	154	265	221	231	82	251	46	47	231	65	231	293	284	267	278	106	110	96	14	18	165	154	209	22	123	243	4	66	214	241	89	211	170	177	59	278	113	264	209	83	4	177	282	186	96	211	262	57	272	277	67	277	86	161	169	266	190	251	84	2	34	156	107	37	230
213	265	0	207	41	292	149	1	83	193	243	219	244	276	130	172	237	96	161	57	146	138	17	243	78	232	69	277	56	184	277	269	231	141	250	178	110	111	294	293	153	190	250	230	189	90	75	182	71	229	232	303	138	260	110	181	61	138	15	121	104	185	161	274	287	293	180	267	46	99	295	112	128	188	168	271	174	163	156	116	201	69	250	138	176	207	152	25	55	205	177	79	86	176	16	119	44	116	5	187
191	54	184	0	3	9	15	39	28	252	32	205	252	221	16	34	174	92	206	283	190	213	274	184	35	239	196	9	304	114	31	117	85	22	157	112	298	294	185	197	63	183	147	164	211	50	129	15	194	277	197	97	86	274	3	287	106	186	73	44	21	254	122	134	52	84	139	214	258	242	138	184	46	267	55	53	223	83	61	96	259	91	120	220	17	160	226	149	270	72	225	157	76	133	12	22	8	6	53	55
216	34	11	157	0	63	212	114	164	195	35	292	268	126	113	218	23	8	19	35	171	147	4	279	247	94	199	124	227	15	58	303	228	265	165	221	39	120	112	66	231	64	112	115	232	299	203	89	236	120	298	146	154	60	264	269	186	90	47	138	37	50	23	174	49	69	30	158	37	298	148	222	206	88	99	240	23	141	150	276	271	241	268	274	202	89	4	135	228	297	201	81	210	67	148	180	301	288	152	149
215	250	39	37	196	0	32	78	238	298	244	42	141	258	94	158	161	24	40	84	20	50	146	225	55	59	31	52	219	14	231	221	286	88	56	147	248	81	205	20	48	265	153	35	169	95	45	125	150	236	172	303	5	13	230	155	201	151	22	132	254	246	279	209	55	232	79	233	65	63	53	105	202	127	11	13	234	237	27	186	182	158	263	184	7	303	80	146	79	275	151	287	170	215	192	94	125	119	256	228
262	248	120	256	137	177	0	25	94	127	159	57	5	118	168	89	245	232	223	160	195	94	197	47	142	257	245	22	105	37	245	210	230	179	260	134	89	41	141	297	240	131	215	5	210	175	181	190	206	141	19	74	112	194	248	154	11	118	272	168	260	93	182	97	227	45	89	130	130	76	148	241	39	79	213	144	27	268	267	184	288	236	42	74	97	72	120	97	261	131	64	138	84	117	108	139	83	189	70	148
143	34	185	173	75	304	20	0	117	230	302	47	221	57	253	229	277	157	272	55	86	295	256	172	126	16	54	198	71	177	20	79	160	94	283	71	209	246	131	10	272	76	53	254	66	57	108	90	249	67	76	177	173	283	50	200	218	169	297	246	154	281	59	224	62	276	9	77	91	160	285	96	82	24	125	98	284	137	23	289	172	233	231	173	46	232	103	102	39	304	25	292	240	142	227	214	296	202	13	139
294	112	6	191	88	16	95	302	0	47	203	191	221	216	299	107	287	77	268	5	125	155	214	193	30	102	293	239	235	289	180	257	226	142	184	203	161	224	107	200	270	290	249	100	123	255	175	91	281	268	158	78	53	78	2	240	168	41	12	48	166	78	50	141	139	81	57	231	107	202	231	172	258	59	28	231	72	142	9	84	132	76	275	279	67	116	133	213	304	221	155	226	195	72	38	279	233	35	51	98
271	99	18	220	51	9	11	255	186	0	241	146	79	295	208	146	143	185	169	193	9	180	104	199	249	22	174	122	87	142	140	111	26	221	173	181	226	3	121	111	153	9	208	142	216	125	188	72	11	153	52	81	117	10	174	108	211	75	10	90	254	77	122	220	203	238	123	100	153	220	84	153	17	84	267	303	116	129	50	64	26	224	264	75	187	255	247	98	192	209	284	97	202	268	252	59	111	56	264	108
44	97	111	195	251	257	35	82	291	18	0	208	82	218	52	19	85	224	121	51	271	12	156	190	186	138	207	61	119	285	73	208	171	187	35	16	98	154	234	133	241	139	179	238	26	256	180	89	101	35	42	19	81	233	45	299	158	209	155	57	257	51	221	181	28	73	12	286	165	280	274	61	295	167	91	152	283	218	286	242	280	201	198	256	170	40	59	201	178	258	273	162	130	81	296	57	115	125	299	117
222	248	100	279	241	134	20	22	73	67	268	0	23	266	10	29	1	260	263	43	241	69	57	64	279	171	298	74	259	244	12	186	219	242	91	302	157	3	44	153	7	114	56	211	282	81	188	83	72	171	304	229	75	259	27	296	66	92	184	58	282	175	38	4	15	282	181	147	136	1	148	34	56	264	115	295	137	31	193	161	48	206	122	71	250	226	34	183	41	69	181	100	114	299	138	277	127	302	275	300
168	66	248	8	8	131	56	160	17	22	93	118	0	200	3	93	179	34	20	114	230	93	80	41	299	272	183	42	134	179	126	128	42	136	117	141	124	11	121	105	81	156	180	94	51	182	43	268	8	39	166	234	290	39	232	114	44	33	272	303	101	9	58	108	68	221	61	14	297	58	248	78	297	254	267	265	154	296	212	126	161	249	262	80	275	251	270	275	279	161	55	126	76	245	267	200	133	46	8	247
266	175	269	254	123	210	78	108	290	256	296	267	204	0	217	48	296	148	136	256	41	67	205	155	16	74	146	42	245	145	208	149	30	219	304	9	109	12	47	171	137	236	73	147	39	24	304	196	64	289	26	190	218	233	7	49	49	94	185	141	144	40	91	107	252	155	148	121	278	302	85	31	109	174	103	304	75	2	202	258	304	201	55	42	181	291	30	164	1	113	100	284	128	6	75	299	115	186	63	130
143	105	118	35	165	45	128	11	173	284	30	279	88	14	0	184	183	162	162	226	247	41	80	202	61	225	134	229	113	139	97	254	259	264	189	159	229	258	153	171	213	37	82	63	217	213	29	9	188	190	177	6	31	59	168	247	286	225	98	169	14	20	153	174	47	212	15	250	200	106	148	209	126	263	8	207	12	137	130	8	66	53	265	92	134	96	152	2	19	101	169	209	149	98	170	49	128	148	132	197
37	225	153	262	250	262	183	197	296	14	266	155	217	154	298	0	119	150	126	35	290	50	83	78	226	5	75	222	173	285	98	177	294	30	268	18	303	141	292	218	237	89	33	302	217	250	194	219	159	58	194	177	183	33	300	184	302	64	212	203	304	263	98	146	25	260	89	28	251	225	260	168	277	114	14	25	45	297	118	179	79	6	207	272	154	233	143	149	250	178	145	79	122	85	232	11	75	104	267	187
221	44	215	29	35	45	269	252	213	18	28	189	176	271	249	218	0	44	257	171	84	191	166	138	244	189	33	97	192	289	151	185	271	210	57	173	56	192	166	293	155	280	274	68	12	3	289	70	89	17	201	157	294	133	220	19	33	16	127	208	128	98	159	297	38	11	264	193	48	1	49	286	271	19	225	243	25	172	104	163	112	247	151	264	64	272	260	255	205	47	230	232	20	224	140	106	152	243	160	90
76	161	186	160	131	303	177	55	43	133	300	285	165	258	86	130	206	0	123	19	147	203	264	156	99	1	88	190	239	127	295	1	134	76	83	71	239	265	215	72	161	121	139	123	156	218	259	122	90	295	293	102	239	65	5	165	223	284	144	276	261	176	85	235	19	43	250	19	34	148	44	122	253	34	26	103	180	66	33	68	196	124	194	191	5	253	65	28	187	192	266	101	30	244	177	252	170	248	120	123
25	163	209	196	178	103	232	107	11	223	149	133	65	65	125	283	40	215	0	58	179	95	58	173	261	184	198	166	195	129	150	153	65	202	78	129	268	76	284	112	298	304	252	253	264	234	94	274	115	272	79	24	58	302	184	164	61	133	261	281	288	93	303	147	268	66	259	99	124	106	22	146	127	103	57	151	207	51	245	180	61	265	62	222	121	15	223	230	62	215	253	112	87	229	93	184	86	206	103	247
235	289	261	103	300	101	134	286	41	29	121	157	68	60	60	139	9	81	40	0	55	297	181	255	96	158	68	147	242	237	225	94	151	159	88	147	41	209	299	192	87	151	2	274	99	38	28	88	130	252	140	139	220	282	282	297	263	118	295	301	145	23	227	131	35	94	181	283	21	100	280	121	192	82	147	59	276	186	144	100	73	263	148	60	147	15	47	134	51	226	166	11	108	43	182	10	221	91	277	247
22	117	303	221	299	298	268	38	78	178	287	120	156	15	261	202	279	18	46	64	0	268	11	104	140	59	18	86	151	70	77	52	1	88	210	260	22	183	66	271	89	276	241	124	169	168	299	43	78	238	171	244	51	104	254	121	295	218	231	301	228	43	109	150	144	237	220	122	287	200	185	62	255	74	103	102	227	16	194	223	225	64	142	270	270	186	208	82	30	160	245	268	220	242	201	45	106	3	99	292
241	160	72	259	259	16	16	204	200	178	91	104	101	72	8	108	191	166	140	184	54	0	234	154	157	48	76	6	31	96	77	235	234	14	260	301	238	152	288	161	300	8	227	17	55	13	193	247	139	206	294	87	1	123	27	266	169	113	227	144	154	304	226	209	142	39	98	302	265	151	216	293	293	259	78	163	162	57	177	97	7	25	280	281	194	285	299	164	73	126	285	205	275	165	301	33	85	112	39	168
188	76	260	221	161	79	148	287	303	94	69	225	22	249	234	94	173	259	264	258	112	80	0	217	138	8	141	230	271	84	104	264	201	288	231	40	202	189	31	276	226	88	194	270	260	291	269	206	133	209	105	200	261	148	261	269	88	139	68	239	108	134	103	11	158	209	194	101	231	8	25	215	193	27	149	4	243	49	170	234	285	222	237	272	138	140	264	253	62	279	16	40	92	36	5	211	187	284	234	191
45	179	23	166	13	289	75	218	171	244	143	239	32	201	170	106	134	304	91	172	178	292	141	0	153	45	238	96	197	155	45	242	175	51	285	1	214	117	65	4	141	129	110	79	258	75	282	152	134	275	244	61	241	162	173	151	152	281	101	261	210	1	48	175	218	225	204	105	230	94	219	162	277	241	56	270	188	138	254	256	130	28	256	15	156	103	275	248	173	262	251	210	136	132	225	265	200	29	247	93
233	173	287	36	202	91	165	150	57	281	21	104	101	235	293	32	269	224	2	196	97	153	131	248	0	65	120	38	169	196	228	217	247	13	160	17	82	79	28	173	90	288	130	207	295	150	297	81	44	2	279	190	161	224	284	192	245	235	269	153	92	185	246	167	288	145	299	86	208	290	77	44	68	69	156	296	261	239	26	202	260	31	86	17	268	2	227	303	42	47	134	21	276	128	142	263	208	217	96	114
114	12	236	165	283	50	47	157	88	220	97	285	56	267	135	152	87	58	245	252	10	93	160	43	126	0	148	19	101	175	124	222	22	151	179	18	303	8	210	160	148	24	27	110	244	20	215	70	102	253	214	233	272	195	258	181	148	293	28	259	26	25	154	274	13	164	9	127	215	30	164	125	71	209	84	206	68	78	280	66	267	40	159	220	139	146	290	304	215	252	66	185	73	167	113	238	137	234	74	172
170	283	142	237	105	66	60	82	105	176	165	199	178	21	246	295	107	117	70	84	194	143	143	180	59	42	0	156	199	160	24	38	294	175	204	148	15	273	222	26	64	76	263	259	164	205	231	79	167	301	184	139	161	28	35	138	239	178	77	141	136	151	92	264	57	198	186	228	188	185	171	37	102	87	57	227	37	160	61	90	229	109	97	167	182	253	269	76	156	223	231	265	249	183	75	221	119	239	117	183
177	216	196	238	81	29	77	54	210	262	190	93	52	248	81	258	116	172	78	285	75	205	237	42	267	102	183	0	138	1	251	159	1	150	281	245	272	99	172	24	187	154	240	58	138	161	62	98	200	51	51	67	257	62	41	195	221	197	156	124	302	143	260	116	267	251	140	52	282	291	249	33	167	60	283	38	160	124	282	140	288	202	244	59	127	195	134	154	46	82	53	197	134	282	185	298	218	3	78	42
208	214	274	226	158	160	76	137	101	70	133	64	203	271	2	9	83	238	31	296	283	248	203	45	31	53	292	302	0	263	139	16	109	200	40	28	139	252	300	154	239	172	195	23	46	277	187	170	294	5	73	269	207	299	242	111	140	86	10	174	153	195	87	270	194	168	93	197	255	67	152	120	272	202	174	92	174	212	225	34	158	123	23	264	293	141	296	35	224	16	65	116	173	66	261	141	207	272	292	196
126	187	5	7	55	211	302	197	295	31	187	69	261	190	177	33	64	108	194	115	184	22	295	177	224	111	78	281	117	0	221	51	93	51	181	129	14	224	66	127	292	229	167	192	82	101	100	129	293	222	75	67	180	138	47	19	211	119	10	103	85	270	18	35	266	229	267	84	226	53	210	1	128	14	299	43	288	201	26	65	148	258	35	83	123	127	297	184	191	35	279	165	45	69	45	87	138	170	110	121
74	115	278	58	126	135	298	227	194	129	222	59	207	114	267	237	301	109	73	259	156	74	79	55	172	6	192	269	259	22	0	241	197	273	28	62	14	222	171	164	8	260	207	274	48	170	144	273	130	37	189	112	289	268	110	108	199	16	269	182	39	104	9	192	67	10	62	114	249	21	247	208	176	168	171	273	158	274	163	177	230	44	207	193	89	63	95	198	224	223	11	57	148	301	38	1	221	50	271	82
50	282	83	106	150	69	4	20	78	188	119	214	28	148	100	3	201	138	188	199	262	288	13	148	61	208	176	113	205	237	48	0	28	256	296	75	103	74	12	46	121	127	110	164	188	102	147	89	249	39	18	55	290	1	137	189	129	24	116	118	266	60	15	24	211	199	154	98	102	262	105	49	122	8	139	5	98	235	46	121	178	16	141	256	57	9	89	188	130	203	163	127	62	189	223	131	95	286	149	107
281	225	92	107	280	218	33	211	97	106	142	16	198	196	7	178	283	18	77	212	296	93	55	276	95	231	191	108	267	73	209	141	0	300	235	85	219	135	268	74	69	266	78	133	4	7	282	277	77	97	91	84	24	221	147	282	253	64	271	124	94	111	165	17	133	95	263	243	216	82	128	192	195	249	153	11	239	159	284	12	50	172	163	84	86	88	156	138	294	237	191	131	148	301	226	145	249	48	36	220
296	120	216	295	126	42	225	160	206	217	245	86	90	122	169	253	270	263	22	266	263	132	36	176	246	37	189	32	166	87	254	137	243	0	24	281	180	181	155	143	47	159	278	134	143	130	140	36	17	257	238	120	38	153	88	111	67	83	301	251	44	5	172	68	291	272	155	199	126	62	282	231	99	277	25	204	283	17	121	109	91	280	259	184	58	229	2	229	98	220	31	152	188	104	19	202	73	275	259	283
300	179	97	79	259	201	99	198	85	148	114	217	291	57	296	15	250	299	19	137	179	181	10	118	202	173	29	289	218	158	183	31	241	96	0	243	265	261	171	49	100	42	113	140	60	262	254	123	69	126	69	257	86	56	87	128	178	136	190	86	242	59	130	263	160	22	201	107	283	294	81	281	117	137	50	295	166	114	129	24	161	279	175	243	80	249	72	248	228	258	133	203	50	162	102	283	33	179	77	233
66	101	242	292	251	5	209	197	248	129	18	216	292	58	66	101	255	180	72	66	302	59	267	302	70	239	177	261	46	239	207	192	147	254	299	0	146	15	246	216	109	298	93	130	237	252	109	101	58	68	23	301	131	102	120	21	207	265	89	43	253	21	50	144	103	38	286	128	99	131	221	179	6	144	217	83	272	103	191	32	214	198	186	225	227	82	249	142	212	92	234	68	256	18	260	269	8	134	266	192
99	3	81	282	39	152	277	52	109	239	101	135	111	182	176	93	238	212	31	194	122	53	54	48	58	215	198	239	26	113	29	176	241	176	210	256	0	165	166	46	139	67	37	34	281	188	28	103	72	96	17	87	24	262	197	88	230	288	291	21	290	27	97	268	42	278	257	274	254	72	127	166	220	158	88	234	118	53	114	66	104	7	54	285	140	155	276	111	185	248	264	67	70	118	53	271	96	215	221	16
67	254	76	170	266	124	295	168	156	63	130	222	74	113	50	28	254	54	123	219	279	292	160	105	105	232	176	98	37	140	177	17	290	239	51	191	82	0	65	194	96	128	99	129	144	147	273	95	293	14	197	189	156	189	109	100	232	172	223	79	18	17	171	11	161	138	6	202	141	131	271	186	239	267	282	25	84	20	86	88	165	118	138	165	23	118	105	225	203	129	204	96	205	301	1	258	258	187	116	144
162	150	27	242	170	299	102	270	138	101	109	199	144	199	280	148	9	8	150	200	224	146	85	17	131	140	223	293	42	256	173	123	83	204	233	61	294	222	0	268	239	64	194	299	54	57	77	121	258	68	134	264	181	156	256	259	143	223	133	66	168	302	237	56	263	99	118	45	157	204	39	144	239	54	293	205	60	54	207	107	251	275	103	26	110	253	245	47	31	116	51	303	116	176	211	106	73	58	99	74
129	91	267	115	114	116	34	101	122	143	57	42	294	150	296	304	279	261	118	74	197	113	127	216	152	283	217	14	219	212	274	278	227	25	2	287	147	64	289	0	27	205	30	147	115	77	76	118	32	65	184	178	231	283	287	276	270	249	62	26	124	97	140	50	171	235	33	220	30	270	57	195	97	61	77	71	295	88	32	74	66	65	119	34	160	152	150	172	83	75	245	95	142	36	83	207	108	24	241	139
16	15	162	198	252	276	99	278	88	211	67	129	268	57	81	171	30	278	181	272	109	296	243	282	154	218	280	285	136	157	124	75	253	71	36	6	108	101	164	253	0	23	223	117	7	217	72	158	130	96	172	42	65	281	20	13	196	137	6	10	63	37	77	261	300	254	150	88	181	222	292	144	108	114	93	124	26	109	105	105	28	15	186	27	82	59	36	193	180	54	193	263	115	81	292	40	48	249	18	120
238	169	191	256	244	93	293	224	64	247	72	149	257	260	98	18	192	128	155	146	231	35	295	197	3	95	211	198	292	64	296	64	102	211	77	41	270	245	193	143	13	0	273	245	149	237	199	7	84	10	247	228	13	160	43	285	62	85	287	153	143	100	150	295	223	287	244	191	304	172	133	25	187	226	77	11	72	56	291	293	174	174	70	36	44	269	109	243	75	35	211	17	17	35	245	268	145	108	189	57
303	60	271	137	162	169	61	109	169	293	205	220	196	75	103	22	294	56	128	57	124	188	303	57	30	301	253	39	76	255	100	86	169	111	154	73	262	27	46	72	2	60	0	256	162	164	185	148	214	157	77	237	203	7	128	102	296	102	76	112	103	127	183	285	206	246	221	176	227	110	185	211	84	165	6	141	272	179	51	250	70	192	195	112	259	40	264	182	218	209	74	215	239	7	110	62	93	8	257	81
148	203	136	233	258	139	272	86	166	67	75	304	85	66	80	157	106	236	278	266	229	104	295	93	82	158	232	184	102	55	225	141	32	279	29	133	74	265	278	148	139	4	175	0	51	25	243	236	131	197	175	48	19	167	280	90	192	297	71	147	51	197	6	291	193	217	126	142	221	263	175	148	267	68	293	94	85	156	23	168	266	136	180	30	184	5	105	78	22	216	196	44	245	42	297	61	90	77	59	40
13	235	189	252	178	21	149	49	49	216	18	171	120	54	63	287	64	189	122	18	281	112	102	243	195	258	286	51	281	125	99	230	110	212	158	205	214	114	301	77	53	274	1	84	0	203	200	40	117	303	217	197	190	171	10	242	291	284	102	109	101	194	9	142	102	147	75	211	280	89	148	141	42	88	261	138	259	153	151	202	302	10	119	142	205	124	163	79	26	235	59	283	78	85	182	262	109	45	26	79
70	155	230	109	205	205	294	232	50	247	156	258	14	71	244	275	193	55	85	33	27	18	237	258	236	82	216	88	150	73	141	6	126	230	36	186	175	302	84	77	44	73	80	101	290	0	276	5	170	195	248	74	177	221	31	151	181	53	108	118	119	181	227	123	295	41	112	73	72	16	22	276	93	229	211	248	235	300	257	244	209	149	6	44	142	31	196	7	134	97	156	261	34	6	138	118	277	299	96	269
76	85	221	161	178	156	304	284	200	15	240	66	248	265	142	26	71	91	35	302	99	47	180	61	222	236	170	250	107	227	174	115	115	132	176	95	24	139	164	257	81	258	225	292	229	211	0	197	38	26	248	275	10	4	101	77	14	174	169	6	11	195	192	199	271	56	217	81	228	11	6	255	94	231	252	225	261	29	214	118	107	192	182	138	113	37	251	279	279	148	201	153	277	248	77	289	84	302	265	100
267	148	186	270	186	189	271	134	200	244	205	85	202	213	251	140	154	116	253	254	49	281	194	120	135	142	37	208	38	97	143	179	132	259	225	173	15	236	179	231	98	224	265	137	94	226	161	0	61	270	299	287	108	136	299	261	254	102	271	297	207	127	191	53	34	202	139	289	44	86	300	263	53	43	147	62	144	69	121	257	77	11	202	17	266	303	110	227	282	299	73	194	135	134	38	5	61	216	64	181
256	103	294	228	256	111	15	298	67	248	1	101	128	145	98	231	219	280	221	179	236	151	64	80	156	116	267	225	100	197	199	134	89	194	18	184	24	131	19	125	250	231	85	301	128	290	184	249	0	284	8	47	125	279	52	120	49	156	83	112	160	302	24	150	41	24	118	287	13	166	132	160	183	53	100	283	236	76	32	168	21	40	143	207	154	152	215	168	39	55	148	3	32	94	214	6	1	253	225	294
36	168	283	133	124	111	1	110	177	176	107	236	40	271	256	40	154	89	297	234	41	296	147	28	103	108	215	135	200	169	89	26	268	87	168	74	77	30	168	23	168	188	250	84	108	86	30	79	115	0	285	162	268	84	9	211	130	264	280	302	157	145	191	253	103	235	105	257	41	150	21	217	28	22	113	128	124	6	208	9	264	235	178	199	253	254	171	124	11	257	255	166	8	203	223	77	290	54	27	272
280	189	208	179	12	270	29	261	184	276	260	98	253	62	233	79	56	35	202	291	170	172	275	176	179	105	37	187	50	169	301	189	275	134	236	125	150	45	17	280	91	287	66	197	9	39	132	228	62	130	0	112	28	49	234	67	4	119	60	1	115	81	173	285	239	284	164	216	182	129	195	10	212	49	195	240	260	136	56	28	69	207	267	46	261	14	184	186	280	78	289	104	192	282	233	239	276	35	286	24
94	40	159	63	2	80	263	210	82	290	13	246	84	134	37	25	229	64	234	10	298	135	76	144	62	10	70	130	146	298	158	254	10	26	175	303	125	4	89	35	81	78	21	178	258	153	303	25	11	188	263	0	263	146	8	112	176	296	93	46	197	46	202	254	154	33	278	283	300	246	249	210	187	39	301	193	94	127	193	213	19	220	38	44	120	255	236	33	134	230	101	187	94	108	44	94	22	109	144	260
288	193	300	64	74	68	249	98	123	168	143	229	95	269	82	133	205	20	95	69	31	299	150	26	15	196	209	85	89	299	202	141	181	110	189	26	127	196	187	289	27	92	136	303	251	110	211	231	131	282	101	119	0	145	51	72	23	115	272	258	137	251	227	138	181	12	232	23	78	210	208	198	259	192	257	73	76	181	132	40	74	30	72	5	138	233	58	208	171	61	193	281	62	13	46	9	92	273	303	37
236	300	205	152	296	211	303	60	73	176	28	259	34	3	238	72	216	86	237	138	35	266	219	102	50	112	145	68	11	20	28	136	218	260	243	86	227	240	164	182	31	234	249	138	232	4	104	177	253	261	82	5	69	0	42	239	2	249	243	2	192	166	39	202	187	216	20	185	171	136	107	225	4	213	254	78	107	126	64	180	56	76	207	243	77	74	217	236	209	67	61	192	149	109	250	136	254	125	117	9
6	94	4	178	202	231	191	274	134	24	135	293	10	147	43	162	4	133	264	48	57	223	12	8	245	227	39	6	217	107	262	232	236	77	225	23	182	295	103	70	229	123	109	281	93	169	81	50	199	174	19	118	241	237	0	214	67	43	224	198	281	75	71	269	249	89	264	265	139	266	199	9	135	160	34	225	127	148	12	182	66	215	106	172	24	68	201	150	191	20	273	219	91	262	120	41	67	286	125	44
187	209	62	225	282	213	141	99	178	267	280	282	126	109	154	195	96	138	94	14	38	151	219	226	79	174	90	40	138	58	16	245	193	82	254	178	54	4	193	296	80	170	139	79	203	295	108	130	189	49	251	291	118	52	8	0	54	239	37	23	274	223	25	191	106	213	161	94	61	163	28	126	107	171	195	242	65	282	298	178	60	293	278	92	94	92	260	180	130	256	99	114	188	118	44	31	116	301	175	115
261	162	143	221	42	83	153	125	228	84	277	48	196	250	119	258	173	146	40	238	127	40	248	98	66	72	274	55	155	56	234	119	209	100	264	133	63	21	180	5	89	127	301	95	232	18	230	164	212	221	103	120	229	79	128	45	0	260	116	252	296	73	287	143	85	292	119	206	259	36	52	116	243	301	78	49	86	76	14	185	158	285	255	16	157	154	95	226	95	179	10	126	198	2	139	182	223	282	278	132
266	56	87	258	283	154	254	304	118	118	201	230	273	13	132	16	126	251	197	68	146	50	16	286	37	120	187	161	231	266	239	44	152	6	15	194	54	159	9	190	152	146	171	271	90	182	260	149	197	145	112	17	26	278	128	239	79	0	58	93	107	221	244	6	143	66	185	269	161	248	254	171	177	297	252	55	185	5	134	271	40	114	5	266	57	240	84	225	172	26	31	284	88	6	138	70	201	108	287	162
79	194	288	51	78	22	126	272	83	262	202	249	228	225	171	207	112	19	183	259	294	157	240	220	302	10	281	51	66	297	290	270	49	174	12	112	157	44	128	58	249	147	282	236	5	117	182	294	221	112	147	31	244	136	139	178	237	178	0	59	35	202	288	155	246	205	118	245	148	116	19	164	79	123	182	238	303	168	202	205	266	184	190	14	5	256	208	284	271	194	253	130	287	294	194	19	15	257	132	27
23	160	105	100	283	260	62	231	135	75	299	65	63	69	91	163	138	159	37	115	111	86	19	53	266	108	211	82	122	303	211	136	264	17	280	115	209	120	195	268	126	100	232	255	294	31	218	101	129	42	289	224	267	290	250	89	283	57	291	0	25	151	93	25	83	148	81	25	126	295	149	135	18	202	94	135	165	39	85	131	156	285	243	181	259	85	9	237	76	35	97	193	232	156	289	227	99	244	115	60
109	222	33	88	253	241	16	216	304	127	146	26	279	182	278	79	29	159	288	85	3	242	17	282	287	25	302	136	32	64	272	294	257	105	96	114	268	47	188	227	90	198	143	204	84	232	248	285	133	189	22	50	26	54	283	169	200	296	17	105	0	294	222	256	263	59	150	108	83	206	282	218	24	32	80	151	133	234	63	241	38	195	85	71	259	74	153	149	11	93	37	302	232	23	247	195	102	246	173	157
122	39	89	15	33	255	234	30	161	120	109	14	192	217	63	145	134	202	180	48	168	97	261	68	45	212	30	8	140	259	116	227	98	183	238	173	65	215	20	170	62	134	212	25	24	295	166	203	94	297	170	134	54	117	104	53	38	123	273	91	30	0	237	181	224	63	204	253	177	136	73	127	264	44	208	38	153	265	194	37	142	220	241	204	185	34	104	107	11	211	10	92	304	256	64	203	56	151	118	137
100	39	203	166	116	72	218	206	132	166	105	262	76	229	294	6	81	225	246	161	242	201	174	292	113	174	262	222	38	243	213	8	241	189	127	281	99	193	74	105	1	78	65	268	249	129	84	210	164	32	76	219	39	176	14	155	195	72	179	40	159	109	0	157	118	205	124	175	154	151	70	204	227	201	251	210	140	49	48	215	300	183	88	177	255	6	265	275	181	9	268	149	13	218	54	92	102	60	266	55
79	113	105	136	167	249	234	26	234	46	141	154	181	181	204	256	120	78	174	255	63	24	189	170	163	33	7	295	197	78	218	81	69	200	174	225	51	11	177	64	271	49	265	20	158	9	138	117	36	228	172	228	102	239	101	252	6	113	231	98	288	151	69	0	153	125	52	23	80	63	12	46	266	148	57	141	51	204	8	36	249	123	55	118	128	128	27	74	30	75	251	277	39	99	166	55	239	266	127	48
187	76	26	78	103	236	256	63	122	261	137	204	122	142	205	73	68	53	159	266	187	38	115	25	94	22	91	113	96	206	117	62	219	240	2	179	159	53	280	196	27	240	31	114	282	108	212	86	84	44	129	89	22	60	302	172	17	301	166	71	153	133	31	205	0	280	236	28	151	22	157	10	259	163	130	56	74	215	1	199	74	172	93	191	99	47	96	44	138	163	197	123	188	250	204	103	37	301	150	256
237	7	145	263	83	276	19	180	143	157	112	149	302	92	40	152	120	226	143	252	51	23	148	52	201	22	30	12	185	52	46	224	27	106	75	1	145	300	232	211	13	44	263	6	136	86	256	209	33	70	27	73	275	208	166	275	185	6	79	266	265	92	156	199	97	0	136	264	68	274	8	93	118	293	300	166	17	205	69	78	52	245	135	220	67	21	128	43	212	217	184	271	233	84	109	227	130	297	243	218
260	186	162	231	253	233	239	1	203	280	171	217	185	220	303	249	74	96	296	104	87	89	117	2	113	172	68	153	125	144	235	111	184	242	185	38	158	204	259	125	90	243	284	211	90	237	144	50	211	58	48	304	156	184	270	201	77	161	224	67	108	141	38	299	157	130	0	51	98	220	190	280	218	76	59	243	240	26	235	25	171	120	213	18	75	140	196	23	106	27	267	228	267	64	117	17	249	303	8	74
11	15	273	157	143	29	197	213	141	244	264	95	297	165	286	173	267	28	278	109	299	78	85	246	259	284	184	298	241	261	162	250	31	167	65	62	11	65	214	142	219	188	59	22	82	304	33	225	148	66	122	153	160	262	69	263	274	290	41	171	234	191	217	194	77	201	132	0	254	23	70	113	228	198	102	52	296	240	94	134	304	62	14	13	16	261	252	304	219	190	248	234	100	32	265	152	33	204	62	250
271	208	298	190	9	93	56	92	187	118	44	136	196	179	125	74	177	33	84	169	215	58	182	105	220	32	191	193	4	268	104	236	76	221	27	74	258	180	108	253	110	242	119	127	123	40	34	99	71	71	210	33	128	4	75	82	251	245	105	173	110	304	52	63	131	40	50	47	0	33	114	59	135	297	159	207	194	72	147	125	51	79	127	240	6	194	155	165	163	199	88	299	294	144	272	95	154	206	244	303
275	222	194	15	83	80	66	6	5	105	181	236	272	102	137	67	248	33	63	276	116	303	9	253	255	249	92	291	230	51	263	24	4	284	14	179	10	9	262	95	157	107	301	28	265	301	188	58	162	167	200	169	171	241	187	62	60	69	263	272	302	179	213	14	39	192	245	258	32	0	97	40	50	66	296	59	221	51	255	146	283	210	174	191	160	82	74	191	226	230	282	29	185	234	90	132	65	265	173	248
84	53	294	176	199	22	247	75	292	297	14	108	239	196	5	101	276	149	248	274	235	250	148	10	27	141	121	116	243	61	145	273	35	249	99	146	75	226	130	191	170	296	17	156	184	256	231	14	262	177	210	283	58	238	212	278	167	216	1	186	53	33	84	256	91	79	286	138	248	108	0	214	27	192	216	41	226	130	185	281	50	240	100	281	123	248	149	235	16	195	165	250	289	185	207	192	245	276	31	105
197	86	185	304	257	228	49	262	256	59	223	161	7	67	198	20	191	274	188	183	222	286	232	172	232	145	304	214	208	152	189	224	183	162	284	8	122	22	298	158	178	103	90	229	289	86	169	269	18	292	82	42	205	145	239	178	109	65	225	71	149	93	280	17	182	235	40	279	229	44	202	0	294	129	211	241	18	240	88	136	38	194	6	214	284	179	8	44	180	112	298	270	234	22	127	153	288	272	147	11
68	85	3	208	59	41	303	292	45	34	158	60	67	128	102	101	71	7	40	42	274	201	139	31	13	167	191	14	179	36	49	206	130	7	273	125	100	147	181	185	122	57	76	100	102	196	59	297	22	193	50	77	163	32	161	107	38	95	69	47	280	150	84	286	279	271	1	123	175	230	244	84	0	87	152	15	58	177	67	103	152	205	70	280	131	255	298	255	123	142	277	120	22	174	80	121	63	264	265	131
109	254	37	54	83	159	187	157	132	83	193	46	299	68	298	19	25	230	203	65	119	218	189	217	56	189	21	123	177	220	22	289	191	263	193	293	99	80	82	42	11	213	299	209	10	219	195	89	216	297	76	138	77	104	8	163	178	95	224	293	179	175	291	218	170	66	30	201	233	127	300	104	116	0	254	47	62	35	136	242	7	201	105	204	153	12	105	141	19	47	148	188	95	94	23	54	298	152	261	196
57	288	52	118	66	177	16	236	81	25	140	27	129	65	78	267	25	224	210	39	188	99	196	251	238	5	263	25	127	217	295	178	87	130	125	169	109	62	238	160	267	84	23	266	282	256	16	44	126	39	278	303	283	110	296	47	263	185	197	78	62	122	283	195	109	181	133	284	262	285	68	69	19	101	0	37	28	66	207	114	228	54	304	257	53	300	296	219	195	271	21	45	20	209	175	262	25	37	43	98
192	210	230	224	127	147	262	271	254	209	250	293	300	35	277	89	301	150	190	53	202	123	68	39	148	133	74	207	146	252	244	285	274	113	150	108	82	164	30	22	280	156	99	24	118	92	9	251	96	203	29	82	121	259	46	302	7	226	263	237	291	215	19	165	170	95	135	149	188	263	219	176	110	262	183	0	8	48	171	44	222	104	113	250	304	48	184	279	208	167	67	184	268	231	69	138	295	290	146	198
135	132	281	169	154	219	46	113	250	2	302	73	114	244	85	151	227	190	274	244	273	172	85	157	193	94	301	83	177	121	257	304	49	187	254	247	251	279	54	151	143	128	144	21	157	179	117	62	148	12	106	12	105	33	228	130	190	14	109	193	155	70	125	206	236	228	70	275	149	35	182	266	275	150	301	13	0	145	68	255	89	246	123	29	188	156	87	84	126	287	153	198	263	145	180	120	207	180	134	256
297	66	55	30	2	88	284	93	25	62	85	294	170	302	266	181	207	204	250	124	249	107	230	290	286	64	83	155	243	106	265	140	185	163	290	240	251	241	88	25	72	161	31	113	213	55	271	3	284	274	195	153	206	123	204	10	127	169	46	138	109	164	149	179	33	149	34	150	262	214	135	23	32	246	147	141	137	0	100	83	59	113	69	3	70	293	237	121	1	233	281	186	100	269	203	106	82	54	179	2
85	272	24	87	75	19	1	179	101	236	53	255	60	137	148	173	21	268	260	92	64	177	1	19	188	76	22	242	153	54	104	214	232	103	102	212	84	162	20	300	14	7	112	6	54	114	235	213	279	206	2	265	255	207	174	134	39	263	223	19	131	90	227	263	214	157	285	109	72	22	137	102	93	82	243	20	26	225	0	212	181	23	26	210	68	72	48	16	116	237	252	101	121	135	154	55	150	81	236	181
52	151	78	278	107	150	172	120	45	61	38	223	247	131	298	204	215	136	100	20	157	157	36	57	288	218	189	149	116	304	152	274	280	94	261	253	80	287	79	50	280	54	185	43	72	25	142	104	296	137	136	42	158	152	93	260	222	281	145	77	275	244	87	191	281	40	115	292	297	105	263	26	155	276	185	82	122	292	262	0	171	228	210	71	180	248	222	157	115	134	111	244	286	263	3	207	302	244	208	151
37	239	236	147	193	181	177	167	199	304	293	29	121	236	18	162	86	73	72	161	137	90	258	88	203	10	11	241	101	257	242	235	101	204	241	63	84	114	140	162	155	140	48	229	87	4	115	204	181	277	30	158	185	224	25	109	40	259	45	52	127	69	146	9	258	16	252	152	56	22	129	16	284	73	163	224	285	218	69	147	0	196	91	134	165	217	20	126	30	282	4	34	62	261	89	215	242	117	2	289
252	302	141	30	163	278	169	53	4	299	110	129	215	96	189	245	127	135	68	219	88	286	24	123	240	249	138	193	184	47	244	220	6	131	243	159	130	48	5	72	26	180	298	247	177	301	88	47	291	138	135	172	41	282	84	100	65	227	245	160	242	252	162	40	262	224	254	171	195	61	109	212	119	98	273	29	97	3	78	298	239	0	189	47	60	272	18	105	254	247	190	56	23	154	26	178	207	268	84	79
289	150	142	52	225	94	154	291	171	281	253	153	3	218	175	248	13	116	267	224	103	85	43	195	2	197	224	22	51	51	196	112	60	59	254	137	120	143	175	35	57	62	262	120	92	300	105	297	68	120	264	192	2	179	101	134	196	89	186	272	261	156	4	272	121	153	48	126	116	107	56	260	232	240	61	19	201	98	191	296	217	218	0	125	141	108	94	216	135	30	161	219	40	170	136	264	264	296	94	234
173	279	185	127	304	166	178	296	138	47	251	248	259	297	257	224	186	220	234	5	27	192	294	63	102	294	49	215	120	129	136	282	11	185	109	21	94	237	76	168	11	165	70	210	244	163	79	269	58	75	199	84	284	65	33	140	105	154	99	175	229	119	121	250	43	130	194	241	195	205	172	31	120	140	177	49	123	168	89	21	184	184	15	0	208	224	111	230	291	230	7	193	40	135	221	175	55	66	91	111
32	69	171	161	278	199	128	243	69	206	154	44	187	169	282	109	226	260	91	63	253	239	158	198	170	46	19	72	140	128	279	73	250	54	254	43	182	223	293	227	86	72	99	92	68	173	112	239	124	42	230	300	189	240	7	52	101	146	71	69	21	39	243	133	5	7	124	185	96	24	278	93	54	289	32	158	155	175	16	115	287	145	129	137	0	21	183	6	99	170	112	36	123	37	13	252	246	27	291	200
152	52	156	44	152	96	11	288	185	286	13	73	283	13	167	272	253	19	44	295	217	14	115	162	239	222	261	83	175	104	117	5	273	196	67	217	13	209	218	249	166	178	170	61	283	27	39	32	60	15	154	265	168	132	154	17	10	251	274	129	197	82	123	247	125	302	94	171	100	153	244	236	88	245	285	252	285	260	153	240	141	189	79	162	45	0	144	6	84	43	274	94	269	131	102	84	169	183	40	218
266	248	297	262	132	210	123	30	208	122	34	1	295	96	269	123	199	114	193	49	108	158	167	251	94	227	13	34	21	120	3	132	129	185	243	297	63	143	101	13	99	185	76	51	7	6	199	157	217	291	97	263	66	183	229	90	276	82	22	18	154	95	91	68	148	208	198	99	94	266	243	43	259	130	184	28	263	280	198	152	58	243	296	278	263	139	0	210	117	218	60	104	293	164	67	214	260	159	173	164
139	26	291	204	275	276	17	249	190	290	232	4	135	165	2	56	158	87	120	271	210	108	28	282	304	246	105	37	76	101	41	44	219	173	96	261	252	42	209	29	304	179	133	9	11	69	41	101	202	46	285	35	54	181	7	120	78	112	251	277	202	174	158	274	138	205	158	128	271	83	183	153	271	187	105	176	8	96	15	90	72	224	271	273	82	279	286	0	66	40	50	268	199	24	99	22	29	281	78	127
271	99	20	77	201	237	299	118	203	12	69	130	256	40	173	201	293	103	151	245	115	278	70	227	294	31	184	292	164	290	228	296	207	269	174	222	7	59	264	109	20	151	244	88	73	205	210	47	35	119	91	190	258	33	27	16	134	182	208	268	82	295	246	238	176	239	303	192	159	69	152	135	128	79	83	155	58	217	121	141	165	138	254	304	19	217	80	185	0	267	192	231	214	109	237	51	153	189	211	150
35	167	271	214	50	129	276	61	94	232	180	217	71	233	127	25	172	92	221	115	155	287	265	282	253	230	143	266	23	107	250	27	231	292	19	135	108	261	128	238	165	170	153	56	172	221	242	123	121	81	212	251	25	220	194	274	243	295	35	277	177	200	70	163	58	60	260	130	297	220	58	250	81	104	28	154	168	221	211	52	276	15	265	63	161	210	235	295	54	0	67	72	176	80	241	218	110	112	297	67
213	260	171	128	6	34	159	293	237	2	99	292	8	175	45	285	114	140	265	298	189	136	192	230	160	99	244	123	144	278	115	289	219	210	285	273	219	115	151	200	236	222	107	172	189	247	173	227	47	287	229	273	293	154	171	78	133	197	181	153	299	52	296	138	294	192	238	274	123	93	54	9	299	175	176	126	248	114	53	287	103	275	205	301	291	8	237	247	17	61	0	217	278	291	141	195	75	110	120	109
205	225	229	79	91	41	124	84	121	55	115	290	225	56	142	4	231	58	250	186	35	92	17	85	201	93	257	45	18	244	68	129	303	156	64	154	304	103	217	5	261	20	250	59	280	61	269	184	173	205	287	70	107	127	90	101	10	301	231	92	226	64	227	68	229	169	230	160	4	162	216	14	255	15	43	273	228	170	191	171	171	93	102	91	87	279	215	242	253	233	215	0	13	135	141	71	293	19	284	79
65	29	221	134	298	292	55	108	20	106	145	239	73	41	161	12	58	132	28	191	248	264	230	96	10	199	126	117	46	138	285	47	222	259	200	260	185	88	8	22	228	258	100	165	213	175	253	86	71	98	213	239	135	264	223	67	13	22	182	49	88	158	264	62	33	125	90	209	56	80	294	296	304	169	117	230	74	115	229	210	93	262	242	217	188	31	54	21	280	104	93	82	0	59	234	62	161	95	128	20
158	7	163	85	168	245	175	280	232	148	89	241	289	180	69	219	208	249	216	106	289	174	261	96	67	168	163	8	256	26	133	45	224	275	243	243	144	215	280	20	11	12	125	258	105	266	190	195	68	20	185	260	256	286	126	29	144	42	135	264	33	104	207	237	256	189	76	49	32	92	287	90	227	216	115	275	185	130	105	255	184	134	205	303	214	191	75	72	124	173	232	281	41	0	137	40	134	31	135	34
204	123	37	178	60	218	234	217	193	71	175	246	159	104	128	192	206	175	30	107	109	15	42	268	143	169	67	60	134	198	272	172	121	81	288	44	37	54	164	71	181	67	47	70	233	294	84	1	53	190	67	122	188	47	255	79	117	240	269	149	24	181	202	247	17	151	154	293	144	236	273	54	55	127	168	49	253	240	301	50	287	91	145	261	53	130	221	132	208	9	255	278	46	249	0	115	9	57	51	31
242	208	105	127	126	208	139	71	273	229	210	255	13	275	125	170	26	145	278	155	152	170	43	81	21	108	35	121	193	251	110	191	285	157	136	237	152	14	36	197	176	73	146	91	204	226	210	183	52	141	67	170	228	132	80	71	296	218	96	288	241	220	126	257	23	160	132	303	217	287	60	224	40	127	162	125	21	2	209	289	236	269	117	213	33	186	6	59	120	158	82	186	259	166	209	0	228	66	267	291
178	74	158	219	53	239	214	274	123	272	291	80	68	31	152	139	257	216	20	136	74	68	52	79	226	91	180	179	29	229	179	99	121	54	184	202	67	122	221	262	251	255	136	185	203	162	256	29	128	165	103	158	251	51	135	260	125	91	75	20	229	259	216	167	261	15	74	59	219	162	211	26	175	98	140	285	119	57	132	22	54	89	249	272	6	15	256	165	296	232	90	166	136	178	243	298	0	301	189	285
43	245	256	217	253	63	26	127	108	126	207	194	132	228	91	187	36	157	295	258	63	113	94	90	183	243	65	146	103	247	36	123	162	144	124	117	150	125	212	131	171	171	5	50	67	79	221	248	44	194	195	34	223	230	93	82	232	18	223	215	146	114	50	17	174	92	93	255	148	283	146	202	133	57	72	290	268	269	302	81	170	257	96	206	261	212	304	204	292	60	217	239	123	128	28	73	134	0	240	70
97	101	159	293	6	266	84	84	272	25	135	272	207	182	304	108	304	95	119	55	302	107	60	139	289	213	84	94	213	242	15	130	9	303	31	129	119	84	142	236	59	55	45	304	88	287	200	289	301	8	262	180	66	68	139	136	51	212	38	263	55	15	289	126	55	191	166	106	302	39	27	12	134	108	301	34	51	18	119	106	91	181	1	7	60	249	64	40	42	262	17	238	52	8	161	76	72	72	0	65
187	107	294	175	27	164	182	193	197	137	206	228	71	55	297	135	115	266	259	82	74	178	224	149	90	102	171	77	199	301	50	304	168	179	110	163	297	83	26	10	138	287	221	146	123	265	226	293	260	27	168	232	144	302	287	141	195	212	227	112	72	291	100	7	253	145	46	213	200	224	191	202	231	200	216	89	206	21	96	172	111	55	204	226	273	2	6	177	74	228	66	294	72	271	275	281	129	192	87	0
