A	B	C	D	E	F	G	H	I	J	K	L	M	N	O	P	Q	R	S	T	U	V	W	X	Y	Z	AA	AB	AC	AD	AE	AF	AG	AH	AI	AJ	AK	AL	AM	AN	AO	AP	AQ	AR	AS	AT	AU	AV	AW	AX	AY	AZ	BA	BB	BC	BD	BE	BF	BG	BH	BI	BJ	BK	BL	BM	BN	BO	BP	BQ	BR	BS	BT	BU	BV	BW	BX	BY	BZ	CA	CB	CC	CD	CE	CF	CG	CH	CI	CJ	CK	CL	CM	CN	CO	CP	CQ	CR	CS	CT	CU	CV
0	207	152	291	430	595	573	481	126	568	571	159	370	146	440	156	517	165	312	192	144	404	25	575	418	317	288	184	423	461	184	30	150	101	53	470	584	592	602	492	122	88	569	126	12	56	316	426	187	263	129	621	414	124	502	313	546	255	371	6	12	277	504	206	410	179	287	150	448	438	634	548	466	215	35	11	406	112	173	367	522	514	59	169	227	509	344	269	221	300	24	434	256	254	321	563	260	322	342	518
338	0	548	478	554	272	307	562	246	33	504	162	512	487	31	192	469	221	126	614	586	228	269	573	463	581	618	463	377	441	308	615	264	614	408	308	558	369	170	279	250	430	311	234	317	551	59	582	568	620	264	581	419	51	457	530	267	520	128	400	183	332	178	306	58	627	501	285	214	319	195	585	490	124	112	477	532	412	8	169	517	55	169	315	55	545	516	310	456	33	170	428	8	503	66	403	539	624	395	162
250	512	0	527	177	566	179	39	281	617	104	216	50	522	547	436	152	36	99	281	131	620	161	80	507	58	223	197	556	449	173	172	162	26	28	303	43	307	347	72	229	573	309	585	522	509	412	465	309	592	260	521	608	118	608	531	19	400	419	114	44	485	431	290	142	385	570	29	447	238	222	323	423	318	46	531	291	120	154	628	243	46	403	253	553	470	186	222	333	372	441	545	303	481	37	44	40	360	512	168
491	374	191	0	591	432	314	275	343	99	629	178	417	264	474	253	12	483	60	535	402	545	163	79	67	180	212	391	307	362	214	64	283	455	80	275	341	190	12	372	441	294	492	12	119	432	414	223	401	61	360	73	631	37	504	326	467	593	304	557	137	404	391	187	282	307	456	574	500	501	553	57	247	235	237	518	224	402	385	526	177	509	226	280	530	526	116	520	191	154	170	178	250	348	583	195	383	111	479	99
209	504	256	10	0	246	130	247	183	335	604	538	56	352	88	570	10	153	577	13	245	262	55	177	331	89	299	321	459	324	500	495	30	257	620	392	486	120	228	159	97	432	379	592	248	207	199	341	471	574	212	363	384	172	183	416	617	390	428	378	74	56	596	351	471	78	541	430	385	392	242	110	470	284	535	77	539	183	177	111	180	395	441	297	146	602	270	334	52	459	420	423	495	382	163	363	347	470	177	466
4	385	190	443	178	0	134	33	489	334	440	185	450	511	224	396	200	243	491	222	614	267	303	430	71	428	389	482	299	170	19	550	589	101	427	223	459	343	181	283	8	411	342	635	274	73	207	527	617	141	13	528	48	180	32	459	516	149	114	264	518	549	193	33	106	156	139	270	339	385	314	268	189	545	196	477	520	12	97	550	265	598	291	393	105	601	54	215	550	541	424	401	461	542	115	124	286	339	399	5
504	374	59	181	525	499	0	204	420	528	93	502	413	379	141	318	74	429	74	415	404	13	422	363	256	329	94	123	497	444	133	547	470	383	634	120	54	315	431	305	39	451	549	110	432	630	349	246	595	448	187	387	2	91	398	593	83	583	507	401	591	247	258	97	224	367	547	537	591	56	243	185	159	129	473	309	452	442	326	379	1	311	279	110	41	322	524	308	581	302	165	79	250	558	115	319	203	623	340	224
409	71	22	582	30	281	498	0	118	457	242	20	484	192	64	532	579	477	84	254	585	108	432	608	156	355	247	586	349	179	283	471	420	192	263	269	518	96	286	316	155	352	233	538	156	145	552	473	194	444	169	271	64	80	450	385	37	118	483	288	147	546	596	439	436	401	267	251	623	236	123	90	175	285	191	290	81	157	442	142	350	458	220	581	118	144	264	49	154	523	48	272	321	567	488	11	203	376	571	204
358	193	284	548	539	143	84	507	0	624	19	605	489	573	210	26	268	463	8	403	185	627	230	256	477	389	59	9	442	234	611	339	151	112	109	237	111	310	271	23	293	372	338	436	607	273	17	586	612	449	528	322	160	314	263	265	629	465	452	157	612	621	572	415	91	201	46	217	219	392	546	373	607	64	320	398	127	539	464	615	510	393	229	156	362	46	207	517	31	466	105	315	267	133	306	531	525	242	173	162
374	371	120	190	2	420	67	518	613	0	69	212	307	613	86	529	267	181	131	502	188	606	76	516	504	231	365	542	499	248	104	605	222	445	288	38	270	405	622	619	92	85	37	225	326	557	297	587	496	296	281	77	589	74	42	371	133	81	112	547	476	215	87	602	315	359	528	325	212	402	520	316	536	19	264	33	573	423	91	75	26	259	186	237	79	543	379	620	261	586	73	199	578	120	374	399	34	419	153	373
540	490	468	3	350	98	299	219	306	534	0	534	464	611	327	252	254	17	549	92	187	53	86	50	332	165	457	516	201	468	303	136	274	121	246	403	25	613	155	255	379	142	113	267	565	466	487	40	185	57	77	399	203	328	181	375	350	140	580	578	591	54	597	609	219	187	570	183	389	601	402	144	590	411	451	117	145	31	220	595	112	196	413	552	37	286	606	454	176	153	297	202	397	224	111	314	205	169	113	128
200	208	584	552	479	394	99	123	184	413	576	0	87	91	389	14	372	60	92	62	547	137	574	301	477	605	167	500	387	106	379	415	243	122	438	475	274	68	568	624	146	89	34	494	505	157	137	413	146	245	614	563	279	508	231	321	76	329	416	592	35	110	606	497	419	160	427	98	447	75	199	577	218	426	78	60	480	490	437	149	298	293	253	342	428	313	592	591	274	214	106	317	79	412	24	323	481	26	612	334
630	577	341	359	445	453	121	262	64	181	104	299	0	257	70	506	107	350	578	13	209	629	518	448	165	87	606	409	2	533	468	515	156	292	140	146	146	190	251	283	305	367	224	161	136	224	192	311	36	217	38	388	309	174	542	455	464	443	153	492	129	339	357	503	74	273	385	263	10	467	134	293	24	299	48	268	471	202	231	87	140	389	233	507	155	181	584	46	79	162	42	332	344	119	111	222	218	480	87	294
373	305	432	135	534	562	113	296	514	103	184	46	450	0	389	92	593	79	620	395	271	246	528	170	48	627	591	54	239	411	172	157	81	7	28	94	222	402	540	135	494	126	431	398	516	203	160	204	542	555	491	186	297	239	440	552	141	409	290	457	504	559	437	620	60	164	370	588	167	106	189	312	460	6	363	554	548	168	45	258	1	495	258	3	566	331	425	210	546	226	328	248	282	162	630	242	112	99	624	372
377	583	299	266	209	619	49	237	423	449	487	347	47	64	0	284	443	632	231	185	120	366	629	158	45	339	92	421	59	595	155	213	323	509	82	16	307	265	211	151	454	190	10	572	431	372	492	74	332	340	157	107	612	586	120	388	370	314	409	624	466	152	285	213	293	578	152	259	350	73	452	547	222	491	633	374	430	426	466	465	395	529	615	92	429	184	450	555	457	387	152	430	256	255	482	384	56	457	57	298
574	272	237	244	426	203	634	496	620	272	427	286	124	84	242	0	453	274	390	232	577	131	609	63	419	594	251	167	466	574	597	228	258	237	222	160	213	22	42	308	400	282	245	438	601	169	186	178	504	504	580	605	102	411	301	185	279	411	14	608	188	352	115	426	155	91	382	280	606	371	57	254	127	574	83	379	585	495	538	630	463	138	337	159	288	527	536	352	280	23	107	487	124	224	284	584	384	568	377	225
127	96	63	44	547	228	473	137	470	544	40	43	169	249	605	635	0	269	222	221	107	604	17	421	536	436	192	443	458	522	173	104	635	310	374	475	174	111	174	136	229	179	298	540	187	228	524	410	165	296	566	432	336	529	118	633	624	142	346	55	128	248	334	353	266	536	150	448	486	337	346	268	425	562	186	597	508	338	124	308	592	451	111	163	633	165	52	529	516	596	600	154	61	567	289	492	109	36	635	69
392	586	115	586	602	177	18	421	579	216	166	481	169	304	425	389	338	0	346	113	133	178	86	440	32	47	37	354	390	427	319	149	497	94	60	160	36	619	140	271	568	450	2	10	229	113	62	34	383	614	42	201	149	373	19	344	141	25	501	363	275	471	139	513	501	392	590	401	599	18	19	441	350	62	624	290	42	269	435	522	235	143	59	304	4	270	106	503	356	175	602	581	375	171	141	222	448	247	308	178
434	409	48	169	584	568	30	484	595	42	480	74	65	211	446	123	345	400	0	408	391	313	199	196	54	375	142	98	319	23	365	613	464	524	550	333	398	319	20	199	69	486	488	174	390	467	514	118	120	590	621	164	415	152	460	534	259	529	407	397	502	388	616	347	191	412	383	464	325	48	142	358	494	53	416	283	423	529	308	116	452	481	334	75	558	133	129	281	7	364	47	280	323	35	521	160	331	253	625	242
491	484	91	252	497	342	14	14	280	146	162	166	338	195	169	111	440	159	132	0	355	543	202	415	436	277	315	548	297	325	528	490	405	2	595	454	14	444	201	267	263	321	78	317	129	608	469	468	531	164	551	550	33	118	217	457	565	215	77	433	453	199	276	631	635	624	53	460	403	344	132	128	224	345	540	495	115	182	535	118	448	328	373	446	271	300	97	454	511	160	219	336	470	548	353	18	348	447	305	203
92	121	568	192	106	552	633	101	460	343	369	374	311	403	32	286	137	55	184	373	0	450	635	294	532	306	428	201	284	489	345	159	107	481	234	631	15	170	343	599	88	152	312	398	97	167	226	167	329	468	247	366	108	559	74	78	604	631	19	29	430	254	23	243	605	612	366	99	457	285	571	407	332	455	74	633	259	392	176	263	84	459	495	400	532	320	107	354	585	502	79	4	584	113	614	218	153	340	590	96
209	143	22	487	577	420	160	129	323	23	133	581	95	160	302	342	98	249	5	541	104	0	536	412	464	244	144	428	180	609	323	510	352	634	303	82	636	264	171	51	231	227	173	615	267	248	407	327	80	620	110	476	237	424	14	380	472	148	164	115	328	252	500	448	532	237	623	402	436	192	318	245	557	141	72	573	610	152	61	416	273	167	206	137	398	334	170	441	262	596	267	565	33	171	254	26	214	124	8	618
236	331	128	146	564	57	614	545	368	199	201	478	296	144	203	109	83	427	354	272	497	149	0	321	492	131	415	506	459	56	193	430	366	211	165	301	614	158	402	110	240	636	46	103	231	399	199	146	372	484	240	62	593	63	321	136	204	248	77	252	505	37	379	367	628	531	488	105	216	264	303	264	297	309	287	403	117	173	272	462	40	519	468	432	514	410	398	350	151	458	596	448	159	444	568	296	349	96	460	569
485	89	32	455	105	198	199	148	118	557	464	207	365	185	252	204	585	13	486	205	393	6	569	0	457	433	19	276	634	338	53	15	205	464	480	23	615	613	214	426	481	520	171	164	67	424	603	282	100	518	521	426	108	184	65	408	529	120	110	475	115	38	427	19	323	432	409	278	429	395	424	284	335	311	521	234	303	94	195	480	491	204	192	433	3	403	148	604	170	58	45	630	457	270	15	312	467	490	286	491
312	1	90	590	9	374	254	477	555	386	11	140	236	180	193	283	215	134	385	139	159	623	24	388	0	341	23	405	407	426	155	275	582	286	446	582	527	190	246	196	301	86	526	145	356	37	101	164	385	418	158	535	121	206	284	438	275	529	49	396	589	357	168	219	623	215	258	631	618	447	254	611	131	80	101	408	416	520	399	250	265	451	211	80	592	574	385	145	36	475	103	313	149	231	602	366	401	169	181	191
141	159	228	581	582	110	428	201	528	528	630	528	145	223	327	69	472	234	9	294	631	559	544	217	366	0	514	294	302	54	480	303	263	338	459	282	401	398	335	179	280	118	593	559	289	436	630	291	210	545	613	167	250	162	360	212	77	162	634	120	335	76	432	23	403	523	181	245	529	115	98	250	237	527	24	214	355	77	492	170	380	10	242	306	25	552	72	429	68	178	389	467	46	297	128	373	261	376	464	37
365	100	179	258	354	617	231	62	134	591	280	244	218	617	475	52	391	146	423	497	514	242	588	563	267	231	0	283	514	575	465	383	307	21	62	541	539	459	331	109	352	575	293	219	51	453	250	487	492	386	393	250	399	120	266	603	127	229	114	222	447	156	621	355	615	66	606	24	90	418	444	630	251	380	261	60	317	348	510	427	31	154	348	516	110	498	36	118	409	512	572	224	147	28	465	530	165	38	101	53
57	297	523	508	94	534	285	296	402	360	3	205	206	40	163	429	105	51	483	417	636	149	115	213	215	406	604	0	535	435	122	61	518	39	40	105	308	433	191	584	388	349	139	104	339	415	620	37	379	344	481	526	381	67	174	633	353	39	48	137	408	598	60	348	10	258	243	284	388	596	223	120	105	593	562	86	322	139	528	417	71	558	262	353	616	599	602	433	462	607	95	226	298	134	386	481	224	22	28	592
108	12	510	167	290	78	184	288	123	177	445	503	591	175	439	5	125	532	552	111	427	427	186	453	415	15	388	305	0	625	120	610	412	97	572	48	30	553	191	460	575	284	214	330	352	110	229	320	131	560	260	55	555	331	18	43	452	248	597	487	1	129	138	167	286	447	201	609	241	359	615	64	37	163	6	518	523	98	217	360	333	225	163	490	458	164	193	5	265	360	153	49	245	615	186	199	221	260	148	23
451	441	275	6	151	145	339	56	243	20	151	172	93	498	326	33	191	569	157	45	29	238	585	223	209	150	119	325	595	0	409	597	232	557	274	258	368	601	423	476	450	97	240	164	130	462	566	112	336	428	497	588	143	188	628	436	64	598	301	447	528	321	237	498	464	165	6	482	73	408	290	318	171	240	473	6	97	24	35	249	306	65	106	324	506	393	131	160	629	554	620	558	398	396	235	76	335	214	583	30
128	5	188	176	145	349	191	262	447	242	601	80	155	203	520	622	217	329	474	545	156	297	409	522	112	462	425	578	9	289	0	429	263	424	547	133	498	178	531	372	140	219	546	163	77	147	549	530	636	210	97	134	25	536	308	592	314	87	412	332	53	527	294	488	499	240	317	214	522	23	610	256	319	461	487	219	213	410	499	13	523	316	634	415	478	330	222	627	3	537	512	309	507	569	282	137	50	38	364	343
15	20	382	497	524	51	204	475	391	615	158	4	268	344	473	392	525	444	187	347	589	163	628	103	266	347	602	334	615	573	271	0	11	105	303	36	19	357	42	30	260	158	485	168	63	29	462	500	504	562	581	599	231	256	232	507	538	331	433	235	529	275	76	142	376	632	609	90	219	133	62	634	509	42	34	206	97	141	607	150	112	146	81	38	591	466	194	534	559	4	154	231	438	460	224	546	448	574	29	531
55	80	489	620	519	305	45	464	494	602	177	551	291	267	214	212	408	257	418	286	480	40	17	551	598	489	255	260	73	62	296	323	0	438	70	562	612	3	363	21	313	419	437	522	487	435	568	49	455	499	475	345	439	381	153	310	395	628	435	424	474	444	372	34	23	120	552	128	32	464	277	356	510	427	537	117	100	371	149	291	258	33	434	256	125	336	618	280	266	200	420	546	511	439	526	16	527	284	134	582
33	267	500	528	345	622	589	354	624	461	180	559	616	16	629	420	561	303	146	577	25	84	67	279	164	29	275	123	17	283	40	71	44	0	614	210	407	68	476	606	196	321	460	226	356	477	346	378	487	604	276	483	169	596	408	595	127	244	80	386	113	519	175	559	357	398	310	77	353	80	201	23	168	581	465	635	422	303	118	389	471	301	26	15	426	170	255	500	117	55	421	369	248	375	566	418	139	568	518	84
278	383	630	433	52	434	551	540	506	8	148	496	410	270	245	366	490	295	234	205	276	65	35	100	578	76	400	542	34	632	20	158	320	330	0	282	229	304	262	577	327	147	236	462	343	609	539	160	621	394	301	563	328	253	390	108	565	606	68	25	420	586	420	85	404	126	19	162	593	157	79	578	407	48	464	355	26	11	67	89	66	16	363	281	50	280	476	167	487	101	484	361	587	475	265	490	577	155	208	355
393	104	448	147	607	377	61	209	488	263	16	353	233	532	62	23	549	158	106	117	586	607	293	34	53	319	628	190	35	546	331	407	88	71	634	0	85	239	92	430	336	556	198	437	501	563	622	10	475	573	433	54	53	469	615	576	374	236	156	108	397	636	296	518	569	242	268	239	178	223	125	629	202	561	536	325	98	219	1	623	516	609	398	490	577	386	316	8	177	338	465	268	332	30	222	443	619	139	347	626
44	297	239	118	607	175	308	176	603	335	159	412	153	348	231	235	474	55	213	424	131	559	284	523	300	510	17	630	84	184	444	55	298	201	96	316	0	214	50	57	392	579	186	534	167	448	424	157	309	172	313	599	321	65	504	314	173	494	486	504	594	211	595	311	480	13	225	523	221	570	38	407	312	27	268	66	113	419	462	550	450	15	615	189	147	145	75	259	91	565	152	349	19	431	242	94	566	182	176	315
467	453	573	373	173	573	98	14	416	377	571	549	472	250	183	260	331	72	9	245	559	260	527	49	13	189	297	61	636	387	397	12	491	523	259	592	289	0	632	604	342	366	359	291	389	585	204	181	490	361	612	496	168	615	186	186	529	139	75	406	193	152	355	26	429	448	394	454	33	547	553	592	614	581	121	248	167	298	596	323	476	203	457	436	551	214	12	606	202	603	363	531	589	400	496	139	400	33	475	279
514	157	62	514	381	579	105	45	585	347	341	625	308	157	5	190	7	230	307	332	101	576	496	620	37	459	410	85	164	145	554	340	635	614	269	210	302	481	0	624	85	133	4	528	606	6	511	494	513	95	123	585	548	297	619	571	362	612	10	70	138	187	28	439	227	305	129	310	91	304	635	338	517	367	313	258	65	389	569	304	271	114	98	634	69	569	344	486	25	377	221	1	238	278	266	317	442	192	569	58
82	334	405	262	452	136	543	489	87	155	64	226	125	82	419	370	493	67	212	29	273	231	600	85	324	231	469	326	72	76	214	492	52	282	250	573	386	578	81	0	567	196	40	598	18	52	215	256	179	469	480	302	25	342	348	352	494	434	197	171	232	275	88	299	449	206	282	419	449	453	337	210	36	333	227	382	342	599	238	157	239	472	105	32	400	152	112	357	253	611	25	200	216	588	164	583	495	605	388	446
80	154	144	412	182	114	369	231	294	299	58	49	346	102	460	406	82	89	449	628	186	232	473	6	544	11	217	534	127	143	99	60	396	47	217	347	472	464	337	189	0	130	256	330	308	401	453	552	528	616	583	200	300	593	636	462	198	86	40	572	622	511	352	608	524	155	447	601	546	371	125	117	563	393	269	363	306	197	82	159	48	353	234	461	60	501	240	316	83	577	163	475	298	539	58	239	39	322	268	517
620	416	165	142	601	258	54	231	620	420	596	630	594	229	142	116	125	525	87	220	68	112	110	403	600	254	161	242	566	398	540	157	505	332	88	89	205	94	265	376	167	0	236	327	631	74	532	585	342	250	78	203	305	426	524	23	149	151	479	509	99	472	27	180	606	437	285	304	517	81	204	446	47	544	529	452	33	4	502	245	402	291	325	624	367	4	536	230	441	214	435	362	117	611	184	613	163	180	413	492
403	217	526	18	136	275	475	503	512	500	378	624	54	295	438	295	453	371	561	333	193	305	612	364	495	225	446	323	108	172	562	105	229	516	209	607	222	312	480	549	106	414	0	203	297	531	49	174	435	93	145	24	536	138	318	475	169	14	494	241	231	312	588	535	323	75	609	238	609	26	111	545	570	30	347	395	189	380	93	334	447	212	98	285	604	119	244	177	183	460	613	456	497	536	323	63	249	397	502	408
522	295	201	428	22	613	118	87	38	487	58	246	336	124	601	581	95	210	605	156	477	110	233	116	24	193	315	466	123	413	275	68	264	33	178	130	55	507	212	219	534	20	546	0	194	120	412	238	183	220	438	76	315	547	406	182	240	125	481	484	111	241	64	499	547	329	548	470	246	105	518	346	562	574	241	610	46	82	41	55	74	428	368	260	514	404	111	485	255	599	375	89	625	388	521	383	611	474	245	573
393	303	400	507	272	86	492	257	259	180	371	464	630	591	159	383	252	518	14	554	636	419	525	564	475	520	413	295	151	101	585	575	257	234	613	167	589	540	322	85	371	269	580	437	0	118	147	123	355	316	387	522	424	622	239	89	195	306	379	38	474	592	605	346	544	343	83	63	469	579	4	540	418	332	532	123	478	587	78	620	385	484	60	293	426	497	23	103	361	426	361	555	200	582	43	43	131	361	251	29
333	482	315	527	356	153	594	200	522	118	296	60	265	461	226	136	170	291	232	206	493	562	208	454	235	36	510	68	247	383	540	256	254	478	231	301	291	146	460	535	183	108	509	129	436	0	315	24	636	473	437	560	347	240	165	119	21	248	56	205	313	545	106	278	415	483	86	400	615	39	61	413	528	351	27	221	187	370	25	481	56	410	440	129	368	490	178	530	254	226	624	247	473	301	1	238	581	5	167	18
394	500	393	18	137	126	261	425	188	514	292	72	188	634	388	146	52	534	384	108	161	511	413	613	627	443	372	420	269	498	64	287	531	585	336	23	375	263	624	567	517	189	488	480	124	280	0	326	553	52	131	559	506	80	468	254	384	557	508	167	604	603	170	474	403	331	614	105	611	418	82	217	115	239	271	58	389	186	615	260	28	621	136	506	472	400	251	168	94	228	127	485	171	557	371	61	602	186	339	28
487	567	106	576	283	65	433	25	609	457	72	50	31	235	156	584	186	536	296	422	121	87	439	330	25	351	454	264	23	331	480	357	482	409	38	208	299	428	229	293	109	117	17	591	360	261	304	0	531	495	536	440	86	506	75	301	74	250	384	374	184	159	314	202	201	481	88	523	373	386	97	634	574	115	163	580	551	100	385	346	103	354	472	90	387	619	416	175	103	612	449	30	634	447	625	282	340	186	547	449
276	408	503	282	140	585	233	486	337	95	353	585	179	425	242	374	417	435	132	182	614	56	13	485	616	544	556	294	143	467	235	17	348	66	611	27	122	401	59	622	501	136	265	169	354	297	299	583	0	74	529	497	273	58	32	28	230	339	346	278	539	169	59	82	255	23	600	195	390	70	272	290	155	460	130	371	58	568	45	116	192	437	138	227	214	279	37	58	117	348	434	394	146	200	631	91	579	388	565	442
172	62	223	233	396	368	147	493	223	550	573	130	201	522	326	312	540	415	562	518	84	393	215	288	72	342	390	369	303	368	85	355	173	254	242	365	256	575	600	263	469	93	590	581	228	181	18	440	616	0	394	76	627	229	460	629	167	142	292	201	616	107	8	584	22	204	456	24	569	314	285	258	476	628	91	2	248	283	332	116	510	123	560	258	57	452	352	58	435	343	120	610	229	253	173	294	145	193	45	412
531	394	359	271	206	291	231	202	624	551	503	496	539	33	148	33	351	206	500	530	610	65	89	11	44	443	396	275	82	24	523	588	155	241	359	237	262	283	636	219	24	74	476	327	127	404	414	182	514	596	0	23	465	118	322	45	393	78	522	439	296	403	350	117	8	600	292	545	392	165	378	574	490	179	180	433	384	608	226	201	626	130	228	216	576	319	21	318	18	13	76	458	516	548	566	390	116	211	592	426
359	292	326	212	88	577	565	434	191	265	168	259	598	292	58	144	79	454	442	477	48	570	612	133	325	250	632	158	7	421	308	411	297	287	562	11	164	47	244	507	633	278	373	212	476	92	475	343	422	332	22	0	405	40	376	619	19	48	172	102	52	155	427	191	600	74	517	425	419	320	264	388	163	204	466	74	2	525	130	581	32	379	539	427	340	88	175	413	579	429	111	402	388	542	476	154	184	445	260	563
290	514	514	84	154	82	124	53	286	552	150	499	558	600	295	419	10	447	434	297	603	524	519	438	399	520	628	439	302	374	147	612	554	272	470	280	216	94	418	205	251	478	41	431	231	84	271	419	498	282	609	265	0	94	553	330	451	375	278	199	95	631	428	293	560	426	312	473	571	517	416	209	199	221	400	576	274	459	390	237	594	14	470	204	577	390	318	533	230	350	402	468	536	202	228	34	186	536	405	587
456	174	199	600	514	387	61	387	393	329	471	3	437	101	625	318	102	402	13	283	206	62	425	376	116	29	445	221	400	124	125	461	479	251	452	94	396	303	88	17	556	392	246	619	20	567	205	429	588	44	85	572	475	0	431	326	55	391	574	152	542	292	598	491	341	266	360	75	201	462	246	377	484	251	387	522	107	286	523	553	184	132	182	199	17	197	241	426	546	292	545	174	632	457	453	333	332	388	443	83
489	423	223	108	542	391	339	103	3	470	188	174	170	31	236	490	439	65	416	126	356	245	171	408	530	98	512	447	260	438	543	140	554	17	522	483	294	458	34	165	113	232	369	175	118	633	563	325	204	589	288	155	555	420	0	233	17	476	255	634	260	429	267	534	253	89	69	261	379	627	480	347	265	586	576	70	325	156	406	457	249	223	538	26	130	47	624	178	285	417	388	585	36	183	596	498	441	80	106	573
401	488	128	551	488	623	308	524	508	588	497	566	187	523	60	70	15	491	74	606	582	408	285	619	111	442	268	54	385	97	608	331	347	133	360	515	104	599	489	277	315	550	415	328	371	564	41	38	125	29	568	377	403	423	298	0	226	515	405	310	202	270	223	506	366	326	600	536	462	115	66	28	436	623	623	402	524	226	68	401	356	542	94	579	27	355	203	489	13	460	218	586	142	492	260	339	375	617	223	610
544	600	272	105	128	502	316	208	149	280	411	86	479	57	45	455	306	87	550	378	267	634	283	532	81	257	134	128	343	263	583	609	472	167	478	335	248	397	225	212	288	365	25	515	255	271	329	154	633	555	613	263	470	101	157	269	0	369	259	272	391	587	366	397	183	123	346	501	546	300	415	220	232	271	18	464	531	96	537	227	282	32	585	243	189	23	526	535	1	84	156	492	227	45	128	351	312	48	514	270
10	69	494	251	285	536	114	163	254	533	71	491	62	33	72	619	337	618	474	122	441	284	357	312	78	73	103	444	206	491	289	609	209	586	453	271	387	582	536	582	60	373	141	113	332	409	230	397	179	76	577	30	478	534	607	319	311	0	62	20	630	411	417	622	40	322	241	399	208	59	220	82	576	202	356	269	635	132	629	492	434	616	178	494	636	325	169	622	11	112	118	84	148	322	118	495	376	43	310	518
87	466	48	620	347	29	89	495	542	367	42	301	353	322	229	435	586	188	618	150	621	410	470	164	327	237	618	141	346	413	362	365	288	556	382	336	166	401	271	243	607	606	549	211	2	529	310	337	56	266	507	290	516	476	414	598	463	475	0	477	441	264	491	280	102	437	575	343	333	206	289	214	631	629	146	462	141	166	394	26	563	190	552	405	450	509	274	446	463	619	500	375	479	275	265	248	9	360	456	357
336	342	357	379	28	133	596	614	516	462	338	362	155	385	330	72	54	4	193	400	201	43	217	205	10	455	428	98	69	204	132	484	239	331	611	248	492	463	302	591	272	83	113	85	442	67	241	363	442	484	367	257	516	409	69	114	267	340	112	0	578	215	86	475	54	26	385	552	243	47	75	79	165	620	429	549	411	601	601	343	338	313	517	83	202	251	454	55	46	18	493	83	568	93	338	198	268	447	359	472
229	575	327	601	369	495	326	140	155	64	180	383	369	229	50	208	568	336	75	423	271	391	307	410	15	614	372	101	5	215	103	194	74	13	237	462	368	363	299	611	59	210	42	108	445	458	233	564	320	34	75	179	8	86	62	535	477	477	85	200	0	143	407	498	94	258	352	430	332	251	440	241	30	496	506	268	121	83	384	290	349	554	359	201	439	238	525	6	444	504	48	126	348	155	158	308	491	467	298	315
199	473	272	444	180	597	10	623	418	265	59	48	334	150	624	253	320	609	211	506	589	11	250	432	135	324	65	224	627	421	323	632	189	297	439	281	59	145	204	153	293	377	97	92	548	211	489	474	604	74	411	492	351	302	329	83	420	441	173	394	628	0	391	430	331	551	95	618	571	510	232	70	528	121	65	607	492	286	294	477	508	583	38	634	511	613	45	539	488	16	509	452	510	468	35	366	378	352	160	138
358	182	489	399	293	535	323	62	299	117	230	410	69	61	102	245	31	512	589	154	382	176	75	592	613	571	76	518	60	296	613	292	507	347	80	518	187	465	33	101	439	445	483	273	551	413	444	249	518	520	178	145	379	289	183	114	180	149	400	414	89	192	0	116	286	136	89	273	404	207	243	326	439	517	592	393	472	394	530	194	610	350	356	525	443	429	491	330	276	415	53	489	582	182	279	1	260	49	71	408
478	157	376	101	449	322	69	75	57	62	292	52	73	135	233	250	334	53	207	258	46	421	298	421	328	52	1	254	233	385	463	631	357	457	287	402	585	78	326	380	539	23	300	553	368	477	503	225	227	627	556	424	309	294	436	555	77	129	631	354	193	190	310	0	453	288	49	205	383	427	507	462	94	41	585	77	416	9	301	505	53	451	592	349	551	191	469	531	476	136	426	413	60	92	44	417	431	379	157	418
623	23	25	83	202	27	429	478	32	67	59	559	129	596	576	217	358	485	391	141	369	541	420	561	302	268	186	304	207	3	157	256	43	193	191	138	600	102	551	593	401	236	608	237	626	404	74	53	139	107	581	412	132	321	169	462	42	254	450	589	377	514	209	440	0	535	502	563	455	532	421	306	525	274	276	600	96	349	11	621	5	236	17	167	482	82	109	338	154	438	422	3	7	278	470	246	352	4	443	107
480	82	340	407	411	636	575	307	628	307	440	255	253	264	232	125	569	360	222	138	141	505	395	423	382	606	451	176	502	424	496	361	193	223	32	220	300	367	623	438	250	332	162	583	293	413	320	561	581	254	509	529	223	367	198	513	304	459	23	274	610	203	130	347	331	0	202	281	71	393	194	523	590	175	487	185	266	66	454	357	581	444	318	172	583	520	111	229	100	337	510	356	343	155	552	608	247	467	410	64
535	116	406	241	396	148	170	322	596	359	295	509	287	250	61	46	475	42	477	374	256	346	502	626	619	52	206	438	152	454	251	45	417	186	210	202	360	517	436	523	446	394	150	175	379	95	391	75	586	89	110	364	244	403	427	383	214	605	562	195	379	79	549	94	198	245	0	200	32	382	122	232	277	490	215	322	80	564	529	416	85	86	502	253	178	396	591	118	581	187	317	452	365	356	167	128	289	429	17	482
427	388	111	421	21	200	154	87	58	157	223	328	31	214	629	179	158	170	599	145	617	68	290	439	629	159	582	205	331	116	356	185	225	111	587	12	369	199	164	195	180	441	511	623	587	606	331	360	357	582	519	190	64	115	98	630	104	448	583	272	452	108	478	366	285	545	448	0	602	572	493	633	165	385	172	28	282	625	97	97	570	215	140	536	20	349	561	332	165	93	213	225	464	288	208	496	13	253	412	321
603	442	118	184	573	410	93	552	237	395	362	453	492	581	204	329	370	360	258	2	261	359	353	303	65	366	47	385	232	233	633	196	142	545	191	365	560	282	545	622	239	306	388	583	293	283	197	242	324	220	572	586	586	466	142	183	629	48	127	518	259	543	405	499	18	238	274	204	0	210	166	469	61	350	188	366	341	146	142	323	330	401	560	380	25	540	89	402	27	635	438	333	229	592	571	442	475	408	226	308
385	227	394	162	401	424	113	425	200	570	148	29	388	361	634	42	14	566	198	171	367	140	615	553	114	41	429	121	536	606	593	418	457	193	394	243	137	415	135	529	196	265	270	192	43	258	13	406	207	441	338	244	561	61	456	432	96	432	214	208	128	392	44	86	507	481	200	556	632	0	488	549	362	55	192	381	165	64	97	198	548	363	473	396	243	610	597	454	404	458	63	334	23	328	631	259	239	321	130	596
116	161	315	499	588	267	79	546	393	224	485	372	485	572	201	150	324	392	140	70	634	143	589	85	165	69	223	376	500	212	325	578	225	322	191	578	331	262	559	70	374	334	87	11	250	401	4	629	469	12	303	252	412	443	450	511	202	471	61	455	108	432	222	145	387	24	317	258	345	350	0	242	493	350	541	486	100	290	565	153	165	52	451	12	115	57	522	534	591	448	494	435	99	208	142	225	340	291	553	445
184	337	225	393	144	118	445	607	410	133	155	102	608	242	66	253	122	76	549	196	17	497	592	377	154	252	497	438	164	202	486	363	76	316	303	176	369	514	305	226	110	481	258	464	401	435	177	275	344	437	393	394	306	505	241	373	366	395	237	444	26	532	483	523	121	524	354	538	177	195	557	0	326	228	603	506	564	254	484	261	619	63	503	155	303	12	72	164	563	21	292	552	630	532	182	307	548	109	528	253
456	171	45	434	27	390	622	133	29	442	547	610	167	93	175	179	400	315	40	496	346	65	51	126	179	107	402	316	241	200	562	507	74	391	236	356	275	136	233	516	12	276	324	431	167	354	203	24	75	240	115	1	280	536	108	362	551	332	23	93	264	426	569	484	289	481	221	159	521	150	393	151	0	198	69	159	200	411	493	404	492	227	114	350	533	272	567	294	522	410	446	511	421	549	218	204	63	619	615	3
378	194	601	633	6	46	409	272	238	218	280	620	19	549	223	41	219	99	371	219	615	425	236	350	46	117	282	470	186	241	585	620	544	357	169	4	113	228	305	150	457	384	250	130	547	223	297	181	204	92	488	49	614	433	568	72	382	155	72	282	346	595	441	455	228	208	217	323	105	390	605	390	203	0	600	21	247	61	87	201	268	428	332	429	398	519	440	438	596	518	49	454	382	9	569	528	103	452	513	256
386	6	423	494	144	434	155	331	345	376	122	165	49	285	49	361	82	356	213	471	593	545	469	119	357	212	350	520	591	156	220	409	269	441	253	483	403	446	304	617	454	142	482	448	546	12	213	210	158	484	454	587	307	443	408	326	13	416	284	383	375	588	429	96	630	260	606	5	118	40	21	133	52	629	0	319	21	364	332	343	519	46	314	614	29	577	535	383	479	470	503	202	203	200	260	134	574	314	386	90
59	468	88	75	220	224	144	289	407	7	286	429	346	238	616	128	124	305	327	274	629	402	381	142	195	191	564	204	192	137	295	428	603	277	213	157	231	608	25	305	139	380	473	53	120	446	17	518	119	465	14	22	452	331	451	514	400	226	524	358	498	351	464	608	159	89	600	539	318	73	626	146	224	132	539	0	4	520	502	243	611	28	249	341	151	461	558	65	269	337	13	460	526	78	163	609	285	255	184	244
403	539	331	306	269	44	180	471	342	361	263	557	12	360	547	144	517	231	312	105	125	436	272	103	152	465	186	60	171	97	86	83	142	219	556	153	324	53	449	478	368	404	163	191	77	369	402	223	253	529	192	59	544	407	606	404	302	60	101	218	537	455	550	356	600	63	611	20	462	407	20	454	117	58	417	431	0	556	255	568	525	625	158	203	537	584	214	573	621	59	251	483	527	143	540	568	226	608	132	427
238	509	450	604	524	605	446	410	262	290	61	397	568	288	53	157	271	478	271	112	121	117	512	523	190	205	446	298	332	510	527	41	151	423	624	8	573	617	607	187	276	8	568	87	394	457	482	420	539	365	493	499	539	494	413	587	146	165	247	158	352	299	183	586	116	292	249	607	254	409	461	211	587	584	82	585	446	0	76	27	174	53	91	512	12	434	140	426	501	447	529	434	244	265	134	474	567	588	449	115
422	535	268	303	201	458	486	146	574	441	19	8	260	47	293	459	327	497	58	160	419	52	390	61	179	20	483	95	333	460	384	436	224	324	575	185	435	258	601	159	401	475	419	619	10	42	171	70	503	406	53	266	548	123	461	434	496	317	184	23	185	201	348	569	47	496	324	328	47	591	487	178	523	24	406	517	314	271	0	166	521	343	13	99	315	105	72	186	611	633	384	269	606	530	515	209	5	104	147	111
54	432	122	629	382	451	482	617	443	291	98	378	99	387	597	432	197	20	192	585	349	297	152	308	587	627	345	259	93	363	265	96	354	466	454	308	591	317	381	213	365	411	177	68	154	39	391	4	412	491	229	246	265	261	483	356	449	466	393	380	69	273	271	274	129	105	448	228	97	380	603	415	107	466	612	633	457	489	583	0	122	106	450	414	65	110	634	359	396	156	628	444	594	518	254	235	155	11	330	57
304	269	449	187	81	449	420	125	393	247	25	72	65	609	363	469	232	330	597	614	538	622	385	445	386	414	100	246	558	300	629	419	530	289	419	197	412	520	509	628	616	388	168	28	246	332	580	216	556	500	226	1	559	261	527	364	225	243	295	147	114	623	506	70	150	458	93	546	152	375	279	400	314	317	89	318	565	125	242	602	0	483	91	422	137	106	71	423	622	425	160	454	141	469	442	355	28	297	482	269
477	89	89	526	197	487	166	466	305	436	454	284	81	633	248	562	268	181	565	488	252	393	93	495	29	587	356	528	190	524	613	115	182	123	218	546	33	71	402	13	300	552	500	613	258	579	615	407	623	438	525	230	43	359	185	364	386	268	432	366	2	557	611	328	527	377	353	87	282	321	157	107	225	615	291	327	538	76	189	120	502	0	582	541	614	561	44	200	422	270	398	406	623	17	77	467	431	521	243	254
106	464	181	175	184	579	219	627	636	218	281	261	247	168	413	456	92	71	178	390	349	627	383	188	78	199	57	474	349	391	342	265	476	522	455	370	132	61	103	93	50	91	214	28	514	473	13	353	470	452	574	184	546	624	165	543	594	558	466	444	406	136	189	258	62	129	210	234	281	106	381	63	554	446	314	158	555	120	196	190	380	63	0	498	491	283	78	355	549	88	119	460	129	61	98	79	156	66	35	406
485	413	152	389	567	331	187	560	479	355	369	52	457	92	495	610	469	390	56	14	463	586	150	62	589	548	174	167	479	408	99	551	348	274	180	187	464	20	528	163	13	636	507	381	630	188	389	203	530	469	545	92	507	231	155	551	572	219	622	37	217	276	10	376	52	425	458	483	514	177	401	89	21	54	418	201	302	79	481	496	291	401	261	0	115	448	339	495	16	283	199	519	198	431	337	553	441	510	455	587
116	48	140	298	624	468	223	507	240	141	468	447	495	210	275	298	364	370	313	514	486	586	406	511	433	511	116	483	496	517	48	188	334	156	158	416	427	422	482	83	473	107	463	624	267	229	73	629	127	608	34	220	492	519	55	49	195	116	134	340	317	330	481	441	266	631	56	335	71	524	64	100	361	601	443	369	578	379	148	477	280	164	128	17	0	497	468	99	519	339	63	444	225	357	625	523	206	194	319	466
42	86	162	249	19	420	198	31	373	434	522	11	62	315	42	473	67	78	36	522	73	343	593	277	322	135	318	632	252	189	172	557	340	266	202	93	460	440	65	557	529	340	81	442	93	149	102	458	530	175	126	579	425	111	398	572	392	402	487	215	527	390	145	131	519	66	471	35	505	345	166	610	135	183	46	271	214	81	62	469	260	50	253	245	491	0	7	60	173	104	212	456	387	143	402	489	154	212	311	248
345	73	327	70	316	254	392	489	94	600	383	510	159	398	613	144	452	183	384	327	609	516	10	207	542	311	156	246	258	115	553	11	236	14	221	173	311	410	552	338	91	485	321	38	201	315	115	44	18	65	549	557	398	577	582	520	610	500	598	517	209	519	243	304	394	271	626	565	323	390	401	195	227	131	437	207	184	190	375	624	231	244	27	372	586	146	0	117	71	587	571	45	236	459	281	48	289	394	600	413
173	72	28	270	373	526	72	228	503	301	603	486	99	551	300	280	111	17	245	519	340	82	185	30	295	460	21	311	67	118	237	579	455	247	212	448	25	334	270	428	158	550	308	159	9	176	509	364	413	380	30	262	541	536	304	91	20	592	348	500	517	108	434	534	286	18	7	28	157	292	294	610	48	139	593	128	277	580	180	228	591	29	582	62	27	124	500	0	119	63	230	28	522	158	415	171	455	50	265	260
232	348	159	335	274	41	571	512	14	412	384	485	206	140	536	268	130	168	95	312	371	188	576	435	561	472	117	542	486	205	23	156	106	626	521	546	583	431	12	468	410	342	571	515	371	301	335	395	187	372	246	311	526	83	461	355	599	629	318	559	191	251	287	478	528	304	458	463	385	528	26	198	596	434	530	297	280	423	448	259	621	483	615	129	296	91	135	518	0	605	37	106	348	318	435	180	140	584	321	538
197	66	289	348	25	322	218	521	245	324	577	269	233	400	348	29	577	390	321	38	246	236	210	369	587	369	627	389	600	444	83	118	40	448	17	465	525	592	205	542	381	371	179	259	614	190	378	380	144	519	314	615	382	500	75	367	492	235	590	138	147	239	416	357	339	277	329	256	472	205	394	302	204	301	123	524	351	474	208	586	63	113	432	516	254	44	517	357	558	0	460	141	367	326	410	486	337	188	455	530
259	570	106	532	299	293	460	437	194	524	541	396	602	249	276	20	583	338	605	19	554	377	468	454	30	553	376	576	395	86	313	600	578	5	386	616	245	316	239	427	283	589	421	296	503	516	111	616	473	274	305	321	438	186	411	9	343	186	619	517	118	559	327	462	282	178	452	487	351	51	294	217	197	349	497	195	16	85	27	225	344	13	216	368	21	56	533	76	506	15	0	454	331	364	448	530	230	152	428	9
112	176	311	19	183	263	439	515	582	336	515	83	238	426	264	312	27	221	585	160	559	447	299	144	289	519	300	454	542	295	56	197	635	627	339	212	142	282	526	560	31	131	159	313	427	61	58	83	3	179	157	32	148	62	109	585	328	202	96	588	434	148	123	298	206	42	247	487	597	318	477	588	623	588	440	379	516	3	341	495	444	562	338	424	228	80	341	465	123	102	635	0	188	561	39	372	263	227	480	347
56	350	306	160	258	334	535	138	438	620	396	580	437	308	144	200	454	372	418	46	501	61	537	409	536	418	209	227	218	568	308	410	598	178	168	260	226	155	415	153	615	509	78	387	164	368	466	87	380	50	586	293	367	383	393	621	478	318	438	162	228	189	232	484	417	528	284	142	117	553	579	481	412	33	16	584	422	383	483	286	355	295	551	326	586	602	214	167	18	195	544	552	0	278	271	555	440	279	436	107
96	427	429	593	424	284	333	562	473	329	187	233	551	142	352	329	155	494	158	119	170	505	254	251	335	549	437	382	329	455	241	66	165	104	383	531	126	349	165	83	225	607	458	527	2	14	497	507	259	335	356	2	180	505	426	20	285	97	409	609	92	181	386	316	97	420	259	429	121	189	195	18	437	49	412	55	454	480	575	4	605	204	610	465	449	96	451	26	79	82	353	466	129	0	263	466	385	385	312	484
64	413	484	254	581	190	82	99	256	13	308	268	376	413	591	312	587	443	333	27	515	159	243	240	187	384	541	304	569	480	223	241	397	81	93	432	222	487	374	138	415	294	380	73	411	374	242	76	323	505	605	285	145	74	530	457	575	572	402	547	172	475	176	438	229	195	229	628	563	497	519	422	341	203	400	271	123	189	456	472	338	4	271	146	606	26	15	118	344	580	142	366	414	189	0	556	378	366	413	78
120	47	70	344	622	343	402	579	588	188	184	469	163	570	265	627	414	479	330	440	69	28	48	419	449	365	350	112	180	436	557	82	628	165	228	403	346	500	365	264	575	587	112	296	106	160	623	60	255	534	418	541	134	289	544	247	575	361	157	226	217	362	255	472	287	592	83	64	548	105	394	597	30	437	320	53	512	77	152	226	459	45	402	330	47	41	179	349	206	578	221	210	3	576	131	0	615	580	616	227
537	609	343	462	276	344	489	90	166	147	191	58	293	282	484	635	456	82	300	184	596	232	255	483	219	336	245	166	620	499	378	615	448	276	71	398	364	424	299	248	48	274	297	114	313	353	52	181	14	600	375	371	183	408	84	140	93	75	63	513	586	479	456	605	268	37	19	174	521	604	411	84	210	275	17	489	240	431	539	470	44	155	435	478	197	106	309	410	292	479	566	286	186	101	425	580	0	421	278	515
354	47	28	478	205	10	600	97	228	327	464	542	485	259	618	449	88	339	403	31	186	292	213	187	505	144	354	180	143	219	150	127	8	463	243	313	292	157	634	619	578	488	264	584	548	74	516	474	346	326	215	262	222	598	470	589	594	79	490	396	443	22	287	362	589	96	355	524	290	323	45	511	207	164	338	155	409	397	297	552	114	377	29	138	371	341	76	256	64	537	497	356	52	6	367	160	150	0	554	458
412	565	576	438	153	333	605	581	10	24	89	534	461	560	349	121	158	486	338	440	104	193	90	538	371	205	146	132	455	175	205	630	35	590	179	595	622	160	391	223	538	502	351	386	425	265	179	163	377	305	476	414	419	473	436	594	436	189	481	136	157	16	434	577	204	29	633	243	485	221	494	168	30	74	411	342	605	5	293	599	229	298	132	549	94	526	599	322	501	540	41	239	405	551	312	585	589	58	0	70
259	1	393	556	93	486	16	46	604	365	516	465	96	57	349	238	122	270	87	546	289	467	363	136	408	165	142	158	499	363	524	376	120	326	569	582	60	38	477	348	278	567	263	587	179	110	91	210	48	103	180	22	537	382	141	9	433	351	284	434	269	343	236	36	393	192	12	410	211	593	347	387	520	540	188	24	276	159	241	374	336	440	25	360	214	437	420	278	594	460	16	484	118	372	551	268	546	19	178	0
