A	B	C	D	E	F	G	H	I	J	K	L	M	N	O	P	Q	R	S	T	U	V	W	X	Y	Z	AA	AB	AC	AD	AE	AF	AG	AH	AI	AJ	AK	AL	AM	AN	AO	AP	AQ	AR	AS	AT	AU	AV	AW	AX	AY	AZ	BA	BB	BC	BD	BE	BF	BG	BH	BI	BJ	BK	BL	BM	BN	BO	BP	BQ	BR	BS	BT	BU	BV	BW	BX	BY	BZ	CA	CB	CC	CD	CE	CF	CG	CH	CI	CJ	CK	CL	CM	CN	CO	CP	CQ	CR	CS	CT	CU	CV
0	99	374	298	42	215	315	3	157	317	298	107	29	239	247	113	341	267	311	306	133	352	99	267	355	267	136	37	263	109	69	108	207	187	172	171	288	109	267	162	43	14	51	108	145	158	372	359	285	124	309	113	7	258	12	318	1	375	48	367	97	154	147	234	109	230	295	182	277	134	376	20	230	20	312	366	71	127	25	213	290	294	62	349	334	267	279	159	27	130	18	329	116	195	151	184	168	39	149	58
25	0	327	170	185	108	315	254	243	73	372	218	70	287	197	147	217	307	304	267	179	9	178	52	42	342	222	373	172	271	53	286	194	169	23	238	115	211	299	36	215	291	28	304	202	352	275	371	293	163	162	40	320	152	129	156	217	303	351	269	146	22	280	102	363	191	239	62	158	331	184	342	109	77	370	84	280	219	44	129	143	254	26	95	125	298	66	336	150	362	10	81	341	201	256	112	289	146	202	11
114	360	0	37	321	181	74	218	265	219	42	39	56	92	114	36	295	208	200	148	293	32	101	104	295	78	99	164	64	342	310	297	350	230	113	353	11	118	173	373	248	121	279	42	88	251	79	213	161	73	275	83	19	38	19	10	320	272	140	304	175	272	98	66	361	197	317	255	287	347	359	154	332	258	284	200	322	130	193	291	141	184	12	268	253	351	178	241	185	360	246	279	102	102	91	170	87	241	340	337
297	51	205	0	60	244	344	176	68	215	114	216	168	160	112	332	21	182	97	59	156	359	367	259	106	23	362	141	371	146	324	246	27	155	7	75	307	91	111	58	278	72	63	225	47	122	96	6	14	218	67	251	118	63	174	131	140	75	232	123	287	227	361	102	338	29	90	115	309	99	343	325	132	164	253	294	41	349	125	229	184	320	5	213	348	3	173	204	37	355	309	13	263	174	138	328	81	210	318	315
169	121	320	256	0	217	316	197	262	343	181	315	254	231	300	270	83	274	367	87	38	374	375	203	262	259	40	374	287	120	87	263	63	100	370	14	129	291	145	146	187	216	351	217	41	202	173	314	182	90	164	262	315	10	158	38	155	165	22	122	89	331	347	149	71	65	245	219	292	247	178	73	40	157	145	29	261	178	358	166	130	260	323	125	181	254	34	313	21	87	220	316	326	344	233	92	287	140	275	183
19	149	46	128	228	0	158	109	264	360	271	34	48	263	72	263	12	10	375	190	224	23	18	322	9	90	53	209	80	338	25	376	163	146	341	285	166	71	338	119	321	77	210	358	54	122	307	80	223	160	98	33	32	205	258	294	78	275	247	333	90	68	154	49	363	125	218	221	191	334	35	338	137	147	322	164	292	165	331	89	281	198	209	71	247	161	91	281	143	37	262	4	225	94	179	297	283	35	355	218
130	142	334	60	2	159	0	370	168	211	8	103	322	272	178	244	237	230	151	321	210	297	353	222	120	185	238	227	363	242	347	14	275	111	259	155	66	334	262	270	12	299	243	372	29	257	94	332	368	130	313	103	70	200	92	291	98	82	370	291	248	193	290	124	278	80	227	275	296	343	260	125	253	190	181	145	282	72	61	293	376	247	160	230	257	175	20	106	290	155	8	42	337	270	144	185	235	46	223	14
344	298	75	240	312	282	176	0	238	10	234	170	47	270	200	306	98	211	184	353	183	124	182	192	313	256	163	70	50	174	83	246	32	114	328	267	57	162	95	20	23	270	344	275	5	319	267	95	231	7	323	298	241	356	213	252	316	94	171	303	40	86	108	158	33	185	162	346	74	255	145	148	106	183	83	195	368	321	156	341	351	44	307	103	253	64	106	51	3	46	91	103	213	60	62	34	298	196	87	163
10	309	305	352	7	96	118	185	0	43	302	304	73	167	251	185	331	57	93	127	137	45	349	206	245	115	238	357	261	254	376	152	43	296	265	132	365	66	66	248	367	286	9	296	327	204	35	122	209	265	25	40	356	241	138	58	314	157	343	87	330	103	205	93	299	68	271	65	188	322	309	119	220	59	139	44	21	310	290	189	327	49	349	292	85	251	78	110	144	237	196	173	43	334	209	53	328	66	229	288
370	82	350	252	144	137	370	342	42	0	302	290	59	126	169	373	181	129	369	163	169	168	59	374	42	177	219	281	335	89	103	204	313	203	309	193	179	38	273	213	80	173	27	195	50	111	102	168	114	375	264	262	100	29	331	52	119	361	126	263	350	4	338	197	113	275	277	356	198	258	227	312	237	338	157	123	269	54	280	17	232	53	328	321	186	99	117	22	26	179	70	374	216	254	327	210	12	52	314	182
175	327	11	93	3	127	45	131	47	240	0	41	230	308	297	179	231	110	346	132	104	60	204	370	104	226	59	346	162	258	252	269	348	346	160	224	222	267	80	99	193	291	270	93	345	23	312	123	224	20	145	34	59	373	37	368	318	343	257	92	11	80	173	375	91	110	258	121	342	38	335	7	335	375	292	113	253	308	77	100	24	110	247	156	52	339	316	247	168	192	230	214	49	235	91	151	353	45	264	116
63	51	139	327	330	232	131	2	301	101	272	0	368	54	250	179	2	187	152	54	102	112	159	362	273	302	152	284	156	370	361	250	83	230	287	225	353	42	313	300	152	314	367	33	113	255	190	107	218	341	6	17	95	4	323	154	318	85	285	230	87	345	247	292	72	257	337	76	107	222	56	125	348	6	223	301	329	27	271	125	94	175	219	253	158	2	310	87	324	356	141	363	66	145	205	365	82	336	206	224
276	345	40	327	334	89	134	61	163	344	87	125	0	338	374	207	329	166	8	95	177	281	240	87	244	65	232	54	49	193	211	107	37	312	239	4	49	49	153	88	33	375	255	375	92	344	185	293	244	18	133	31	269	123	143	299	11	276	291	132	360	338	237	61	309	322	286	371	233	75	58	201	105	264	28	129	245	77	359	167	34	147	231	192	55	145	51	81	291	343	77	310	67	42	224	107	331	106	21	242
193	368	104	9	176	173	86	98	213	162	325	348	64	0	78	160	370	327	354	339	81	110	342	222	275	197	143	228	10	314	302	280	215	183	96	193	300	75	181	86	372	194	151	47	185	232	190	341	252	53	239	242	294	349	314	200	174	326	107	161	339	278	2	97	71	100	101	327	126	234	194	344	245	269	260	122	354	371	326	357	256	154	309	26	125	295	173	163	317	191	373	70	255	159	19	121	48	82	289	242
213	162	275	358	127	348	67	215	347	338	229	226	364	32	0	196	260	347	258	374	85	318	73	359	286	53	49	121	347	333	312	245	87	47	216	137	184	112	61	279	373	242	154	130	228	73	358	223	127	291	190	274	107	200	188	237	246	184	127	147	293	151	309	101	21	271	166	38	310	319	120	313	105	127	88	201	325	65	11	27	283	362	288	278	291	14	37	366	375	219	100	138	104	95	121	278	358	65	319	73
151	217	261	125	256	343	21	312	183	53	255	231	159	20	124	0	27	246	50	372	125	1	17	55	176	348	222	222	323	293	55	33	127	127	16	211	357	304	362	323	286	183	307	252	63	255	29	110	251	10	128	232	79	366	371	265	297	351	95	246	12	242	207	178	65	12	2	208	174	292	332	231	305	370	194	15	194	203	183	282	306	278	19	87	44	79	61	225	62	135	179	105	54	332	107	199	158	357	132	306
97	109	249	136	163	47	186	269	230	29	154	9	205	200	368	257	0	191	361	27	256	115	123	237	360	90	272	4	5	249	349	11	124	170	254	102	73	192	256	127	194	234	48	189	35	125	124	85	51	90	241	62	143	158	17	80	191	117	139	324	201	84	111	286	115	189	233	58	96	150	318	313	94	130	12	319	274	79	275	303	335	128	44	253	321	30	342	175	121	234	19	97	352	79	198	198	345	272	54	316
354	374	5	272	274	335	43	2	359	195	139	72	298	66	359	250	257	0	77	161	248	184	315	345	133	214	180	297	162	277	85	321	75	61	27	104	263	53	62	298	10	264	132	293	25	129	172	91	94	144	20	122	376	131	199	309	17	157	203	135	233	147	325	204	33	336	25	191	235	100	195	293	358	266	263	351	53	145	231	95	4	68	340	338	86	111	52	209	240	53	147	273	119	356	82	249	64	50	149	226
287	307	304	41	53	368	294	369	258	241	77	347	135	168	171	208	338	22	0	124	243	292	209	219	181	93	36	338	324	301	151	87	341	24	132	315	34	288	114	188	201	276	240	296	217	317	89	193	376	339	372	341	70	358	343	68	339	151	216	341	206	276	341	96	122	80	127	140	157	341	305	163	183	296	122	98	160	215	272	101	307	261	218	142	341	248	70	67	146	286	96	345	52	194	294	6	367	41	60	276
202	91	189	164	309	192	192	72	375	168	119	72	186	307	71	110	90	3	38	0	70	196	317	240	292	208	346	40	69	357	249	196	88	14	26	239	94	125	56	331	57	145	19	70	264	373	15	82	349	103	180	310	276	360	265	248	228	193	164	131	87	75	41	31	217	116	115	336	352	348	133	173	165	23	178	194	10	281	290	83	217	69	207	59	247	43	343	214	154	321	83	330	267	18	17	335	74	373	48	199
329	340	79	235	152	6	217	68	241	191	216	338	206	79	229	146	119	58	335	11	0	69	44	369	368	31	364	357	214	178	337	84	178	50	45	280	143	217	275	362	169	202	101	333	15	223	369	195	31	217	8	264	369	344	114	267	246	355	123	145	317	169	117	288	325	184	49	153	216	64	67	351	376	110	41	183	237	185	29	40	156	210	296	131	13	301	26	372	135	153	214	42	166	251	122	142	277	330	112	55
71	282	326	314	315	199	223	293	165	171	93	122	166	246	150	304	236	130	39	50	298	0	274	289	172	352	97	16	363	152	9	20	314	72	16	187	183	319	368	151	264	56	13	118	258	210	364	214	90	173	94	28	239	51	81	34	345	2	33	227	180	67	248	205	113	227	329	37	96	193	67	41	34	123	215	259	83	247	360	189	247	235	89	271	259	54	344	230	8	227	188	109	134	89	135	221	226	71	194	122
21	249	60	23	261	224	9	311	376	220	370	152	161	140	95	22	237	70	348	74	239	226	0	189	357	25	334	31	170	119	41	153	341	3	18	158	174	80	251	235	4	221	311	115	99	355	304	5	94	111	184	216	93	129	220	73	129	229	362	345	372	275	40	227	175	74	15	372	223	330	278	42	132	67	256	145	265	8	270	248	161	138	62	225	161	211	150	65	343	284	56	183	266	335	106	39	182	102	6	216
363	47	172	324	85	290	320	167	219	350	285	288	8	93	89	347	48	291	280	79	143	286	283	0	184	137	134	110	217	224	207	26	63	70	104	260	246	18	248	256	94	154	171	348	160	327	356	120	182	217	325	84	269	130	337	94	132	263	42	150	53	79	360	8	110	275	341	302	323	153	216	370	17	314	43	144	104	351	210	354	120	278	234	123	360	84	318	70	309	57	342	149	295	96	78	33	365	266	27	242
363	39	358	260	341	265	8	168	253	188	299	70	101	133	111	130	224	181	193	141	292	273	3	314	0	95	353	59	211	125	1	57	200	7	67	151	57	300	287	73	314	181	326	310	14	72	111	368	362	157	171	245	320	243	107	259	20	78	115	321	330	205	123	178	278	291	237	371	118	207	355	229	274	258	72	314	37	363	181	16	15	17	36	30	53	49	20	269	115	211	11	103	50	174	124	104	300	323	24	54
190	203	323	348	176	211	43	374	297	150	56	275	59	210	229	176	62	373	108	247	340	107	265	10	327	0	326	141	119	241	87	22	253	315	142	277	209	212	301	186	303	191	97	100	41	31	13	356	251	52	82	235	335	108	26	293	279	77	275	71	229	185	175	212	176	278	54	22	183	292	279	74	176	127	137	133	76	355	85	177	34	330	355	264	113	308	11	182	246	307	20	169	339	2	195	133	293	235	20	360
163	120	312	168	25	7	28	307	217	202	195	108	304	228	103	269	151	210	253	284	215	291	115	67	358	60	0	317	328	64	192	280	243	344	51	350	93	176	230	23	51	45	8	176	225	290	291	253	327	48	335	59	96	343	180	162	273	73	69	244	189	248	224	1	82	368	109	173	243	325	295	159	248	227	147	118	5	209	43	97	105	65	189	108	95	241	142	4	147	348	301	295	118	173	70	160	224	374	362	318
234	101	289	119	271	215	276	373	204	358	151	97	368	243	299	213	100	178	143	327	376	41	276	148	359	13	166	0	355	73	224	236	233	134	110	236	263	184	63	273	247	29	350	23	265	237	110	343	104	194	350	275	183	87	87	168	196	106	265	260	260	29	39	156	271	145	326	316	309	293	1	358	196	290	314	278	37	117	112	192	78	14	283	369	201	180	80	65	52	237	212	55	179	373	210	92	41	309	56	165
23	285	42	50	263	298	109	157	92	264	128	291	9	299	186	313	113	279	319	94	269	321	262	24	87	32	125	9	0	179	376	278	29	230	177	46	376	247	308	9	193	95	4	303	99	270	256	10	30	95	135	241	199	369	231	172	108	60	203	307	79	70	165	164	115	205	204	364	75	54	111	333	170	173	23	329	186	319	9	100	15	291	309	308	31	265	263	312	118	62	51	311	40	233	374	164	280	213	9	111
181	50	29	219	161	29	93	277	4	23	66	240	187	224	47	368	290	335	35	117	276	188	1	103	247	220	30	137	358	0	341	99	255	259	315	119	149	361	39	372	77	110	326	12	219	19	349	283	257	110	52	349	125	365	69	231	44	45	15	141	226	225	54	116	260	168	257	307	101	103	79	287	190	164	59	93	231	51	364	243	55	80	189	64	277	297	69	154	128	28	155	273	299	54	96	235	219	172	372	166
339	243	286	133	3	310	42	123	371	281	229	145	116	226	323	320	177	317	310	21	245	260	29	220	106	290	369	159	123	126	0	308	291	202	152	217	72	262	338	222	35	348	293	221	97	289	235	326	66	183	74	213	348	344	180	208	47	302	369	337	76	301	165	303	345	58	1	259	210	339	36	330	136	91	199	25	120	22	273	151	45	101	228	222	154	158	20	314	290	24	354	191	15	190	368	212	132	142	95	157
296	314	254	52	182	140	228	7	115	359	46	319	241	194	19	135	74	147	250	270	358	263	156	131	114	208	23	172	184	312	13	0	121	358	164	248	232	372	284	246	169	47	90	164	105	249	284	110	101	67	180	115	128	26	229	301	140	48	275	121	260	120	158	308	142	271	151	373	121	282	170	251	53	285	271	210	134	268	169	82	240	313	73	267	236	211	16	268	33	144	359	264	178	318	315	268	145	313	182	178
57	23	164	133	336	199	146	339	286	25	275	116	75	245	231	374	98	70	67	45	129	150	75	124	50	23	323	271	203	104	358	158	0	243	233	101	23	238	289	359	376	62	221	60	163	125	95	95	294	34	39	282	97	253	309	264	49	193	269	91	261	227	317	343	30	77	31	246	140	352	25	203	6	4	375	289	69	336	260	69	267	314	220	56	275	310	221	228	248	253	199	91	311	183	172	174	152	316	269	167
107	264	77	343	262	293	345	237	178	242	221	314	77	97	257	53	65	88	136	91	106	333	234	362	97	59	141	295	49	261	170	197	150	0	127	270	63	75	75	318	219	346	352	321	246	82	326	176	340	6	236	72	127	360	145	176	283	2	375	327	50	60	199	265	160	15	55	102	254	250	197	15	259	174	88	80	26	175	375	41	362	248	110	283	290	235	263	237	165	354	269	249	211	272	126	122	312	302	198	274
71	29	33	284	193	5	97	55	241	157	35	64	66	274	45	231	266	308	142	33	120	162	120	213	115	183	165	106	170	36	192	234	157	31	0	155	226	324	287	143	218	246	252	71	291	187	93	188	358	189	244	143	36	372	115	29	228	161	45	146	343	2	26	224	275	102	74	266	37	185	208	129	289	86	328	296	234	242	98	195	46	44	352	111	126	219	353	157	178	316	27	81	4	112	255	188	363	262	132	36
346	27	64	163	164	73	256	152	73	23	348	98	295	97	269	141	317	15	249	166	213	164	10	124	141	109	146	356	209	262	49	126	289	338	336	0	247	366	60	356	372	372	1	238	375	92	53	248	96	336	347	41	68	283	173	140	348	176	274	148	124	119	372	243	66	35	353	15	289	216	245	282	219	15	270	131	344	228	13	196	109	253	310	351	12	214	58	278	230	264	21	290	332	240	268	53	60	345	71	267
5	275	217	336	295	135	352	190	151	61	47	289	96	97	311	269	347	253	290	111	357	184	80	11	367	56	64	265	15	1	14	77	249	161	146	318	0	238	11	220	68	307	333	163	125	35	84	249	257	65	252	179	45	302	257	76	246	285	134	239	369	340	197	307	347	139	332	38	252	331	221	134	94	254	231	159	338	352	61	233	57	182	215	176	302	22	2	371	180	152	252	287	302	219	287	45	334	10	317	23
287	300	32	159	49	281	226	223	328	145	352	364	330	308	258	126	277	183	303	127	118	137	15	88	305	78	172	349	41	276	156	64	186	221	128	6	372	0	144	95	42	314	68	277	37	113	87	363	292	95	186	314	84	221	12	131	26	179	100	265	316	368	136	250	26	147	344	8	74	224	76	271	300	67	10	199	141	207	253	272	296	219	302	108	299	40	360	308	54	371	141	70	247	251	179	190	216	155	181	59
83	365	270	124	103	173	38	126	320	169	44	369	142	217	348	206	280	365	251	280	215	104	53	302	79	313	9	142	152	73	358	353	336	341	40	209	347	37	0	139	330	195	15	371	98	229	154	55	27	196	139	363	22	145	7	38	344	335	229	235	43	336	357	169	225	270	235	162	54	290	249	148	176	38	81	186	213	28	105	287	17	221	341	175	282	22	156	218	85	140	69	206	63	11	363	214	257	25	32	73
23	122	50	74	33	186	93	136	51	63	292	326	253	205	266	30	189	17	4	235	77	274	127	226	120	125	214	136	92	32	38	270	87	65	168	284	244	125	101	0	229	269	359	373	22	161	286	73	345	287	292	162	272	281	278	194	265	154	326	188	376	223	121	366	238	267	354	63	226	16	292	351	355	226	249	103	171	94	166	338	120	333	229	15	276	87	229	3	254	14	366	81	49	151	370	242	203	34	72	206
91	99	144	169	69	75	263	375	274	176	266	108	187	263	351	71	158	328	346	318	240	129	97	192	29	312	303	43	288	242	348	145	195	62	233	235	324	362	4	94	0	129	305	192	62	211	268	84	191	29	53	36	111	229	208	116	186	92	358	178	251	237	321	14	23	39	248	191	63	36	56	372	212	119	291	152	2	135	337	63	203	253	345	355	116	210	111	300	27	41	314	25	236	68	282	44	173	272	124	335
325	359	301	262	318	158	184	134	58	105	189	280	126	251	181	330	294	85	71	42	1	238	349	54	58	288	45	374	102	114	334	276	28	92	34	346	266	274	303	169	93	0	83	298	233	187	119	208	351	112	213	39	355	23	121	133	336	109	337	46	114	314	226	333	186	36	198	9	337	39	199	88	118	369	121	55	185	123	365	304	290	244	184	184	41	104	246	118	154	368	195	372	136	216	60	173	55	114	146	205
52	313	273	348	353	84	309	141	164	119	96	228	172	227	99	28	343	243	254	125	95	290	353	327	294	341	252	159	336	224	373	286	342	159	68	233	107	141	21	269	134	88	0	255	172	177	156	332	110	322	209	120	139	260	161	188	36	265	271	186	56	306	337	343	142	173	213	325	165	301	259	154	188	39	245	261	20	20	231	156	321	361	205	20	235	59	33	241	10	213	138	264	174	302	104	275	144	344	101	57
285	334	354	333	49	310	299	109	205	259	87	297	17	222	220	347	345	310	46	229	158	135	224	301	51	323	221	341	16	199	326	78	81	151	236	124	31	58	29	213	339	19	5	0	261	78	251	148	7	148	276	74	91	222	76	347	295	5	198	157	350	271	151	185	186	176	336	134	293	316	49	234	105	42	116	154	258	53	282	323	238	340	237	76	89	302	297	35	200	245	67	349	128	84	253	68	273	169	93	152
182	164	116	17	276	297	79	191	178	206	55	306	203	71	243	148	22	332	101	342	243	121	272	181	14	170	174	221	212	8	37	127	144	323	260	125	249	92	334	186	358	273	152	115	0	49	2	132	134	112	14	339	351	220	244	359	111	26	194	219	292	120	170	261	45	256	192	353	276	189	134	341	35	68	94	359	373	237	297	239	352	192	51	1	29	331	364	349	351	190	272	33	8	259	22	154	175	54	46	191
334	74	270	219	181	235	45	88	253	274	50	281	186	56	247	118	276	352	4	362	34	48	58	305	96	48	312	213	82	282	292	312	92	317	21	237	237	344	126	157	61	171	57	254	316	0	327	105	32	267	212	95	69	124	259	19	20	190	123	297	344	215	108	357	11	146	176	107	355	8	184	303	68	21	202	159	365	38	35	5	284	93	331	323	195	166	111	17	293	99	108	294	241	302	335	230	90	227	151	251
331	204	134	162	31	214	143	140	5	272	320	206	343	175	153	16	187	177	295	372	306	138	2	47	281	165	305	32	268	38	79	176	66	269	221	251	119	257	215	3	171	38	178	40	106	31	0	206	28	285	164	20	25	10	371	362	307	277	267	86	110	141	247	371	135	269	150	10	159	21	215	131	325	52	240	257	84	375	198	258	3	212	363	220	345	299	168	294	313	323	198	224	343	167	375	104	342	41	178	205
1	69	367	71	200	279	115	218	135	297	90	51	129	81	94	146	63	109	311	236	132	101	179	237	328	123	60	329	197	247	108	253	206	354	233	84	226	72	314	323	371	113	57	134	244	140	84	0	348	128	241	303	319	306	214	209	351	213	190	298	137	303	39	199	140	340	349	288	101	250	241	15	43	48	250	69	28	192	112	151	155	343	265	29	116	202	186	138	145	187	83	2	356	19	265	154	110	6	78	52
274	13	7	305	117	347	181	171	187	198	245	135	153	144	314	227	15	181	294	6	277	280	272	284	375	306	178	188	256	225	279	167	333	362	169	216	354	235	303	322	346	201	167	57	92	63	156	66	0	181	103	232	254	305	170	228	285	285	287	299	87	277	291	123	78	349	307	17	149	214	333	167	185	138	129	376	48	375	47	157	146	136	17	89	249	141	31	208	333	171	130	30	284	210	66	100	331	322	205	87
177	234	275	291	313	63	248	212	252	150	367	224	22	335	348	324	48	125	277	132	175	339	113	349	114	215	186	27	148	283	40	67	12	333	87	125	8	106	60	173	59	334	38	318	354	133	344	45	333	0	3	300	17	185	193	234	153	342	90	361	288	286	47	323	180	253	192	19	240	90	180	290	93	4	74	297	125	289	154	19	4	239	182	321	135	308	335	141	198	102	323	221	281	351	296	173	30	217	325	353
92	151	73	232	210	275	11	160	244	172	43	303	220	107	321	111	363	376	127	132	270	10	62	141	32	116	153	296	217	355	349	155	72	258	27	253	273	228	274	341	375	212	268	123	69	38	279	257	362	5	0	31	172	71	313	322	348	2	370	306	236	150	35	204	29	71	147	98	348	364	311	362	84	260	218	79	29	336	312	106	107	267	1	366	69	42	118	253	208	43	35	95	310	169	219	151	121	71	25	34
26	166	17	365	25	232	371	213	14	264	329	192	307	228	173	136	35	64	31	139	250	27	329	34	123	247	315	341	184	249	375	21	349	334	67	50	203	333	316	215	364	257	237	200	213	255	138	195	144	65	170	0	210	318	156	299	26	356	59	84	226	183	130	206	52	65	238	71	265	90	227	116	70	46	147	129	309	64	175	185	63	229	116	169	106	130	332	169	217	8	19	43	365	266	101	64	163	323	140	115
135	63	357	356	299	134	47	138	324	150	203	133	356	53	47	323	240	350	270	71	341	360	321	31	147	259	352	352	292	10	228	333	160	215	135	191	198	31	254	163	275	98	203	347	324	375	166	332	235	249	236	29	0	89	163	51	331	202	373	88	48	68	1	241	115	346	71	308	207	350	142	332	363	53	330	78	362	163	282	336	331	204	26	78	261	217	351	26	251	104	363	324	242	264	308	368	76	321	211	349
76	76	40	333	252	186	261	178	80	256	140	237	202	85	78	56	166	12	35	57	177	74	152	159	31	69	106	280	182	160	355	301	185	170	93	30	300	289	129	285	23	158	298	211	356	76	349	88	251	348	158	318	191	0	257	42	85	174	97	352	246	134	330	272	59	364	103	258	342	187	65	106	221	92	29	339	131	180	331	365	309	195	94	54	356	73	63	326	32	354	350	77	201	74	292	180	4	337	215	353
369	358	218	207	172	143	20	102	79	376	199	213	290	230	59	357	234	68	9	79	124	140	336	175	249	42	13	154	350	168	94	249	305	288	323	113	187	123	31	296	198	221	149	336	352	265	127	277	93	181	20	226	178	171	0	164	332	49	232	319	373	352	130	179	226	114	228	87	216	342	19	53	134	77	262	197	126	222	323	303	271	51	225	104	75	201	111	364	85	340	336	87	5	141	312	124	269	300	329	308
340	376	152	143	140	315	285	85	30	187	218	292	330	147	28	289	156	297	9	245	358	170	302	19	334	320	78	187	109	289	81	261	131	53	109	320	100	209	348	120	75	311	161	208	185	86	293	318	165	34	326	25	274	363	206	0	189	42	295	320	46	218	123	115	276	307	284	308	194	51	333	272	12	188	335	365	80	265	210	257	224	151	167	160	219	251	301	280	268	215	179	339	371	266	282	323	266	303	179	137
292	304	18	347	194	92	354	285	304	169	14	37	268	333	64	215	62	65	372	70	318	186	332	57	181	184	87	240	11	348	37	294	189	204	52	27	125	288	279	307	25	351	46	205	259	40	98	265	278	191	70	262	207	228	311	174	0	71	73	271	68	162	339	48	248	186	49	266	324	231	52	289	207	263	91	174	89	233	226	236	1	12	304	262	194	23	85	56	3	252	299	207	340	9	309	127	258	159	245	307
8	211	163	210	201	10	267	156	57	103	291	208	70	131	97	35	149	152	137	252	305	150	375	259	278	162	135	209	255	255	272	62	235	264	104	204	356	35	137	106	167	122	178	164	5	312	157	208	175	112	132	116	49	160	335	37	201	0	158	266	162	227	222	100	195	224	113	160	16	178	351	244	366	370	49	290	160	290	251	130	347	254	97	246	261	47	372	275	93	86	332	194	12	49	149	213	364	163	212	199
215	58	147	194	326	130	6	373	361	353	350	311	189	335	254	204	37	331	92	326	109	64	267	365	30	177	136	155	130	5	283	232	160	235	77	121	193	137	137	223	176	115	257	77	39	111	279	341	268	256	307	301	242	363	139	209	162	274	0	306	105	12	109	336	224	334	54	19	271	71	301	332	81	9	188	156	298	73	324	255	243	121	100	171	376	22	289	79	186	4	238	136	88	144	123	244	300	361	233	50
194	31	365	334	130	232	298	310	230	279	153	191	41	161	59	93	64	224	61	116	150	348	246	231	270	147	185	91	63	243	55	295	304	260	23	195	61	97	81	98	199	98	162	277	49	51	315	282	216	167	11	76	146	247	27	286	156	136	45	0	289	16	265	271	54	169	98	305	197	373	317	32	207	340	235	339	191	65	148	14	117	209	104	284	194	186	201	230	282	355	325	355	337	357	305	336	110	19	217	178
35	361	288	54	91	310	141	317	122	70	198	238	57	353	201	94	280	354	26	32	161	338	95	28	102	117	203	67	173	23	248	232	63	195	28	89	309	30	220	39	264	179	62	336	269	307	155	63	122	126	152	243	35	74	40	288	40	351	156	13	0	100	63	51	118	178	34	162	145	90	315	4	282	250	34	62	209	232	86	255	154	79	284	55	294	56	147	186	313	247	329	259	80	361	360	174	345	47	224	366
3	188	337	151	241	231	177	332	28	217	365	129	295	372	280	330	217	56	156	376	373	209	333	341	200	131	205	235	89	273	5	82	311	135	233	187	38	276	136	245	189	100	148	206	288	182	30	57	5	326	226	61	296	98	27	175	26	116	132	135	86	0	129	225	232	118	285	33	202	82	48	3	46	351	154	293	167	159	196	115	148	243	130	208	33	137	351	76	80	366	92	221	133	11	293	343	146	362	198	146
210	93	216	298	268	181	174	290	368	361	259	234	180	337	299	181	350	296	167	107	180	278	62	287	274	313	43	127	338	271	96	63	151	294	91	350	269	24	114	138	248	342	130	356	214	165	364	132	326	182	247	346	17	324	176	38	135	185	120	79	101	230	0	328	207	193	227	306	31	37	249	112	142	168	363	306	330	162	348	155	291	267	60	227	112	56	328	313	142	109	16	162	94	208	297	138	79	14	313	111
97	44	93	89	159	35	339	365	214	139	182	247	156	291	226	361	260	309	261	60	256	155	297	156	101	245	49	79	302	13	126	308	135	292	141	373	290	207	205	80	35	145	277	278	33	304	106	236	375	61	68	262	40	78	144	28	338	266	124	173	157	288	89	0	297	180	224	55	232	26	304	180	7	2	122	303	141	289	57	252	308	302	184	169	22	136	10	318	362	34	10	189	220	105	89	336	66	92	241	349
50	17	291	217	200	348	202	46	209	174	46	220	25	241	135	358	223	237	46	329	24	147	334	232	127	111	274	109	355	164	319	41	346	370	166	338	235	44	237	171	19	236	44	372	74	276	203	236	296	297	248	24	125	197	81	138	46	186	26	281	186	279	315	198	0	102	6	298	63	85	261	310	346	170	323	46	131	6	10	368	308	15	184	11	180	307	374	286	261	319	4	287	90	288	163	27	222	243	373	133
345	129	194	35	134	369	298	295	242	142	46	240	372	218	367	222	257	303	16	59	121	36	372	299	231	167	57	291	241	344	294	307	32	135	256	51	117	49	194	112	174	33	39	368	353	251	47	176	215	71	288	1	253	23	318	333	116	17	236	20	361	338	368	135	272	0	130	143	274	279	162	312	79	62	318	298	223	92	128	160	207	80	327	122	300	355	126	40	162	363	8	254	182	71	56	77	238	5	118	51
23	333	122	117	54	123	148	336	183	231	244	207	308	248	121	260	119	204	122	176	174	361	213	36	71	242	303	189	171	321	63	200	55	275	147	110	16	249	111	117	344	149	22	251	137	315	231	87	298	99	128	331	307	311	288	264	114	128	322	247	157	77	62	104	94	176	0	363	212	374	246	222	339	27	280	120	269	132	316	223	152	183	46	264	195	28	302	98	48	357	294	122	48	88	289	3	10	325	48	356
283	365	341	182	72	359	107	216	39	88	271	98	261	280	127	316	354	170	43	319	6	225	351	160	16	165	127	24	58	320	87	104	24	149	102	90	288	234	311	179	115	27	250	196	78	171	327	236	56	53	244	160	242	72	128	101	248	218	155	302	305	279	247	337	59	114	171	0	249	123	310	12	123	232	3	287	205	266	141	294	320	110	128	364	90	225	27	25	130	303	364	147	88	70	128	88	2	259	360	73
103	373	290	28	227	220	359	61	310	181	257	118	73	126	232	315	284	147	104	251	106	264	374	240	139	318	165	93	353	255	326	27	223	98	47	176	317	51	335	346	244	374	115	161	91	369	236	275	34	182	280	194	30	309	5	305	287	122	297	169	168	83	150	42	14	55	50	374	0	223	200	320	335	72	116	318	240	135	41	268	234	33	308	158	251	19	57	308	374	273	73	355	172	65	367	251	271	26	88	335
320	248	94	235	323	89	327	317	192	60	134	168	202	39	140	253	122	369	228	37	205	327	131	218	215	173	191	376	350	317	81	188	82	170	336	23	252	81	218	220	108	43	333	253	28	134	305	28	100	247	274	345	40	271	329	134	152	48	347	162	333	161	228	227	366	162	311	219	329	0	181	235	80	100	227	100	120	136	355	250	180	325	69	215	231	45	190	21	133	358	134	217	56	11	254	219	154	193	277	65
32	232	142	70	223	107	183	288	319	64	100	359	159	222	336	370	370	114	354	143	33	181	336	246	161	31	162	113	342	337	232	276	44	28	98	67	17	215	160	93	101	109	244	228	324	100	284	116	269	373	371	315	150	123	9	353	226	13	215	92	321	28	292	231	260	93	206	291	71	373	0	246	145	69	76	167	319	276	351	339	254	373	332	190	102	102	140	368	107	322	265	264	57	42	275	368	49	35	337	1
6	118	86	72	337	281	254	65	253	260	215	122	116	232	228	359	186	106	317	111	271	209	85	347	38	102	144	198	45	46	294	34	311	286	226	33	338	105	94	59	169	245	166	230	246	282	60	146	355	120	193	176	262	9	145	282	81	81	134	279	268	205	180	287	226	302	205	147	54	336	230	0	140	234	163	103	211	297	61	339	327	334	32	109	278	100	284	320	63	171	132	280	43	281	169	36	189	339	297	26
93	81	236	91	113	234	274	102	313	91	317	77	160	308	190	174	7	117	179	218	206	205	9	18	304	64	19	209	70	248	303	147	328	156	346	361	64	350	53	316	242	303	319	232	252	49	172	142	223	161	205	250	336	73	103	11	125	8	265	171	67	66	105	67	332	264	173	90	250	54	26	76	0	215	54	346	361	177	80	58	177	1	65	76	146	239	51	356	48	132	354	219	6	289	52	53	267	209	195	300
326	324	198	32	309	255	117	138	150	241	223	241	230	250	168	203	15	280	115	230	3	119	256	144	337	57	106	98	256	371	303	207	197	106	305	346	297	81	349	122	107	27	95	173	105	290	348	64	158	39	253	77	90	70	255	317	342	24	372	230	168	241	105	78	370	206	269	141	371	189	21	324	230	0	215	337	316	22	37	256	374	98	152	263	220	259	343	63	277	99	168	140	349	129	238	223	119	290	278	67
375	84	373	281	161	21	20	194	227	139	105	93	255	125	184	154	354	251	117	183	17	199	225	191	333	192	59	307	232	229	336	11	29	364	328	222	171	101	139	357	186	293	342	141	346	154	212	263	150	140	320	312	31	291	4	18	280	66	260	127	110	305	101	75	78	269	265	7	166	6	25	326	186	42	0	246	113	259	322	210	61	287	129	88	317	92	362	45	155	356	321	81	295	202	284	281	181	68	349	258
312	299	234	41	283	146	240	225	130	256	367	148	102	51	364	163	37	116	296	39	152	296	299	176	335	316	329	144	184	28	307	185	104	20	117	71	328	143	356	82	184	158	154	61	359	295	303	80	143	347	5	46	218	88	343	183	274	29	91	53	292	26	18	141	373	252	291	215	199	375	61	143	127	107	276	0	25	21	374	184	23	237	312	69	18	352	19	206	206	64	28	341	38	138	48	315	37	316	249	156
48	352	2	109	359	324	324	250	130	119	214	76	66	131	108	76	147	79	356	201	319	114	288	216	355	355	156	135	277	22	210	154	229	208	97	51	354	370	343	104	25	100	206	329	40	114	215	244	236	296	259	369	128	219	28	193	356	360	376	267	7	108	363	276	229	34	57	318	82	38	353	185	362	63	166	350	0	223	301	336	80	236	49	243	97	338	188	285	185	175	25	122	161	28	90	151	41	355	343	336
70	118	329	284	367	341	89	295	8	358	214	278	134	91	102	120	330	368	126	218	336	47	228	126	16	71	226	113	318	95	351	324	356	62	68	371	332	54	358	154	336	368	234	316	336	190	120	210	50	337	315	144	78	131	90	97	116	64	138	265	166	374	46	224	263	55	192	219	229	138	350	110	120	94	357	318	261	0	104	195	151	117	143	201	283	296	279	47	167	108	291	238	56	12	309	336	14	283	330	364
164	362	38	220	369	364	235	117	202	63	282	245	357	8	230	160	340	46	122	119	121	70	332	231	243	362	72	84	104	359	128	91	16	86	322	43	251	337	185	21	134	42	131	295	177	31	61	210	23	260	38	18	347	152	142	198	134	93	10	10	211	333	257	101	147	44	349	127	109	278	365	149	162	241	79	107	223	120	0	325	349	331	323	15	42	164	97	275	155	215	345	216	301	166	287	53	300	274	202	301
111	337	227	328	224	123	244	91	33	90	270	279	55	294	331	135	48	57	123	327	161	106	248	260	234	37	324	262	369	48	292	69	90	224	69	208	147	3	27	317	153	184	79	84	167	260	320	171	105	201	230	310	74	207	10	146	288	23	218	162	76	48	341	138	234	295	54	346	169	137	231	131	71	154	65	137	152	6	254	0	30	275	363	93	61	217	180	330	121	188	32	136	352	25	57	156	176	272	6	90
102	359	52	198	185	179	73	322	314	134	63	354	303	80	140	115	150	68	9	94	18	57	339	151	97	22	97	274	133	7	219	35	147	179	76	195	255	64	316	367	92	133	261	110	152	49	149	250	142	150	2	361	315	66	240	152	329	321	348	158	281	111	68	375	313	18	302	69	308	345	357	224	131	279	371	82	171	67	350	181	0	67	111	174	315	183	311	111	350	297	10	131	112	136	73	216	96	111	21	98
87	202	38	4	232	257	96	37	47	348	178	61	46	97	145	291	174	159	12	249	22	285	12	235	242	136	154	342	78	235	115	282	305	155	374	203	158	131	363	288	209	124	252	367	18	55	156	57	349	126	212	67	45	97	140	278	132	164	239	81	338	77	289	326	197	190	189	46	298	191	332	108	16	115	53	334	223	363	263	291	102	0	372	359	105	231	47	317	24	315	360	287	62	316	107	281	31	36	197	153
33	116	176	339	374	93	316	166	75	287	164	233	14	272	318	257	307	192	94	11	348	352	324	229	112	329	82	211	367	277	313	141	172	97	225	332	252	18	274	81	191	308	344	220	178	55	326	216	327	293	295	59	267	236	317	22	82	88	253	183	110	95	363	71	13	58	152	224	350	44	206	371	263	375	7	107	368	225	52	23	154	239	0	126	13	190	188	143	320	151	96	8	237	45	93	102	147	119	249	88
137	165	60	316	26	128	259	23	185	77	172	352	97	77	78	100	274	84	326	16	341	236	101	344	337	217	88	193	3	81	39	289	197	335	84	309	318	354	376	18	38	238	308	296	92	89	236	255	143	332	327	338	38	329	213	321	236	168	354	93	62	202	165	355	45	42	142	265	325	153	27	282	344	366	68	316	135	173	75	43	120	242	42	0	275	273	352	141	43	71	373	341	170	27	369	53	169	324	218	159
187	19	264	236	69	290	58	50	275	153	280	254	326	49	200	143	307	366	198	131	336	279	11	222	20	104	10	2	124	244	13	257	313	319	319	363	130	337	30	182	127	194	209	366	372	339	37	272	43	195	155	309	292	33	115	214	97	133	102	352	361	292	350	138	5	314	33	49	294	272	325	302	329	59	332	160	90	12	279	187	90	224	101	268	0	2	112	141	324	14	15	26	365	74	7	280	120	250	188	92
147	121	269	296	297	70	306	50	264	283	273	76	162	107	272	41	192	226	359	332	295	244	92	207	323	294	170	249	305	130	32	183	359	276	297	40	36	261	368	370	154	15	218	138	165	198	112	265	14	237	356	270	296	53	111	180	275	165	148	133	159	282	111	263	88	176	332	153	316	106	88	87	302	305	237	242	255	210	246	197	152	303	308	358	166	0	238	73	82	28	162	271	295	299	252	113	112	263	190	132
270	130	10	14	274	117	180	97	91	296	211	108	277	48	248	5	20	178	149	125	114	120	89	260	199	91	151	196	99	74	357	263	357	319	133	353	294	89	154	65	76	283	105	36	116	3	218	253	357	319	238	81	191	343	219	203	348	89	33	125	105	110	306	118	225	336	130	62	324	170	47	134	180	312	92	161	11	282	76	220	263	272	137	307	251	337	0	183	275	97	354	22	121	168	354	237	278	63	321	223
60	339	353	156	354	213	237	339	146	305	140	204	341	18	229	26	201	12	72	156	155	27	256	278	221	173	261	368	220	371	200	191	108	334	178	200	297	332	269	335	159	338	258	138	179	314	311	180	175	161	201	88	293	72	80	374	289	244	351	326	279	74	359	70	247	343	156	201	138	169	134	261	92	233	152	358	90	108	280	275	77	350	132	306	8	121	99	0	227	323	137	184	20	241	242	163	86	330	261	43
257	197	87	204	291	162	13	356	203	229	116	249	251	218	60	4	13	33	118	58	205	208	198	95	190	148	203	218	53	261	55	333	8	213	259	152	375	30	255	313	130	120	273	335	85	12	282	347	205	189	134	250	357	69	247	78	77	179	103	69	34	147	131	108	280	298	301	249	336	311	321	205	332	218	322	46	221	280	156	292	24	80	117	252	315	333	287	38	0	46	305	233	199	7	142	311	10	106	199	348
234	270	174	44	247	34	195	152	200	223	176	326	60	2	16	306	324	48	62	220	248	119	351	31	169	5	34	354	229	307	151	190	344	9	52	366	255	330	179	267	19	72	115	298	169	42	118	263	371	267	98	223	343	7	105	200	343	244	166	89	140	261	69	70	352	64	146	228	216	366	173	2	255	326	294	289	281	272	323	33	54	287	11	236	142	218	97	167	265	0	38	76	181	291	306	172	64	207	22	187
328	97	156	116	15	137	252	332	328	61	96	287	327	25	312	356	227	188	369	54	148	94	226	34	75	84	165	337	156	191	336	207	45	197	127	25	279	247	146	7	204	239	19	196	14	331	278	46	162	21	311	225	180	369	242	63	205	75	299	177	121	22	81	196	291	171	234	303	21	212	113	204	229	272	283	304	318	209	65	261	251	336	101	157	126	237	168	178	183	264	0	278	9	286	150	129	185	189	79	313
57	173	27	254	89	149	356	185	253	107	25	184	223	12	84	140	21	73	311	216	353	162	100	174	27	111	169	25	259	241	245	36	258	347	298	82	2	92	324	66	101	344	131	19	187	27	105	113	91	126	181	109	81	72	266	68	85	59	103	148	320	101	172	289	62	337	98	282	76	220	33	25	77	360	186	169	25	124	332	155	245	41	368	92	189	82	55	118	13	82	189	0	344	175	240	119	316	175	50	262
304	114	243	338	122	201	284	370	86	232	188	336	228	261	295	119	280	155	311	343	245	5	316	13	125	52	180	305	283	117	262	260	305	71	129	270	199	159	295	119	334	177	239	241	275	179	337	216	192	271	305	303	248	34	56	349	177	87	213	185	215	204	36	223	242	140	167	344	107	217	351	260	257	12	313	153	120	60	320	152	26	106	279	91	12	165	137	76	130	244	10	271	0	373	81	112	23	81	206	86
43	109	15	210	247	275	70	108	301	295	190	145	93	163	75	48	321	154	214	284	128	338	332	116	371	53	302	228	132	147	43	47	165	351	297	299	233	104	262	56	208	11	228	77	102	2	336	19	290	51	126	155	223	219	204	322	97	18	341	229	165	62	298	317	69	102	224	78	171	352	158	326	318	205	173	39	249	35	243	6	330	286	20	266	297	135	225	273	22	245	374	152	212	0	81	103	146	229	339	162
135	212	227	89	328	298	266	358	220	264	128	145	40	84	52	229	349	357	169	7	213	191	195	202	192	124	264	190	37	211	139	219	291	323	284	369	115	151	355	367	122	370	113	243	173	267	191	177	37	338	105	185	157	227	372	325	194	61	104	123	243	211	126	124	335	20	366	159	74	15	204	163	350	252	174	300	112	39	297	7	334	145	135	91	325	43	365	325	216	237	54	11	157	315	0	197	6	231	139	265
257	370	319	62	231	326	163	108	146	127	123	102	356	244	96	164	256	79	247	317	319	230	172	294	87	38	236	240	237	49	91	362	297	139	284	23	123	161	373	71	265	243	334	345	20	28	287	206	354	40	339	87	215	94	135	298	217	192	251	321	81	116	82	74	251	21	374	97	166	217	336	285	56	54	152	266	201	242	150	215	87	181	174	109	344	50	7	357	52	118	332	89	102	233	342	0	59	164	143	223
16	150	107	18	31	345	49	6	82	369	242	137	21	274	17	146	202	49	358	310	212	5	97	344	140	32	77	124	257	81	237	13	368	50	166	95	116	15	257	45	142	137	198	2	301	70	45	340	314	31	158	161	86	167	133	130	295	272	71	114	222	64	306	43	336	49	162	145	110	314	327	194	319	176	373	158	28	306	45	24	75	226	154	51	328	13	124	245	304	103	135	284	198	112	87	135	0	78	231	202
200	238	187	200	146	159	212	96	199	155	315	78	286	205	150	28	72	212	121	64	205	206	244	248	288	60	186	5	25	121	185	256	285	299	240	100	267	17	341	246	276	73	45	69	249	312	29	195	257	309	17	15	36	211	130	325	6	2	76	44	271	154	367	195	180	127	120	313	175	46	119	137	138	186	111	11	92	226	109	38	266	309	80	227	178	327	139	203	67	312	361	104	97	37	166	320	183	0	151	157
327	289	25	109	324	208	277	209	279	45	163	130	217	121	296	36	67	158	288	89	80	122	144	120	353	24	68	11	145	154	93	226	297	246	153	160	80	283	46	149	4	23	114	46	170	262	163	294	133	85	192	56	166	88	39	358	220	14	66	170	164	76	33	284	123	207	84	98	269	78	281	98	136	18	47	138	321	70	134	304	231	327	218	217	215	371	3	302	155	261	251	185	138	47	176	194	182	161	0	15
238	109	104	336	302	329	334	5	312	374	153	348	322	250	262	316	71	274	196	191	313	343	112	174	353	204	64	100	111	106	279	114	280	161	45	238	152	110	10	301	29	7	26	25	348	255	328	80	185	189	5	43	336	20	297	63	123	287	224	225	14	5	230	264	289	66	66	51	297	107	346	211	345	124	120	131	107	262	278	104	367	103	2	349	70	24	264	280	77	161	113	120	34	117	44	52	175	127	367	0
