A	B	C	D	E	F	G	H	I	J	K	L	M	N	O	P	Q	R	S	T	U	V	W	X	Y	Z	AA	AB	AC	AD	AE	AF	AG	AH	AI	AJ	AK	AL	AM	AN	AO	AP	AQ	AR	AS	AT	AU	AV	AW	AX	AY	AZ	BA	BB	BC	BD	BE	BF	BG	BH	BI	BJ	BK	BL	BM	BN	BO	BP	BQ	BR	BS	BT	BU	BV	BW	BX	BY	BZ	CA	CB	CC	CD	CE	CF	CG	CH	CI	CJ	CK	CL	CM	CN	CO	CP	CQ	CR	CS	CT	CU	CV
0	14	263	614	307	645	863	466	519	374	446	810	832	594	89	903	56	152	488	198	776	939	952	817	302	808	33	873	748	697	920	364	52	801	70	704	600	622	227	492	686	809	95	853	958	881	241	625	490	829	91	393	885	138	156	25	817	809	663	611	33	674	762	463	512	58	180	913	766	771	431	120	373	159	965	561	938	119	791	867	757	156	420	939	138	611	852	860	656	78	413	594	608	833	296	730	928	213	88	791
753	0	277	424	638	861	879	654	632	512	326	750	282	94	271	43	90	140	296	24	157	606	459	418	968	104	103	733	117	432	939	817	769	735	388	720	697	108	519	539	306	200	452	398	878	945	105	245	350	206	628	16	228	841	279	774	716	792	849	286	846	32	350	15	542	630	887	926	605	30	627	427	170	13	343	82	193	445	760	258	388	946	876	492	332	894	650	208	372	590	748	129	773	570	814	916	865	266	422	112
404	384	0	159	834	149	434	323	181	595	345	91	298	27	349	378	684	574	596	478	912	714	217	515	501	202	678	410	394	679	698	782	388	820	390	642	791	968	155	558	464	10	232	771	744	759	156	779	966	898	929	468	95	846	532	120	119	84	161	245	391	750	14	949	670	224	603	798	376	703	322	751	770	59	567	609	809	905	944	109	443	862	68	464	443	963	635	882	825	690	670	811	413	480	859	558	689	272	333	633
70	636	469	0	806	767	28	920	44	928	725	255	129	49	636	783	201	767	451	368	610	186	387	335	893	28	915	893	905	582	420	487	62	750	654	538	142	745	1	871	164	209	423	907	241	597	413	99	747	865	593	759	709	728	84	342	253	869	528	226	374	271	626	893	20	303	64	107	585	362	834	706	457	684	877	701	204	864	909	108	421	515	840	196	568	341	631	943	467	128	433	614	899	623	538	690	14	256	930	523
514	159	714	180	0	766	494	117	149	247	502	756	482	108	435	701	279	308	508	501	219	612	439	714	85	730	882	153	453	175	920	567	644	645	204	741	211	761	891	545	876	64	614	403	722	533	113	511	948	846	514	695	817	471	383	724	164	815	327	864	893	671	377	230	557	806	798	201	604	207	286	836	181	172	88	956	492	90	593	412	426	526	486	784	647	128	827	170	573	598	699	440	136	506	245	192	565	138	645	880
849	851	41	803	568	0	86	848	454	200	96	285	503	409	339	728	715	665	261	762	711	268	757	455	445	671	409	678	922	423	800	713	126	867	648	142	394	71	484	722	864	515	641	353	254	466	615	271	679	443	626	858	466	908	146	575	893	713	51	218	778	568	480	349	820	685	962	250	232	565	19	908	850	52	19	102	125	602	67	526	606	685	785	917	802	855	757	198	189	916	772	131	775	524	611	687	251	605	477	390
197	744	645	156	52	967	0	395	898	791	937	956	606	282	401	619	319	481	275	882	879	263	316	536	483	306	737	196	550	367	719	1	713	846	901	856	469	960	304	127	247	557	906	199	54	185	476	417	653	394	158	157	853	128	863	86	209	916	750	260	54	281	43	347	825	823	31	459	624	270	333	424	742	492	807	680	511	589	58	257	136	558	226	608	357	755	457	946	827	531	252	913	573	58	534	756	830	870	642	734
808	476	606	210	942	155	593	0	179	795	205	373	556	303	13	621	787	624	99	498	139	533	273	52	472	211	153	368	316	952	501	539	734	564	849	73	513	909	747	73	52	83	328	290	130	602	807	586	636	877	798	221	859	933	934	443	252	56	740	958	17	24	5	735	395	920	299	190	354	209	503	197	475	194	681	558	688	817	561	832	887	54	687	209	371	641	157	603	206	825	772	165	924	484	527	7	944	300	551	831
361	839	426	337	684	575	30	823	0	827	700	146	456	426	471	348	716	332	390	506	351	36	765	70	848	903	60	252	446	551	78	73	518	126	768	251	753	618	968	657	627	7	664	709	885	615	718	523	102	934	128	761	339	168	31	288	405	631	61	656	827	501	274	229	216	53	917	127	274	867	627	382	406	643	744	577	201	283	367	813	226	888	590	543	505	182	517	362	627	499	630	805	30	723	85	2	597	401	494	566
327	855	212	786	613	578	911	180	463	0	760	622	266	417	542	229	721	108	401	768	239	688	127	373	165	733	402	898	231	910	176	812	16	954	466	870	956	310	583	217	172	787	100	417	513	86	512	678	631	215	389	150	613	597	878	550	187	865	546	575	283	330	526	801	488	193	454	418	297	871	129	549	585	294	338	918	842	751	846	695	615	850	275	653	608	773	703	588	885	605	839	681	860	16	115	398	830	125	340	894
714	289	144	47	527	360	543	419	312	928	0	836	84	941	968	257	407	621	31	521	728	240	699	630	79	740	424	606	830	258	693	53	702	766	317	502	421	852	279	796	448	129	251	720	605	483	236	285	648	219	564	229	771	420	504	530	677	721	837	449	724	799	630	55	619	222	156	746	261	260	369	133	916	496	291	6	834	183	884	240	457	636	179	75	876	412	262	826	664	123	160	120	675	201	176	124	227	883	907	945
738	384	5	618	405	532	593	331	373	494	332	0	781	94	678	58	936	102	809	183	583	258	398	550	195	483	149	383	354	654	544	750	46	253	703	585	406	968	492	397	601	646	494	33	326	194	98	417	266	608	582	795	915	545	170	546	292	400	573	693	146	353	666	662	663	802	40	148	134	214	398	485	629	496	355	954	587	763	655	78	11	301	579	851	294	810	401	508	126	745	506	920	228	206	160	600	948	399	113	921
924	632	107	222	429	550	377	252	680	650	703	364	0	321	321	243	869	181	764	13	236	387	948	882	911	780	78	568	730	287	576	527	345	205	897	859	405	258	946	624	324	179	213	293	885	320	347	167	841	905	327	946	636	370	75	157	3	389	820	296	275	114	146	722	640	62	162	203	595	657	16	885	256	7	586	424	750	253	717	248	546	491	502	569	409	229	353	663	709	169	148	959	445	931	586	472	596	52	22	777
115	876	130	481	719	701	218	18	308	649	206	826	767	0	118	253	818	859	915	150	343	26	709	261	490	48	805	21	233	765	356	225	460	61	133	250	185	448	918	460	335	849	430	389	402	595	22	130	320	198	612	871	287	872	677	617	932	461	356	319	902	15	327	767	74	824	66	305	675	6	326	327	179	488	356	285	103	387	713	209	161	336	657	513	483	654	546	462	461	278	935	445	285	441	544	713	705	721	490	456
67	637	245	560	836	233	789	570	113	501	416	616	344	682	0	905	260	874	650	444	842	825	822	171	948	833	894	240	519	444	38	357	468	959	405	409	187	631	160	403	72	763	307	638	506	327	958	667	413	345	189	922	646	632	535	327	520	967	216	38	413	673	349	135	764	111	472	592	430	512	582	835	394	321	286	853	522	816	860	49	840	136	237	693	738	908	192	278	433	916	423	630	699	42	122	274	556	724	202	164
274	560	660	559	431	17	460	625	881	879	180	97	381	483	702	0	846	889	485	136	467	268	387	304	626	243	851	559	818	634	134	182	126	947	904	935	51	112	507	342	167	133	90	726	539	736	55	532	636	543	965	754	757	723	781	203	46	777	829	636	607	746	125	367	373	169	562	24	229	927	944	833	188	341	689	392	57	437	491	691	283	618	25	287	399	853	415	118	94	562	494	505	468	566	509	913	758	284	904	548
213	369	127	497	679	698	74	825	957	276	283	335	723	402	108	820	0	633	514	915	737	843	785	878	779	361	954	602	341	374	524	883	257	301	784	175	646	58	387	347	367	356	722	468	935	196	160	71	812	838	864	882	655	536	500	787	446	549	1	247	395	643	129	13	203	523	864	347	748	836	457	671	940	279	321	251	645	732	462	950	354	637	711	122	597	532	653	331	397	257	124	966	580	129	705	804	135	15	159	142
96	24	319	475	152	35	243	320	226	527	269	440	9	963	527	698	923	0	935	183	955	637	124	823	242	932	862	409	248	206	575	441	215	281	295	224	551	950	809	847	924	898	963	170	647	740	810	918	673	937	968	710	320	120	336	445	877	767	141	74	378	825	220	831	460	451	941	792	469	877	575	196	768	704	217	236	343	617	39	875	584	173	734	852	69	48	591	647	287	665	369	20	206	889	741	764	666	401	919	73
671	548	437	314	941	185	872	816	548	927	893	305	202	690	634	109	292	828	0	341	635	804	310	190	587	108	935	967	853	915	942	443	513	235	98	482	111	332	228	720	148	29	373	496	358	451	178	483	747	451	349	798	910	643	906	259	904	82	231	841	735	436	613	131	52	340	956	36	205	17	143	768	966	686	88	734	951	967	558	328	678	95	123	756	27	671	424	402	598	615	209	355	659	9	277	265	362	771	739	139
899	365	89	528	778	402	951	771	914	726	465	863	921	513	49	736	411	115	105	0	934	38	326	89	662	102	742	266	304	575	494	621	810	755	358	667	751	886	803	333	557	403	11	548	639	440	882	604	629	848	839	170	232	581	99	452	410	246	848	511	626	262	636	654	692	718	545	265	654	436	607	185	667	427	136	815	269	489	216	138	898	219	663	277	744	309	431	344	360	926	436	810	505	742	22	419	593	156	609	419
372	189	510	943	840	632	53	724	769	718	662	722	255	4	849	176	269	514	163	443	0	593	917	958	304	850	324	193	350	330	638	107	951	574	129	119	343	191	644	969	511	120	801	18	839	50	858	479	16	616	386	744	706	962	940	228	200	17	967	581	908	101	249	346	912	886	224	398	560	174	577	85	410	298	134	553	704	819	574	320	192	436	677	242	670	723	160	273	798	228	80	167	953	540	579	552	229	511	330	1
925	686	253	441	785	461	727	232	666	590	652	859	434	281	253	558	885	79	809	49	673	0	121	762	923	718	634	286	310	461	103	160	819	73	741	775	233	135	498	402	941	765	553	756	907	878	825	7	592	298	484	568	499	143	133	229	791	408	961	966	76	932	873	938	814	796	505	465	967	279	134	188	346	39	259	18	756	128	754	809	418	751	508	130	519	73	790	740	646	829	943	785	369	98	452	102	82	180	719	9
261	848	898	477	543	11	167	577	902	503	602	151	874	216	493	823	80	62	487	650	876	738	0	816	536	744	30	523	372	130	59	964	506	42	489	296	306	510	423	83	147	258	812	946	752	258	363	1	196	97	373	655	532	106	252	66	549	314	634	199	164	268	854	771	229	278	272	473	321	546	471	17	927	28	786	367	365	811	502	679	417	134	424	906	478	709	174	860	968	917	585	496	182	419	339	550	459	808	636	666
292	327	948	321	424	759	61	46	543	121	685	32	23	907	560	181	949	865	948	177	302	580	575	0	389	619	507	590	787	668	658	52	478	914	645	328	849	26	843	706	467	694	396	609	896	160	739	822	780	412	457	813	9	205	50	57	935	202	822	761	201	731	715	766	881	677	567	801	844	542	683	663	876	839	574	477	48	208	841	862	540	607	24	537	220	694	936	351	579	26	331	399	166	127	325	200	122	169	383	299
750	720	916	155	335	639	177	809	862	935	370	390	936	522	308	58	99	351	211	219	35	447	657	66	0	440	90	757	293	671	510	960	613	22	888	418	895	248	281	110	180	611	351	15	774	333	785	479	705	174	156	214	853	276	818	296	876	426	445	432	351	728	283	301	16	111	518	886	930	823	138	14	800	922	834	880	509	72	469	860	499	503	785	174	395	822	615	762	710	850	581	908	281	522	212	464	169	819	457	336
768	76	84	179	573	125	559	19	219	167	825	593	954	474	848	876	709	592	757	23	155	402	492	269	822	0	320	639	467	353	201	952	555	855	795	447	333	317	739	708	604	481	204	162	293	429	849	142	845	854	400	589	420	294	929	586	568	716	386	84	631	210	881	371	322	641	675	270	359	394	20	497	605	749	632	38	502	170	521	167	147	25	872	248	398	350	614	372	190	680	781	483	703	173	419	898	189	399	211	233
156	929	53	960	123	315	405	276	357	337	923	839	9	344	505	966	158	918	652	271	555	685	817	307	851	411	0	52	348	934	361	24	564	626	473	398	362	520	223	733	613	204	854	30	422	302	541	801	709	595	180	609	200	888	30	540	707	446	500	306	213	117	514	567	840	736	652	917	242	92	746	452	593	855	210	277	797	581	658	754	281	879	876	538	966	412	119	41	799	796	962	283	565	6	666	723	653	496	141	366
900	959	635	500	874	723	338	269	882	887	276	848	442	468	230	819	255	762	352	370	677	132	922	155	435	293	39	0	946	902	860	578	570	206	873	610	758	349	713	897	9	133	922	541	526	114	170	251	208	510	381	697	925	104	633	263	814	773	807	662	346	26	248	875	276	273	256	295	119	524	931	400	259	317	210	448	51	196	22	172	750	200	28	777	499	13	840	569	111	561	70	291	418	335	110	468	439	308	247	267
967	731	322	374	905	313	233	471	384	929	659	950	10	635	917	945	938	88	486	450	639	841	743	836	22	771	380	876	0	495	313	946	353	929	99	179	282	300	80	866	813	103	209	929	653	731	92	96	590	761	531	58	928	168	437	784	798	322	735	953	197	893	823	33	497	284	283	633	437	763	474	796	206	904	1	628	609	676	398	240	157	298	727	353	708	815	490	895	61	277	907	67	389	925	459	254	959	245	819	67
372	779	784	780	769	644	616	372	835	357	838	562	466	60	939	733	646	122	810	120	81	29	829	343	889	382	527	905	938	0	426	834	831	141	944	663	773	132	16	69	104	613	213	274	387	784	577	330	497	97	119	611	695	831	494	637	513	713	231	634	518	233	310	631	5	695	937	874	451	709	168	596	684	250	77	516	303	118	810	427	495	387	186	549	527	870	746	607	635	574	505	721	487	942	547	830	466	427	277	458
106	184	952	127	45	193	195	903	40	496	879	489	549	17	921	614	5	24	833	665	914	55	508	437	838	108	611	447	513	153	0	514	839	636	838	231	636	781	868	118	44	694	60	90	280	898	633	788	3	710	404	105	357	231	158	184	706	633	261	623	180	710	812	672	762	660	718	53	599	881	767	561	474	478	524	488	51	801	723	19	597	329	945	627	802	821	40	184	28	289	962	83	420	45	672	504	268	689	724	372
561	718	948	810	337	585	602	879	568	635	387	524	195	356	903	65	584	593	518	464	371	930	413	632	399	64	217	597	328	3	541	0	189	670	295	824	466	957	416	695	957	210	164	587	638	300	187	65	48	743	439	292	347	247	552	749	307	725	583	648	295	633	673	490	66	19	570	366	868	186	328	963	769	464	344	881	724	287	366	892	507	80	373	410	908	674	477	579	836	568	652	16	42	609	495	129	120	420	62	868
400	860	908	228	132	445	774	153	76	184	502	771	369	315	653	340	373	200	625	500	224	296	562	229	641	107	199	506	151	683	629	774	0	761	588	166	730	822	467	659	330	437	54	762	455	875	411	110	569	528	910	327	235	233	30	620	619	235	395	736	612	408	592	499	434	739	428	907	547	747	538	828	677	445	681	578	576	844	164	926	746	34	461	487	173	190	669	745	729	496	820	23	402	93	398	279	827	267	215	670
808	34	393	226	738	473	961	407	524	389	783	697	900	815	464	825	297	476	345	598	223	570	851	38	899	290	261	304	211	347	390	6	141	0	339	105	945	463	752	551	328	569	208	319	894	249	299	286	351	224	221	949	19	653	90	226	581	635	712	371	118	324	781	770	83	403	573	854	82	228	892	413	294	391	97	499	121	186	546	444	754	539	471	844	436	727	54	157	829	688	1	377	754	680	170	549	116	161	661	346
611	449	562	51	959	176	14	368	252	916	76	174	412	884	298	180	913	733	175	492	53	562	55	602	250	636	937	951	825	706	321	157	807	312	0	807	447	368	427	80	766	48	121	348	655	969	627	493	348	57	272	926	182	330	820	779	402	278	487	124	252	669	503	509	454	152	403	966	474	713	169	131	450	803	329	482	130	966	109	600	394	901	738	839	210	110	532	422	796	686	9	603	56	758	46	241	328	204	40	694
136	460	242	803	315	457	229	200	587	599	80	182	446	480	301	336	876	660	521	624	55	86	232	175	465	15	404	169	154	255	22	376	668	62	282	0	763	311	582	76	562	934	71	436	324	168	1	411	694	136	728	776	333	269	257	759	334	328	698	434	803	740	779	342	842	149	801	944	49	383	327	287	759	767	696	683	75	228	462	607	806	182	441	884	571	459	554	864	53	31	855	167	558	307	721	661	415	646	250	291
1	112	508	867	509	894	451	806	780	831	803	909	932	828	669	143	252	738	966	229	684	818	367	322	602	494	240	937	911	19	89	423	371	105	594	423	0	310	928	423	378	634	220	399	476	969	901	783	571	844	330	953	949	55	177	2	754	704	886	492	160	413	755	120	45	444	937	261	714	235	163	734	571	429	857	692	919	341	63	891	350	965	812	925	965	379	484	851	490	164	326	416	853	139	752	572	677	279	755	144
590	949	868	913	593	46	701	820	789	463	460	341	574	92	880	76	209	924	707	605	151	257	623	933	967	571	841	842	894	225	175	193	5	691	766	737	879	0	419	706	547	477	598	300	447	261	645	51	158	657	837	383	102	376	437	84	794	774	703	133	188	865	691	645	914	645	660	202	174	867	117	265	497	181	805	68	196	402	798	519	66	260	389	602	466	355	198	842	535	18	603	196	530	321	919	931	936	294	110	812
723	510	319	144	195	201	396	402	450	380	32	528	221	436	370	125	393	933	896	131	854	408	175	761	363	611	558	299	342	347	92	568	152	245	680	655	40	448	0	897	904	536	941	800	439	398	384	705	301	224	550	951	815	53	285	136	515	303	285	197	772	635	861	165	591	6	357	100	339	149	316	11	373	177	797	87	425	593	423	378	835	830	909	201	659	590	636	540	645	966	206	624	427	550	835	939	624	336	655	24
815	457	329	312	62	494	502	511	677	902	852	82	612	888	754	676	35	956	592	402	108	776	171	625	955	74	36	133	551	810	840	22	955	765	308	814	119	645	118	0	534	535	209	283	31	319	451	668	352	545	512	169	173	846	412	168	569	247	468	119	76	454	610	915	479	564	416	733	775	262	74	325	103	181	510	823	641	76	836	95	857	375	588	751	482	59	843	637	267	406	277	505	138	958	886	209	334	622	140	872
778	647	512	326	801	323	649	593	762	863	40	270	679	428	617	178	659	875	552	313	516	488	325	68	175	911	768	260	216	264	968	711	833	73	376	296	650	622	128	519	0	673	656	268	253	178	936	331	304	345	612	864	321	108	340	876	403	337	235	777	436	820	229	649	330	69	131	877	89	962	31	438	339	385	593	876	501	30	722	895	200	288	846	131	554	428	774	479	55	230	762	186	17	280	185	534	595	236	869	615
645	534	27	485	233	198	708	645	332	719	901	574	416	32	571	539	155	473	253	799	49	364	617	243	844	512	469	2	297	681	85	915	940	711	52	270	799	855	760	5	62	0	669	560	139	402	370	243	522	679	293	896	583	865	176	733	656	95	6	294	833	175	292	810	199	931	184	829	425	436	540	672	429	705	469	507	219	321	892	344	193	577	192	219	777	964	889	674	480	443	192	213	4	914	335	647	428	213	828	466
194	400	907	45	108	562	901	260	572	550	451	607	43	502	179	826	354	54	543	476	457	510	643	174	942	916	964	911	702	225	362	850	552	931	655	530	409	171	818	285	642	637	0	573	681	869	148	507	89	387	793	922	401	760	910	686	664	635	513	941	703	969	209	517	289	464	551	8	142	579	662	907	453	645	32	870	733	42	44	776	126	156	934	958	95	206	614	735	616	697	441	693	23	211	947	760	309	151	347	312
962	194	542	651	886	493	74	448	913	536	502	465	357	863	672	961	462	419	767	915	37	212	712	287	700	326	12	628	57	828	75	555	313	231	929	557	205	549	313	590	967	700	858	0	543	897	766	138	851	712	265	771	685	856	898	412	414	300	640	698	721	562	635	952	277	810	720	686	156	45	31	626	470	831	156	964	138	313	132	241	257	843	462	357	96	69	332	227	75	66	936	726	781	404	4	244	843	796	125	316
401	249	65	894	335	659	309	392	838	391	391	225	844	574	696	758	357	96	199	425	180	418	170	316	745	134	412	512	709	946	114	323	645	853	755	943	195	336	339	10	355	696	829	734	0	690	64	294	518	42	278	256	620	709	670	774	216	831	210	603	939	722	757	465	471	358	473	847	778	955	285	190	383	280	78	315	818	418	720	157	936	107	337	263	466	370	925	710	882	761	158	779	805	287	701	643	813	435	586	70
326	554	108	189	904	233	898	522	775	508	713	450	170	953	185	16	139	639	173	876	483	548	606	100	898	624	261	42	797	956	901	630	243	916	100	905	712	292	940	718	872	305	805	506	23	0	949	140	67	721	261	403	924	539	219	911	880	170	717	259	669	45	465	543	308	847	584	181	763	874	263	595	798	548	418	359	969	314	880	236	156	594	509	969	430	353	890	144	713	525	312	115	237	274	407	194	590	286	239	166
60	366	905	901	731	535	793	45	562	538	137	129	386	10	869	948	860	145	312	204	347	684	260	236	437	664	517	585	305	57	879	79	64	333	117	393	173	909	953	613	964	279	90	902	602	266	0	205	703	433	418	614	280	25	904	435	450	256	89	758	855	641	350	236	18	694	514	244	354	900	335	596	623	699	101	445	922	731	13	782	78	589	318	704	742	190	797	20	881	302	826	497	956	427	753	675	746	273	4	440
602	468	968	647	378	422	696	213	75	927	815	830	280	705	566	202	366	751	394	90	506	136	420	516	486	593	184	51	138	735	873	666	679	474	673	776	396	958	381	464	926	860	673	67	760	864	299	0	865	144	359	549	877	42	940	85	165	826	486	576	787	102	696	226	853	707	608	838	442	869	965	273	14	828	696	706	809	180	93	92	800	820	91	946	581	798	830	45	689	611	710	946	862	505	126	157	106	369	519	676
687	709	640	776	203	828	482	529	230	223	63	379	391	428	523	588	326	426	801	758	923	35	369	247	805	440	460	832	880	588	766	721	371	520	552	391	385	407	913	858	542	675	453	501	292	551	43	412	0	345	342	373	703	255	113	605	876	103	889	404	897	740	644	844	241	206	557	499	394	969	47	463	178	189	892	334	293	1	69	860	425	267	8	327	159	269	906	575	668	582	78	942	781	133	546	268	145	26	959	810
233	519	934	180	7	75	99	486	13	418	440	415	932	347	149	773	359	472	107	21	550	217	798	966	93	187	794	945	875	310	814	443	100	146	517	868	947	363	182	938	508	649	234	99	130	68	517	801	50	0	46	912	595	250	938	207	362	229	769	846	200	522	341	391	305	101	282	89	909	206	648	206	827	650	410	662	752	9	393	871	161	813	400	439	748	695	72	609	67	286	4	644	272	84	20	462	826	858	730	905
154	567	698	497	444	756	428	42	322	650	777	768	894	325	908	267	128	540	890	592	651	266	148	480	645	49	220	234	616	899	751	140	821	47	599	800	177	398	616	329	125	212	289	519	717	342	260	796	140	926	0	245	112	625	924	582	540	334	299	606	143	69	930	724	519	678	280	247	47	70	486	299	840	144	726	838	779	536	272	554	102	494	701	801	424	89	688	449	816	925	321	591	71	887	460	50	886	82	745	271
502	387	814	936	397	267	922	20	98	160	24	470	423	424	728	544	135	297	305	506	928	386	890	130	940	830	414	614	159	101	553	695	796	333	362	279	444	229	666	715	23	530	302	665	364	510	865	649	953	507	767	0	582	772	554	849	580	425	38	471	457	30	37	958	150	210	662	316	138	664	120	514	940	446	828	364	535	197	260	512	936	602	886	473	275	933	344	705	39	657	267	949	336	453	637	802	669	617	135	98
50	682	515	430	427	587	270	442	493	153	188	593	957	578	392	441	40	783	320	843	510	217	349	913	752	343	58	484	261	929	638	25	110	390	482	442	853	662	118	716	32	852	38	837	935	595	133	218	55	927	607	814	0	874	415	829	754	968	815	959	47	584	199	130	91	312	321	547	47	292	729	267	88	107	152	94	160	281	347	964	792	829	369	427	390	181	741	905	780	70	952	266	765	542	39	598	14	423	158	709
967	637	790	262	829	223	603	238	783	104	753	492	8	244	638	916	500	945	542	695	679	189	749	939	884	629	311	232	705	57	569	525	192	827	303	734	463	706	13	370	682	580	561	919	339	392	802	896	4	493	417	90	680	0	68	1	361	230	67	462	650	397	846	304	334	158	491	565	799	610	552	897	421	883	209	175	278	860	437	903	22	548	220	484	43	305	867	749	161	444	932	250	329	916	190	866	946	743	14	382
893	597	445	268	806	920	355	437	577	735	301	435	35	260	680	363	599	111	278	363	10	809	934	238	297	847	43	216	929	842	537	516	273	829	386	387	162	693	303	952	431	300	305	430	477	12	419	134	808	120	790	918	271	459	0	119	613	298	841	858	109	922	894	399	654	358	43	288	284	955	627	317	548	157	400	823	863	83	793	404	264	233	352	402	666	840	823	471	105	812	250	540	771	215	254	168	565	67	713	417
929	531	280	668	38	875	69	357	293	257	480	336	285	705	18	313	664	406	698	147	372	806	78	580	761	143	891	463	635	838	786	660	877	351	480	889	738	921	969	777	34	713	881	710	801	653	550	922	489	532	756	77	234	752	246	0	643	728	176	137	932	382	573	923	794	221	870	307	681	512	128	61	641	928	592	809	577	776	256	552	358	292	807	155	120	164	609	842	369	713	219	160	510	449	882	558	842	160	585	352
887	48	543	601	907	557	500	134	164	688	727	772	671	66	342	428	622	873	511	659	582	898	332	61	196	730	781	717	172	596	307	302	906	250	627	66	473	331	873	276	416	599	239	311	157	557	361	34	922	571	490	957	357	338	664	496	0	48	936	491	915	468	652	771	390	313	469	153	779	334	501	563	406	532	621	446	314	517	647	312	842	956	908	490	83	433	500	313	519	657	210	82	637	586	791	96	27	967	387	460
709	452	527	556	397	748	912	562	58	254	165	958	232	683	364	735	132	474	63	837	312	858	226	284	99	431	182	936	746	382	883	650	32	687	631	479	593	182	507	259	660	801	287	891	884	388	161	531	214	916	937	714	393	586	864	70	231	0	694	135	215	424	408	537	234	394	625	202	589	771	675	5	422	792	843	575	732	141	599	213	403	7	323	95	429	89	92	58	516	608	251	940	925	964	963	182	540	138	891	311
553	217	417	927	520	966	23	305	684	187	485	413	230	576	634	961	932	674	920	911	164	253	24	881	362	333	55	756	71	848	398	497	410	296	863	348	139	901	850	413	51	323	566	153	224	306	47	915	682	680	637	278	939	170	752	340	94	329	0	449	322	700	386	748	842	862	740	174	904	783	480	744	3	447	309	901	591	680	828	348	123	899	275	285	86	63	880	774	961	618	586	171	499	836	836	875	514	907	451	113
13	338	521	551	107	774	55	493	880	59	513	553	843	60	875	607	42	577	826	724	760	774	884	336	635	760	83	558	169	869	159	926	379	885	774	197	41	140	357	650	512	44	11	713	717	751	208	854	534	389	819	25	888	751	797	929	196	84	832	0	767	870	535	646	838	292	639	55	433	54	705	128	528	145	222	421	728	335	433	111	960	887	540	209	773	2	553	411	790	892	780	371	56	98	185	754	480	206	920	808
126	175	389	4	443	559	124	478	930	26	705	792	848	589	887	521	14	813	508	279	785	404	602	339	93	338	576	385	144	124	969	393	498	338	284	384	466	235	423	472	258	521	180	801	543	266	437	580	859	21	923	117	294	775	205	229	260	817	638	624	0	923	413	727	596	791	842	545	593	426	477	465	590	109	525	203	544	931	431	364	196	596	486	493	256	418	795	126	254	319	114	703	300	598	110	66	210	224	844	629
780	330	458	585	737	764	446	506	155	205	430	305	352	439	50	488	501	628	213	583	363	874	13	314	249	95	340	57	417	231	643	445	193	424	338	21	240	89	563	645	939	820	812	306	896	365	627	588	507	157	202	736	357	918	407	925	645	804	966	228	560	0	264	778	566	376	507	543	17	854	295	212	576	372	253	338	810	554	299	466	533	610	880	409	678	566	873	718	569	160	314	5	647	874	786	267	765	88	849	137
183	3	823	950	805	965	793	698	895	129	145	695	678	29	631	830	291	852	436	576	521	636	390	679	679	248	909	572	661	827	3	166	890	42	310	196	607	480	904	22	364	542	642	913	813	159	82	509	602	212	828	889	6	627	176	317	953	379	381	409	693	737	0	542	715	869	754	697	891	410	649	697	457	66	679	810	635	252	319	105	117	96	581	858	585	314	728	792	823	140	120	919	450	598	137	340	665	292	780	568
521	526	365	511	613	613	268	609	179	917	834	604	488	529	567	477	586	594	172	654	921	631	236	762	590	551	780	737	7	579	129	791	91	903	714	539	524	290	701	343	125	748	753	186	200	392	730	792	475	945	421	590	105	6	245	375	870	679	873	47	656	234	742	0	3	725	219	617	967	536	131	176	918	266	460	601	652	418	462	617	357	886	568	818	417	442	149	564	967	159	758	389	155	239	601	176	826	93	383	261
496	729	797	741	439	571	438	449	562	917	937	577	743	282	417	718	391	400	723	173	712	678	759	523	781	522	827	162	686	549	667	379	86	58	862	620	855	609	18	383	789	205	568	740	833	871	376	840	706	675	468	504	6	591	734	113	481	207	501	318	460	672	524	907	0	567	548	204	588	520	227	755	607	717	168	398	218	72	379	404	501	605	509	103	917	595	253	575	305	219	419	115	177	287	615	721	28	513	641	839
751	533	881	952	322	26	120	590	953	100	177	378	401	242	75	458	415	501	682	766	916	255	373	53	317	226	313	630	22	655	19	884	221	169	581	706	490	166	404	238	575	273	351	182	906	111	92	681	43	962	839	225	864	474	236	952	45	404	287	707	470	804	686	803	229	0	560	758	923	52	77	922	681	149	841	645	327	114	715	856	49	45	686	241	865	311	110	381	704	94	203	881	742	38	563	700	370	369	685	797
770	715	670	133	762	542	291	906	284	30	241	40	537	19	459	336	926	642	31	498	826	220	123	4	615	647	452	534	8	385	962	94	613	339	444	210	723	354	219	220	62	528	435	714	621	303	707	724	161	794	427	931	145	437	398	547	628	461	791	603	179	728	242	235	669	712	0	503	693	453	949	284	502	872	810	448	398	775	12	547	562	232	401	311	605	910	296	748	479	509	263	240	942	885	583	248	834	791	322	205
852	861	53	559	793	650	487	546	233	916	629	80	808	3	577	82	947	933	208	727	275	587	922	562	188	413	800	684	499	845	25	407	944	646	134	4	165	709	711	287	710	888	791	95	797	557	478	720	90	410	907	221	41	300	114	254	553	12	667	437	456	709	475	855	598	428	843	0	514	283	782	152	807	157	649	525	651	388	451	242	323	501	40	515	289	586	723	852	911	113	25	678	534	682	856	242	908	824	680	575
24	431	929	25	775	408	925	689	396	740	349	784	255	430	892	803	148	631	38	28	255	41	593	435	320	850	140	510	330	800	418	272	411	416	372	596	671	614	354	900	961	743	551	369	444	182	247	544	769	652	375	50	19	905	540	786	606	533	851	93	487	880	847	10	887	809	427	553	0	647	744	353	167	79	854	408	892	835	7	723	575	661	871	148	967	684	61	326	823	237	162	461	541	857	42	153	844	706	575	921
227	211	266	266	919	440	575	578	75	45	941	956	247	646	174	593	818	920	155	715	420	438	779	537	164	42	423	481	672	402	565	303	670	471	437	242	222	804	855	605	589	318	198	697	666	910	70	350	129	718	600	114	361	807	967	304	641	132	205	154	481	494	272	807	355	26	134	97	209	0	734	672	89	245	822	145	182	778	889	716	399	86	435	844	11	924	56	614	361	868	276	593	522	116	219	824	603	633	24	948
838	546	26	435	503	302	806	680	676	209	948	338	502	59	405	847	426	355	268	385	721	616	460	648	720	719	567	927	511	506	688	683	498	692	160	881	115	593	661	162	843	433	620	394	95	95	771	169	380	661	757	116	729	904	162	921	579	708	213	550	83	679	503	601	403	682	823	761	641	217	0	590	931	183	198	955	684	466	644	439	918	47	274	370	311	634	764	229	247	920	337	494	404	954	256	47	678	544	776	254
226	964	265	569	915	812	255	754	175	388	205	830	846	854	30	679	261	179	272	469	462	369	574	834	184	631	440	367	393	964	883	749	583	501	181	749	931	939	856	275	246	912	542	424	551	367	739	375	894	360	577	786	204	714	250	806	592	784	34	853	780	494	325	850	187	17	232	122	477	40	18	0	143	175	206	742	177	220	958	960	502	876	743	266	98	289	25	2	433	826	123	366	800	128	606	52	817	28	113	234
391	743	748	518	578	527	271	26	336	806	33	635	465	853	34	362	782	407	201	513	355	175	14	35	904	896	365	23	10	179	712	415	283	552	433	614	596	909	866	388	762	952	861	172	124	884	117	346	26	922	558	666	137	58	36	211	806	327	926	582	288	631	956	382	218	301	526	762	703	36	834	34	0	348	107	811	638	58	589	740	274	78	564	59	250	559	806	720	721	655	259	313	694	341	6	418	82	496	323	500
7	589	621	816	941	940	449	726	159	478	245	581	752	887	938	78	8	779	11	933	230	459	499	570	658	689	490	858	446	298	944	116	381	805	269	552	673	469	16	29	870	120	842	458	595	142	811	48	118	629	371	105	730	492	860	744	907	128	813	845	594	131	685	313	917	687	53	942	938	312	6	622	256	0	787	429	287	920	511	46	111	170	216	761	124	163	545	587	875	759	113	194	665	633	964	330	320	375	714	540
759	893	832	193	513	911	61	705	156	637	463	596	137	11	259	409	891	475	780	194	98	590	493	513	843	125	321	39	53	848	43	544	938	461	135	688	541	495	955	389	194	355	567	125	770	335	38	442	544	648	191	86	425	103	88	24	385	185	342	295	705	97	344	901	440	34	872	952	618	454	506	392	421	635	0	247	904	143	402	926	395	925	179	555	64	258	709	739	55	884	547	864	849	879	853	188	819	481	10	27
321	561	808	214	584	927	48	539	843	407	922	88	98	666	176	834	497	471	843	548	503	412	158	206	54	462	448	408	265	914	796	753	432	795	535	476	530	928	187	821	787	932	88	618	894	668	379	886	76	868	176	99	397	614	345	885	243	237	809	514	99	404	647	188	156	303	767	825	767	488	632	642	632	303	648	0	880	374	604	428	818	300	506	35	705	206	482	965	804	529	176	75	267	80	293	548	522	955	475	453
438	432	203	261	448	460	704	933	895	504	842	60	722	14	487	102	726	816	755	608	245	367	175	791	846	85	937	437	429	104	958	6	401	763	437	49	46	880	348	851	153	312	513	25	141	388	528	39	967	295	88	384	876	72	968	683	700	925	246	427	120	321	63	2	356	100	718	150	113	100	461	582	197	301	630	963	0	687	835	849	90	526	883	896	174	533	52	262	441	21	672	818	323	773	857	865	550	636	59	694
234	201	437	831	147	653	574	215	667	795	486	154	660	795	64	443	321	446	636	500	600	514	941	460	420	964	110	59	866	393	731	459	453	157	349	264	662	428	670	266	701	631	874	243	334	811	660	590	353	430	859	918	687	908	203	852	730	922	105	425	900	760	951	87	674	196	555	600	897	901	909	461	458	511	545	118	740	0	906	410	760	646	744	451	555	613	344	788	397	144	516	267	459	10	552	292	772	100	195	12
43	276	723	932	880	325	521	409	564	573	492	6	456	772	916	363	885	418	729	302	300	335	822	606	572	603	731	184	727	776	719	165	350	236	908	187	534	391	800	594	179	678	294	283	718	444	840	473	863	629	172	79	718	385	313	734	483	602	97	651	536	773	274	909	906	179	310	895	556	331	276	408	452	671	223	284	500	589	0	134	513	862	131	686	561	661	672	807	690	929	161	530	111	171	678	573	421	676	918	662
369	529	216	312	841	730	195	862	680	609	764	827	505	483	313	940	372	221	236	658	556	559	887	181	351	926	522	630	351	937	482	104	626	913	959	151	577	630	235	884	950	713	547	178	922	533	18	903	642	514	110	1	859	864	560	193	120	949	660	29	844	362	231	854	602	157	149	742	841	694	5	439	914	318	330	393	961	645	58	0	614	35	941	86	968	483	681	62	68	152	550	609	666	310	766	642	394	194	868	328
602	918	140	309	33	842	221	879	696	131	77	81	668	931	857	535	589	228	516	328	109	395	604	727	953	887	41	694	358	602	477	665	911	116	602	655	536	954	593	120	331	210	504	39	797	253	269	381	378	171	76	116	864	949	40	21	488	546	669	961	232	609	476	723	908	904	101	808	941	323	899	21	278	548	299	221	76	226	21	838	0	894	798	288	468	778	863	115	709	867	760	573	582	852	225	228	316	685	192	232
50	324	662	420	580	745	89	292	156	901	510	94	352	238	238	644	333	81	261	181	288	742	969	752	311	865	776	261	311	790	496	509	901	653	369	200	762	438	812	693	431	86	78	328	250	385	231	102	350	354	131	545	127	511	953	892	221	358	917	82	896	336	718	125	184	887	263	307	91	428	621	374	961	299	137	325	242	155	466	209	230	0	16	35	497	436	488	5	4	472	303	856	65	79	504	476	155	931	591	750
796	923	370	354	939	414	456	786	261	727	300	880	328	798	15	385	383	166	596	456	119	859	694	568	617	493	787	688	719	718	273	54	259	577	169	887	360	223	932	850	285	754	762	618	354	322	383	600	5	520	896	795	641	468	819	146	654	900	376	895	273	913	670	967	423	840	6	302	386	186	925	311	181	559	878	483	246	574	779	712	230	901	0	436	173	684	631	932	761	686	268	497	154	671	36	758	752	524	354	647
398	296	151	718	580	631	125	473	599	825	319	552	881	965	330	398	121	553	918	552	666	780	62	495	506	316	428	583	253	716	787	686	734	842	262	605	671	360	943	218	58	954	214	248	171	903	387	671	480	730	312	291	430	129	160	932	906	570	216	111	149	553	17	251	226	21	572	392	55	583	478	271	354	8	838	667	804	909	268	528	703	497	530	0	686	194	55	950	92	347	395	55	805	885	37	69	257	844	298	244
81	879	647	373	605	51	354	776	115	99	496	781	575	374	879	67	555	697	683	641	123	886	969	841	675	471	943	38	488	124	700	316	460	377	57	125	252	617	409	931	70	800	580	408	525	708	502	283	644	879	327	587	116	828	508	583	637	475	680	442	495	562	882	910	754	638	802	429	950	950	815	258	777	451	5	816	292	212	122	254	629	19	120	835	0	601	347	869	260	27	196	53	632	71	102	438	343	207	574	916
643	896	955	731	252	242	918	32	392	193	842	368	664	886	816	884	63	87	288	223	421	248	275	249	719	305	116	631	55	826	9	968	876	417	772	513	79	813	746	63	533	156	820	918	165	473	219	366	819	494	519	863	489	408	86	724	705	456	142	175	230	400	596	143	543	267	951	388	967	5	691	483	342	53	92	305	814	566	851	574	501	419	900	751	877	0	155	668	370	258	77	896	131	455	19	183	646	801	898	942
183	318	287	604	539	687	615	543	918	810	566	585	791	367	96	848	203	735	378	5	372	60	571	508	597	941	873	696	2	341	385	292	440	769	166	516	668	697	103	671	935	91	788	19	607	281	440	928	462	870	823	96	322	719	907	955	34	402	807	913	892	410	734	240	359	10	178	275	199	263	647	278	794	250	545	411	271	666	561	571	678	358	674	464	828	67	0	36	182	637	442	437	501	940	240	785	247	356	226	813
427	930	442	442	896	295	641	177	937	785	34	210	292	330	278	615	696	165	211	798	914	601	185	599	962	352	57	618	536	785	454	525	737	707	430	460	153	692	628	555	98	690	965	217	286	575	151	5	141	46	217	376	608	168	153	181	756	246	836	920	391	956	254	564	530	56	404	730	475	525	513	583	3	798	839	553	641	941	3	915	238	766	726	604	272	447	242	0	745	28	906	706	67	235	89	506	538	967	188	248
252	911	700	454	366	780	54	893	618	241	831	375	312	426	382	414	809	693	706	920	581	576	692	863	341	290	701	82	861	367	223	823	675	706	502	888	868	113	56	586	957	906	817	463	84	455	667	755	770	266	319	337	55	626	619	336	186	637	455	701	179	418	184	130	816	621	179	860	779	706	855	511	212	67	188	685	80	343	811	496	36	678	392	841	727	548	270	787	0	658	903	731	166	764	665	935	958	957	441	149
715	448	632	822	598	937	691	370	690	803	151	465	742	425	942	345	226	154	874	929	155	590	810	9	171	708	657	638	922	64	644	678	335	283	209	891	891	311	693	280	829	173	250	505	478	969	830	813	268	798	262	252	208	745	473	694	468	146	256	265	89	347	657	78	346	71	417	527	927	144	93	603	710	413	395	756	206	488	254	946	449	32	887	730	809	667	739	627	530	0	360	710	704	5	347	348	432	714	752	405
142	407	448	361	851	220	737	222	152	779	791	880	709	932	859	653	269	411	132	23	462	868	789	968	262	393	265	424	279	3	296	630	698	213	790	504	256	699	615	151	370	304	112	73	917	310	938	86	441	854	755	562	253	572	728	713	183	573	917	287	563	822	275	808	199	606	876	967	518	347	28	283	263	276	14	374	91	114	515	932	822	957	867	398	13	741	21	955	303	965	0	66	700	777	690	863	828	467	808	640
543	772	181	544	39	742	479	315	119	56	685	881	600	658	416	696	259	708	29	937	4	346	301	168	650	643	867	889	725	674	704	841	48	725	476	216	9	673	554	874	648	692	558	82	909	857	242	722	898	234	515	856	415	853	171	913	111	462	280	462	191	616	596	295	618	56	154	127	893	669	635	585	367	50	742	630	223	204	922	825	258	657	950	629	683	898	919	544	600	137	657	0	632	860	828	479	328	734	726	810
835	332	548	511	880	645	636	662	400	744	484	514	18	410	436	470	630	155	296	395	301	53	723	2	287	590	144	372	762	608	192	272	607	252	940	902	274	107	20	652	84	503	883	270	504	625	410	856	801	550	51	136	795	786	340	947	847	836	204	294	813	566	812	899	156	919	794	779	617	404	213	408	339	814	319	306	695	932	205	818	927	131	386	369	349	128	757	84	882	904	56	340	0	816	724	517	455	915	580	285
43	85	768	576	583	290	71	888	146	633	824	771	667	617	471	257	184	385	536	310	864	804	856	674	151	3	372	343	140	563	239	752	232	823	536	731	938	57	328	122	634	782	440	645	550	621	377	954	373	593	914	669	765	322	505	375	499	684	620	583	386	35	427	232	24	610	267	884	670	311	881	241	914	894	887	517	258	78	219	777	425	159	514	965	42	110	174	888	604	957	15	706	586	0	823	422	123	232	670	22
924	916	463	964	105	8	936	830	134	800	272	411	661	701	329	547	195	120	953	856	533	492	139	310	399	205	533	3	865	582	380	305	66	337	808	743	966	564	620	507	850	326	118	638	926	86	318	738	702	789	273	361	741	127	359	608	673	846	24	406	441	680	23	636	497	330	357	805	406	902	423	510	549	15	239	442	375	293	583	313	261	129	654	737	420	246	90	515	321	563	762	147	863	193	0	940	711	267	918	493
308	543	123	757	398	378	570	89	662	230	217	371	490	373	30	15	193	609	858	448	135	696	459	107	527	434	238	404	421	276	771	650	752	288	942	490	610	838	659	329	841	763	588	388	766	376	192	648	331	474	272	622	431	471	550	320	14	194	182	76	274	608	518	613	399	811	127	858	962	712	199	780	85	105	499	344	253	432	345	633	441	531	372	422	342	475	432	544	62	860	173	538	584	556	391	0	908	367	959	724
767	936	396	245	822	396	70	884	904	643	915	618	553	13	276	244	286	367	715	890	465	71	934	486	244	671	74	650	177	615	258	344	500	33	423	219	962	483	370	710	452	948	228	868	926	669	891	260	536	752	111	879	800	35	245	826	256	593	840	9	751	219	114	726	770	391	210	12	563	615	356	60	225	749	513	768	598	448	830	289	702	73	759	502	879	130	810	610	223	567	836	124	813	463	388	27	0	353	113	796
607	506	36	681	726	577	564	896	127	750	532	897	400	119	796	147	144	704	917	442	80	1	256	250	589	823	213	339	62	767	428	765	11	18	222	392	872	481	783	14	647	388	823	826	948	955	634	808	203	625	293	296	448	530	363	446	214	789	901	840	776	564	841	139	395	817	951	104	355	653	246	517	115	288	371	552	544	727	739	793	460	70	685	906	765	37	332	15	230	83	668	536	715	826	188	803	247	0	17	63
444	408	486	251	568	40	795	799	683	215	204	936	384	540	265	900	511	68	64	458	164	4	114	874	145	48	543	362	595	833	42	694	461	430	664	390	638	598	560	87	296	815	31	419	647	334	253	761	44	452	744	277	166	823	544	704	166	653	386	47	388	396	431	850	2	599	869	918	953	276	716	409	42	441	950	840	788	594	175	799	903	953	212	127	901	651	222	622	239	539	885	84	150	862	8	582	877	543	0	202
278	282	232	552	409	383	652	623	423	774	788	655	588	330	439	194	747	770	926	668	549	391	108	342	405	730	104	543	27	102	900	744	91	352	318	468	946	408	367	241	267	23	315	774	57	551	224	917	485	156	192	252	128	258	511	771	238	860	251	904	501	519	174	967	34	520	63	515	661	438	299	176	441	785	168	662	193	161	859	693	283	52	231	460	193	227	882	734	853	251	412	535	435	872	649	365	761	498	764	0
