A	B	C	D	E	F	G	H	I	J	K	L	M	N	O	P	Q	R	S	T	U	V	W	X	Y	Z	AA	AB	AC	AD	AE	AF	AG	AH	AI	AJ	AK	AL	AM	AN	AO	AP	AQ	AR	AS	AT	AU	AV	AW	AX	AY	AZ	BA	BB	BC	BD	BE	BF	BG	BH	BI	BJ	BK	BL	BM	BN	BO	BP	BQ	BR	BS	BT	BU	BV	BW	BX	BY	BZ	CA	CB	CC	CD	CE	CF	CG	CH	CI	CJ	CK	CL	CM	CN	CO	CP	CQ	CR	CS	CT	CU	CV
0	153	158	92	276	173	47	59	92	47	22	241	44	296	261	321	279	182	301	255	235	70	202	123	235	352	341	211	336	58	75	9	216	261	116	245	114	85	141	102	326	70	99	269	48	101	267	240	292	53	202	115	134	284	237	90	118	51	202	146	73	63	77	116	194	323	149	344	111	161	306	201	334	73	236	325	259	30	93	64	275	231	180	252	178	160	338	330	188	267	257	249	206	213	195	161	225	266	234	295
226	0	179	204	127	168	248	10	2	214	151	20	276	137	151	341	67	79	36	348	61	210	106	191	130	268	190	42	59	343	180	279	98	203	198	297	52	53	188	228	147	156	20	328	191	268	264	56	138	146	131	347	311	185	147	186	113	139	35	166	131	126	286	95	332	213	163	258	259	79	36	77	5	249	119	50	26	191	164	194	256	64	161	109	98	27	340	176	338	276	35	52	177	74	87	116	204	350	165	110
352	82	0	88	201	167	258	288	113	57	253	134	182	170	290	202	264	87	64	209	145	250	337	185	290	197	184	230	158	247	224	113	255	338	14	223	202	201	124	96	164	177	162	250	218	175	111	286	2	58	68	32	92	71	303	351	228	57	17	225	23	278	11	244	31	246	130	258	50	4	177	19	38	159	9	103	174	36	227	153	258	276	256	13	74	104	58	178	46	126	187	347	212	92	59	38	333	198	340	126
239	126	100	0	14	290	226	189	72	16	16	43	316	60	124	141	142	312	270	298	28	201	103	215	148	137	1	94	156	14	200	180	206	348	313	16	21	108	78	23	246	285	110	236	195	13	292	154	190	83	31	226	114	257	326	298	10	41	185	260	348	121	6	227	180	170	308	205	11	144	218	343	327	82	42	133	67	137	48	40	191	89	262	23	211	116	120	242	302	127	52	167	208	205	191	3	330	47	246	147
36	119	4	8	0	248	191	175	184	229	4	312	200	154	297	83	214	202	64	295	28	261	38	224	205	271	164	322	175	240	96	121	216	58	121	192	31	69	333	328	265	104	312	340	54	268	232	261	163	326	165	31	255	59	237	95	94	163	114	242	223	87	178	11	247	108	314	177	316	71	44	75	156	13	304	273	277	30	271	53	262	73	269	231	35	43	156	299	212	217	225	198	97	120	350	263	284	338	130	226
107	229	122	67	283	0	349	100	85	280	134	46	211	133	103	11	126	33	40	11	335	125	111	348	124	305	295	325	308	223	345	328	254	241	122	260	288	254	8	104	277	12	54	212	302	263	133	54	282	244	139	82	200	170	349	21	342	172	132	276	179	286	76	256	253	147	84	313	158	294	19	293	152	196	279	114	267	261	158	328	72	41	18	18	195	178	301	162	142	272	255	68	207	67	260	117	62	15	148	329
4	18	135	295	288	62	0	282	146	92	93	311	280	90	51	330	283	240	21	328	350	37	41	72	105	196	263	249	134	75	349	154	260	265	347	146	35	138	303	125	53	351	2	118	51	337	1	134	51	334	14	78	224	156	130	235	292	269	292	92	156	42	296	329	248	222	231	196	26	28	139	133	111	49	181	251	278	278	229	53	16	112	190	339	319	249	332	107	294	12	265	259	51	1	165	249	316	234	174	344
22	119	101	231	213	141	236	0	90	318	320	50	291	330	293	202	94	19	148	63	232	295	331	342	103	210	280	21	292	24	150	276	243	143	146	285	340	227	350	156	12	285	70	187	287	297	112	278	258	31	102	71	253	80	197	178	30	191	249	23	52	342	280	258	74	255	112	270	266	194	114	162	340	66	53	338	71	179	19	57	346	302	78	205	189	139	164	346	111	292	101	280	13	218	156	336	117	317	340	253
262	19	263	240	32	121	79	38	0	235	272	192	48	249	223	229	290	245	250	291	185	290	99	263	215	28	320	326	292	66	318	313	85	82	108	305	296	192	191	75	348	162	344	237	147	136	72	149	54	175	144	293	33	75	107	220	345	215	217	104	159	301	164	307	262	114	341	68	212	302	87	192	83	81	111	206	240	331	143	66	29	152	234	4	164	278	65	43	13	173	223	19	96	271	258	341	45	58	49	192
331	321	265	328	125	102	157	101	241	0	188	90	227	157	298	122	268	167	289	264	329	276	68	144	321	188	126	285	276	337	240	281	27	287	288	4	150	149	289	99	246	267	4	114	319	305	229	108	188	169	153	299	289	272	227	29	179	173	94	172	6	180	130	266	142	298	222	128	328	256	1	255	252	59	209	282	212	59	54	87	203	323	211	171	223	113	43	22	191	313	313	57	320	186	269	262	173	341	306	89
343	146	296	4	289	156	309	77	132	28	0	248	159	166	248	297	288	113	158	230	262	128	39	74	213	42	190	80	88	188	45	317	243	302	52	218	201	349	184	92	177	352	60	101	136	3	45	65	288	35	266	103	15	290	31	349	235	203	146	157	306	337	103	276	296	230	17	322	347	318	121	66	205	254	85	110	269	145	308	107	7	60	145	188	111	301	180	229	263	76	341	294	81	70	120	224	240	247	113	119
160	321	24	309	98	263	135	290	113	218	308	0	318	55	312	128	59	33	208	296	343	155	224	288	318	137	177	331	195	94	71	7	196	347	75	184	3	347	198	28	38	77	136	57	59	303	98	291	14	82	57	53	338	58	237	294	250	238	320	54	223	250	169	138	73	315	160	317	100	162	313	61	175	82	169	164	340	309	337	237	210	262	277	239	213	205	340	119	337	90	297	324	23	312	9	138	20	113	320	348
203	166	38	253	87	235	258	158	160	236	190	143	0	325	29	223	291	48	165	94	280	61	51	142	53	73	91	287	247	253	47	290	161	131	340	215	315	328	334	275	232	160	30	304	71	85	328	153	352	52	84	108	37	73	307	160	337	148	113	327	96	226	32	40	81	114	65	124	254	53	208	125	206	173	324	218	91	192	269	11	80	144	53	305	133	37	203	272	27	204	336	133	113	348	130	174	343	165	92	271
38	155	33	61	92	29	336	337	263	108	52	108	63	0	272	60	93	216	116	19	6	314	135	24	11	125	261	293	290	164	189	295	148	257	290	294	102	195	58	273	270	6	185	27	102	276	252	43	3	54	23	37	209	115	61	297	211	120	197	79	168	5	10	2	102	290	254	12	253	98	299	263	328	78	321	113	195	175	111	136	317	206	34	347	68	23	137	132	341	328	291	341	290	144	194	220	192	18	326	158
314	253	144	325	293	244	119	305	296	169	129	108	152	27	0	151	55	247	312	224	102	109	284	1	119	207	335	343	137	4	150	70	235	183	45	151	257	41	341	290	80	15	72	27	329	146	162	176	195	314	221	176	199	305	285	317	58	7	322	205	44	68	85	343	123	121	205	140	54	229	204	115	330	200	273	295	330	233	145	30	176	67	236	268	321	10	65	242	308	313	145	249	181	297	34	36	229	325	142	205
154	199	77	172	87	13	244	207	314	270	138	11	284	92	216	0	89	161	49	14	20	270	250	249	62	173	258	122	312	303	154	302	252	311	112	35	42	196	348	166	209	85	224	310	82	176	123	195	319	172	330	115	198	38	115	80	255	343	146	216	261	81	73	349	248	116	66	38	113	311	99	45	113	39	148	7	205	330	131	296	124	18	138	178	138	323	260	98	243	35	222	189	219	68	49	294	290	31	131	95
253	7	6	34	243	209	18	347	122	222	349	36	145	114	224	44	0	261	78	322	15	129	43	231	155	24	220	256	246	164	204	61	111	203	231	77	104	229	213	247	236	323	60	231	348	198	16	28	76	229	230	137	30	229	138	93	208	336	22	103	33	20	184	286	336	146	306	94	288	343	19	300	273	281	49	255	62	338	4	206	131	48	247	282	120	150	235	227	69	110	237	53	255	229	68	164	142	162	187	251
239	183	260	231	197	218	25	191	251	262	69	167	19	350	60	319	143	0	22	151	171	47	27	62	160	286	84	215	317	217	9	276	179	37	163	158	68	75	76	80	170	104	289	96	256	124	149	352	253	347	16	318	156	300	275	178	177	280	350	9	12	193	147	86	206	312	1	178	257	298	247	220	242	198	321	157	291	237	18	213	275	131	341	344	298	233	252	173	276	225	297	324	341	334	327	268	164	20	337	3
123	10	80	153	220	351	242	323	241	93	278	107	111	89	112	151	164	53	0	286	227	297	162	203	337	173	103	243	225	16	187	60	106	93	17	65	49	159	7	305	342	135	173	160	114	138	314	315	107	283	267	71	196	184	215	295	272	67	291	162	279	221	327	220	110	30	60	298	115	347	30	41	290	45	173	284	238	126	180	316	328	269	263	29	96	65	19	126	336	189	258	156	261	19	200	292	109	72	51	334
48	3	10	32	168	284	210	78	39	338	233	106	2	298	232	293	295	189	245	0	4	276	97	283	181	64	312	154	141	27	96	70	3	307	127	148	351	83	284	129	339	168	203	91	307	332	153	159	86	334	309	29	118	137	330	338	247	180	250	179	135	350	269	249	37	56	340	5	199	236	246	65	47	46	272	99	2	223	36	287	191	265	92	141	334	209	4	204	237	166	122	142	101	22	305	117	153	146	41	56
95	352	340	295	67	207	325	282	105	146	314	63	248	196	217	70	122	208	204	237	0	75	261	149	207	300	125	91	131	351	306	248	336	164	204	90	38	49	171	201	206	248	290	338	175	224	36	188	114	281	246	195	65	134	346	320	254	138	331	147	253	204	78	257	125	109	310	333	281	130	236	107	174	9	255	211	211	167	92	325	193	256	51	98	7	29	38	229	317	9	311	335	306	2	60	298	20	201	95	168
86	88	74	219	63	48	127	128	96	54	137	311	80	78	103	71	208	70	121	101	289	0	139	310	237	148	138	28	6	198	51	2	337	268	176	111	87	256	43	158	3	214	186	35	33	302	244	236	53	232	44	176	109	201	33	303	214	126	351	332	217	76	343	154	46	204	331	210	152	250	97	303	317	37	59	140	283	271	96	254	268	279	317	76	349	302	169	249	332	288	171	186	338	179	213	223	293	87	33	37
349	52	78	212	113	325	97	276	263	139	270	201	250	139	94	189	261	147	181	286	28	192	0	309	279	189	58	222	310	325	132	296	274	294	91	206	294	233	339	350	81	321	305	94	154	128	316	57	222	216	154	110	149	59	334	213	31	18	351	79	95	109	88	205	163	349	344	150	242	161	81	242	61	64	311	75	126	345	163	111	185	86	182	261	311	330	296	14	324	102	307	324	84	143	42	338	199	201	167	72
196	22	141	244	32	132	186	139	153	119	305	33	74	177	82	261	274	90	345	149	254	211	181	0	245	116	42	323	216	58	215	53	168	135	237	58	140	71	33	280	319	137	244	138	341	161	263	57	154	53	282	303	342	53	133	152	126	276	7	255	282	92	170	47	306	49	89	306	165	173	69	344	246	205	39	304	217	88	49	83	120	312	89	65	119	56	186	299	294	112	57	39	210	273	237	113	146	200	33	316
258	2	222	72	166	217	179	191	226	86	315	168	282	112	140	134	178	292	186	237	89	315	105	292	0	276	310	44	267	5	220	214	180	195	220	269	264	214	214	260	190	173	198	347	194	241	288	83	107	299	123	101	233	243	28	238	241	99	73	293	308	189	252	151	24	7	220	223	207	117	349	81	165	236	31	188	228	69	107	244	204	132	281	185	83	253	350	171	276	172	35	122	120	234	268	202	31	295	332	146
22	277	285	59	150	343	26	331	27	212	66	229	352	106	41	151	153	134	50	2	244	153	131	13	103	0	172	311	90	165	194	87	317	196	156	257	154	174	249	316	230	324	173	245	301	287	119	34	213	14	291	281	198	64	25	206	261	102	228	287	252	146	163	348	104	189	264	340	11	276	297	5	267	95	75	262	176	275	53	152	66	319	218	338	27	26	160	4	337	334	93	233	69	348	125	5	143	54	281	225
121	247	279	150	193	174	312	176	283	123	282	116	98	350	166	105	251	289	274	189	271	200	151	109	305	340	0	115	2	199	167	303	215	348	6	111	26	71	212	207	33	15	120	160	263	148	189	41	24	138	100	262	59	77	113	109	63	178	176	223	247	75	159	290	46	61	244	102	198	93	263	237	212	338	123	335	60	20	185	243	81	279	272	243	132	9	154	6	240	88	83	288	322	106	178	236	234	335	338	228
264	113	54	128	56	340	275	179	319	210	137	127	180	276	84	109	283	284	311	50	214	260	97	263	12	156	133	0	252	201	210	237	61	26	281	275	125	282	184	144	337	88	89	13	159	338	202	169	114	263	166	237	261	136	291	320	125	341	264	228	87	164	88	337	37	216	125	59	25	270	155	260	313	246	125	156	172	295	44	153	85	341	292	10	184	142	345	235	346	294	344	170	69	286	34	224	164	215	223	236
29	156	259	163	342	13	73	291	47	304	156	310	84	178	17	32	259	217	237	223	235	18	326	49	124	288	153	64	0	298	312	279	110	191	197	289	180	34	67	338	277	311	148	136	141	304	298	250	192	6	313	321	182	112	62	71	108	117	38	350	54	315	170	255	317	292	298	28	19	298	121	279	24	111	41	70	82	259	32	137	23	328	280	184	349	48	239	9	148	305	232	140	105	198	236	112	200	350	105	128
276	255	99	301	82	352	261	249	115	144	302	238	288	72	156	113	203	90	141	310	111	243	198	218	87	133	113	52	97	0	325	332	242	262	20	334	341	30	117	280	162	226	289	314	177	281	66	336	109	292	154	97	20	64	91	41	172	26	103	343	224	51	315	341	315	125	269	270	15	97	248	325	136	307	209	217	146	84	177	141	256	136	318	126	349	225	70	208	190	294	83	347	178	110	125	64	275	10	95	57
120	53	34	17	124	298	73	210	206	33	212	314	150	71	34	122	73	77	198	188	86	278	221	218	275	17	220	69	271	233	0	266	257	50	218	61	91	96	326	319	103	226	102	245	210	108	136	113	244	158	191	350	337	191	20	98	142	117	229	249	242	140	39	64	47	219	295	94	11	348	13	183	276	262	210	282	151	239	316	143	140	205	77	17	166	232	37	267	45	126	252	122	205	6	242	208	6	214	332	129
89	18	301	24	224	254	237	63	106	139	195	247	233	233	165	346	301	325	80	94	291	276	74	66	37	262	323	338	170	279	164	0	5	150	283	281	145	17	102	229	223	186	195	187	330	38	135	198	333	350	73	92	339	136	262	149	216	266	98	195	175	166	50	97	165	40	317	40	330	101	167	147	25	195	74	317	216	311	287	147	212	43	143	262	124	214	190	184	234	190	315	246	54	283	4	338	55	341	64	84
45	114	303	163	123	174	22	111	260	41	122	210	294	116	31	5	54	71	183	352	132	178	145	71	244	170	314	85	67	76	301	60	0	260	46	347	170	248	122	268	78	48	122	270	237	163	258	343	322	222	152	342	182	237	297	40	209	55	74	207	106	19	189	120	165	44	233	314	123	90	293	284	59	17	148	35	239	297	343	282	47	317	336	73	162	192	210	338	312	256	175	61	145	135	12	194	213	72	264	29
160	89	309	32	193	60	194	66	53	233	39	280	92	266	208	337	49	196	163	299	9	129	210	129	325	213	80	290	150	109	8	46	181	0	315	159	250	136	220	188	152	39	283	349	183	74	178	53	21	59	330	333	202	220	307	145	56	301	231	326	324	94	1	114	181	87	317	129	199	183	119	196	18	81	221	352	208	162	21	323	167	122	70	275	153	45	1	220	299	217	1	35	198	291	68	57	339	15	96	156
253	328	225	254	105	51	214	87	192	283	74	221	158	255	135	87	105	16	63	274	181	231	309	186	49	64	287	1	74	159	265	115	105	226	0	278	118	127	84	326	108	351	324	239	144	65	11	169	270	199	75	114	284	262	272	213	86	25	206	303	189	262	38	21	14	278	135	84	135	28	184	13	284	69	291	60	110	180	106	79	256	16	338	17	203	195	38	235	124	163	345	106	66	337	285	341	139	127	4	13
330	125	175	56	43	271	260	264	146	351	323	184	94	240	351	32	38	208	326	65	129	131	221	343	221	328	176	338	351	49	18	112	181	265	152	0	206	237	173	9	10	234	325	180	162	198	345	186	287	292	76	295	280	134	93	79	281	275	343	237	153	198	294	71	344	134	102	17	332	127	34	300	250	58	81	179	79	264	315	180	79	29	119	323	332	68	316	304	38	6	158	75	263	190	73	118	127	199	328	238
132	23	294	296	280	15	12	37	188	159	28	256	205	149	160	255	228	137	215	112	313	182	240	23	9	302	55	273	18	198	109	7	274	172	241	169	0	100	184	205	279	298	24	108	330	184	195	48	29	18	292	43	346	218	164	145	142	202	39	66	90	22	188	40	301	27	292	71	277	206	312	225	249	304	94	28	107	199	290	124	1	135	180	176	239	111	135	270	107	110	272	279	62	67	269	311	325	140	85	348
295	51	75	256	246	4	15	152	112	54	104	189	334	25	339	265	268	204	245	222	76	111	137	317	312	247	147	314	218	209	295	193	16	125	331	51	157	0	221	206	223	181	279	8	325	329	298	328	351	200	142	324	68	294	212	290	345	120	161	343	257	139	337	228	129	20	81	263	286	100	123	157	125	246	93	184	91	71	329	352	310	238	212	60	306	18	39	209	244	29	72	304	254	20	110	79	244	68	336	343
261	264	3	34	28	46	99	166	28	154	112	113	157	344	328	298	271	58	308	329	252	336	79	265	112	38	183	246	266	185	55	231	163	165	146	339	153	232	0	268	341	292	231	167	263	19	16	41	148	268	95	8	209	166	337	110	76	141	92	302	331	110	97	67	113	268	85	200	343	140	325	245	30	50	147	105	1	318	103	113	339	57	110	188	56	143	90	45	11	308	14	1	223	8	153	91	228	332	44	344
10	119	27	270	351	57	22	293	264	200	160	76	272	123	143	47	230	61	90	167	299	242	193	51	245	253	55	98	136	237	202	90	192	159	315	291	252	84	79	0	113	31	113	220	235	318	51	318	290	29	168	351	100	144	185	97	96	68	235	268	148	95	29	112	258	141	170	271	241	53	6	41	85	12	315	235	331	22	1	6	122	72	92	335	351	35	110	8	342	219	182	16	234	191	242	332	218	37	168	13
264	111	128	290	111	130	199	279	91	344	332	218	194	45	217	328	33	329	145	285	283	217	177	275	276	117	299	332	305	188	84	345	212	316	16	222	211	220	138	258	0	335	265	124	281	6	211	72	246	216	2	6	266	43	212	122	330	217	67	294	36	167	206	43	25	194	113	146	208	31	347	148	258	325	54	225	301	162	346	263	209	203	10	76	148	29	162	14	187	119	32	112	215	117	71	130	170	321	50	69
28	246	129	190	10	211	86	185	160	31	346	273	39	272	131	311	125	202	162	320	172	111	223	44	133	22	193	101	49	280	2	185	94	349	163	150	236	181	5	200	41	0	141	274	215	145	9	74	241	244	185	178	15	152	9	208	16	212	171	346	346	162	28	314	142	38	61	23	260	309	255	156	122	198	47	218	242	215	20	53	108	223	112	138	165	291	115	82	36	25	92	243	36	130	183	146	342	52	305	346
120	270	346	53	228	88	73	295	303	59	120	336	165	143	246	181	85	190	114	251	278	76	252	120	179	34	100	322	195	49	183	68	80	67	262	321	190	348	325	170	197	341	0	189	116	207	250	139	8	251	307	173	326	99	126	210	221	340	77	68	262	144	298	285	295	124	66	213	270	284	185	251	60	263	246	254	18	317	217	190	240	60	208	305	69	180	175	260	318	97	224	192	291	19	52	311	60	32	280	176
141	128	196	292	218	19	306	66	230	44	27	88	53	30	152	186	150	230	67	256	52	250	18	76	280	344	178	81	168	340	208	140	59	46	308	43	138	326	283	286	236	72	243	0	286	261	35	323	113	235	4	177	15	205	234	28	264	86	272	34	136	136	314	10	11	316	234	305	27	86	296	299	195	208	75	278	237	141	83	49	4	44	213	338	157	255	168	59	69	292	36	289	141	135	43	154	214	95	214	133
130	268	104	331	123	226	141	174	63	116	251	71	254	37	7	259	13	336	146	333	174	326	93	28	319	314	307	199	145	46	20	333	260	197	288	228	19	4	197	38	150	187	189	309	0	165	176	135	56	298	307	8	343	231	283	332	236	230	297	1	311	347	84	176	119	66	241	295	249	64	250	105	169	89	290	188	167	322	339	96	132	210	123	82	175	198	159	143	332	307	91	131	23	88	250	142	141	36	87	23
104	252	332	94	77	343	23	35	309	263	125	162	12	109	110	202	294	285	63	333	224	37	304	227	234	327	240	121	13	309	106	129	37	229	210	288	47	298	232	347	326	291	24	29	16	0	126	46	71	291	271	171	100	64	217	92	229	49	316	81	165	142	221	239	193	74	123	200	61	116	180	114	130	324	344	18	38	116	345	80	195	75	203	67	261	288	88	62	240	313	350	242	270	347	180	347	200	160	83	225
329	154	97	232	295	108	335	232	27	234	186	66	124	222	350	56	349	150	223	313	250	39	345	15	46	53	128	257	157	7	327	35	237	221	26	107	299	158	126	123	110	66	36	346	325	326	0	7	211	141	286	228	177	193	137	165	132	32	235	242	9	155	322	245	203	286	132	121	212	347	135	194	224	261	322	149	345	294	308	242	20	5	336	34	142	103	289	299	193	235	153	204	176	210	186	325	154	173	1	269
46	145	292	4	213	293	299	76	111	311	73	299	344	39	186	240	278	286	31	210	142	35	180	53	60	130	201	47	310	94	247	288	295	101	214	151	13	209	42	4	170	100	299	205	189	215	253	0	15	226	80	17	188	134	278	13	330	108	301	276	74	103	21	128	66	86	318	120	185	258	62	168	339	73	251	157	95	282	329	70	72	252	76	121	327	42	39	45	144	125	318	336	242	89	244	181	25	224	168	232
57	70	307	37	31	309	118	256	272	133	291	190	199	203	275	202	143	11	136	318	59	270	234	303	67	65	3	333	272	175	12	112	218	340	81	281	223	278	104	228	265	114	163	24	326	8	90	211	0	150	119	154	312	182	26	88	208	347	187	173	164	322	150	136	310	50	293	247	348	42	197	346	337	159	42	22	245	279	206	297	326	152	26	263	249	16	144	247	259	118	200	235	149	195	158	295	34	172	205	324
176	20	256	212	310	321	107	230	101	254	162	288	88	293	175	319	212	66	53	242	192	56	190	72	186	26	234	48	89	152	131	208	243	308	76	335	287	284	98	274	170	76	235	153	161	239	237	252	219	0	48	97	295	348	240	264	112	137	24	68	330	344	272	215	301	27	243	32	320	340	232	23	50	160	40	265	26	15	69	269	305	298	164	135	99	324	123	321	72	299	252	227	10	203	242	322	287	69	327	213
123	153	101	72	320	72	189	201	71	347	277	170	99	64	35	183	237	215	45	125	253	25	132	52	87	287	233	238	20	140	122	42	249	229	143	184	90	194	321	137	336	208	110	13	290	292	242	22	265	333	0	115	101	341	247	24	109	111	213	124	215	97	258	145	278	295	29	232	91	212	84	193	217	183	7	207	281	323	211	182	143	290	179	4	177	352	30	97	327	162	235	319	143	107	70	349	172	289	86	341
35	23	145	171	7	332	274	103	172	176	239	37	79	235	293	312	48	263	139	169	182	50	286	81	110	128	25	26	96	244	114	109	208	275	219	314	244	20	27	197	159	46	73	74	32	301	18	134	247	62	194	0	211	203	155	181	33	6	72	151	67	98	93	181	53	303	267	13	308	54	239	206	240	63	296	21	212	323	164	200	202	113	19	193	240	110	95	245	200	219	91	35	259	125	291	108	234	89	211	332
329	94	41	258	280	167	180	309	7	216	22	213	41	148	37	130	176	44	210	320	251	114	150	91	118	264	235	321	259	280	24	269	320	98	321	317	195	270	78	224	44	294	23	325	153	213	198	189	235	140	199	117	0	350	244	50	215	243	220	116	52	133	127	69	100	173	245	55	4	277	72	3	56	160	56	316	126	128	158	332	89	292	42	14	311	133	253	277	268	167	62	53	109	310	157	311	144	24	149	41
253	155	305	123	158	294	201	339	122	47	181	257	11	151	59	256	52	226	331	210	324	181	52	129	3	291	314	320	56	107	169	6	328	145	238	290	278	294	157	282	171	232	29	277	68	217	10	230	148	345	24	307	136	0	303	346	131	314	207	248	207	293	144	167	326	107	203	75	343	310	155	154	28	12	154	77	225	20	183	228	314	20	25	313	122	175	284	222	99	348	201	336	216	351	225	155	125	306	241	89
351	53	273	48	22	237	57	162	227	125	312	205	330	147	81	287	239	25	193	312	151	111	117	101	90	111	204	28	344	304	107	104	178	252	248	264	148	276	173	133	150	181	219	59	103	197	84	297	309	54	254	188	336	287	0	97	302	75	120	315	196	332	169	40	80	120	232	107	171	248	92	148	72	174	45	3	159	91	259	10	75	39	98	122	275	88	19	175	334	127	274	4	82	244	182	136	166	279	322	325
111	228	322	131	288	214	35	209	242	198	184	202	182	264	110	349	133	9	38	84	67	118	316	113	260	67	190	327	234	55	349	43	5	36	304	30	68	81	83	322	211	281	237	79	124	272	345	149	268	306	271	254	157	189	137	0	45	27	130	334	351	119	174	168	55	112	333	129	223	167	34	283	347	45	276	168	240	285	33	197	265	192	330	190	236	126	332	243	223	274	107	291	67	114	83	35	146	150	54	173
100	217	280	316	255	130	302	99	225	98	336	210	297	287	203	27	113	343	120	298	203	135	82	307	288	342	175	342	140	214	266	94	98	137	129	250	6	109	236	61	215	234	87	255	112	145	15	302	281	47	248	216	78	109	73	308	0	138	114	174	161	69	26	315	24	267	28	288	108	130	287	103	101	125	115	25	250	201	153	170	124	70	114	83	27	351	226	329	255	70	275	224	304	65	159	189	234	65	108	324
200	137	108	226	293	48	229	209	34	299	256	276	295	16	249	208	42	172	349	188	10	325	299	180	268	110	57	268	203	47	160	206	75	61	74	183	174	66	251	158	194	99	59	59	32	322	151	91	275	283	304	1	129	239	136	91	214	0	141	187	100	190	113	253	60	137	10	142	32	57	70	320	211	304	109	57	225	299	22	253	130	190	63	152	156	92	187	261	349	192	218	46	128	29	335	66	222	15	322	268
225	317	316	228	6	207	261	306	346	79	285	330	119	189	87	214	91	22	103	346	331	103	352	16	195	164	135	208	265	313	231	238	141	156	61	251	341	78	254	331	91	88	350	211	51	343	243	309	211	147	83	261	184	324	289	140	13	73	0	175	37	48	3	186	326	209	193	255	142	152	137	181	260	68	3	43	167	16	76	351	155	191	101	92	228	240	148	137	277	57	246	300	78	291	123	91	129	339	197	69
281	224	305	130	289	71	197	290	63	172	41	240	332	180	192	120	207	88	185	94	335	98	13	23	312	219	310	164	167	35	135	153	28	151	119	14	118	17	229	228	282	144	172	292	155	54	77	329	142	347	115	186	330	306	165	286	185	112	120	0	163	295	97	85	213	125	69	310	71	181	120	348	74	267	349	104	85	190	344	59	128	162	325	75	73	345	350	57	131	43	270	325	71	110	296	166	190	229	262	201
225	97	41	265	325	337	349	56	172	32	102	223	67	45	74	185	89	58	257	342	260	146	324	267	141	329	345	258	61	124	165	242	191	39	99	226	271	107	92	301	82	286	10	105	245	12	54	116	351	228	57	58	188	55	339	50	71	323	87	68	0	16	72	303	129	89	240	283	55	274	38	95	317	197	46	260	24	88	31	90	261	312	103	154	46	217	352	197	13	132	301	297	305	152	157	3	284	234	315	136
250	108	314	253	312	243	241	163	168	23	302	238	50	191	314	307	99	153	152	76	63	188	307	201	12	226	276	336	315	39	106	97	309	60	231	12	218	227	24	29	213	346	347	342	185	133	63	94	74	344	57	349	43	301	294	143	271	25	249	284	325	0	57	328	68	329	180	224	214	42	264	127	63	289	185	267	214	324	80	136	177	279	61	241	64	176	349	263	196	7	227	253	172	49	352	171	91	186	129	94
142	81	333	30	343	1	308	28	209	351	113	136	185	230	6	103	131	295	169	156	309	274	272	96	246	335	176	151	189	257	264	168	78	171	166	91	261	347	344	333	328	110	21	137	292	233	57	208	321	18	76	315	35	323	96	128	62	333	183	146	332	39	0	295	98	180	114	281	306	45	264	135	175	152	260	20	248	46	23	147	53	127	261	315	77	32	74	286	212	76	156	109	49	160	47	4	207	213	259	131
244	235	113	252	297	52	183	32	96	253	156	313	31	137	244	100	245	10	321	161	15	111	16	288	125	288	9	29	110	171	21	174	262	244	271	17	220	61	176	82	246	292	72	248	103	337	122	336	350	79	20	95	197	266	130	141	26	219	158	312	327	316	131	0	224	257	330	305	22	277	148	308	97	121	292	324	58	34	215	52	231	187	207	333	73	164	46	11	148	75	131	292	324	150	103	58	241	287	174	90
28	24	31	125	303	229	90	261	50	68	169	150	16	202	240	266	216	339	143	313	108	292	310	160	316	291	231	252	201	245	71	28	174	220	189	112	245	231	160	189	116	241	227	170	7	235	166	263	179	120	163	235	26	41	185	77	275	114	175	197	10	314	169	181	0	105	132	241	193	130	107	177	272	32	347	253	136	94	130	41	32	292	307	28	151	91	299	57	82	292	158	252	198	9	183	70	296	298	28	150
82	292	39	37	189	200	192	103	293	45	162	165	136	309	95	63	137	66	265	187	157	164	281	249	68	21	70	145	9	16	126	282	49	32	201	55	112	189	91	146	104	288	295	296	301	160	125	142	302	63	241	19	326	118	202	149	158	143	63	2	200	78	148	269	97	0	202	115	231	308	200	101	259	298	192	103	227	165	308	180	102	78	105	77	246	23	281	77	143	153	197	172	224	191	173	9	131	306	83	87
211	352	334	256	300	245	176	50	114	271	157	2	336	84	324	172	187	200	346	136	29	279	151	122	110	128	5	163	92	290	306	223	34	255	76	198	90	119	182	20	74	220	48	117	316	183	312	102	125	317	224	230	209	175	89	305	85	281	313	68	144	321	87	194	168	98	0	32	127	7	207	313	237	13	47	195	111	217	6	228	122	68	98	7	110	169	296	23	5	324	198	64	320	304	35	210	276	307	122	329
308	5	62	126	162	336	245	88	119	142	33	157	126	90	162	262	139	111	320	96	85	349	163	295	309	283	276	132	133	210	142	236	62	288	28	292	43	180	61	111	14	232	126	176	328	196	141	175	307	282	61	28	244	224	68	50	182	256	351	199	144	279	351	304	224	75	141	0	346	206	22	239	242	96	158	30	327	292	216	181	241	197	14	349	42	189	63	28	306	192	286	8	96	124	343	91	293	181	159	68
290	82	7	153	223	239	327	44	181	352	151	269	290	40	274	253	277	182	347	25	182	110	337	110	191	285	110	16	165	6	101	92	41	141	292	125	173	142	187	338	140	94	310	66	75	26	317	201	117	241	343	217	110	268	122	309	271	105	245	135	42	218	289	162	298	207	88	228	0	345	345	223	265	76	38	67	251	156	63	39	78	106	254	202	244	100	326	155	105	10	6	201	304	87	106	51	215	126	39	335
233	240	164	51	350	233	145	68	188	304	77	158	158	201	168	16	16	202	44	270	78	35	164	338	327	129	149	83	276	305	221	98	162	340	7	97	96	75	300	77	137	83	144	258	16	325	50	267	65	3	135	259	99	290	13	61	216	308	259	315	162	170	67	182	317	183	131	291	250	0	341	11	250	349	158	13	76	255	253	94	77	246	339	183	13	200	259	294	33	275	132	253	152	54	2	50	97	182	277	351
339	277	272	321	17	132	18	244	106	285	202	3	56	55	32	206	298	111	70	74	348	323	170	206	10	5	265	14	268	185	20	222	332	278	93	244	45	166	208	187	95	352	293	53	265	207	3	169	221	35	342	290	71	76	173	182	242	133	242	107	320	245	139	301	229	82	140	43	65	253	0	143	268	31	74	146	335	68	82	40	1	145	294	91	114	127	195	76	91	91	318	28	190	122	32	53	90	298	97	84
124	163	112	347	176	59	144	320	277	259	290	263	233	223	29	75	16	188	119	319	217	146	238	112	208	33	345	19	335	118	124	168	275	239	350	272	287	146	72	311	8	289	146	263	340	324	82	24	123	174	300	201	151	87	96	159	183	125	291	83	160	187	333	116	171	272	48	81	332	306	300	0	313	110	133	261	337	319	47	159	154	30	156	262	189	186	338	179	17	33	148	136	2	269	38	70	303	69	262	94
153	185	269	125	293	194	122	279	295	26	307	218	325	37	325	247	52	22	161	30	71	251	73	340	190	40	289	340	64	184	27	13	216	166	324	298	75	5	149	36	73	21	196	220	317	167	268	136	141	241	112	222	254	43	268	50	11	98	107	183	53	304	67	135	161	24	29	234	35	25	209	33	0	7	75	304	107	293	264	270	29	282	203	264	40	164	275	33	51	116	347	69	259	237	266	217	217	173	8	115
65	165	67	135	34	16	219	150	33	129	25	289	55	26	53	307	244	21	194	2	232	321	318	123	256	11	106	266	194	280	348	343	269	271	203	200	328	246	109	204	287	170	139	96	14	322	271	44	195	300	298	162	102	18	271	141	144	184	150	292	342	170	82	126	50	80	79	322	42	94	160	277	285	0	14	190	250	176	329	173	302	97	226	151	196	172	262	236	107	190	238	110	190	272	201	139	329	256	333	79
246	165	147	169	246	222	50	86	333	126	60	306	83	299	210	267	224	7	143	195	234	108	110	166	18	24	62	184	211	38	197	65	217	226	309	303	3	300	16	244	159	89	168	104	305	84	340	35	174	80	345	231	90	233	138	68	6	94	44	149	331	92	116	40	121	61	212	20	49	43	7	225	171	309	0	84	68	115	295	224	75	245	281	44	12	313	101	91	7	266	26	333	36	248	113	288	97	263	253	201
317	45	337	43	104	206	16	114	312	108	30	314	282	266	220	21	182	179	1	278	262	314	15	222	64	124	334	340	244	311	233	245	134	81	172	325	284	23	156	233	19	116	340	266	229	105	66	11	216	92	313	317	70	293	345	187	174	117	77	234	310	19	228	43	137	352	317	271	289	170	155	196	255	329	250	0	133	336	25	192	167	74	122	180	244	320	312	285	78	76	113	167	299	85	106	227	306	181	229	9
306	279	135	108	342	285	98	23	318	49	24	188	166	235	300	95	311	222	48	343	230	109	2	114	261	58	237	249	193	10	300	301	69	293	266	96	13	297	280	41	258	65	326	153	155	166	116	316	312	114	251	70	54	55	343	207	124	58	49	85	169	266	99	47	130	283	249	3	319	227	143	260	153	268	274	47	0	300	243	345	334	238	301	307	120	307	270	41	136	25	271	49	44	335	108	235	64	342	268	335
238	351	185	283	299	30	103	147	175	344	152	51	42	220	122	30	154	121	144	315	287	41	27	34	33	43	47	290	108	320	292	14	200	273	213	279	222	298	345	42	36	252	91	184	2	104	316	181	340	180	143	76	39	112	52	193	246	124	134	91	73	200	294	89	306	4	172	67	342	215	29	338	351	120	128	254	125	0	270	85	76	207	332	16	1	349	247	85	240	259	100	258	39	58	103	58	61	13	78	29
147	88	234	228	2	14	191	250	85	170	14	81	54	99	226	232	159	251	271	40	39	313	184	245	3	190	296	97	192	315	43	200	333	42	20	239	338	212	206	323	184	10	243	321	17	309	203	296	21	14	228	327	333	10	261	36	105	141	42	252	202	117	300	1	347	101	103	228	142	332	68	92	115	74	271	33	289	64	0	193	125	74	44	57	250	32	115	196	149	167	163	296	157	176	64	237	150	18	21	153
172	88	334	183	19	111	11	41	277	300	8	338	22	331	222	22	335	341	45	20	278	281	72	108	235	62	293	61	264	150	195	256	53	316	273	101	273	298	298	268	156	199	264	263	292	57	63	223	101	345	144	7	343	73	229	44	165	94	108	35	238	225	262	71	206	128	51	324	279	24	321	201	136	126	115	189	79	318	346	0	32	216	214	222	275	267	332	207	127	158	123	259	124	100	141	174	280	346	321	269
187	172	339	94	293	17	95	76	308	41	16	247	150	164	281	145	172	204	157	184	44	180	77	132	222	206	138	206	118	39	12	185	190	107	338	236	163	98	156	320	270	74	344	75	66	296	255	269	213	139	149	192	208	88	108	256	336	193	38	196	100	4	139	334	314	179	288	300	260	320	182	51	58	197	301	89	148	103	243	159	0	91	149	296	221	260	297	345	134	123	58	183	115	143	188	6	42	350	256	161
184	299	111	154	218	210	85	199	151	203	119	202	312	141	298	265	226	204	152	234	237	12	247	164	325	52	19	57	16	130	109	111	285	111	63	336	148	11	76	226	200	192	64	259	223	57	193	208	350	124	169	300	167	338	292	120	349	49	5	207	144	3	266	121	196	332	206	6	229	191	135	185	116	16	94	241	207	289	179	201	32	0	167	128	286	77	99	169	10	187	303	167	178	260	57	67	193	34	37	188
126	23	206	52	7	71	170	118	149	325	208	282	137	266	334	34	70	170	206	322	267	293	160	341	45	3	221	133	175	98	131	98	195	71	231	235	244	45	42	214	50	48	207	83	18	158	53	33	262	227	297	176	182	266	317	129	315	153	330	23	313	215	188	58	139	212	10	282	147	73	225	275	303	119	58	3	226	63	249	48	135	237	0	135	217	310	178	30	96	262	259	195	209	9	341	128	265	57	267	225
116	268	208	171	25	317	24	48	92	81	318	86	23	270	80	216	31	263	286	174	26	350	262	43	286	129	193	31	30	186	352	313	305	225	228	19	344	187	258	172	168	98	77	235	328	56	230	69	66	341	101	279	214	257	307	130	261	121	62	243	40	254	118	289	131	306	63	338	273	141	296	84	178	68	33	330	169	45	27	78	282	203	221	0	275	317	206	69	158	210	176	328	37	242	94	81	171	317	125	291
132	321	70	295	350	116	230	28	71	166	29	216	285	54	222	293	268	308	187	208	58	251	200	319	266	4	298	164	47	105	320	334	49	182	107	84	258	294	132	291	276	2	112	189	20	82	284	83	255	211	199	229	266	289	261	320	51	107	245	151	298	341	47	119	163	59	256	172	205	119	263	276	3	323	184	161	138	209	59	174	343	50	38	304	0	228	212	347	29	312	108	110	187	121	332	238	116	56	249	46
177	212	262	160	239	141	103	218	327	133	308	123	66	305	126	217	31	237	275	348	144	236	34	195	149	302	244	52	338	351	153	105	39	220	42	30	33	173	121	302	287	251	251	257	271	264	169	280	329	222	15	229	197	303	340	74	259	76	208	96	335	27	115	195	41	169	208	143	197	45	52	74	172	250	174	97	172	119	128	74	324	320	307	21	319	0	279	309	51	119	129	261	169	154	275	177	296	271	106	271
198	266	213	265	146	348	94	305	270	180	283	236	316	204	107	172	223	125	295	96	205	45	252	154	331	205	95	43	291	67	114	265	5	314	58	232	4	183	350	149	36	211	190	172	82	321	122	234	150	223	296	52	46	265	170	171	330	290	170	293	145	115	257	336	286	262	163	248	163	171	94	153	32	11	310	303	295	28	311	128	239	227	218	84	50	322	0	6	26	233	80	109	83	299	327	139	2	72	318	191
35	224	179	92	293	176	242	252	89	68	219	100	313	124	129	117	327	316	342	230	26	338	94	282	300	218	17	131	285	319	14	18	153	187	102	275	135	16	171	113	160	306	329	151	132	302	67	61	13	128	231	63	164	336	233	223	98	167	13	310	284	32	199	224	199	297	66	64	178	189	71	169	8	178	344	7	300	284	169	74	306	88	286	158	341	130	256	0	110	252	15	193	88	238	24	266	197	338	218	7
309	123	2	315	256	103	330	21	17	129	107	242	334	343	60	169	55	234	262	128	201	68	331	45	82	191	117	269	46	107	140	164	93	291	100	121	15	343	240	114	148	293	182	144	22	8	119	177	116	6	279	352	305	139	245	216	163	172	227	304	46	142	206	103	145	202	161	92	90	160	44	208	330	59	89	226	329	96	120	219	52	126	263	238	66	316	242	271	0	129	82	184	73	254	143	51	9	17	348	196
225	342	68	45	241	114	158	78	19	328	291	343	133	257	39	176	208	64	77	41	177	65	46	316	71	247	335	210	206	55	197	99	261	155	34	136	303	92	106	249	331	165	30	219	119	223	152	83	6	8	285	137	116	150	199	104	346	50	256	96	278	254	278	110	327	114	301	249	4	338	127	82	19	239	124	284	291	24	144	193	204	223	63	83	348	173	243	184	154	0	12	250	271	36	25	47	167	351	252	4
54	270	1	194	60	235	234	238	202	100	197	200	253	126	31	155	240	29	215	178	255	36	249	293	284	241	26	256	270	55	285	151	69	299	148	97	309	56	285	295	214	296	346	173	288	176	145	236	64	75	153	315	157	288	37	138	254	265	218	166	48	330	178	1	257	278	59	312	169	299	321	311	9	100	236	59	311	187	121	163	4	302	260	22	21	89	97	38	350	118	0	256	236	56	235	248	6	262	21	257
76	286	116	169	112	164	194	269	64	28	276	81	133	69	111	156	294	263	307	15	291	210	55	206	112	54	256	114	312	146	7	38	319	58	199	51	241	31	85	139	30	197	117	273	289	328	205	56	106	250	160	320	278	70	219	87	106	106	189	186	89	345	131	274	197	79	83	203	98	268	235	273	160	215	7	19	184	227	255	348	144	15	31	350	192	60	61	30	294	74	297	0	194	270	313	10	240	198	305	273
320	18	228	251	78	201	347	199	159	115	134	43	245	133	295	98	215	237	300	238	279	92	3	235	11	140	201	105	66	315	298	318	2	157	45	157	228	217	253	60	174	236	236	147	118	61	296	136	276	18	323	295	342	11	6	192	51	286	194	127	152	31	25	47	324	122	98	223	151	321	106	172	291	307	267	146	320	14	144	287	56	216	227	178	289	40	205	172	232	25	34	166	0	304	58	268	313	138	198	71
278	192	337	37	295	141	184	262	263	293	290	232	344	260	315	163	288	258	50	215	143	68	120	292	267	168	21	250	63	264	226	339	199	20	251	304	104	165	60	266	14	173	292	271	105	196	59	125	10	248	139	321	293	120	327	258	325	249	85	150	124	334	194	69	205	77	9	220	248	339	297	277	49	235	324	94	159	23	171	243	127	67	160	322	75	13	334	192	276	213	251	210	285	0	216	60	159	196	88	333
318	251	312	97	146	82	133	252	14	39	346	145	49	56	225	271	288	114	196	194	199	164	6	24	15	253	340	349	339	340	258	27	202	330	131	34	98	57	339	195	151	86	15	98	296	102	228	130	154	202	151	248	70	114	74	290	121	140	138	179	203	55	150	70	121	158	203	204	219	330	222	192	220	91	322	157	273	124	294	232	71	210	195	94	73	130	327	1	94	148	308	351	168	141	0	208	344	160	263	149
30	113	53	86	267	39	50	122	102	39	65	205	291	199	215	73	44	310	133	332	320	322	152	256	40	110	280	261	182	325	37	293	330	264	329	137	170	13	97	49	86	14	266	33	186	127	87	243	116	329	158	109	257	265	217	322	333	125	127	117	103	26	313	34	161	175	17	81	29	133	328	284	115	169	180	283	123	335	320	221	250	48	178	9	17	349	47	112	176	144	100	309	321	64	111	0	306	29	289	79
62	88	236	160	59	270	18	308	95	145	251	95	244	302	264	314	56	153	53	151	264	179	129	320	150	314	51	279	198	74	103	300	250	334	75	128	153	143	334	88	219	36	67	161	185	191	24	74	105	230	324	125	300	309	61	319	61	301	50	173	144	8	258	153	147	6	26	51	104	199	279	22	162	292	163	44	251	245	219	77	8	71	348	58	308	136	42	312	145	278	225	313	252	293	268	162	0	46	340	55
75	331	21	234	46	347	101	289	34	178	296	152	201	197	86	314	253	42	171	221	208	174	162	225	278	38	196	129	27	311	208	135	297	314	139	274	68	243	274	42	233	317	320	83	45	246	287	256	178	133	280	335	295	202	304	45	164	74	265	241	311	28	150	287	71	314	215	280	345	210	187	278	31	297	257	196	330	15	57	153	132	70	258	21	229	110	277	345	85	324	260	10	261	191	11	189	50	0	283	104
166	65	80	244	48	331	44	166	96	239	265	60	239	88	101	262	316	119	46	339	53	242	285	262	296	188	190	89	285	132	249	54	339	33	61	5	232	126	74	311	327	352	248	15	86	296	211	32	248	264	198	148	190	131	135	114	69	183	266	268	85	77	311	236	231	227	299	176	236	43	19	249	141	319	221	120	110	290	66	179	202	301	152	37	123	129	172	139	301	8	240	91	171	58	228	349	195	277	0	85
37	58	180	244	51	349	314	131	186	174	153	231	97	57	352	123	97	174	56	230	215	156	165	93	234	162	201	319	195	96	37	289	205	46	288	208	299	316	307	99	212	225	131	151	322	243	106	169	63	117	191	258	303	106	166	119	266	133	7	249	5	85	332	346	339	73	272	36	161	347	78	245	246	263	2	209	151	45	299	184	279	136	58	133	86	3	244	200	52	47	193	278	192	134	153	282	65	22	264	0
