A	B	C	D	E	F	G	H	I	J	K	L	M	N	O	P	Q	R	S	T	U	V	W	X	Y	Z	AA	AB	AC	AD	AE	AF	AG	AH	AI	AJ	AK	AL	AM	AN	AO	AP	AQ	AR	AS	AT	AU	AV	AW	AX	AY	AZ	BA	BB	BC	BD	BE	BF	BG	BH	BI	BJ	BK	BL	BM	BN	BO	BP	BQ	BR	BS	BT	BU	BV	BW	BX	BY	BZ	CA	CB	CC	CD	CE	CF	CG	CH	CI	CJ	CK	CL	CM	CN	CO	CP	CQ	CR	CS	CT	CU	CV
0	149	767	464	604	899	35	544	225	527	366	554	66	639	327	130	687	796	742	823	27	545	564	434	71	531	331	318	90	883	737	210	899	550	107	482	81	701	710	76	215	451	74	358	70	8	799	835	466	663	575	805	71	487	837	759	311	317	373	305	280	645	166	762	317	750	795	232	322	36	575	316	650	800	67	395	483	450	270	136	686	872	716	504	707	782	392	240	920	133	693	493	534	602	251	523	184	500	423	248
454	0	666	371	809	726	800	133	117	572	895	618	911	804	567	610	506	514	291	110	325	764	660	162	803	272	105	847	698	481	457	24	550	906	198	675	408	819	643	605	244	724	254	139	640	104	488	403	758	845	393	755	85	237	317	114	166	385	378	692	839	880	65	72	806	130	283	924	146	817	409	452	697	40	319	854	266	203	792	363	158	473	15	212	765	668	217	562	80	910	420	433	162	499	44	733	291	808	78	879
702	167	0	611	515	617	58	538	843	184	319	6	318	288	448	449	818	826	869	59	193	867	786	693	891	809	433	894	381	865	410	812	693	45	572	211	547	866	486	261	10	512	457	696	378	279	36	512	836	143	109	356	71	95	445	576	145	675	261	225	88	49	397	458	667	702	311	1	287	59	673	467	320	532	846	209	650	865	294	740	831	790	548	589	704	68	765	899	483	455	919	851	201	604	907	424	909	368	189	889
849	623	126	0	666	731	468	763	81	889	417	698	55	838	853	798	901	391	838	440	228	731	532	792	923	428	819	330	87	413	582	904	247	331	634	508	587	881	885	627	685	238	153	159	418	230	617	278	679	731	105	596	916	20	348	844	750	631	488	840	41	166	578	78	685	208	921	778	830	758	360	60	310	606	608	801	632	920	880	388	128	98	57	162	128	549	348	286	466	157	704	667	206	540	700	917	17	129	31	779
518	854	100	289	0	63	459	916	404	899	305	553	507	609	904	888	851	10	904	265	134	281	657	457	243	129	891	190	222	519	838	696	601	409	51	828	419	384	467	261	329	78	371	448	558	657	574	774	452	192	27	428	254	804	650	234	233	611	185	537	649	9	195	305	553	487	170	417	833	287	311	353	564	216	152	608	725	220	851	797	593	621	255	517	196	443	798	565	380	807	452	474	889	125	795	762	321	541	89	204
238	104	455	867	545	0	301	902	504	463	566	111	880	638	409	15	2	713	109	840	549	209	681	198	244	185	224	174	380	735	924	151	485	19	540	613	308	196	880	183	442	220	169	358	819	888	884	796	276	513	592	631	323	378	302	620	396	48	153	858	355	457	105	158	914	700	316	769	37	786	761	737	215	116	192	207	454	362	348	295	548	873	254	169	887	754	72	458	1	135	816	462	444	132	458	13	97	415	499	434
271	739	50	568	383	123	0	160	657	377	476	93	75	732	879	252	357	698	239	417	421	619	464	576	880	302	889	915	133	842	715	56	70	391	648	124	6	234	450	127	692	831	496	740	890	603	238	924	385	723	517	395	758	895	132	340	421	152	704	309	374	264	230	266	427	432	13	376	586	635	529	734	460	457	778	395	283	334	33	923	744	176	432	725	340	645	543	115	16	116	210	836	820	557	307	560	186	141	289	519
875	407	373	370	831	542	30	0	914	258	192	711	612	413	263	386	200	272	261	253	306	729	171	62	626	318	71	480	688	309	62	841	532	406	696	524	37	711	870	151	629	196	829	99	117	845	225	869	842	668	287	748	320	741	417	110	455	788	749	21	290	454	893	504	132	853	278	99	156	358	347	784	780	51	370	634	8	830	809	217	63	583	823	595	834	768	523	680	767	480	430	703	910	323	441	112	574	364	887	284
707	105	8	101	455	549	566	483	0	752	703	124	717	596	687	826	240	116	555	775	145	199	557	911	25	477	531	338	735	101	210	434	159	881	474	105	566	525	72	556	574	772	449	715	634	781	21	15	392	213	442	143	73	392	146	8	647	594	547	282	264	64	584	913	24	356	76	685	435	223	708	358	810	388	68	39	787	124	82	548	228	453	84	297	856	839	327	287	214	45	92	704	97	768	436	828	903	723	873	628
126	311	554	339	708	56	366	274	505	0	706	719	80	877	592	563	810	379	531	75	394	446	918	359	616	585	192	590	428	166	495	801	695	859	924	62	800	518	314	89	549	414	343	721	702	889	366	209	177	371	488	553	108	88	628	448	768	311	751	917	719	247	46	645	474	502	448	150	457	180	302	108	640	387	730	723	563	159	385	777	871	178	304	375	108	565	604	648	579	340	694	537	225	114	511	191	676	512	516	838
370	103	501	89	582	580	33	94	820	907	0	259	803	528	202	96	495	274	273	746	145	78	267	57	513	649	315	629	266	588	820	365	626	633	756	62	216	716	529	688	79	114	194	396	358	332	313	70	405	538	532	113	268	50	558	413	671	690	235	694	858	70	364	445	875	123	337	516	229	884	73	124	567	572	637	319	793	840	337	714	580	815	735	193	571	382	460	234	497	543	383	148	588	866	139	583	175	549	161	381
277	298	461	361	409	419	504	222	325	391	539	0	477	415	478	863	327	773	568	892	795	787	29	871	20	531	206	862	821	898	459	203	660	156	89	666	722	233	350	531	203	417	515	123	353	399	82	898	482	384	523	113	389	825	530	225	665	43	90	108	45	902	90	661	502	616	555	628	383	503	714	758	665	661	627	474	494	799	687	24	648	321	659	107	596	699	639	896	516	485	140	818	580	312	545	396	331	887	197	368
50	570	720	464	240	179	258	919	103	337	328	73	0	620	861	669	441	272	601	443	100	610	588	597	898	883	513	56	156	742	675	542	226	831	444	229	491	910	478	307	916	433	24	825	98	526	6	812	794	379	98	622	67	523	593	599	692	478	828	84	862	908	858	508	636	571	869	694	481	251	804	359	466	729	325	717	452	641	640	263	869	881	515	724	859	321	33	243	800	698	650	396	669	439	589	623	523	602	418	388
799	550	856	498	544	412	660	335	657	717	545	253	728	0	508	385	293	904	475	720	176	905	375	406	227	505	440	28	818	286	65	557	91	342	382	425	81	362	146	872	126	870	656	654	175	412	753	95	476	189	907	658	795	603	173	750	674	639	727	332	363	267	291	836	790	811	866	28	770	261	851	37	299	189	243	859	85	86	487	693	685	237	294	245	427	915	619	336	703	180	785	266	566	65	272	255	563	703	175	825
843	458	518	167	654	33	903	300	656	140	183	888	266	195	0	416	154	3	767	489	439	920	902	701	375	429	817	473	118	363	689	334	327	8	178	325	226	204	807	797	328	849	697	594	298	510	632	52	684	573	581	39	151	228	75	899	266	337	757	300	280	693	239	633	236	891	173	564	72	294	589	116	734	328	126	207	29	771	31	792	540	674	782	116	536	834	724	124	820	133	599	609	295	471	674	175	348	722	827	719
713	784	323	404	422	668	722	853	860	242	545	375	500	198	765	0	908	445	912	6	357	117	551	172	539	354	23	893	502	551	195	115	93	668	80	921	715	272	339	840	813	677	439	881	19	877	114	891	907	51	887	665	346	895	235	501	449	823	593	697	511	545	815	751	455	367	777	19	771	746	656	736	131	812	148	617	822	827	369	292	162	893	187	115	449	163	611	868	810	541	352	828	152	74	223	111	617	438	634	309
913	231	747	824	271	184	263	244	743	300	90	919	21	822	858	493	0	457	19	234	394	522	484	534	508	163	524	368	594	840	411	157	556	250	677	637	378	279	221	66	98	204	183	117	722	582	635	22	566	692	863	178	447	551	740	512	688	262	638	105	635	374	294	619	14	261	829	317	28	35	46	509	147	79	179	636	147	312	858	491	590	337	816	757	698	208	425	152	686	598	151	274	657	719	745	320	923	838	107	116
513	589	111	222	390	825	822	121	203	858	300	119	712	60	291	186	260	0	179	57	130	126	519	434	23	292	557	457	199	28	779	352	30	81	728	135	517	274	43	267	499	378	644	209	287	700	149	287	613	527	170	236	117	286	648	739	912	55	203	526	457	396	642	94	351	569	389	386	703	358	839	6	669	251	846	742	842	874	22	180	203	724	324	572	160	490	152	702	98	839	847	821	694	474	579	464	783	125	180	94
15	514	911	606	594	318	537	741	305	507	883	53	225	847	460	473	677	429	0	206	318	846	180	623	878	507	328	499	290	210	751	548	312	94	59	903	579	416	185	488	598	235	918	547	453	6	81	314	826	460	896	872	132	531	300	161	27	519	851	903	455	210	150	811	432	4	478	808	380	790	121	75	103	834	690	873	306	364	14	471	661	563	32	496	419	56	480	218	150	265	407	426	661	406	263	189	639	61	294	906
633	279	359	26	293	466	665	691	496	13	418	808	116	558	601	619	572	781	267	0	62	753	906	448	358	282	55	672	153	320	455	909	374	221	449	333	562	566	205	448	811	720	451	678	502	323	774	753	703	603	821	480	84	717	562	722	224	240	854	392	38	398	481	860	713	690	329	517	160	909	111	874	768	327	759	61	395	612	882	723	631	808	200	755	253	710	11	532	764	678	732	859	252	332	803	775	199	278	29	108
687	387	279	155	349	823	429	229	488	301	416	123	725	596	766	545	113	464	274	76	0	758	711	306	4	534	18	197	410	206	42	770	581	213	905	80	10	821	621	537	880	571	211	417	886	698	254	825	674	374	507	170	733	883	777	653	813	345	813	83	359	855	697	751	522	25	201	548	889	19	277	537	513	162	630	59	227	664	91	333	395	623	616	46	210	753	271	421	442	764	675	517	659	616	89	388	374	574	537	591
646	677	358	806	31	52	130	383	647	733	784	342	278	293	855	773	872	532	143	591	684	0	88	348	359	61	507	320	399	797	360	713	631	919	740	557	590	780	445	586	507	894	708	78	717	167	133	755	793	790	2	171	532	273	379	788	552	321	516	499	610	479	20	445	443	675	253	850	75	515	365	606	283	764	347	329	518	461	19	746	396	84	888	720	695	292	329	831	612	519	161	57	814	744	157	833	812	349	94	185
221	595	758	631	440	569	549	466	206	284	690	233	304	25	382	416	725	767	883	578	536	195	0	312	790	283	319	190	70	97	371	439	103	296	380	389	598	633	4	322	373	588	34	318	10	422	795	388	777	253	838	560	271	804	187	203	363	848	459	162	272	11	856	99	870	71	144	77	495	498	5	159	803	578	411	761	620	598	368	153	26	265	98	407	85	190	597	805	507	228	204	737	393	491	689	225	130	882	290	288
782	518	513	739	176	275	52	193	78	117	356	661	470	501	853	680	34	46	874	25	551	556	829	0	776	345	842	338	907	125	585	355	833	360	371	568	445	441	456	186	611	192	526	59	700	304	38	875	692	17	502	284	387	85	543	630	875	261	457	551	565	253	888	775	171	750	204	370	483	555	436	16	618	749	679	469	270	873	607	509	214	92	522	531	400	270	773	784	757	610	95	569	461	390	628	435	504	136	99	732
755	566	253	903	15	877	665	129	66	202	881	105	12	57	832	570	406	471	923	842	606	847	63	245	0	300	905	258	465	765	787	505	830	447	575	507	70	818	774	428	460	6	456	376	21	828	374	791	844	309	479	432	283	853	548	774	79	818	719	772	896	677	158	485	213	221	466	413	157	852	67	286	139	805	700	154	915	143	806	917	754	108	86	110	754	731	681	393	865	102	170	251	12	9	592	725	157	636	355	362
357	261	472	560	754	287	834	146	521	732	917	138	437	126	7	304	679	371	899	552	429	77	186	157	363	0	560	134	487	125	506	140	912	172	859	835	279	718	722	674	823	255	351	909	289	887	243	190	85	376	542	160	501	716	78	430	200	558	453	95	869	315	429	475	312	561	729	668	415	468	722	918	753	673	400	639	753	311	60	39	419	34	694	572	789	723	878	855	5	270	591	832	588	761	500	497	718	368	883	130
899	788	441	686	193	695	641	499	610	795	363	152	664	890	304	172	387	680	555	769	687	671	238	761	639	17	0	261	53	745	93	293	685	53	908	234	669	650	305	460	279	499	169	111	232	847	853	627	232	231	557	805	354	476	654	800	216	545	771	341	791	75	311	39	40	241	864	317	495	111	294	542	441	561	263	472	258	538	221	502	242	455	518	456	636	895	809	804	235	585	120	600	488	342	861	791	39	828	412	185
120	506	554	467	685	336	309	488	756	546	657	344	138	235	677	471	410	601	891	226	443	48	908	276	913	205	885	0	624	510	632	735	278	648	831	346	393	696	692	865	517	89	83	574	172	740	881	264	261	446	674	508	754	820	846	716	818	292	159	624	456	281	391	370	359	754	384	729	365	848	463	361	295	802	582	76	712	889	93	404	603	263	134	509	887	481	463	475	636	639	805	735	557	331	538	774	272	151	291	885
901	371	621	49	12	697	716	475	154	735	325	241	864	809	859	99	784	233	281	44	480	332	25	387	433	812	37	635	0	338	722	141	70	237	582	342	783	334	75	291	861	750	659	880	328	235	470	185	609	573	793	401	516	227	149	388	838	786	402	168	417	125	511	203	346	722	849	705	793	217	309	903	538	14	342	208	920	398	743	877	558	433	436	656	203	471	544	391	912	478	484	766	714	669	914	257	880	158	510	320
579	677	325	692	180	850	376	58	449	871	244	879	414	639	849	586	50	272	917	239	331	618	253	769	24	13	147	839	883	0	145	276	739	728	465	304	705	673	681	31	885	738	646	168	224	70	383	647	828	444	436	419	395	815	658	216	5	305	662	241	701	652	369	209	451	37	285	491	918	432	750	119	118	363	122	303	708	515	33	541	51	226	28	219	536	359	840	812	618	68	654	811	418	562	796	551	741	698	28	572
309	914	452	842	779	640	178	852	240	214	53	163	208	459	757	728	672	73	878	834	761	838	546	133	670	529	69	659	345	831	0	50	732	105	99	409	712	626	755	90	761	323	755	192	445	756	715	86	280	607	41	305	667	237	804	366	38	529	484	125	866	138	135	53	401	408	772	579	125	762	912	710	382	356	173	380	721	578	570	721	850	510	585	897	710	87	317	851	201	466	904	352	62	266	277	562	750	381	614	757
847	555	85	64	274	588	886	543	203	345	834	148	172	743	667	528	224	879	559	820	851	837	425	892	259	811	624	369	103	468	412	0	667	895	144	476	231	663	745	763	211	688	800	390	904	209	60	671	318	431	587	581	806	344	846	387	432	648	324	112	848	896	883	579	175	351	903	51	169	62	746	515	201	307	650	357	238	880	66	252	781	112	609	854	194	56	207	169	78	603	830	885	386	290	526	55	433	564	380	644
374	338	734	569	484	499	329	511	348	51	109	680	606	148	536	673	172	337	596	924	808	22	823	678	678	258	508	433	851	78	115	204	0	316	437	102	161	471	614	636	166	853	903	653	772	780	560	326	241	337	120	270	493	39	254	850	45	651	720	490	634	274	612	475	409	575	322	372	99	288	377	382	305	465	321	310	77	258	205	49	292	486	427	257	59	117	480	703	57	83	360	589	448	362	706	207	209	771	825	83
408	155	461	909	73	116	330	334	692	142	37	507	584	133	914	194	914	302	815	459	46	917	156	834	812	482	594	112	561	406	761	26	626	0	173	636	677	233	89	478	178	488	275	718	671	634	214	735	594	284	807	869	115	168	397	123	782	550	506	780	710	881	812	64	671	178	799	896	375	679	83	564	272	616	382	755	750	748	27	144	493	545	421	885	418	412	376	475	846	892	836	526	838	737	798	841	658	792	316	13
833	621	744	608	727	612	479	678	404	145	385	191	718	206	176	761	146	382	72	890	110	17	9	526	671	867	523	779	813	43	198	303	463	544	0	664	72	910	212	20	641	669	466	104	80	782	72	77	800	756	328	651	476	452	242	311	524	367	533	814	352	754	44	817	265	446	74	443	247	358	502	404	880	556	911	831	801	808	763	137	198	311	671	395	367	904	788	603	262	816	518	134	170	710	125	469	216	319	784	483
786	167	198	323	311	626	419	346	174	869	886	131	871	792	105	571	703	648	765	186	124	649	196	63	141	534	389	853	432	58	611	457	709	663	378	0	690	100	394	644	738	481	602	632	61	731	864	427	243	42	358	686	52	8	756	823	332	50	800	590	453	660	338	164	121	606	724	364	344	540	357	431	161	791	280	412	551	147	83	743	749	738	862	702	479	162	529	154	111	893	788	112	781	686	614	128	901	378	807	764
439	697	247	227	396	20	881	888	513	175	320	264	717	323	531	128	148	723	492	266	399	754	688	400	37	498	797	92	660	184	487	507	307	905	408	296	0	624	517	817	94	640	654	217	824	778	79	579	152	210	258	420	406	541	380	888	286	474	562	442	599	594	328	429	487	300	182	505	532	25	91	820	237	511	3	623	328	476	913	590	66	445	383	525	775	82	492	479	424	171	191	312	308	904	321	635	841	685	857	619
96	136	718	76	214	301	583	460	89	338	831	462	183	699	402	661	24	725	171	679	910	193	584	599	6	25	877	889	429	455	23	247	173	862	82	402	753	0	77	829	537	383	597	193	142	61	4	207	270	821	449	429	105	433	777	499	160	817	920	29	61	250	906	61	119	325	403	906	758	90	551	668	461	354	872	749	278	272	287	286	836	226	871	497	84	570	608	456	275	408	203	742	161	138	492	388	409	94	745	440
859	113	14	240	830	682	17	329	240	92	584	822	348	290	378	540	392	657	264	902	340	769	874	895	48	472	228	843	155	205	433	33	386	357	20	911	165	771	0	533	812	353	493	516	419	319	3	138	419	576	177	350	233	598	438	4	144	140	274	387	572	64	234	314	641	402	711	539	263	834	614	470	122	315	763	758	648	508	241	419	651	495	373	820	753	113	421	647	129	541	721	206	728	69	260	484	473	300	244	646
568	369	704	53	825	36	491	477	798	321	630	869	726	343	518	816	266	782	525	215	359	577	19	762	745	689	351	374	41	807	862	728	497	214	311	865	76	764	699	0	245	297	845	57	917	501	203	19	815	502	592	775	654	837	417	640	75	763	886	920	650	239	589	814	357	359	47	208	162	440	913	11	189	820	410	347	743	710	491	76	192	653	914	423	657	204	542	602	660	594	811	568	871	498	520	396	136	572	517	493
747	291	836	517	206	507	647	631	692	618	138	604	454	674	831	598	373	783	71	521	681	486	420	738	504	914	73	741	123	226	310	550	211	571	423	464	191	351	676	540	0	406	584	680	330	308	51	137	415	700	767	592	863	867	182	913	549	439	184	734	93	664	383	673	920	184	878	767	646	528	851	134	285	766	401	664	718	416	143	58	551	824	856	318	155	40	822	884	103	419	615	22	835	134	679	153	415	328	683	384
452	330	657	92	689	921	704	221	887	748	889	73	427	121	662	80	577	448	3	499	590	285	622	294	451	713	187	886	401	664	577	789	832	916	138	462	481	677	274	754	572	0	691	100	466	888	593	648	594	104	362	652	76	92	16	154	688	297	157	508	446	797	802	503	291	253	231	542	578	495	761	162	78	833	108	75	534	657	921	839	621	398	719	468	193	544	878	181	855	718	820	513	834	237	345	622	602	898	880	680
58	725	457	194	688	12	443	238	309	557	577	258	221	214	904	921	456	408	501	74	639	232	117	501	261	562	421	696	581	519	20	372	572	660	49	876	500	739	645	425	27	365	0	911	888	350	620	773	897	722	403	169	525	878	412	95	304	261	844	725	182	146	748	762	161	327	4	378	726	624	59	239	532	183	673	141	622	203	606	630	808	93	460	870	748	418	21	124	410	663	178	316	318	553	590	855	340	493	45	430
239	80	787	260	634	720	273	143	42	64	126	818	28	806	26	50	710	64	539	807	467	553	417	252	166	600	194	787	863	628	322	912	115	880	612	288	378	286	813	209	669	203	581	0	484	170	275	655	785	30	683	299	346	573	245	654	470	78	56	173	166	861	8	165	805	7	490	189	776	856	493	890	607	799	882	260	890	14	808	753	606	279	911	399	733	519	461	7	305	79	507	695	444	858	693	846	202	10	204	739
664	617	604	123	528	816	736	41	532	281	255	145	444	326	812	877	415	733	552	87	889	725	757	686	855	838	284	39	194	342	723	802	605	664	42	775	857	784	217	62	214	679	770	63	0	280	387	700	63	50	819	667	507	577	576	633	41	384	705	805	857	16	613	326	136	344	429	616	161	551	880	414	694	403	214	710	721	113	261	647	18	146	390	531	773	857	536	510	194	795	109	247	93	221	618	314	125	123	82	749
387	143	850	321	720	105	814	639	696	442	573	763	759	648	853	390	115	713	860	245	301	148	902	540	180	560	533	884	740	125	841	237	600	197	652	73	393	317	729	681	211	547	249	669	271	0	433	728	197	18	76	596	212	808	918	543	283	119	116	103	137	819	79	912	564	908	179	360	654	294	785	746	312	199	30	233	436	528	310	352	302	62	413	743	171	530	311	117	365	621	679	546	2	285	768	122	348	632	826	241
761	300	533	166	31	158	689	824	747	599	278	266	691	642	521	173	108	612	118	276	239	693	58	299	502	199	317	631	660	862	113	834	711	81	662	182	138	687	429	682	910	787	197	457	521	909	0	898	378	195	429	550	873	731	463	423	597	338	898	431	846	473	706	31	811	143	614	399	465	681	123	756	322	143	92	818	68	660	264	792	511	171	884	777	606	581	767	768	664	391	111	43	629	779	412	730	271	371	40	264
915	67	543	212	592	799	281	716	338	96	63	427	798	890	720	499	667	290	904	605	267	477	48	195	187	542	300	573	822	147	751	541	226	453	209	566	260	907	775	217	109	149	25	606	143	652	619	0	762	397	104	435	333	446	398	508	547	606	160	412	343	840	915	364	898	272	478	651	616	902	124	853	457	657	674	26	923	25	726	815	211	385	86	106	712	819	762	452	175	879	744	291	895	690	789	526	860	357	451	708
681	363	920	766	715	834	900	711	170	621	186	347	436	897	246	331	238	868	865	553	555	522	372	481	369	215	542	198	687	49	308	867	357	638	803	759	371	903	456	556	307	487	909	313	317	800	490	852	0	493	343	316	54	36	716	906	400	869	796	353	669	65	9	244	900	871	590	871	382	289	712	495	665	796	233	31	787	603	734	919	654	501	155	253	521	770	739	668	652	869	400	348	353	132	827	905	692	852	5	393
240	124	460	754	369	232	897	549	688	376	530	327	658	518	401	371	607	781	437	781	456	342	373	851	329	352	19	364	262	904	183	465	456	83	115	882	410	178	23	797	868	346	648	343	523	751	311	134	371	0	95	643	336	781	774	798	751	517	815	664	806	422	613	818	373	444	750	287	139	761	851	207	502	195	47	308	771	851	622	384	472	191	687	734	359	238	809	898	724	167	359	507	183	61	838	87	393	455	615	325
520	422	105	728	862	127	108	735	270	285	129	231	138	735	866	2	103	463	294	759	254	292	681	246	561	197	376	10	400	49	463	64	420	274	587	454	743	436	490	742	909	249	32	669	355	55	267	124	716	189	0	863	832	227	119	272	50	644	638	521	673	357	407	178	173	396	137	181	24	300	180	567	798	322	85	668	604	339	260	647	424	900	116	846	782	665	171	455	538	391	335	440	436	41	185	286	454	91	625	902
377	559	287	77	404	509	828	397	121	87	360	116	293	32	300	13	919	610	371	585	312	470	155	541	897	579	748	780	870	342	770	889	3	267	597	559	509	86	252	881	288	388	648	459	135	179	57	849	644	419	151	0	347	912	848	527	504	361	767	565	752	439	824	486	35	538	179	159	656	866	408	373	898	808	153	519	328	367	249	765	51	374	192	598	863	638	844	59	365	924	369	865	421	111	614	82	221	912	326	168
909	413	270	93	330	705	102	381	497	135	567	504	565	6	26	584	229	617	449	42	110	350	52	432	879	102	527	795	916	870	790	802	629	588	868	170	767	638	104	699	813	631	916	560	701	500	639	630	94	914	594	501	0	824	862	125	551	913	881	731	853	193	422	831	467	811	771	569	406	450	913	514	863	442	620	1	334	11	14	93	694	275	685	143	619	310	283	428	717	501	235	238	651	489	135	25	649	50	718	535
822	135	389	1	792	867	444	345	500	782	558	796	863	469	869	702	600	170	909	460	135	752	791	729	309	923	124	388	21	42	54	403	903	604	279	812	722	869	82	506	740	567	258	496	852	135	57	465	691	279	885	539	153	0	675	685	702	695	558	697	582	583	718	862	361	583	65	246	208	194	629	784	240	158	442	88	471	21	514	661	664	493	402	542	630	449	282	574	377	755	620	752	882	488	350	456	231	651	656	484
185	142	638	500	149	783	924	809	599	863	464	787	585	519	51	309	832	897	107	28	566	250	883	499	136	518	436	196	342	341	660	64	387	896	154	924	499	458	125	819	226	287	93	110	445	888	678	188	164	191	3	831	220	258	0	496	390	637	553	748	27	323	141	398	630	147	50	672	841	782	489	127	815	519	883	889	354	696	638	626	795	5	201	369	684	140	91	200	361	869	28	431	117	228	748	155	493	577	80	612
48	414	336	267	55	54	758	50	338	120	639	632	120	876	854	451	897	558	320	108	815	400	365	59	872	649	792	590	754	741	18	459	515	387	818	664	393	128	3	855	500	278	548	503	22	845	10	309	536	923	38	437	292	607	816	0	585	604	830	2	281	395	357	601	141	445	891	597	15	581	872	71	448	306	432	344	28	635	837	97	685	350	49	709	437	621	241	526	252	350	178	63	249	622	774	240	37	634	800	554
408	107	774	630	464	417	708	585	781	340	201	843	803	665	105	650	811	34	832	84	268	489	624	687	439	714	763	257	503	225	368	765	747	355	413	113	587	327	536	386	881	164	734	656	445	527	111	84	594	277	882	803	871	169	670	95	0	501	641	266	309	866	583	749	789	66	330	904	677	394	435	766	798	11	558	612	287	571	621	702	608	476	150	853	619	99	479	488	901	249	697	722	593	746	282	241	480	327	23	847
338	911	691	816	137	559	579	614	408	175	247	260	445	508	650	643	726	372	550	395	106	93	482	424	98	613	268	378	616	116	528	638	873	924	306	887	481	60	552	280	854	5	805	583	483	589	917	283	227	615	781	375	848	405	393	728	279	0	95	519	377	133	31	420	875	720	344	600	216	650	171	385	639	344	924	435	592	183	693	63	94	188	317	66	844	636	404	200	898	3	81	395	923	526	597	375	605	485	41	276
744	773	462	255	868	713	915	113	406	834	584	405	483	918	180	743	862	33	670	359	436	489	675	690	910	509	267	738	570	682	207	104	13	378	169	879	248	8	487	575	689	470	122	440	766	252	1	294	268	821	80	684	684	380	133	764	474	491	0	75	152	708	659	663	598	694	367	273	275	364	99	59	828	751	400	908	45	429	678	62	114	733	307	437	295	923	709	72	306	46	349	414	412	839	199	420	855	400	882	755
479	72	83	514	305	848	341	108	561	739	613	9	319	567	167	409	722	444	25	433	306	670	422	370	580	215	839	853	451	897	242	301	185	647	462	269	716	164	228	744	248	655	37	182	534	532	169	913	639	525	337	35	685	807	562	493	606	247	812	0	566	168	539	280	98	160	836	481	827	657	307	202	581	794	474	675	624	652	795	458	604	520	496	627	102	34	21	260	714	468	807	35	484	153	583	333	319	923	742	774
636	384	832	397	691	322	653	711	565	204	1	637	771	65	62	729	918	76	229	896	59	649	717	356	453	558	864	321	165	301	239	441	700	540	459	16	457	815	452	185	36	381	153	409	278	552	193	103	439	411	640	356	187	393	522	855	839	866	216	443	0	20	361	593	9	415	105	552	850	386	390	719	344	60	212	33	287	206	95	231	184	586	576	250	465	701	431	903	372	61	824	497	697	676	85	796	120	664	686	553
356	26	266	384	64	600	692	203	762	41	244	586	375	74	307	805	196	705	215	572	888	280	180	605	306	894	699	530	790	494	770	678	384	606	544	225	217	800	349	245	425	854	828	695	346	88	369	735	439	444	450	618	550	701	527	747	714	196	207	503	617	0	154	643	897	610	666	808	884	83	178	261	491	186	540	555	154	576	710	537	665	171	434	882	38	152	756	854	1	478	260	834	229	136	923	153	340	896	852	772
751	513	387	541	523	526	113	876	409	540	518	449	366	545	65	475	421	860	97	307	149	142	614	431	653	269	649	121	264	352	430	37	573	195	697	39	150	376	49	78	315	651	562	18	97	757	571	589	770	899	511	915	13	666	301	8	768	22	82	360	602	486	0	623	145	655	432	223	17	623	217	642	177	816	717	299	555	919	6	742	365	885	709	499	868	226	259	471	257	290	814	37	551	614	192	315	296	701	391	499
699	621	588	583	695	454	684	767	95	501	464	386	396	37	325	147	748	24	26	693	368	306	546	701	284	537	863	901	410	412	632	340	326	697	598	287	470	628	109	755	211	666	408	549	556	608	51	208	602	709	123	166	387	139	93	206	43	749	267	858	688	607	792	0	629	691	168	331	838	907	876	359	333	584	528	14	715	904	447	270	196	877	116	885	600	9	834	364	187	142	23	255	220	276	616	856	49	907	365	66
752	878	29	192	622	850	366	221	498	377	785	674	199	581	530	243	867	819	584	4	869	593	239	636	674	771	866	895	636	137	432	24	571	158	272	300	797	720	115	584	233	263	338	295	561	579	436	838	272	427	362	40	895	70	92	741	835	119	344	710	119	624	203	906	0	162	773	31	663	59	410	509	96	127	773	543	459	428	36	679	327	400	39	12	668	435	609	90	104	17	430	859	520	623	619	856	107	499	589	740
542	536	14	86	662	448	850	170	354	760	740	548	300	6	649	101	428	300	565	493	858	395	279	239	147	907	55	829	700	876	831	413	64	751	136	685	355	297	570	417	747	361	667	339	398	276	575	36	651	676	865	843	500	40	785	561	321	354	346	821	310	140	379	182	29	0	87	582	545	648	717	442	656	481	282	132	698	153	487	897	319	9	661	870	633	410	490	260	903	201	639	534	81	11	421	900	683	842	856	528
316	810	191	42	649	869	91	697	644	270	248	599	664	338	420	236	123	266	835	194	730	801	828	171	719	545	810	1	842	666	796	802	199	293	902	392	443	438	255	521	188	275	120	64	901	394	583	764	30	481	315	430	366	371	669	323	82	522	687	839	666	473	160	682	254	335	0	21	396	863	822	787	480	834	153	18	550	695	37	114	294	203	532	617	379	808	397	299	241	797	776	96	890	532	443	393	34	693	396	827
48	396	561	480	58	101	570	892	443	790	808	289	863	594	838	275	771	762	133	704	408	15	721	267	908	646	716	25	866	310	486	586	196	686	900	671	76	114	788	576	797	792	729	86	167	19	326	898	489	27	317	713	475	233	744	924	248	96	14	299	586	372	173	65	520	633	600	0	645	515	739	552	704	251	341	378	518	300	435	633	406	908	73	67	432	291	606	42	65	19	517	660	329	110	754	267	100	908	506	763
855	322	258	780	512	518	379	688	38	887	215	505	393	649	390	880	40	197	30	744	458	67	596	774	429	633	683	333	151	601	608	871	121	437	547	699	667	507	495	234	447	328	465	724	581	96	850	166	831	623	701	698	371	63	458	37	360	187	121	590	468	314	728	270	723	120	323	782	0	181	344	59	359	365	574	220	264	843	87	887	247	534	123	498	114	765	111	652	392	159	78	501	621	443	291	597	253	233	173	824
393	187	780	528	605	471	715	148	848	503	527	484	167	246	683	817	242	664	562	320	489	490	824	113	590	242	414	340	781	167	400	241	513	554	473	893	364	175	263	41	916	706	90	589	223	677	158	688	108	917	123	629	915	893	898	201	454	259	908	457	428	81	64	334	879	763	282	774	185	0	311	760	439	298	102	9	868	624	151	627	495	810	484	571	449	697	858	399	204	304	86	686	919	368	544	824	554	511	154	817
888	162	114	79	377	435	433	909	18	149	359	599	767	365	116	591	500	21	140	409	97	746	798	701	206	492	520	368	371	730	40	630	210	275	896	45	834	437	638	676	718	888	285	334	727	775	213	97	270	23	875	907	644	792	525	165	599	644	328	348	482	130	504	612	562	684	84	34	210	41	0	241	204	59	181	559	488	377	138	451	377	631	471	625	559	777	48	200	313	922	892	321	748	428	865	590	519	9	544	231
50	351	77	711	14	580	767	560	91	321	607	628	482	174	770	404	97	689	604	804	457	659	241	465	421	446	457	315	554	874	16	856	603	329	387	902	438	689	36	878	251	55	57	726	808	276	864	827	62	150	130	524	844	910	245	33	394	435	870	331	203	454	266	857	391	397	230	316	341	399	630	0	751	315	328	896	197	726	595	374	595	879	455	893	774	463	315	74	720	78	360	623	632	551	115	544	657	515	558	99
854	539	13	477	506	258	279	184	264	130	27	467	772	512	119	854	912	53	519	114	746	702	158	517	644	605	635	199	260	510	116	896	24	534	201	573	756	162	126	900	431	90	515	358	462	201	468	593	553	843	97	898	263	908	108	112	416	686	395	435	385	839	721	631	683	475	150	67	914	630	753	225	0	425	329	615	583	178	351	341	631	363	650	406	723	234	245	909	642	303	587	887	839	543	568	545	780	345	848	835
549	528	859	603	346	664	13	68	632	752	622	218	526	640	205	237	135	676	58	388	733	130	673	608	614	264	162	503	781	148	395	712	327	531	791	859	686	695	432	831	437	388	27	412	110	819	549	290	819	378	917	718	155	716	185	821	685	512	157	454	180	857	782	666	707	711	695	637	778	517	134	862	499	0	412	38	526	676	786	165	42	902	273	734	141	530	499	197	728	669	773	873	491	321	86	574	61	84	863	17
137	394	683	917	521	250	522	851	372	72	417	511	628	254	533	51	632	151	331	621	88	299	107	904	537	467	538	754	94	446	438	280	735	242	538	427	151	505	571	892	770	874	915	382	553	715	589	474	565	125	108	587	789	628	154	622	337	34	170	350	768	507	544	172	483	510	505	522	632	501	686	695	843	620	0	906	596	709	535	556	339	328	626	844	4	249	774	196	227	351	604	497	552	551	860	893	175	310	238	426
568	518	798	635	626	124	734	539	110	225	793	674	532	109	478	166	853	326	210	117	753	362	369	665	690	549	236	462	318	684	908	510	289	174	234	178	29	522	237	871	826	457	457	631	274	652	673	410	660	400	157	41	335	712	607	618	168	906	141	481	710	231	434	27	632	440	664	48	804	908	297	776	829	618	274	0	298	544	241	454	378	249	600	117	504	116	792	261	291	682	913	752	302	650	883	249	133	871	870	743
500	97	226	54	452	723	414	28	842	797	646	203	320	361	6	546	277	434	655	216	29	91	662	474	150	639	443	704	798	671	570	867	827	792	756	338	474	128	518	372	572	319	621	621	160	336	271	476	161	154	689	400	905	855	305	295	217	76	70	167	19	157	648	162	42	519	111	150	731	430	446	5	340	257	735	520	0	162	11	359	247	42	70	304	882	158	575	460	376	757	145	337	56	520	44	237	121	29	13	197
759	909	494	51	866	121	775	596	211	654	300	247	449	260	841	290	409	893	794	98	597	896	459	325	570	397	611	279	876	764	469	527	226	602	546	278	317	237	473	727	41	287	616	426	593	579	778	644	252	463	720	126	373	766	824	813	277	283	371	576	418	658	653	591	125	274	109	616	495	3	907	59	621	478	374	237	246	0	887	306	221	776	38	349	510	708	864	760	97	309	31	358	286	570	447	411	727	510	190	863
879	746	17	371	815	273	279	318	915	688	307	289	276	278	400	451	85	118	501	151	909	436	747	843	272	422	544	716	652	314	607	311	37	216	287	99	274	880	542	866	819	724	388	449	140	585	448	172	137	5	43	316	632	148	449	224	452	434	463	747	634	110	729	68	386	651	96	218	118	636	469	770	262	47	45	676	789	201	0	276	414	466	916	542	464	568	557	164	692	343	633	667	627	306	240	71	729	478	256	641
731	735	201	693	890	641	330	125	50	445	402	1	498	132	591	369	880	240	764	427	48	668	606	634	8	655	909	658	765	156	424	617	26	804	17	292	671	180	188	361	596	280	59	660	428	328	377	244	2	468	278	90	794	289	909	184	20	208	749	785	463	307	663	79	467	65	384	624	316	709	137	586	919	280	186	122	786	718	441	0	404	854	675	615	284	57	94	459	797	208	266	738	720	849	271	136	427	293	845	242
123	534	461	34	859	739	352	302	335	87	790	593	863	113	182	194	137	139	498	910	509	674	358	718	323	806	466	384	584	363	184	620	159	728	108	238	412	253	619	357	913	536	154	380	462	619	350	746	914	109	803	675	136	348	534	829	397	346	837	921	847	78	280	449	850	156	439	49	153	897	853	242	872	592	377	918	355	261	760	317	0	623	512	139	882	876	388	606	359	103	896	446	64	850	318	315	429	276	158	584
22	701	366	2	873	543	765	560	169	498	491	704	379	858	357	150	888	841	461	98	117	798	631	743	704	725	20	742	89	915	834	262	754	428	19	578	452	881	414	641	243	269	425	288	599	265	48	303	532	524	734	527	784	868	779	295	515	867	336	499	124	178	898	419	391	80	28	658	420	706	832	553	355	862	788	422	650	619	572	592	120	0	897	157	244	272	73	532	320	237	804	201	289	620	298	66	54	402	829	225
750	812	711	375	621	300	726	554	484	155	760	802	545	648	281	106	336	497	241	892	88	736	383	893	337	211	758	815	422	657	172	117	24	494	687	789	747	776	448	400	847	18	743	432	585	212	620	904	251	866	100	283	710	559	525	353	702	901	758	265	632	281	627	514	503	630	843	489	74	757	781	845	762	395	612	431	367	841	570	113	782	786	0	411	58	151	848	38	484	770	787	778	765	797	311	624	560	101	688	348
253	859	615	239	749	789	625	912	520	810	355	614	385	630	72	636	110	268	556	586	791	737	699	268	745	639	451	268	303	142	575	832	887	909	48	46	98	67	915	263	749	92	166	852	208	586	302	298	337	890	424	76	162	224	526	109	904	600	648	214	637	619	918	744	890	442	916	606	304	737	904	448	485	197	861	367	328	902	915	780	105	657	119	0	103	660	810	421	819	353	585	149	234	331	89	225	24	735	34	89
912	738	348	107	710	246	575	603	80	476	654	306	195	198	7	494	167	845	600	463	893	367	293	239	364	448	62	480	349	768	153	71	10	314	397	441	479	546	532	703	75	682	758	520	276	825	380	214	688	631	789	583	187	764	574	453	592	412	280	607	329	541	79	784	15	174	625	424	343	378	5	604	492	783	467	22	540	575	93	731	53	149	408	20	0	623	814	103	392	33	777	240	33	222	331	158	30	5	573	332
194	428	464	859	446	95	452	918	487	551	653	553	913	287	153	608	128	250	162	151	658	231	645	330	115	769	362	353	554	911	782	522	264	883	665	879	843	542	252	896	792	605	496	901	388	798	224	92	552	774	359	698	125	435	629	642	423	548	901	646	12	681	327	907	561	284	97	10	281	386	468	462	128	490	478	371	622	577	71	150	236	181	812	812	456	0	281	360	916	268	49	632	879	186	317	172	511	426	859	202
367	273	299	579	601	557	699	790	337	455	796	807	565	770	415	428	683	258	314	322	885	859	783	237	486	90	274	499	872	586	871	748	786	351	850	464	886	472	66	745	214	713	33	381	550	818	266	255	140	407	629	309	115	872	272	533	243	643	840	700	93	824	369	4	661	828	140	630	29	343	694	618	460	701	918	225	496	721	472	190	761	578	675	468	448	110	0	93	692	543	1	409	470	786	762	395	315	890	485	624
704	721	682	787	785	74	354	215	772	673	630	13	311	456	60	504	68	860	715	333	438	268	31	391	289	321	173	909	442	597	413	506	35	664	472	49	51	413	830	469	830	748	115	761	112	340	382	915	239	671	679	813	880	43	889	20	741	892	93	416	289	580	787	313	743	918	751	501	568	521	636	897	667	351	731	174	637	89	87	873	770	795	602	658	116	132	249	0	663	177	291	466	305	377	747	414	475	110	625	190
563	651	208	860	70	775	46	837	80	551	844	383	705	606	923	787	484	198	600	187	369	828	264	319	507	190	739	427	194	145	171	769	212	875	317	418	336	853	448	718	418	557	443	226	705	846	134	827	251	573	371	690	462	146	4	218	368	614	111	509	302	73	231	210	102	89	739	834	830	291	866	202	537	298	265	594	743	498	283	839	866	802	831	445	557	681	604	273	0	881	711	108	547	846	330	18	887	592	352	668
138	336	398	513	211	365	594	166	848	780	303	532	818	676	464	650	54	32	493	205	11	269	29	311	502	643	774	713	383	97	718	174	53	436	253	826	597	356	270	208	484	514	566	587	478	540	598	369	195	450	718	206	714	741	575	616	419	402	733	853	748	674	560	207	2	362	344	113	574	113	731	572	36	419	904	878	50	188	743	368	853	410	465	645	677	1	809	414	365	0	661	471	362	602	689	279	791	808	95	654
194	681	46	207	601	688	759	569	744	794	497	401	897	923	343	743	336	435	491	135	30	433	629	179	196	602	59	660	329	586	285	308	503	886	444	781	672	255	706	591	42	228	679	550	793	624	850	475	17	227	141	203	346	710	693	762	187	439	631	758	679	833	853	56	403	679	521	82	509	553	591	775	608	36	418	302	132	294	67	708	201	230	26	29	560	166	392	645	472	838	0	426	764	830	768	526	385	528	637	662
418	2	387	708	137	603	623	12	440	305	7	93	803	376	138	920	168	715	156	888	102	541	286	501	59	84	348	758	586	331	353	135	440	822	795	338	834	690	671	860	745	335	357	231	15	809	738	197	55	420	616	125	145	100	463	105	265	903	503	764	576	489	783	332	267	139	739	175	91	372	593	516	25	711	580	697	377	2	604	18	862	784	448	433	27	804	528	455	807	396	878	0	805	666	491	717	13	101	670	150
893	801	796	697	584	258	229	420	443	366	300	159	205	52	255	110	552	632	245	312	747	312	564	576	72	362	532	580	243	605	254	647	527	893	731	133	403	868	739	241	921	344	94	150	342	337	220	107	287	559	912	604	701	102	768	826	917	357	901	302	880	18	826	912	640	115	131	639	510	204	788	37	588	467	434	306	249	552	170	570	811	558	803	235	356	422	316	138	311	161	802	709	0	501	282	618	566	371	1	580
509	490	360	529	472	532	578	618	263	545	331	690	851	680	213	657	317	403	103	324	737	12	324	139	538	368	566	185	148	313	108	378	486	825	509	83	437	787	859	5	301	531	372	848	801	506	255	7	715	238	868	34	89	712	170	673	680	608	535	129	189	28	889	273	516	500	32	882	284	481	410	645	54	815	604	371	335	71	563	133	337	481	100	791	145	691	600	901	191	727	22	632	880	0	574	913	284	397	760	854
397	299	313	225	502	634	840	97	96	39	801	915	289	542	811	432	710	921	865	507	652	707	50	115	477	805	46	575	277	875	52	761	460	419	453	294	27	724	43	55	654	568	276	162	628	642	340	9	109	789	794	362	365	662	872	898	548	203	147	169	606	668	196	224	93	55	830	153	655	849	750	56	898	466	120	628	136	531	883	176	381	206	104	249	324	568	503	47	114	648	265	94	642	140	0	495	13	855	88	500
437	805	407	544	451	799	465	230	470	917	660	579	494	559	229	536	586	842	522	18	603	417	270	819	431	699	210	102	721	476	159	320	727	48	872	631	481	129	722	310	901	479	224	204	628	437	119	543	223	722	605	910	880	45	89	417	848	511	638	75	894	583	380	747	800	844	167	405	578	810	432	789	153	631	554	432	255	637	922	920	841	133	663	812	266	345	89	414	219	215	57	12	602	210	407	0	6	292	859	478
471	564	424	558	783	258	15	247	613	517	498	349	825	654	118	841	497	343	668	76	868	615	787	624	689	218	755	427	555	518	688	663	847	504	325	836	913	32	604	48	213	378	602	703	257	180	355	134	496	84	378	572	1	815	356	364	444	127	116	761	55	676	157	181	603	339	40	795	513	301	355	389	629	9	101	159	526	282	292	803	795	64	901	433	15	442	360	614	329	579	324	564	90	844	62	864	0	523	318	53
187	890	805	274	629	689	587	449	261	814	51	667	313	376	816	369	441	441	5	653	900	332	482	671	552	287	355	539	224	572	618	224	337	414	264	56	1	768	540	849	560	411	419	356	340	812	448	254	560	376	772	42	231	902	98	510	135	126	621	287	182	276	231	319	176	664	914	776	36	526	666	1	750	498	71	798	875	500	239	326	148	752	477	878	597	54	182	724	502	403	10	517	203	732	829	844	649	0	659	824
842	196	679	584	399	241	799	309	514	435	70	535	260	382	851	651	438	805	240	584	807	544	632	77	470	284	423	731	413	646	120	818	637	910	502	813	308	467	140	93	597	198	810	209	544	362	101	812	551	57	254	706	514	493	18	370	430	227	916	302	148	402	790	485	306	719	829	367	93	23	419	115	391	21	885	866	501	447	106	205	374	407	90	574	729	917	261	517	262	85	25	317	158	828	64	217	830	278	0	555
415	565	47	585	707	761	217	859	816	800	671	32	647	612	740	89	450	307	120	406	90	420	484	704	837	457	713	94	465	824	295	71	785	479	753	128	895	652	253	730	284	482	631	563	604	526	66	111	570	721	443	68	263	662	782	686	864	764	495	316	127	159	639	923	229	352	684	189	599	728	353	585	524	382	619	660	709	537	571	184	592	544	46	472	187	559	862	94	205	819	375	626	115	820	304	698	274	148	823	0
