A	B	C	D	E	F	G	H	I	J	K	L	M	N	O	P	Q	R	S	T	U	V	W	X	Y	Z	AA	AB	AC	AD	AE	AF	AG	AH	AI	AJ	AK	AL	AM	AN	AO	AP	AQ	AR	AS	AT	AU	AV	AW	AX	AY	AZ	BA	BB	BC	BD	BE	BF	BG	BH	BI	BJ	BK	BL	BM	BN	BO	BP	BQ	BR	BS	BT	BU	BV	BW	BX	BY	BZ	CA	CB	CC	CD	CE	CF	CG	CH	CI	CJ	CK	CL	CM	CN	CO	CP	CQ	CR	CS	CT	CU	CV
0	887	579	52	707	815	795	361	212	800	221	522	641	669	930	502	556	469	907	467	278	83	773	75	237	627	459	880	111	604	646	82	123	641	417	223	631	146	165	309	413	753	872	958	766	660	299	56	87	673	24	386	931	316	357	289	741	713	316	478	384	650	190	475	583	237	608	675	73	270	103	588	714	741	412	408	520	288	467	589	389	758	263	41	866	584	334	412	234	836	797	893	905	604	72	117	763	929	790	186
758	0	203	311	816	354	773	591	815	374	287	519	510	551	256	956	590	348	134	621	540	87	253	877	553	164	868	89	17	210	393	950	520	133	767	793	691	875	269	812	920	784	384	106	107	460	720	787	88	581	439	352	349	738	468	839	36	122	398	202	193	15	128	153	451	437	913	783	637	884	858	847	95	716	209	536	367	797	420	264	143	45	292	678	332	17	789	796	390	454	250	17	406	10	175	9	75	754	481	37
337	814	0	300	626	488	318	290	636	324	840	721	60	885	125	370	23	685	398	46	131	958	788	842	178	304	529	714	483	215	82	304	457	246	851	201	929	583	840	624	325	745	466	509	132	726	424	830	488	494	902	41	205	611	514	875	168	62	831	427	501	816	952	690	821	295	249	626	947	958	884	949	21	268	813	700	439	673	210	469	884	224	267	2	741	97	372	885	477	381	868	624	304	207	207	797	835	957	254	619
419	180	693	0	518	765	503	855	564	846	375	492	800	37	584	656	584	105	238	242	421	664	678	728	235	75	238	850	457	941	690	228	31	508	620	553	894	625	59	908	268	727	3	387	318	715	382	69	163	227	511	389	538	172	722	183	117	218	683	21	473	607	185	560	676	945	475	82	524	744	383	914	957	562	338	614	862	749	590	598	188	904	834	284	756	164	271	577	707	382	327	89	241	424	958	160	181	47	884	573
24	385	95	713	0	721	911	789	730	746	798	369	683	502	744	690	583	387	328	498	70	766	474	4	783	501	224	815	431	693	225	464	422	499	953	137	807	2	156	487	364	448	216	419	172	401	422	175	622	381	480	132	236	222	929	99	424	948	424	27	638	593	118	573	660	354	269	114	814	771	743	93	394	406	149	290	684	399	372	242	478	561	577	75	501	392	166	384	718	439	31	781	328	61	5	327	320	662	395	96
825	944	694	754	635	0	441	900	709	928	294	192	400	256	324	447	927	56	340	144	290	578	298	576	623	377	306	446	953	865	142	744	489	297	592	936	877	563	361	590	563	659	430	2	204	188	260	570	292	137	425	14	965	303	191	205	14	43	774	568	574	98	904	460	906	435	922	884	921	552	569	965	819	312	345	606	50	680	97	764	208	1	301	877	266	119	734	57	626	84	395	901	363	930	18	614	98	697	201	874
733	255	150	20	426	629	0	61	184	788	383	661	742	208	804	229	915	593	186	601	944	935	406	958	196	128	731	342	510	675	711	407	20	565	243	433	342	529	30	40	137	308	174	292	737	379	671	254	668	195	470	475	790	416	473	771	838	853	317	288	337	383	418	310	672	584	724	498	345	641	740	960	812	956	542	852	867	575	929	297	227	11	203	452	839	802	14	95	493	425	221	92	544	809	680	819	270	459	342	636
151	122	207	869	284	931	263	0	823	247	889	651	504	349	214	637	828	46	86	376	908	394	215	835	859	771	848	189	218	362	603	885	151	278	442	217	844	307	607	253	242	12	376	519	183	148	826	929	619	461	144	625	564	284	877	351	758	322	903	398	362	916	431	907	861	899	3	25	214	426	847	386	327	104	18	539	790	600	711	860	65	167	316	139	288	505	158	367	149	44	291	207	324	79	551	510	612	171	686	748
935	955	195	590	862	825	93	202	0	407	924	582	591	489	256	177	422	837	757	600	686	210	246	150	320	241	184	791	60	462	278	76	854	881	588	882	925	293	529	823	667	272	351	264	580	517	82	588	717	222	246	183	900	952	934	672	874	260	170	283	860	239	509	923	63	774	818	701	242	398	278	208	110	241	815	124	802	300	838	450	637	412	282	495	280	699	69	875	118	708	320	50	271	674	280	830	1	101	259	244
819	868	75	650	558	736	447	26	213	0	116	577	169	512	322	915	777	626	826	326	107	283	54	905	197	690	236	593	193	417	576	814	742	864	266	939	616	74	781	712	852	192	519	153	299	143	416	260	679	767	938	11	3	552	256	917	456	336	112	476	729	57	465	550	35	252	209	823	874	877	723	59	616	350	125	768	428	340	375	364	331	707	612	55	475	298	371	296	947	582	48	933	651	195	84	114	743	285	60	689
8	622	419	70	492	4	953	138	784	809	0	405	843	950	33	387	399	831	564	932	809	404	344	742	280	632	856	553	8	390	388	489	310	553	651	767	171	355	856	940	665	861	445	581	530	465	444	723	505	101	74	74	739	416	480	662	523	610	658	886	394	95	745	609	124	464	225	23	932	716	373	136	534	94	300	75	798	868	550	67	726	894	843	908	854	531	367	657	570	714	5	817	725	522	764	867	878	385	636	423
70	79	590	581	877	523	758	740	139	858	162	0	647	125	312	465	468	575	57	214	102	590	614	818	546	154	515	305	363	189	763	924	466	245	294	272	953	341	154	720	262	72	701	401	146	354	584	861	809	455	101	321	801	653	593	269	875	174	674	665	657	563	947	490	487	81	161	809	197	478	730	609	346	350	776	573	30	17	417	341	880	911	766	472	314	424	778	245	596	514	771	394	322	421	237	681	434	680	528	59
663	548	867	395	448	442	874	644	167	291	362	526	0	765	16	930	140	558	533	900	552	746	346	951	675	817	440	955	522	206	25	342	270	182	593	860	462	403	870	511	815	327	527	41	922	756	547	503	559	360	872	84	410	504	820	357	594	178	777	889	880	278	900	42	63	785	413	153	539	646	456	938	537	144	467	599	474	22	43	655	554	952	879	81	708	355	87	431	714	631	784	858	618	134	335	246	212	145	443	294
952	523	860	501	13	523	662	307	836	410	966	919	906	0	519	289	498	506	469	560	88	741	797	903	688	491	309	324	856	957	168	709	321	39	942	84	128	305	183	650	254	371	128	693	218	121	191	743	850	753	533	797	954	421	433	359	6	787	463	80	77	732	755	154	546	690	580	435	664	116	108	125	469	436	905	818	576	883	698	899	582	85	496	269	636	282	842	778	905	885	903	352	673	331	931	892	771	517	938	594
955	660	29	584	744	322	79	128	559	497	903	271	137	930	0	562	484	330	902	880	543	796	37	535	387	845	361	157	794	490	824	96	208	192	658	499	913	933	681	793	365	734	862	449	670	946	856	191	668	573	113	920	420	180	890	397	889	694	789	151	299	129	627	710	577	953	327	621	778	91	809	103	49	595	206	151	453	104	930	263	323	740	734	918	551	188	348	417	583	27	328	779	842	119	558	397	650	937	788	774
548	141	457	418	906	71	180	688	932	562	144	283	779	349	802	0	96	45	322	916	723	639	643	182	879	248	138	53	594	576	386	477	578	5	392	807	307	279	286	948	936	173	607	612	736	291	493	527	451	84	590	441	680	222	659	379	222	872	479	760	631	451	660	659	931	450	179	161	861	14	809	432	450	859	45	412	688	721	233	676	750	305	803	861	131	418	709	955	603	966	654	112	797	120	606	304	588	354	892	677
709	16	595	50	594	621	86	796	28	236	657	238	935	449	779	543	0	337	582	363	906	443	598	746	29	719	83	55	687	69	866	832	505	312	84	924	576	730	683	45	371	275	700	765	265	56	680	727	105	899	748	570	678	437	402	207	112	746	256	659	248	850	470	728	560	177	863	20	113	139	810	660	444	448	10	874	336	665	878	484	665	83	237	922	344	689	704	415	492	614	69	556	585	570	776	567	9	258	951	175
644	40	160	524	377	652	430	962	285	835	867	672	666	828	601	540	192	0	479	656	740	353	84	825	151	186	657	436	606	770	842	765	703	239	292	120	222	416	132	922	361	72	213	747	157	330	859	121	94	746	586	679	556	331	264	958	208	434	315	857	707	651	484	810	753	848	615	531	373	913	896	98	178	112	12	545	346	505	419	532	297	909	25	51	247	675	659	475	184	531	318	322	156	194	190	16	356	625	10	646
72	323	821	690	932	750	521	460	914	533	925	262	488	308	728	109	631	350	0	722	72	530	889	661	368	215	853	538	851	259	542	758	960	602	668	565	668	493	201	14	272	420	261	542	554	488	61	510	418	490	89	69	896	461	170	329	661	654	6	924	130	832	851	129	787	401	591	384	399	742	269	245	476	522	336	645	379	442	273	578	352	519	284	839	241	913	608	826	947	7	905	636	886	929	646	590	751	410	630	903
900	770	144	883	115	879	82	383	805	563	291	80	552	470	154	822	141	751	353	0	719	861	19	799	72	100	814	675	731	156	10	762	49	472	589	58	762	388	812	663	582	621	431	515	361	491	818	840	166	414	656	850	337	487	514	948	632	410	826	427	131	933	452	41	64	742	74	796	794	718	517	886	73	357	810	886	438	264	485	140	375	335	470	112	137	485	301	458	926	47	445	120	780	590	559	658	440	239	316	441
734	224	237	554	607	38	441	537	626	790	854	719	329	729	201	331	662	87	25	669	0	848	163	810	615	589	415	98	633	617	18	654	756	36	896	943	804	558	882	61	706	516	809	630	327	402	300	433	576	849	328	218	386	484	656	264	89	326	816	824	485	953	206	940	925	57	233	404	584	230	231	312	135	443	750	651	157	688	554	113	905	692	493	445	404	350	358	772	66	808	231	676	849	192	272	603	603	705	327	361
60	52	295	55	274	293	40	482	829	637	696	626	673	551	904	368	905	620	15	944	552	0	648	848	832	810	314	402	711	51	386	739	150	5	748	905	669	915	296	55	377	756	326	541	422	392	514	220	878	718	904	220	845	317	925	667	345	600	54	371	468	895	813	558	206	927	719	175	192	850	249	505	811	227	688	410	165	48	142	886	445	283	751	438	935	832	935	693	138	836	260	419	290	762	212	349	888	322	609	203
680	250	931	275	956	7	775	350	791	308	243	839	501	843	322	834	372	870	941	786	378	883	0	371	720	328	568	41	827	848	843	842	848	488	548	344	700	332	878	88	829	623	443	681	506	449	30	502	599	62	707	356	160	537	803	811	359	606	412	470	750	563	144	194	632	919	186	953	523	941	280	90	426	540	442	398	753	735	548	700	770	367	610	946	36	491	899	462	686	929	857	569	770	87	572	467	558	274	491	710
918	620	55	625	571	168	589	449	71	216	852	753	96	104	109	595	410	523	48	779	777	144	774	0	248	423	494	239	497	703	212	742	158	924	249	283	289	786	511	644	432	667	596	845	245	711	122	374	340	48	921	784	296	935	409	734	339	353	329	963	909	896	940	471	747	685	940	317	904	859	496	600	699	458	825	129	577	689	275	710	363	899	155	77	6	345	459	45	227	18	655	259	610	533	939	656	661	236	58	946
819	516	344	310	16	431	73	789	117	707	369	15	36	155	909	384	419	65	50	113	841	320	521	375	0	474	903	515	535	296	860	594	586	56	804	483	385	473	600	891	845	111	273	822	251	933	528	945	293	822	138	3	684	434	789	535	50	805	65	497	397	65	188	518	692	955	882	607	94	500	283	889	937	496	555	265	556	650	187	110	723	258	27	619	350	225	230	122	269	882	671	938	337	232	948	581	462	943	669	802
365	69	743	339	438	122	580	217	99	410	610	742	436	833	955	849	291	495	799	77	292	910	926	472	485	0	960	350	920	782	92	225	485	544	353	788	49	879	852	773	273	614	310	669	418	85	831	230	721	481	847	648	464	254	172	835	45	530	565	411	612	142	570	242	242	966	704	307	96	52	410	702	354	361	76	507	902	298	889	362	623	139	774	400	861	445	678	719	513	899	109	554	734	646	751	379	284	604	82	171
388	721	768	248	133	553	647	560	810	325	50	554	488	282	828	76	858	833	318	409	923	329	916	100	247	423	0	687	341	944	15	142	251	710	191	912	726	366	318	830	897	668	94	893	138	76	895	163	738	107	419	231	505	686	13	444	143	369	324	942	714	214	420	686	150	808	585	498	607	943	929	565	419	245	73	868	230	692	41	94	506	530	356	842	9	790	138	865	634	795	409	337	873	957	829	639	626	146	241	247
688	744	14	368	907	183	851	435	819	851	589	823	254	221	885	716	414	117	38	596	190	310	6	109	435	79	807	0	365	722	545	226	458	890	155	927	141	703	917	4	689	603	329	182	14	208	390	132	920	469	10	502	785	689	100	141	18	126	197	168	546	623	713	863	560	613	177	74	690	686	624	19	329	447	352	635	565	598	80	824	965	478	869	129	98	552	935	59	244	774	96	144	130	160	541	544	155	113	213	784
320	691	376	468	641	512	19	229	443	538	899	888	958	873	719	724	840	767	11	787	842	513	304	341	944	283	273	948	0	478	46	251	958	896	158	210	84	594	812	689	503	101	633	138	436	53	886	799	5	382	396	660	256	465	287	547	943	325	518	526	923	882	932	248	652	52	169	18	526	257	800	105	363	899	4	267	238	761	769	225	675	933	81	944	135	186	832	684	769	404	837	426	822	780	302	327	81	111	704	704
862	670	643	690	648	592	214	210	193	143	960	861	565	130	105	729	626	613	570	358	105	722	358	125	724	467	31	140	575	0	342	142	273	590	373	582	677	180	850	270	21	567	856	170	325	496	365	954	501	645	7	75	251	658	620	513	833	74	762	764	890	46	102	711	878	585	838	82	158	643	483	352	453	807	771	321	615	209	933	259	661	585	304	278	311	451	118	493	31	858	320	607	148	177	831	199	321	629	100	359
56	219	646	190	518	232	637	567	321	554	966	213	961	903	185	20	710	397	234	728	539	246	212	184	198	849	112	589	156	621	0	220	478	139	869	778	66	4	85	484	626	526	114	366	306	833	605	147	57	887	912	771	50	11	725	301	184	441	782	619	832	533	53	546	276	866	184	502	98	842	597	505	892	737	760	632	788	601	381	839	392	729	84	963	207	650	1	549	165	573	338	940	124	107	653	783	482	868	446	413
941	677	231	725	118	821	657	761	829	43	638	757	444	520	317	869	355	396	19	464	966	278	323	137	808	426	523	548	631	565	214	0	766	302	369	244	204	388	841	315	89	582	161	913	314	671	497	402	749	842	397	480	865	198	849	164	509	587	192	690	424	752	805	270	723	597	484	457	801	385	873	766	503	141	794	939	58	429	165	98	311	578	150	216	824	602	172	499	361	30	828	246	946	487	85	612	160	540	233	111
706	626	224	411	853	357	350	755	582	264	330	450	362	306	83	465	329	656	57	520	76	178	326	467	443	438	326	119	405	581	189	329	0	408	649	326	73	104	687	2	184	14	464	504	836	169	682	961	12	30	123	600	786	359	754	294	89	949	938	682	405	571	37	671	120	117	3	98	490	350	249	418	779	140	550	777	559	265	261	859	710	196	848	1	520	896	332	446	55	776	416	463	342	271	572	739	933	249	636	201
527	448	405	907	416	741	150	889	365	225	144	843	7	921	165	895	493	758	937	514	218	419	897	272	303	136	787	435	901	44	769	837	390	0	715	14	674	14	551	156	748	924	773	44	309	392	552	25	14	872	957	840	812	334	720	693	609	75	294	853	950	426	2	553	527	890	809	399	328	322	45	63	449	206	538	850	226	544	899	810	538	712	39	755	356	69	57	223	370	274	784	103	960	359	826	742	101	870	115	543
27	209	713	181	809	602	362	725	126	517	796	549	562	904	885	666	368	121	289	148	436	46	636	216	691	738	220	693	615	474	137	612	130	780	0	228	149	886	759	688	912	433	503	427	856	175	37	11	63	844	772	346	782	296	759	602	310	578	953	899	112	70	774	157	792	614	389	187	895	663	1	1	125	565	952	129	474	909	786	457	828	686	417	278	705	588	80	387	755	774	660	387	314	353	452	12	771	858	13	480
466	311	128	826	697	751	502	652	17	45	52	380	784	358	748	209	862	352	523	134	194	647	238	895	255	174	823	277	962	519	834	595	750	115	342	0	421	82	648	508	313	533	653	592	499	376	347	53	291	273	947	830	655	63	595	698	90	185	368	138	568	369	921	263	99	510	933	460	728	119	169	66	400	9	123	542	936	916	508	66	329	209	372	962	296	731	749	375	865	783	575	748	149	965	600	775	885	495	949	434
885	202	343	238	702	796	858	738	651	512	551	891	801	721	413	109	442	348	681	811	222	456	793	480	360	609	735	795	661	71	383	633	663	294	178	603	0	485	652	106	349	393	464	84	822	392	627	78	246	68	129	211	280	397	432	390	943	131	350	670	580	217	675	438	944	95	601	491	444	15	180	742	488	427	569	210	362	568	955	488	34	844	819	415	378	730	448	311	913	230	581	640	950	595	151	457	106	964	485	837
139	947	409	155	493	704	407	656	123	847	288	464	163	825	146	478	872	467	9	289	558	122	833	62	180	23	717	880	348	626	424	78	613	566	427	382	585	0	15	286	504	414	116	263	565	78	889	716	558	454	894	655	700	253	96	5	565	370	696	347	102	784	235	101	544	746	468	65	695	275	670	704	844	409	323	343	86	120	649	224	674	455	887	418	919	233	282	211	329	353	116	226	164	931	767	27	879	239	529	546
342	263	126	460	249	621	209	404	778	436	680	716	727	1	178	646	303	642	493	702	902	510	567	288	677	818	739	763	465	905	61	783	247	723	946	247	469	949	0	73	138	159	12	403	281	466	400	222	268	673	400	943	534	804	361	950	691	627	360	76	541	829	125	642	18	13	336	60	13	172	799	909	600	863	812	195	150	749	816	894	354	804	81	655	481	13	96	92	636	183	844	752	219	896	898	115	632	380	5	875
362	341	682	531	661	858	633	314	653	610	91	41	374	342	831	327	801	3	478	604	961	218	373	571	173	812	176	651	23	958	123	311	345	141	820	764	684	41	431	0	717	53	554	59	805	56	637	50	66	190	631	272	606	269	492	563	278	243	816	580	71	716	242	590	386	535	118	51	355	405	277	82	892	385	781	325	20	241	361	376	120	673	708	417	926	794	858	439	96	940	771	331	461	721	509	489	415	920	371	235
520	498	359	569	758	469	413	376	749	546	780	924	739	211	624	647	846	381	861	492	267	202	69	67	539	842	268	952	956	29	232	809	325	660	727	197	73	939	685	28	0	173	856	431	248	831	401	647	304	23	72	327	727	361	949	337	737	686	919	375	742	196	670	137	35	694	36	676	656	714	457	446	24	875	844	431	799	699	226	168	907	67	326	777	473	784	699	668	2	580	745	211	872	19	900	792	960	446	303	46
795	44	216	594	327	851	23	532	204	438	404	700	897	467	851	533	17	664	447	820	112	745	648	804	365	109	907	360	45	915	580	634	647	380	788	900	774	101	667	519	795	0	743	760	634	558	646	444	356	219	894	207	475	83	877	128	514	618	723	5	157	293	873	490	287	583	573	542	376	338	711	30	579	719	496	170	4	299	647	544	841	806	164	918	1	861	51	119	365	129	615	581	587	955	800	435	167	6	97	514
909	657	905	648	131	109	401	709	928	690	184	258	669	322	82	921	567	686	502	631	824	876	817	377	124	772	915	233	201	658	579	506	366	835	261	43	224	402	191	831	475	206	0	547	750	282	942	293	473	654	852	709	101	13	732	154	182	18	163	925	934	45	629	117	480	768	65	326	9	235	656	292	644	221	165	49	77	57	265	138	486	165	405	902	704	246	810	737	573	466	878	590	516	197	893	904	464	295	378	927
419	394	868	766	942	680	135	341	732	35	759	894	927	753	692	643	341	67	188	269	828	373	836	185	284	203	21	228	603	943	140	184	352	944	27	225	600	406	723	460	120	834	19	0	156	305	284	798	806	519	703	861	636	226	301	650	262	66	835	579	367	662	689	874	41	60	474	121	195	837	723	554	775	764	651	680	160	461	405	722	581	836	265	648	539	678	316	177	269	511	573	663	523	869	552	866	854	369	82	75
913	838	804	955	698	838	407	62	617	55	479	352	742	533	322	460	467	123	473	958	77	194	808	97	370	818	836	399	522	964	384	274	532	915	40	510	600	178	873	260	550	796	648	675	0	176	931	621	87	430	379	835	629	412	863	507	683	725	164	797	147	460	649	420	497	189	38	312	837	515	601	326	125	160	893	43	79	944	456	435	773	577	690	532	161	849	308	802	126	809	703	203	171	641	490	101	237	837	459	16
490	213	833	496	41	943	450	108	391	960	137	576	395	696	93	796	98	674	407	646	549	947	530	235	704	230	594	871	587	649	260	364	24	485	829	41	446	35	512	482	64	930	168	914	930	0	522	756	14	596	873	870	335	813	695	531	671	727	610	800	854	21	16	163	33	935	859	636	144	868	818	334	419	663	118	547	904	78	801	585	647	495	803	738	195	636	207	743	386	366	689	466	796	651	456	831	883	220	846	595
521	514	935	137	361	261	670	77	770	14	410	892	596	208	422	809	85	160	199	809	151	359	74	551	797	682	491	425	82	631	926	406	77	166	39	853	180	963	410	585	264	763	562	738	601	295	0	446	817	585	44	614	516	229	571	397	746	175	463	644	903	230	567	474	920	690	211	795	151	400	713	769	203	926	431	801	608	853	518	959	891	73	795	636	852	162	889	394	499	922	518	879	421	930	436	353	853	425	689	840
426	729	69	565	140	254	644	927	704	254	74	303	199	281	648	125	117	420	274	81	295	34	423	347	653	943	246	800	820	386	503	966	163	88	947	19	915	87	477	184	37	239	799	885	146	348	474	0	385	8	644	119	66	708	292	157	470	936	562	637	695	357	688	926	946	844	168	510	654	38	54	113	404	590	259	455	587	411	903	648	309	290	454	30	330	577	159	138	596	248	890	801	880	592	286	701	714	794	229	126
613	306	283	957	429	387	589	252	321	109	558	252	108	379	766	389	825	646	880	182	819	249	264	503	319	625	890	953	235	919	722	530	78	306	671	839	538	658	128	846	706	961	75	548	504	536	965	346	0	271	182	898	377	734	344	158	814	172	448	909	343	35	836	465	582	508	787	254	792	220	6	229	410	371	908	469	39	797	651	930	27	269	718	222	171	925	506	669	179	202	116	78	647	216	216	795	907	871	964	446
10	719	783	482	893	188	906	479	331	337	22	917	670	41	460	195	896	411	55	462	933	606	908	590	339	424	900	47	857	649	131	820	313	764	941	331	812	842	628	284	896	723	755	348	951	320	125	206	717	0	306	22	882	520	739	903	572	481	798	839	963	431	579	654	287	840	344	90	613	807	365	860	57	597	83	561	852	471	850	300	418	203	434	642	156	206	528	867	866	387	141	12	319	476	806	250	285	46	794	193
518	732	288	959	295	923	96	543	133	644	932	743	957	874	651	450	206	311	243	341	99	761	49	191	925	462	94	708	468	778	535	857	789	89	237	267	799	265	847	870	209	552	302	579	804	669	67	683	316	518	0	299	471	468	20	208	191	782	699	289	634	430	288	214	300	355	348	453	525	944	489	322	26	484	341	117	371	805	781	244	590	387	230	747	515	9	54	327	853	290	225	72	287	436	55	952	288	635	188	371
755	553	242	314	59	85	84	875	385	482	674	928	18	670	943	478	823	403	66	897	421	772	94	478	641	649	383	478	213	625	148	445	323	801	134	594	320	686	167	433	225	586	817	578	134	149	53	436	344	942	16	0	578	700	909	531	629	846	353	301	88	738	760	48	773	648	116	584	282	427	784	458	48	266	375	843	742	26	561	365	878	935	55	751	9	472	683	438	714	747	679	475	450	652	635	139	248	965	694	46
743	399	183	531	219	313	259	155	31	76	618	713	364	466	278	317	426	419	75	423	430	725	506	336	789	355	614	543	87	210	387	838	624	240	51	881	442	573	439	270	194	798	95	307	650	123	576	98	536	61	354	23	0	486	938	174	309	907	745	346	457	486	505	666	4	743	696	630	195	197	165	151	792	435	385	46	874	744	406	723	430	690	133	228	390	463	295	634	682	389	793	916	491	945	865	746	305	304	480	433
808	738	935	406	64	604	181	111	568	940	260	614	868	344	589	341	176	252	71	70	880	516	387	564	56	704	307	537	233	318	901	77	763	698	669	428	334	932	1	129	509	577	486	357	593	864	482	187	498	297	123	115	535	0	757	723	107	173	541	153	346	93	695	266	451	4	520	64	54	665	566	33	108	294	438	754	696	292	467	876	195	758	624	403	293	322	99	327	365	84	63	456	650	148	447	210	710	475	875	118
606	665	805	677	865	80	893	838	620	333	537	80	306	864	494	89	612	683	769	19	704	752	343	114	965	198	531	959	197	118	480	525	514	542	534	174	422	650	835	943	382	331	492	307	107	596	868	185	127	141	230	733	218	357	0	583	513	200	864	416	313	147	899	906	747	64	601	935	894	754	504	657	574	597	384	121	656	812	78	867	598	69	395	565	623	5	754	146	128	747	927	210	351	640	563	667	636	945	344	39
409	203	650	216	396	111	472	226	293	275	34	726	694	635	928	140	523	361	265	594	745	871	878	891	10	964	57	91	777	1	536	297	379	481	189	583	177	516	154	776	715	133	161	811	445	600	221	367	466	18	376	49	244	154	182	0	460	85	347	351	628	725	111	711	428	345	524	848	829	561	834	530	626	723	696	706	536	737	146	860	333	604	955	553	321	408	628	543	202	262	28	50	423	752	354	395	744	662	521	340
599	114	837	195	110	312	880	135	224	649	137	128	810	344	320	290	78	389	828	147	662	26	55	567	112	372	791	230	306	27	141	42	223	746	152	216	199	673	227	17	395	422	339	201	353	316	472	392	318	820	710	638	928	2	24	363	0	401	556	33	21	617	783	688	558	77	291	898	659	395	897	176	881	500	319	506	457	682	705	366	472	750	617	373	697	201	892	637	686	764	409	796	454	254	146	408	830	140	597	487
355	861	161	529	328	805	706	567	956	354	862	367	335	287	803	94	221	444	528	182	495	708	269	349	702	313	307	714	800	352	608	394	234	193	553	819	51	313	573	721	413	707	595	385	572	88	12	278	552	143	471	882	184	378	385	831	654	0	155	154	289	221	80	198	113	431	918	385	119	439	731	196	612	874	451	780	768	43	662	291	194	602	758	479	272	828	645	822	524	55	707	586	697	942	547	72	513	252	920	356
548	203	66	93	729	852	774	163	246	78	815	126	153	25	254	420	552	733	423	103	513	663	667	367	99	32	935	342	261	450	857	272	530	538	158	814	542	109	593	338	169	35	498	511	165	24	32	86	526	544	34	193	629	787	310	582	852	89	0	959	732	715	117	585	371	865	276	51	802	52	455	205	796	148	429	945	868	886	777	543	105	211	76	612	452	558	771	317	889	333	81	305	613	907	805	239	935	504	612	255
843	54	586	943	301	937	223	268	394	792	647	644	864	733	51	384	556	71	110	182	450	961	147	911	306	524	735	538	40	123	504	680	368	672	203	99	43	720	420	762	416	762	626	908	239	933	82	469	122	919	116	730	610	539	250	433	811	350	716	0	8	16	342	507	803	449	385	578	216	379	499	498	173	865	355	50	164	815	734	31	683	399	891	268	418	470	530	479	219	839	355	273	936	643	334	353	563	346	116	584
689	493	70	637	175	107	581	946	222	555	144	899	387	742	81	701	817	395	542	722	244	5	462	376	398	359	944	873	837	375	316	884	145	763	704	448	706	120	787	811	330	890	843	682	303	301	234	822	524	238	687	253	84	802	545	394	962	621	62	95	0	252	582	175	702	40	668	888	74	554	148	150	502	747	815	906	460	428	193	639	578	946	416	734	381	71	625	555	271	588	230	917	114	528	842	768	301	916	593	107
88	60	783	851	201	802	680	579	332	578	271	282	11	558	688	169	859	29	586	760	210	512	529	14	702	164	198	409	433	168	558	895	142	663	604	657	13	925	451	28	959	678	27	689	757	543	169	491	513	180	120	662	38	606	677	800	882	601	845	677	226	0	592	558	861	227	476	4	929	404	256	479	946	698	773	919	662	262	492	734	954	645	84	252	576	233	612	809	509	943	464	94	890	38	655	325	17	521	403	414
75	213	856	880	516	652	958	268	516	227	620	866	102	180	86	116	442	409	809	97	736	640	50	243	59	499	652	743	102	736	750	807	896	576	449	162	771	500	672	932	402	163	834	568	570	61	532	900	905	627	80	821	771	965	634	11	319	892	595	291	727	654	0	132	586	905	812	900	381	754	902	255	146	815	200	823	290	712	922	906	357	224	885	247	555	142	179	318	960	851	906	795	57	299	569	363	496	914	99	456
492	528	322	901	771	276	337	305	590	481	962	283	703	415	623	786	764	907	523	539	662	395	523	50	599	839	426	536	332	97	934	849	176	421	586	392	565	487	464	405	786	736	564	860	345	889	495	876	886	60	259	840	347	586	117	33	114	142	572	327	686	313	630	0	965	647	388	525	669	126	617	104	325	536	353	328	612	345	477	805	739	328	362	838	106	439	773	727	677	65	492	122	589	464	18	608	769	409	619	152
326	565	176	681	288	234	244	665	826	304	577	522	313	631	231	851	30	792	723	684	294	348	201	209	909	520	904	757	755	612	912	617	721	32	609	699	834	106	757	335	868	308	956	126	753	639	70	508	74	680	83	549	869	700	464	583	647	329	727	585	695	150	156	861	0	300	864	80	395	596	510	335	664	502	457	763	785	258	338	138	37	194	171	687	597	183	896	165	732	715	615	682	253	351	265	620	422	540	401	330
135	242	814	175	291	835	209	99	491	496	600	646	245	947	329	872	593	554	655	923	331	235	621	530	895	285	949	503	30	97	495	699	473	394	168	82	773	129	51	99	180	965	447	965	523	612	415	555	503	207	650	841	620	705	505	231	230	785	120	352	498	300	280	955	581	0	798	93	840	198	365	275	233	705	942	782	57	705	283	648	772	148	526	419	106	434	878	674	288	374	952	315	179	82	490	128	66	344	605	616
198	229	821	63	549	504	521	660	336	627	848	767	215	547	321	870	43	693	239	900	42	723	10	542	795	615	556	31	335	663	762	111	771	775	674	171	407	626	661	523	361	336	661	741	374	427	705	961	233	33	318	799	33	405	252	138	883	444	879	217	42	533	564	99	809	607	0	623	16	956	582	698	347	522	730	690	892	114	275	805	954	417	165	534	532	535	804	899	324	497	647	435	542	197	635	593	314	196	802	373
606	907	176	318	9	845	313	921	783	551	550	153	791	435	668	51	330	392	227	855	247	868	262	727	520	810	662	63	852	180	590	136	809	91	659	263	783	69	910	900	268	857	630	743	506	573	707	128	414	248	656	711	400	807	35	576	478	399	169	717	878	107	292	153	600	57	442	0	963	51	663	719	964	562	523	965	665	1	197	447	945	31	441	703	749	704	168	291	528	584	529	686	533	613	339	709	263	495	467	717
627	738	48	917	777	656	91	512	172	195	246	593	291	689	672	419	942	552	152	901	75	335	168	187	42	491	280	332	524	771	745	874	859	791	768	561	503	222	272	961	3	72	783	613	5	530	932	215	586	160	674	432	525	864	749	711	496	79	757	833	253	325	641	965	569	425	932	158	0	268	329	961	554	104	315	834	86	320	675	354	89	647	773	451	263	114	471	816	667	599	474	34	600	415	448	569	917	434	51	495
631	927	468	365	41	514	962	29	512	261	726	538	400	289	833	630	475	228	916	428	49	891	774	464	339	64	359	189	172	247	239	685	255	897	541	700	184	904	473	383	249	801	225	757	311	176	586	881	760	237	230	945	891	612	315	206	471	650	918	466	438	429	170	832	756	676	196	839	261	0	956	425	413	479	413	277	368	662	318	877	139	468	636	626	725	117	327	741	655	537	920	361	533	87	189	50	798	859	448	400
669	301	902	317	946	511	426	236	795	646	525	47	55	761	167	317	702	736	508	525	570	829	965	105	557	408	429	958	774	657	613	893	907	555	437	769	680	732	15	822	792	854	369	488	142	421	738	24	352	129	542	299	559	647	942	419	546	948	511	222	446	341	662	693	769	194	804	215	826	723	0	730	815	19	442	750	102	35	184	123	299	715	190	327	681	945	499	666	813	311	620	883	871	691	285	162	809	145	92	800
218	381	465	50	424	426	569	435	618	921	705	832	271	431	370	648	447	939	143	735	439	732	238	103	149	239	751	240	603	401	697	887	349	315	260	518	870	384	709	530	634	533	411	123	396	885	623	213	536	322	300	707	178	471	657	489	601	909	595	765	197	441	845	374	608	208	739	535	743	104	335	0	363	724	794	624	530	885	123	184	845	869	477	303	752	221	325	72	571	185	795	623	477	452	869	550	857	17	794	229
516	100	353	263	737	511	396	501	125	761	367	46	57	819	641	732	844	699	228	358	761	648	256	845	67	235	133	460	404	118	50	426	26	385	589	840	885	120	200	315	44	54	439	512	681	802	767	585	10	362	92	246	825	467	285	275	64	767	77	404	352	665	769	494	514	958	183	691	184	739	869	317	0	371	464	133	926	226	685	484	587	756	566	125	651	141	251	297	220	58	54	555	567	514	81	726	352	301	496	557
152	394	657	162	410	564	217	18	546	915	742	566	668	389	112	27	490	543	354	467	808	206	795	482	264	781	395	592	173	338	478	253	617	388	754	789	725	431	784	113	631	174	907	630	593	800	218	934	194	505	864	288	846	306	280	782	578	705	849	400	816	823	606	220	812	332	108	130	709	901	23	953	41	0	722	10	960	623	70	247	859	489	577	495	960	928	332	388	677	725	938	301	407	361	241	496	494	49	937	592
533	13	552	583	630	877	76	776	916	134	831	400	441	383	764	273	903	33	840	811	797	809	293	708	557	150	183	91	107	15	276	923	139	214	811	621	717	25	651	475	891	384	855	116	218	938	440	947	697	825	589	405	68	316	57	933	150	418	280	130	537	812	131	466	189	354	409	684	680	72	669	528	341	890	0	296	251	2	339	811	767	161	390	810	786	352	708	779	543	505	227	203	965	120	705	952	819	101	203	88
442	371	327	606	75	707	636	134	777	738	952	56	495	264	405	878	957	630	421	222	805	837	580	688	361	120	18	119	742	148	229	629	894	381	650	571	175	888	895	150	233	300	404	337	692	952	848	859	425	816	270	952	650	354	355	233	917	714	456	684	181	466	497	231	185	442	70	864	224	280	206	721	822	670	375	0	379	482	219	950	917	769	496	846	452	47	775	524	600	875	227	894	748	43	20	112	211	651	887	173
518	577	757	833	649	499	949	438	139	907	467	446	822	237	682	765	839	469	666	949	306	573	712	728	116	638	570	33	783	173	294	590	43	48	785	396	186	350	301	850	655	709	185	639	936	769	263	111	882	72	556	669	607	787	155	812	740	931	812	507	707	811	960	508	153	254	733	505	720	777	440	97	575	84	598	153	0	45	51	801	777	550	316	836	523	637	486	89	338	359	738	551	928	720	77	93	504	407	516	537
157	539	510	797	111	681	737	915	819	959	329	729	403	215	525	440	59	315	19	927	245	238	891	177	622	943	695	739	146	350	423	754	819	629	560	454	734	747	349	958	3	341	179	942	76	850	689	930	90	276	554	575	861	421	742	749	546	395	572	194	5	940	570	190	961	471	556	767	283	315	349	3	934	713	729	461	694	0	306	712	761	854	839	937	309	60	800	561	966	609	783	224	569	405	874	447	201	569	702	775
659	307	692	97	522	738	116	488	533	747	903	123	607	13	416	689	177	555	895	520	252	964	603	50	336	511	525	858	245	190	129	54	317	127	261	679	487	867	433	925	736	97	898	806	517	548	358	306	84	356	477	586	476	782	113	317	212	222	616	700	431	423	460	7	957	864	666	203	213	347	161	159	193	919	308	958	852	551	0	362	717	885	796	199	884	38	159	625	286	303	457	54	894	639	743	515	618	199	664	638
46	311	533	266	213	288	571	245	595	406	546	17	300	251	953	512	417	634	939	433	939	581	749	833	231	439	249	544	283	550	624	594	652	8	570	428	713	470	324	741	830	445	590	59	618	448	758	538	665	871	146	342	782	825	835	423	931	950	327	24	576	73	410	227	13	624	12	746	413	848	874	788	197	172	231	32	662	45	387	0	386	500	63	320	956	744	824	749	99	942	902	304	587	381	858	825	783	443	653	9
589	99	192	511	790	164	337	525	174	154	160	931	225	295	644	367	325	679	615	483	435	453	98	308	27	531	464	181	32	332	936	709	288	633	605	483	342	901	441	159	259	321	460	694	757	160	774	721	761	818	878	207	824	522	755	592	879	528	300	667	875	588	855	232	816	820	476	784	350	172	600	630	562	793	744	608	375	872	944	544	0	584	683	235	791	567	921	491	592	550	658	716	534	392	319	741	96	955	908	101
793	59	921	171	341	352	153	312	454	185	459	901	362	517	44	362	577	700	492	688	190	225	42	794	121	633	139	596	156	265	792	941	548	533	393	672	182	311	708	140	573	228	680	918	849	152	277	579	846	778	94	875	809	358	919	447	760	500	696	339	322	42	894	663	943	959	678	885	12	633	838	226	651	848	156	566	584	870	13	629	551	0	54	835	852	413	697	220	123	773	177	470	536	785	818	534	139	389	409	598
531	73	946	572	593	642	104	575	497	561	681	183	273	490	309	592	521	372	220	293	904	131	810	414	25	527	435	948	178	10	17	902	55	37	154	659	88	241	917	811	244	462	305	928	661	111	837	754	384	40	218	311	494	620	466	861	128	243	466	528	212	763	498	578	451	78	343	94	191	353	222	272	898	143	373	250	837	483	47	556	948	389	0	850	633	175	627	806	753	468	538	817	945	792	875	575	649	345	678	245
313	432	842	219	383	569	525	278	286	484	273	943	844	217	261	93	463	303	557	573	610	826	402	440	921	13	551	179	765	945	313	136	740	835	828	441	701	603	139	374	30	103	553	526	316	452	184	662	322	384	697	431	191	404	490	39	343	456	422	914	891	145	484	587	834	515	691	922	345	307	835	249	731	335	586	932	905	313	790	372	463	704	474	0	352	242	635	398	443	81	790	48	898	130	684	211	149	377	235	958
490	555	415	780	458	482	90	118	698	814	80	821	750	625	769	534	670	41	229	232	546	74	434	371	181	726	107	401	216	886	137	479	750	498	462	552	881	872	352	952	697	150	502	518	941	431	806	815	581	598	121	34	207	683	789	569	425	689	18	181	360	354	135	463	952	101	225	417	45	861	706	596	342	864	879	56	336	533	253	4	434	266	430	308	0	204	331	732	936	273	641	193	291	338	127	761	854	796	917	511
645	1	266	425	482	286	711	738	662	70	200	454	252	115	34	732	198	647	678	253	758	805	31	469	38	758	286	468	133	886	636	929	612	557	888	904	180	734	332	537	834	171	503	280	500	227	467	635	121	16	540	228	20	474	431	855	468	90	463	288	2	96	383	4	782	132	178	829	647	668	687	601	192	525	153	554	352	814	18	658	214	851	864	900	187	0	14	740	366	192	865	617	414	221	554	416	30	937	577	674
37	849	678	245	895	194	167	405	380	130	811	138	100	663	842	235	35	105	534	177	530	151	119	84	68	57	755	900	830	438	949	15	456	895	735	9	62	118	660	84	191	494	127	175	841	99	564	779	167	893	742	836	15	449	267	388	733	190	488	707	414	911	302	57	793	817	357	583	948	600	330	279	620	80	578	63	110	55	727	734	361	337	250	43	556	462	0	338	287	665	960	200	387	70	768	663	341	572	725	937
207	142	958	247	21	951	720	687	342	356	570	409	705	625	573	121	404	73	24	843	667	170	528	690	655	195	499	680	188	454	76	859	934	658	138	360	386	644	572	760	571	566	582	896	928	918	885	344	48	291	361	569	818	150	71	155	313	248	544	509	448	405	157	794	361	740	97	822	141	824	883	441	418	82	51	153	422	511	383	919	765	560	825	313	133	786	126	0	487	256	143	961	801	240	350	770	466	179	784	502
96	606	109	480	754	28	439	819	98	452	349	707	346	712	868	619	468	900	457	491	146	122	632	257	598	186	202	513	278	966	260	699	448	115	665	30	287	507	964	343	312	445	52	461	192	313	546	945	168	287	776	910	515	123	625	679	704	424	769	951	714	262	175	416	390	860	201	531	201	198	370	733	698	96	856	868	850	270	286	809	135	359	759	263	589	340	196	131	0	475	191	299	113	801	482	14	798	623	580	442
500	935	374	606	227	156	603	689	556	555	509	605	79	497	706	833	301	417	392	256	814	651	673	376	66	790	714	194	177	810	957	605	788	466	536	477	363	852	369	898	634	528	478	696	196	380	388	142	379	488	41	242	659	377	718	817	718	699	706	447	940	169	486	618	80	171	438	43	775	813	323	147	130	812	418	353	768	330	147	638	538	91	556	828	713	70	412	732	134	0	597	599	535	503	109	390	482	360	885	803
51	192	349	476	33	208	641	944	323	707	230	899	30	613	721	677	333	671	736	928	674	673	8	931	469	15	31	113	653	881	143	136	459	121	409	50	857	453	878	635	866	205	600	321	364	794	256	493	55	167	307	379	437	294	560	540	77	333	780	67	698	269	887	65	138	79	937	845	262	878	54	119	485	577	635	616	315	865	848	650	859	158	924	647	891	574	792	34	63	785	0	237	651	251	208	67	182	142	678	52
80	195	742	230	220	723	499	399	215	720	945	219	698	596	889	700	607	308	176	393	388	280	8	33	47	1	525	421	33	103	2	261	129	923	167	623	590	937	908	327	916	546	262	255	869	874	701	261	265	213	48	319	52	592	384	188	152	512	757	625	550	246	739	850	491	131	311	441	164	799	506	757	412	414	217	227	928	470	131	711	156	303	711	640	782	379	30	589	272	162	26	0	757	702	150	314	11	7	131	395
725	534	581	141	174	387	327	874	876	867	614	656	801	605	652	765	228	851	562	489	738	123	534	101	253	792	700	120	99	53	46	358	691	681	931	573	697	430	617	143	66	477	794	905	524	501	130	663	784	529	750	812	559	113	798	219	950	748	353	126	774	427	15	66	146	314	215	91	639	81	546	587	837	915	192	597	47	1	908	527	408	705	325	870	31	917	218	271	388	217	708	57	0	361	837	563	911	340	308	194
205	208	155	110	673	294	68	935	729	142	891	901	607	380	866	870	927	267	814	958	295	801	692	655	846	599	281	174	663	172	613	812	741	887	772	551	641	267	875	228	523	70	214	766	178	481	300	206	868	515	737	23	384	831	531	808	422	476	239	387	843	581	35	614	171	320	516	271	723	588	58	652	222	899	676	678	130	329	280	712	316	818	953	452	398	463	891	339	891	949	606	591	10	0	38	708	51	657	534	794
455	380	205	614	936	148	7	557	781	177	52	711	80	291	782	402	921	892	750	74	940	33	156	936	576	830	76	688	950	775	949	418	533	30	289	898	900	284	893	854	812	612	54	40	112	717	713	248	733	439	618	823	582	404	456	404	179	263	333	559	424	663	54	423	574	365	835	69	435	962	688	921	454	376	805	358	157	306	435	963	387	783	52	900	900	451	590	643	897	302	706	911	151	164	0	272	605	922	131	194
931	824	556	472	610	388	102	757	659	485	609	412	613	323	267	887	459	891	259	406	24	380	671	606	780	593	406	399	571	259	353	192	507	258	819	481	89	362	270	590	631	658	839	402	267	180	800	455	955	88	24	10	892	943	130	341	610	118	674	204	774	280	307	170	138	295	829	345	717	439	239	287	416	586	875	255	720	584	639	593	64	645	672	834	940	692	397	348	892	133	856	185	615	32	497	0	307	63	348	383
318	138	595	13	883	744	625	791	626	637	72	253	598	834	301	262	547	247	331	488	375	181	619	469	137	403	366	880	439	522	285	409	310	669	517	745	449	235	778	677	395	327	671	951	735	727	373	89	239	953	938	362	157	19	583	818	946	681	797	670	52	263	434	561	550	193	823	543	358	70	319	573	941	709	370	334	576	909	556	119	119	861	729	524	307	643	160	829	598	513	185	47	246	789	534	494	0	935	488	328
898	768	656	50	57	460	460	538	656	466	360	358	516	707	855	495	781	429	623	931	650	757	924	815	935	191	476	673	624	731	175	956	450	876	506	592	816	357	273	526	358	828	784	99	824	9	130	247	780	702	824	964	12	715	422	721	858	418	591	542	636	547	877	641	957	51	745	639	733	625	555	638	483	216	549	739	251	30	304	81	161	330	474	204	400	728	931	23	581	362	374	849	623	748	175	216	580	0	879	180
185	603	603	762	919	307	654	78	749	137	608	308	595	214	760	283	416	167	828	551	558	592	693	679	133	526	1	362	181	260	806	453	460	758	543	257	898	319	25	537	687	233	912	429	366	892	857	602	96	773	82	248	965	536	209	883	6	136	72	92	278	327	442	217	220	696	614	294	224	757	799	944	553	44	900	616	428	734	154	633	187	670	842	888	111	137	587	862	808	743	474	774	206	299	112	795	438	881	0	387
156	551	769	600	711	793	625	924	168	394	277	515	458	422	163	85	299	313	354	12	425	831	540	414	805	720	701	237	601	678	170	7	97	465	936	636	740	833	598	435	236	383	373	867	319	664	78	371	384	691	560	24	724	223	645	112	44	688	659	881	785	479	862	598	694	344	708	78	156	219	726	378	743	267	47	783	332	21	46	797	426	67	170	826	484	479	843	379	699	437	132	78	158	926	737	942	450	919	510	0
