A	B	C	D	E	F	G	H	I	J	K	L	M	N	O	P	Q	R	S	T	U	V	W	X	Y	Z	AA	AB	AC	AD	AE	AF	AG	AH	AI	AJ	AK	AL	AM	AN	AO	AP	AQ	AR	AS	AT	AU	AV	AW	AX	AY	AZ	BA	BB	BC	BD	BE	BF	BG	BH	BI	BJ	BK	BL	BM	BN	BO	BP	BQ	BR	BS	BT	BU	BV	BW	BX	BY	BZ	CA	CB	CC	CD	CE	CF	CG	CH	CI	CJ	CK	CL	CM	CN	CO	CP	CQ	CR	CS	CT	CU	CV
0	86	258	171	27	55	24	87	50	186	279	175	57	120	49	107	253	114	168	86	15	237	156	239	144	102	179	51	79	4	62	235	95	206	270	215	254	128	231	10	167	96	255	226	62	65	165	107	54	13	133	221	38	281	33	169	25	268	189	276	70	96	192	211	13	209	30	81	31	213	137	59	151	22	179	134	232	184	75	178	106	223	223	260	118	244	116	153	145	23	3	188	131	271	246	230	246	14	8	281
183	0	283	263	247	186	274	154	114	123	80	284	129	205	134	94	37	89	220	113	46	203	175	48	96	233	141	122	54	81	242	209	91	137	232	245	58	57	31	231	253	77	56	222	117	49	198	150	275	13	115	231	124	58	217	121	61	92	60	150	201	247	19	77	11	192	83	197	16	214	285	52	82	186	200	135	258	196	74	61	229	165	278	136	90	250	272	126	192	43	202	190	48	58	147	186	39	29	233	213
158	215	0	141	199	168	2	271	25	83	156	145	250	107	224	58	94	151	265	266	31	234	242	117	12	260	17	201	86	139	52	79	149	68	255	153	119	213	174	115	96	81	104	51	142	260	29	252	18	157	205	269	195	215	7	255	243	129	74	1	242	89	164	179	72	30	30	49	202	122	17	94	235	109	254	197	94	84	141	136	232	114	3	234	170	49	189	218	245	161	89	20	277	185	35	200	123	60	233	107
203	155	80	0	47	230	61	267	132	131	156	196	56	61	147	218	241	197	198	143	43	17	269	100	20	166	14	84	219	108	175	157	168	3	100	145	112	51	234	79	251	70	202	106	215	18	221	58	77	262	114	72	212	176	17	188	88	13	40	35	180	135	272	76	216	232	176	164	221	170	142	221	179	223	153	56	14	89	5	68	202	116	155	186	87	191	172	17	44	197	166	262	113	39	38	95	59	177	210	39
49	48	73	250	0	167	240	1	22	32	168	117	66	72	82	258	194	28	187	111	155	76	134	202	222	231	188	1	27	250	215	91	263	194	212	65	74	128	53	278	281	95	38	88	258	106	157	282	185	29	36	155	246	177	41	220	156	251	279	55	61	35	158	166	56	283	258	127	123	79	226	18	178	70	127	185	207	209	210	161	127	244	242	202	230	18	45	213	164	147	230	46	146	46	101	238	123	179	63	164
53	164	36	74	190	0	243	160	71	180	70	68	58	123	142	242	61	272	14	112	69	110	103	222	130	279	267	40	226	23	176	165	96	74	217	221	233	109	250	261	99	84	204	166	62	285	180	233	4	100	267	106	134	199	276	268	105	276	226	227	149	221	49	275	248	119	253	12	129	231	137	43	10	97	15	114	202	118	118	242	37	10	155	86	68	57	9	223	171	53	159	185	117	230	224	45	260	238	65	135
187	91	227	61	53	221	0	186	108	74	198	22	169	265	28	134	177	24	187	220	6	36	145	248	115	37	135	192	2	170	59	120	178	179	265	157	124	43	47	248	53	127	220	279	59	125	47	281	100	174	284	88	237	166	224	278	113	123	97	136	120	226	206	195	231	125	137	19	148	236	263	98	221	116	200	33	181	161	70	89	34	247	83	164	279	89	167	223	134	208	232	59	112	160	236	95	167	206	88	94
203	36	153	47	110	95	211	0	196	5	207	63	127	202	265	250	271	251	71	23	174	19	6	42	198	281	167	205	254	214	154	280	148	220	265	10	259	278	268	135	105	274	80	106	137	144	100	213	103	281	48	184	14	231	79	38	179	270	161	147	199	192	92	166	258	261	272	228	104	49	108	258	44	113	211	174	78	248	177	242	196	193	17	165	137	15	113	244	208	227	250	177	103	169	29	183	222	23	28	228
34	186	262	104	234	108	174	225	0	183	53	230	207	115	115	4	38	233	162	139	48	227	163	213	226	178	48	125	15	77	101	267	191	207	118	176	88	14	1	216	149	195	9	77	253	217	281	117	93	226	154	246	211	194	151	237	162	46	136	13	216	54	268	233	143	243	278	150	223	146	209	73	148	196	163	265	12	31	262	84	183	184	201	203	222	154	112	203	186	231	79	91	51	39	137	192	223	8	240	80
53	184	91	10	130	97	79	153	82	0	72	227	139	165	115	230	176	78	40	113	277	235	220	176	206	66	95	269	267	202	221	9	32	98	33	267	48	281	214	170	205	140	124	285	216	251	134	61	200	227	215	175	184	150	237	203	140	107	194	27	42	283	14	228	103	100	137	37	128	87	93	222	285	134	135	175	42	279	81	193	205	21	45	68	15	96	186	150	174	207	95	43	95	166	77	105	142	125	126	233
70	33	56	3	146	145	229	22	256	174	0	257	35	182	238	250	280	17	267	210	252	261	274	80	133	236	65	110	201	144	206	177	219	20	251	2	82	29	124	74	98	98	22	9	22	170	130	88	217	116	197	14	24	255	16	2	109	138	99	95	203	118	111	248	236	70	173	212	164	230	204	204	180	52	201	237	105	25	55	211	182	65	185	65	5	241	271	165	144	18	137	111	259	183	136	170	138	262	77	240
252	22	263	275	20	236	36	114	22	33	157	0	137	279	60	262	227	234	234	55	198	209	43	123	34	217	54	45	179	176	219	253	100	268	28	253	256	241	31	118	159	24	15	281	95	189	50	259	8	191	195	138	169	117	53	151	274	238	34	12	147	100	158	100	62	115	285	23	241	38	42	137	22	77	282	146	51	107	251	24	6	82	197	155	285	129	66	2	166	193	141	26	70	196	58	84	34	211	128	267
253	8	271	48	176	89	112	263	219	204	51	253	0	64	179	24	15	186	105	137	39	125	206	61	133	176	155	119	85	245	221	28	221	13	160	106	30	77	207	5	43	63	50	229	206	241	228	282	222	86	208	8	147	23	82	37	167	116	11	95	148	21	92	72	57	141	87	97	9	21	257	215	234	167	275	163	68	125	165	226	239	236	8	167	216	138	78	78	151	279	253	40	124	125	44	284	200	262	141	276
274	218	128	172	160	258	126	221	11	53	138	210	129	0	135	159	254	35	129	149	23	254	134	30	202	62	198	233	12	197	233	281	131	243	30	56	111	103	63	136	222	218	186	191	191	38	83	2	180	58	155	182	26	16	147	49	218	159	83	149	99	126	72	156	101	20	151	188	277	201	254	93	64	210	93	194	248	31	181	194	251	278	103	102	48	165	276	71	248	196	69	108	192	103	157	222	70	129	252	114
207	264	70	13	227	247	22	78	210	95	285	225	164	88	0	123	177	149	169	56	179	70	137	46	241	219	46	190	268	19	108	272	10	253	139	214	67	111	134	70	253	183	131	106	52	12	145	130	49	99	120	167	31	262	101	39	19	218	126	225	132	224	151	99	248	59	152	246	111	104	276	59	154	108	160	93	131	82	125	197	249	273	202	129	64	49	10	219	205	102	229	72	229	162	205	129	178	254	1	176
147	123	90	43	35	74	52	89	71	134	262	23	283	74	198	0	107	15	137	53	143	20	76	179	127	98	101	61	46	106	56	108	201	236	123	105	13	74	246	156	30	53	72	265	225	7	39	22	110	194	144	220	236	255	195	3	110	63	107	186	129	118	53	80	201	243	45	270	32	154	47	26	200	155	235	91	77	168	232	1	223	258	235	130	229	105	126	128	225	26	130	42	163	233	47	188	120	45	271	133
257	15	178	7	91	243	262	109	178	83	131	124	7	261	186	208	0	61	17	19	146	204	150	193	137	71	155	1	103	208	36	168	50	144	219	265	144	49	151	88	267	53	40	75	219	92	183	206	64	218	161	211	13	41	259	150	56	14	94	20	174	252	224	152	87	211	47	174	77	79	9	13	47	62	233	245	244	86	48	253	125	25	48	135	264	216	89	67	6	145	169	42	70	232	265	250	98	281	120	186
18	3	101	196	85	49	123	262	211	71	95	214	251	107	156	8	260	0	127	94	218	19	95	271	219	59	88	151	13	67	190	62	160	19	14	178	153	189	156	84	41	105	177	180	119	139	6	247	66	184	100	68	262	206	152	261	16	157	252	276	234	103	98	51	124	46	121	179	24	279	260	184	39	225	159	118	246	78	88	47	121	13	241	12	98	144	264	44	5	116	181	84	161	273	128	271	278	262	50	167
27	91	171	14	66	79	278	40	61	112	163	30	28	58	204	285	245	125	0	88	107	275	192	125	265	93	30	233	87	195	75	190	225	220	200	5	56	50	110	166	3	177	276	161	135	281	150	207	187	81	248	254	183	85	267	283	23	163	236	64	102	148	275	235	44	179	279	179	99	256	148	195	157	81	163	39	67	271	46	24	256	172	195	49	140	248	116	197	109	33	251	224	62	227	280	254	212	122	102	83
125	268	46	66	40	58	248	30	119	85	144	250	71	218	280	149	109	70	269	0	19	58	176	16	8	275	222	106	243	186	156	95	106	175	206	9	227	42	143	58	172	121	44	110	227	235	129	161	176	155	157	68	210	257	267	12	100	248	245	37	247	52	90	65	98	273	92	275	57	160	103	273	257	94	181	67	253	188	243	240	191	65	139	72	122	230	11	276	162	210	225	150	235	270	239	113	26	159	63	16
173	87	31	147	232	124	78	123	157	166	108	254	182	159	140	51	271	127	256	222	0	280	267	75	50	11	187	275	106	118	127	3	52	18	6	45	79	143	73	197	59	212	87	136	234	70	100	267	27	123	119	266	133	271	143	230	178	109	120	88	16	111	97	123	265	185	216	149	236	282	144	146	217	166	282	45	157	174	177	223	101	39	213	194	165	85	29	224	191	269	38	232	141	59	200	206	228	272	8	186
265	134	198	176	141	90	105	226	105	137	85	253	163	266	154	234	187	176	56	179	15	0	208	232	32	141	235	43	193	100	217	237	43	93	59	195	64	270	235	112	282	151	6	131	237	275	5	1	117	243	263	58	100	41	35	278	163	56	275	69	259	221	43	101	222	233	189	80	70	144	272	67	80	8	244	59	84	208	194	123	213	271	56	224	24	62	1	22	79	180	220	146	120	260	28	126	178	228	108	232
189	12	143	73	245	250	82	257	154	206	47	75	130	187	214	3	248	91	138	189	104	4	0	220	126	277	117	120	219	152	7	174	2	229	200	41	182	177	122	120	91	186	117	28	237	103	40	69	9	171	179	166	188	53	146	114	280	143	120	150	124	208	118	269	40	119	194	1	181	232	136	256	43	23	261	229	215	146	68	186	7	164	250	81	268	137	124	170	235	207	241	228	285	8	128	67	173	154	242	58
168	168	258	278	43	264	96	198	285	163	199	253	96	18	192	251	167	12	45	278	15	20	104	0	251	74	229	164	262	196	81	188	239	122	166	103	171	91	202	105	249	272	24	38	123	230	139	279	47	112	44	278	239	4	204	161	9	44	6	157	251	145	223	106	20	98	187	121	22	225	252	95	69	257	9	83	127	214	33	246	44	216	199	40	189	244	153	144	117	74	188	90	118	68	153	142	50	229	113	221
249	199	257	111	36	152	283	270	35	160	247	72	238	26	181	278	29	24	122	240	244	67	242	162	0	177	212	280	77	211	209	79	182	244	157	229	254	271	37	154	72	17	106	89	95	49	135	25	254	124	22	94	79	59	11	202	223	214	162	42	209	6	264	161	39	66	88	154	64	33	285	154	150	280	4	217	14	270	69	51	45	33	251	237	143	158	9	180	237	253	100	96	29	163	223	200	70	262	152	191
127	15	66	9	55	53	88	224	246	82	238	246	170	158	240	244	200	47	48	84	32	284	105	227	99	0	104	240	39	220	72	32	159	79	214	148	260	204	239	99	277	16	242	72	71	283	129	73	237	182	71	100	56	166	146	102	57	64	8	162	66	161	123	33	114	167	31	147	52	144	53	73	92	50	106	159	149	226	124	236	141	69	36	79	78	67	263	74	249	210	145	244	230	272	200	243	282	40	65	200
111	49	63	284	217	247	162	159	75	116	103	281	261	96	27	226	40	84	194	259	52	200	186	230	181	110	0	35	198	183	185	64	184	99	107	53	282	120	87	114	73	36	266	238	240	216	90	182	78	189	135	202	1	162	31	204	2	253	61	55	143	140	194	32	125	131	211	119	246	5	93	209	137	140	77	112	208	263	194	153	74	138	194	273	142	207	156	62	46	265	107	212	123	30	170	135	253	47	255	167
238	244	62	151	218	158	123	248	158	23	159	228	20	270	196	4	253	116	175	215	257	224	203	39	76	95	244	0	182	19	84	161	195	188	191	42	25	68	243	148	178	204	100	7	175	203	284	53	32	176	139	83	221	13	145	20	164	195	191	121	165	251	185	4	163	32	67	32	160	264	198	43	79	230	92	120	249	19	207	87	189	9	168	215	199	134	12	36	10	44	278	107	194	147	103	112	203	198	179	10
154	182	247	145	118	80	2	99	133	260	42	266	39	91	157	40	75	90	108	282	211	247	54	68	98	94	75	266	0	5	170	79	70	215	223	146	253	186	76	285	166	111	269	15	229	129	259	4	166	282	140	199	269	80	141	193	31	272	65	278	67	57	55	280	63	97	183	208	158	234	17	232	172	57	166	129	144	142	25	221	23	191	209	34	126	206	150	223	2	178	70	270	268	196	198	88	87	281	99	253
243	165	182	40	251	134	226	36	270	268	87	7	136	125	152	67	243	109	166	74	196	113	14	74	6	245	253	51	52	0	175	25	192	80	257	216	222	59	258	230	89	102	78	285	262	259	155	20	238	106	3	170	197	199	272	226	270	285	79	169	133	245	11	263	87	132	243	119	265	82	123	107	194	9	90	138	197	251	156	12	31	248	27	176	184	235	118	229	6	227	52	123	37	135	78	210	58	278	162	134
283	6	282	140	43	123	284	117	169	88	119	234	211	122	268	43	107	206	280	148	41	164	174	210	192	226	149	13	251	272	0	22	266	123	279	247	10	130	284	50	15	213	60	142	39	47	192	52	111	123	59	247	32	145	140	172	238	236	5	241	78	74	285	112	64	3	105	267	92	39	178	182	86	45	264	60	190	58	148	275	77	37	163	273	1	67	169	48	139	246	99	267	182	116	126	141	230	103	206	106
192	205	223	259	203	256	255	190	16	114	261	283	130	157	31	231	170	187	85	226	275	44	202	100	139	5	41	80	208	135	66	0	98	250	48	133	267	196	192	273	8	175	230	239	250	184	282	88	156	51	78	59	66	196	156	32	199	183	52	52	273	78	83	257	210	33	169	112	276	236	87	64	99	225	180	8	214	265	215	115	27	44	75	63	64	199	97	71	68	261	171	149	137	124	278	207	187	207	31	12
137	184	88	70	100	241	278	126	20	265	100	86	136	32	193	125	266	225	144	131	25	217	151	85	10	73	97	215	2	87	117	75	0	82	88	64	78	282	90	50	222	182	88	230	21	232	86	125	190	225	9	116	84	95	58	48	149	174	106	136	203	130	266	7	71	8	275	16	146	66	110	146	267	64	174	190	216	89	132	147	204	14	106	283	207	95	196	132	201	89	266	131	97	99	99	153	122	86	270	124
138	105	116	57	223	247	276	268	116	74	45	176	265	23	160	71	262	20	285	96	1	280	135	122	230	246	3	10	26	171	140	194	16	0	208	10	200	14	116	258	266	164	232	45	208	39	115	114	29	68	107	191	5	209	188	62	60	151	88	253	262	1	273	263	138	190	189	122	88	180	257	245	117	33	252	203	258	82	235	127	66	160	148	61	145	97	51	152	224	162	86	112	259	227	57	206	243	193	198	131
175	77	279	203	229	231	268	277	181	67	86	196	90	124	116	24	275	216	179	167	282	227	153	86	94	185	97	274	62	3	219	248	213	48	0	67	261	26	206	209	54	244	18	116	229	22	276	7	105	259	200	192	40	167	24	200	220	252	57	141	124	207	84	247	137	59	223	273	58	79	227	234	115	235	106	101	226	122	203	14	92	65	62	134	99	157	205	20	103	109	170	262	187	7	141	122	181	192	233	269
21	227	14	45	24	105	73	249	113	208	234	121	93	199	7	247	181	219	75	41	59	106	129	284	263	274	43	96	102	264	147	115	172	282	218	0	221	96	248	28	17	13	214	221	279	261	86	90	93	28	268	144	107	125	277	201	270	276	201	38	207	117	15	217	164	122	166	231	127	229	161	240	35	22	68	251	235	108	171	233	243	178	58	192	74	183	221	255	281	267	33	27	136	18	96	263	20	224	53	80
141	222	163	107	36	58	131	179	145	124	265	235	48	1	282	170	99	210	220	227	88	243	103	62	214	31	188	52	4	52	147	209	184	253	90	179	0	221	7	32	239	212	37	158	227	14	125	32	128	17	269	89	251	233	85	130	31	101	172	269	221	106	242	62	17	260	47	271	136	145	57	255	94	130	37	29	143	62	218	160	132	182	113	173	169	268	118	212	50	205	124	88	251	205	211	180	8	49	254	204
30	141	53	272	161	241	163	165	120	6	71	8	250	65	102	67	53	251	246	29	195	20	41	234	256	170	151	187	131	133	121	256	142	228	221	19	212	0	175	222	151	233	60	56	251	90	39	225	85	170	1	7	216	235	193	68	95	221	24	84	237	127	189	31	132	142	98	205	203	63	129	116	109	95	174	98	202	63	92	38	171	203	60	43	182	34	95	170	20	95	99	190	73	254	87	34	184	248	96	227
134	85	81	214	43	117	274	179	136	73	146	212	47	246	12	125	134	254	241	246	200	59	23	188	117	165	110	227	202	223	100	173	153	10	69	257	11	273	0	17	42	99	124	267	209	173	181	209	15	38	78	82	205	245	77	74	50	187	192	76	203	276	58	163	14	147	30	175	261	192	134	271	24	69	172	51	272	165	117	202	186	18	256	64	233	47	193	26	259	176	214	204	171	175	220	177	269	69	104	266
50	53	221	156	158	145	163	209	264	197	15	151	227	149	261	15	155	179	104	183	279	154	174	147	139	275	259	285	278	245	225	49	68	125	132	248	50	219	170	0	100	55	186	272	9	206	256	151	49	104	172	58	131	31	37	164	257	175	232	28	252	58	123	211	137	73	258	185	189	55	283	264	25	62	203	154	104	84	129	148	167	1	3	222	104	92	172	57	33	94	98	68	274	159	41	217	12	42	137	64
10	23	123	25	109	73	169	169	103	247	88	99	149	283	228	9	139	105	270	104	18	19	116	117	21	202	264	268	18	153	75	130	99	198	98	23	98	109	206	206	0	284	198	90	195	138	207	38	135	46	60	90	8	263	27	253	144	113	150	252	23	92	142	116	138	7	94	33	208	10	233	111	22	88	265	172	107	125	243	240	253	82	19	95	193	236	240	104	181	107	254	280	28	180	67	113	38	31	75	68
116	243	277	121	47	142	5	153	210	130	204	122	193	122	224	284	32	174	177	22	38	111	43	138	241	162	248	194	260	221	221	156	180	74	90	195	217	273	122	91	251	0	114	76	118	130	45	49	91	53	105	21	140	106	22	65	145	74	269	120	170	52	226	275	78	62	141	279	142	76	134	117	200	93	77	4	144	206	107	245	132	87	155	141	89	22	139	183	21	73	142	214	133	216	246	212	84	126	52	162
255	161	253	277	153	280	59	185	113	196	45	164	126	158	282	249	160	205	59	257	136	87	84	224	95	119	123	174	118	266	221	145	173	260	29	15	143	21	218	3	236	95	0	76	96	71	186	183	256	225	138	283	100	81	27	189	81	263	285	270	184	115	80	3	270	9	99	201	51	281	147	266	64	15	84	53	224	191	230	265	195	23	115	131	226	239	225	143	179	214	91	83	10	244	224	19	92	133	86	45
84	98	26	49	78	14	52	124	277	153	225	210	127	134	179	132	107	159	64	73	267	229	24	80	8	263	171	283	61	111	253	272	164	126	176	215	210	84	9	206	61	63	125	0	280	252	75	236	283	235	41	245	199	217	146	82	171	20	223	198	99	18	212	259	18	103	138	72	160	76	177	37	15	102	96	138	48	226	168	27	253	193	75	165	222	241	178	66	21	262	207	257	106	209	203	204	136	87	57	78
200	234	158	210	276	240	137	127	194	5	199	64	63	2	196	219	67	139	254	282	6	284	79	243	193	243	278	158	104	52	249	67	29	200	254	279	110	105	274	175	99	52	8	129	0	9	220	271	105	4	275	251	7	80	280	146	281	185	283	161	65	278	183	7	195	11	187	126	256	158	163	118	49	229	279	53	134	105	9	136	125	122	118	102	18	265	266	209	167	265	192	53	191	172	23	243	61	187	94	61
57	92	163	216	113	245	95	171	205	185	198	105	20	20	49	236	41	17	5	230	65	254	278	136	227	166	165	128	243	278	76	214	105	176	97	89	20	182	217	86	135	181	143	166	55	0	55	154	250	123	8	52	257	25	170	225	217	60	26	224	180	193	159	134	220	277	279	124	94	217	104	35	164	212	64	261	200	140	214	171	184	45	133	193	173	116	136	72	74	269	105	188	151	239	8	39	211	266	192	73
101	205	137	23	109	232	196	41	237	194	153	20	248	39	36	261	1	102	283	82	3	276	154	99	143	31	38	85	19	222	166	164	98	67	250	143	118	178	208	135	12	120	233	107	71	67	0	148	260	45	27	183	252	61	147	244	86	282	178	48	29	233	272	207	148	113	112	207	221	196	29	261	156	218	100	170	235	228	249	60	37	139	279	246	20	248	41	112	31	50	107	162	215	154	144	158	81	42	147	147
52	222	151	239	17	190	195	79	179	180	199	58	31	82	233	153	12	268	56	257	86	249	23	230	220	246	55	156	152	149	41	251	277	61	30	99	198	246	145	245	104	193	170	148	115	105	248	0	36	228	75	194	7	255	166	161	251	225	93	35	208	266	12	45	65	148	52	76	22	20	201	179	140	27	192	166	236	35	9	206	56	135	216	178	236	19	173	105	239	130	108	279	284	202	241	93	241	274	71	267
256	161	115	219	230	280	115	43	154	170	94	172	113	82	107	277	12	89	25	36	115	148	144	261	183	266	270	284	15	127	71	69	200	82	60	149	111	206	108	232	15	7	52	4	255	138	88	154	0	81	38	138	85	56	113	199	67	236	273	267	39	238	217	39	156	230	68	95	243	272	123	193	28	27	146	188	29	176	27	125	54	198	13	14	197	139	199	51	169	179	30	59	162	22	268	233	141	63	104	72
129	26	205	155	254	278	149	165	252	124	40	84	6	33	151	225	212	224	82	124	88	4	49	156	55	122	178	80	99	33	46	157	279	269	264	276	175	23	41	171	213	79	172	104	142	144	33	203	11	0	207	251	3	45	272	154	33	166	135	125	31	144	196	82	278	178	64	119	57	113	273	57	6	263	147	223	110	181	161	260	62	197	101	27	267	246	63	34	84	74	238	113	265	184	77	134	146	43	246	145
69	208	133	197	136	88	63	24	13	125	255	204	11	72	134	133	190	198	160	24	21	284	170	4	126	146	116	151	162	229	124	49	73	8	203	263	210	37	127	163	1	40	188	22	26	85	200	19	239	119	0	31	160	70	77	281	92	175	238	97	242	103	198	10	55	269	37	68	149	29	155	76	251	226	201	203	168	170	269	239	80	133	194	130	149	245	243	33	183	21	277	166	166	283	258	232	20	46	19	277
104	229	178	49	190	155	120	251	148	97	184	181	251	104	166	231	240	109	268	142	99	159	280	250	65	159	184	262	18	3	116	18	38	260	106	31	166	209	81	69	181	271	40	227	83	118	240	74	262	10	277	0	235	54	153	155	180	260	81	175	123	151	196	176	172	129	109	216	215	19	172	182	51	230	102	80	165	143	217	231	15	207	239	1	283	179	160	10	139	175	180	242	33	70	3	124	233	139	7	200
96	17	83	198	175	116	61	202	265	18	144	205	178	49	113	46	200	153	214	138	242	99	36	185	87	180	43	231	226	173	118	276	210	166	47	43	112	233	170	255	175	141	110	241	283	155	227	97	61	216	250	150	0	24	172	198	154	246	133	123	250	207	146	22	224	160	42	268	182	171	135	151	82	151	61	100	69	67	283	276	252	117	66	116	108	43	199	116	120	44	147	244	183	49	213	76	63	23	40	196
118	259	194	186	257	170	22	85	146	26	185	91	58	45	154	23	80	173	155	65	129	245	140	152	49	194	159	128	261	252	175	19	255	39	39	33	4	132	31	38	281	12	54	247	16	169	99	189	38	25	144	97	121	0	155	124	241	25	275	105	179	189	57	266	126	267	182	252	126	10	238	199	194	122	86	99	133	7	184	222	80	249	56	152	165	136	1	55	100	168	169	216	100	125	132	279	275	106	39	119
151	266	147	83	18	93	229	39	144	86	197	226	185	200	118	117	25	265	280	94	97	42	168	255	200	79	258	133	138	204	283	221	100	142	117	66	241	61	44	124	9	11	192	16	251	24	230	59	83	42	147	187	135	200	0	8	97	39	142	189	94	98	69	258	112	157	119	45	192	1	131	278	227	241	65	275	258	18	244	185	156	34	90	180	51	118	199	181	85	210	234	195	246	109	47	34	125	80	172	160
142	283	78	277	245	128	35	63	176	59	251	68	14	239	45	135	131	100	219	130	41	159	128	94	172	239	91	230	112	132	105	150	35	279	213	265	192	251	130	178	44	249	223	94	65	121	257	17	49	138	12	116	284	45	90	0	209	23	82	17	198	64	171	151	279	222	239	66	282	152	189	150	2	178	216	24	186	153	140	50	193	137	135	132	115	171	246	276	108	270	210	199	206	239	33	150	263	158	167	49
64	104	64	155	135	197	67	20	112	32	54	102	272	233	169	102	90	149	30	180	62	179	243	109	160	37	83	11	6	46	183	78	253	234	183	223	30	61	210	267	72	201	191	216	157	235	148	116	157	275	263	277	197	28	148	207	0	166	34	196	144	247	137	244	279	55	10	26	9	45	276	140	38	209	233	176	255	103	206	200	217	173	255	201	104	152	5	234	69	255	142	205	192	100	49	204	67	83	206	6
11	51	6	165	9	188	236	193	60	83	62	195	129	201	122	252	75	208	34	208	11	40	17	243	143	131	238	278	209	240	130	118	77	181	26	4	12	160	83	197	23	21	62	12	38	257	97	50	282	211	188	5	136	278	201	151	107	0	162	240	24	156	133	125	47	279	129	29	164	8	153	119	180	269	249	31	58	140	122	154	216	36	54	198	113	64	266	164	208	144	222	149	200	84	148	227	130	270	53	133
38	40	153	252	242	14	274	63	87	80	82	223	74	173	75	219	262	125	209	282	164	198	232	215	69	212	82	81	257	214	161	259	200	53	1	83	204	90	121	57	93	190	221	60	275	94	206	152	144	228	37	176	101	98	124	24	67	278	0	98	196	151	99	71	257	7	235	30	57	128	134	145	102	282	157	254	92	75	44	125	94	57	178	102	53	6	166	37	153	144	113	263	82	264	241	103	80	268	136	252
276	49	62	194	51	76	156	149	104	272	28	16	96	142	157	42	111	69	267	45	10	48	277	187	3	241	38	82	211	264	160	261	160	123	69	68	136	257	217	123	201	168	108	60	4	261	63	224	124	56	44	14	90	248	51	130	252	210	34	0	84	2	141	227	112	144	108	119	85	196	264	47	5	236	235	188	248	88	100	277	6	5	233	229	204	134	205	139	165	68	54	104	4	163	15	148	222	39	248	141
59	133	59	1	47	248	134	51	102	208	10	144	144	153	211	45	189	57	62	50	203	173	185	118	179	52	113	57	250	84	229	262	215	72	171	271	49	236	75	175	156	148	149	65	7	86	6	15	193	28	253	182	10	100	106	32	111	157	64	230	0	254	99	121	267	34	179	42	148	272	237	259	238	151	58	196	72	12	237	84	170	251	38	119	81	128	202	189	226	159	179	22	51	42	234	68	24	151	243	233
153	37	101	46	79	167	105	201	140	154	213	272	102	133	41	178	228	227	249	107	179	150	246	71	106	276	209	236	110	161	123	191	29	142	100	250	113	38	59	225	186	194	166	175	167	271	231	121	191	285	40	257	155	279	154	136	170	26	17	227	198	0	269	204	82	139	271	51	234	94	110	126	28	16	226	159	275	27	241	133	118	50	45	13	240	33	97	57	178	282	202	5	95	256	123	168	265	79	77	43
60	226	8	75	232	99	209	131	80	137	227	128	50	58	118	10	164	258	267	202	173	60	224	249	210	26	52	243	119	261	153	232	75	80	84	65	165	194	9	267	25	90	255	190	119	149	250	45	26	191	172	35	72	207	140	44	153	197	159	169	107	2	0	266	70	223	181	79	196	9	172	233	35	106	60	52	87	166	143	110	259	116	240	180	11	82	178	136	3	51	161	25	129	278	203	102	49	272	232	164
150	179	244	90	72	163	109	39	132	172	152	234	275	132	37	33	26	154	102	257	245	268	228	179	153	134	65	163	259	197	250	133	187	135	186	281	269	183	96	200	30	165	254	212	92	42	175	31	6	200	37	155	276	24	12	282	119	12	39	276	55	227	63	0	255	279	132	80	90	105	55	41	4	17	183	124	139	130	11	82	160	185	223	51	242	173	178	257	53	95	53	95	191	127	142	274	46	88	181	79
114	104	148	37	202	204	169	243	196	192	72	150	86	130	78	154	20	40	195	56	275	277	171	217	154	280	45	127	41	53	44	107	36	283	10	165	267	3	148	69	260	210	121	276	116	148	257	202	273	232	36	246	137	164	171	274	213	126	76	90	51	228	216	258	0	285	39	171	271	50	236	192	251	134	280	186	263	195	27	185	126	250	18	277	213	15	268	207	265	284	44	50	202	39	205	136	79	125	103	144
268	108	252	189	73	229	235	226	256	203	271	147	55	71	28	58	262	8	80	129	52	48	65	25	33	78	204	64	78	242	64	221	207	18	53	189	109	27	57	171	245	181	128	77	247	262	17	225	87	176	5	105	134	69	221	147	39	31	143	87	41	52	104	273	98	0	113	160	260	78	132	221	55	5	3	246	134	250	104	170	178	201	147	147	84	104	260	184	139	220	153	42	113	184	76	63	129	258	254	216
72	253	241	40	83	100	208	121	183	31	98	281	159	58	102	254	6	245	229	181	198	16	249	30	228	12	85	278	274	30	248	69	10	162	123	120	204	58	29	147	95	238	75	28	185	81	174	271	72	190	73	224	115	189	99	233	63	65	196	188	76	50	60	197	51	243	0	162	34	214	22	98	35	25	138	16	275	178	103	228	179	84	49	269	121	250	182	37	230	1	193	282	277	113	160	250	125	59	269	247
277	8	78	115	270	26	150	258	164	149	105	251	260	39	14	148	178	27	147	38	239	104	274	259	87	212	132	126	64	185	114	268	86	216	237	113	137	212	245	207	3	79	209	134	225	113	124	132	120	214	264	215	76	44	98	128	123	229	171	49	261	45	138	197	239	105	257	0	31	210	118	54	285	50	122	130	21	228	214	38	22	13	103	190	35	157	24	113	178	122	162	221	143	273	2	239	34	182	53	126
176	100	86	64	79	275	44	76	243	23	191	20	237	150	19	149	36	29	174	226	16	65	264	133	82	215	170	18	67	123	61	3	194	283	235	251	138	95	169	260	147	233	241	258	46	255	45	244	109	126	256	261	250	84	198	232	128	216	19	234	201	169	280	51	69	215	277	35	0	185	268	44	71	10	35	195	223	228	155	196	239	117	83	168	11	247	265	258	8	180	5	252	206	278	167	1	35	174	207	75
224	254	98	224	261	206	20	78	184	33	54	283	121	10	165	253	276	17	106	24	115	162	189	30	184	280	235	265	51	117	59	82	249	154	280	244	47	8	73	76	18	36	161	193	183	194	196	106	14	55	5	170	157	138	115	271	285	35	64	48	84	82	210	238	226	71	268	22	148	0	269	215	140	42	188	61	248	267	53	143	280	171	100	253	218	252	106	267	77	20	9	277	40	87	285	9	232	117	281	137
42	192	124	227	79	112	268	111	19	59	159	273	69	50	204	159	259	283	209	260	86	13	273	219	82	266	82	232	164	38	41	84	229	137	213	111	280	169	206	205	10	81	25	144	71	28	116	154	194	171	39	5	200	96	205	119	99	30	174	158	101	128	160	285	246	86	151	51	221	86	0	139	39	246	232	229	203	215	77	144	274	112	225	284	261	96	225	51	145	89	285	144	19	14	19	76	131	219	183	53
162	271	33	42	260	183	54	275	185	274	55	178	70	25	201	184	203	113	256	120	119	97	263	207	105	175	9	62	136	175	199	66	99	281	258	89	231	266	183	204	251	94	270	60	268	202	203	52	100	171	120	228	88	158	159	169	248	137	62	217	70	220	117	193	6	185	180	235	202	111	193	0	239	31	234	285	159	283	27	257	224	209	84	34	10	65	180	172	120	261	175	170	228	190	50	73	167	257	148	79
233	254	134	134	221	249	165	91	4	258	20	236	159	285	188	83	87	268	213	53	14	9	194	273	177	1	285	178	217	84	186	232	161	141	7	283	31	34	167	112	62	91	200	231	166	207	7	89	189	47	231	235	279	163	185	207	216	216	217	157	274	251	25	151	250	165	144	212	239	16	108	22	0	237	91	32	158	66	199	257	212	91	259	234	257	235	53	199	103	90	69	76	102	14	120	5	107	73	227	39
252	125	198	157	134	267	156	221	239	24	110	128	17	71	193	147	46	274	1	31	1	135	49	184	231	55	147	153	246	189	106	187	184	219	189	69	193	100	241	227	200	45	39	188	28	140	148	62	46	265	46	232	162	1	123	61	233	104	71	150	14	126	162	256	93	279	31	140	173	122	46	173	191	0	131	137	234	5	109	252	253	175	50	92	202	272	7	117	4	222	223	12	17	125	33	284	197	232	113	114
175	204	112	260	61	283	127	155	205	107	31	188	93	151	60	129	74	71	274	117	25	222	101	118	207	251	202	214	142	156	151	128	280	238	15	116	132	274	238	185	100	70	7	53	64	58	77	191	268	32	125	62	118	266	41	156	111	226	252	46	112	255	211	170	266	58	140	129	66	141	179	3	220	137	0	109	283	210	243	8	38	243	177	89	230	16	272	254	164	204	201	138	199	144	227	135	264	82	25	90
14	145	211	63	106	158	65	107	103	78	279	106	131	225	5	143	120	34	90	244	245	92	270	24	224	191	74	30	111	98	62	185	180	122	118	118	173	80	105	126	148	230	90	234	143	103	6	35	257	107	193	133	34	273	170	229	157	207	256	270	135	153	29	53	231	236	12	170	14	120	256	133	133	6	13	0	90	160	174	277	279	31	209	195	101	43	61	125	49	165	220	149	54	149	118	163	261	236	171	132
7	137	218	270	24	129	274	41	252	4	158	252	278	124	192	70	128	47	161	120	281	27	159	88	35	35	77	277	186	45	270	265	65	107	29	181	137	17	120	89	228	10	106	243	106	243	118	145	187	186	224	40	263	111	16	263	95	235	121	59	11	57	212	60	213	257	241	192	86	138	135	243	61	3	100	195	0	153	155	92	59	271	186	25	115	240	97	20	196	277	218	198	238	53	186	180	128	246	272	23
11	213	156	122	8	226	115	158	56	250	46	6	174	130	49	13	252	217	101	268	89	29	68	153	118	261	14	59	112	7	146	255	28	48	236	1	183	94	283	242	228	148	52	68	217	156	82	143	56	2	27	120	281	107	21	243	67	38	217	272	14	3	79	219	228	13	98	9	273	252	158	133	159	135	50	277	70	0	73	240	3	32	211	277	153	54	13	32	273	281	44	81	95	82	136	11	54	24	37	114
159	129	138	237	62	135	61	158	236	277	123	99	267	190	216	166	79	261	78	124	101	227	33	204	208	244	170	141	267	56	247	50	282	153	115	59	255	187	47	3	206	14	183	255	213	19	111	66	97	264	106	126	34	211	143	280	57	197	283	93	158	198	64	143	188	217	156	44	125	91	242	190	74	182	56	283	12	16	0	3	167	122	180	67	56	182	18	185	214	76	279	127	75	205	214	20	79	99	245	264
214	229	149	63	61	275	210	184	32	218	221	195	138	74	140	21	187	284	80	63	228	39	10	232	214	145	273	242	272	172	43	143	13	87	263	60	248	249	141	14	158	107	161	120	10	194	221	192	119	100	147	142	191	100	90	131	234	268	211	46	192	236	25	26	130	46	58	75	5	99	164	54	37	108	179	164	137	229	103	0	64	152	68	21	238	60	76	169	81	124	254	68	63	279	88	175	119	13	49	192
275	161	138	133	124	20	195	191	78	270	265	102	166	192	177	160	210	271	238	23	103	86	20	201	184	67	20	11	59	56	89	31	84	16	160	181	22	240	225	171	43	17	55	18	163	25	28	76	137	60	235	43	277	235	189	203	57	105	54	190	219	215	161	48	216	39	209	179	246	128	259	1	44	38	80	171	27	232	17	3	0	43	142	59	229	81	244	245	140	54	100	267	149	198	276	28	263	267	180	186
259	182	266	208	226	226	98	200	106	26	282	106	22	203	273	175	243	158	85	226	146	82	170	101	9	260	272	161	259	111	251	2	277	154	90	124	114	56	70	4	123	176	34	91	84	285	11	7	257	101	66	83	72	35	168	133	285	104	37	265	203	194	139	80	12	268	208	7	268	155	24	108	265	52	277	44	131	113	108	116	154	0	61	163	225	146	228	259	191	42	178	283	59	43	29	52	141	192	15	177
228	232	12	207	235	126	178	265	200	270	26	161	241	194	186	193	233	162	88	182	262	105	91	184	216	223	48	31	189	170	261	183	114	268	100	239	247	144	115	273	100	265	219	78	218	267	278	40	128	17	74	186	67	87	183	154	237	148	201	262	44	276	182	89	115	47	50	93	227	253	125	163	109	98	168	38	62	153	26	261	59	284	0	261	28	259	216	62	31	263	214	143	95	16	128	52	282	277	12	118
167	106	185	119	13	135	177	245	116	56	113	272	272	174	104	234	68	20	236	125	161	38	45	126	221	147	41	48	234	226	278	33	277	261	33	85	114	270	188	19	145	231	180	30	20	259	76	123	83	134	11	7	282	231	180	186	250	208	85	138	113	219	35	199	178	36	204	226	182	107	210	105	15	105	35	45	168	187	13	108	264	28	167	0	163	8	34	155	270	28	165	284	66	96	240	259	77	130	238	158
171	71	67	134	80	260	168	62	64	35	158	102	140	221	224	49	234	102	120	66	261	149	157	283	66	267	255	168	252	253	114	66	6	198	65	132	191	279	12	133	252	102	51	226	198	134	85	218	145	51	163	38	195	238	91	13	244	132	4	38	265	241	142	2	11	219	43	8	161	112	203	139	242	186	185	141	112	135	62	272	162	213	115	228	0	29	28	75	57	75	167	70	36	188	18	167	59	225	261	169
85	26	144	59	32	83	255	184	61	77	21	9	274	268	69	163	197	259	163	65	151	106	153	63	172	211	191	21	202	88	43	174	8	157	143	42	131	124	35	171	224	192	183	131	69	75	132	48	66	211	235	54	245	271	23	70	274	114	149	219	151	30	252	62	100	135	77	197	131	248	207	187	32	152	110	119	284	38	245	112	256	114	70	77	269	0	74	64	70	252	54	213	206	96	141	11	174	154	19	3
266	121	72	164	178	115	161	231	111	275	132	253	120	284	283	209	46	177	81	72	25	56	129	127	193	254	260	187	111	40	226	50	262	120	111	65	58	120	169	160	116	140	229	149	119	115	104	108	229	115	157	222	197	69	181	126	104	203	230	160	233	150	29	226	245	88	102	226	219	38	12	165	74	89	125	29	31	229	263	4	175	64	51	217	43	12	0	115	92	267	86	150	178	114	67	6	143	264	117	235
253	245	153	226	157	29	33	264	152	191	75	126	258	251	86	268	147	58	25	166	47	132	110	33	62	20	84	212	22	54	138	180	75	16	261	10	184	128	104	84	258	93	12	34	214	267	278	208	1	13	190	144	31	229	82	224	132	61	208	285	160	9	246	68	178	106	222	112	57	81	275	132	6	196	209	174	283	99	141	44	199	8	191	199	173	106	65	0	255	165	116	152	118	30	276	57	248	19	31	197
54	56	76	159	205	199	15	228	148	18	265	2	250	195	13	139	105	218	63	205	216	76	238	246	133	60	269	52	175	101	192	252	272	237	254	5	68	76	158	212	25	129	229	10	168	193	182	10	3	232	162	206	284	110	178	24	40	34	143	117	184	261	262	142	272	132	213	110	37	78	104	259	88	195	199	57	50	187	65	185	97	195	79	196	211	152	69	285	0	52	225	48	251	29	141	11	59	206	268	143
92	164	129	148	169	239	9	20	138	56	67	220	280	41	78	231	114	66	124	42	179	104	190	168	242	190	19	201	1	252	208	97	189	93	30	197	117	244	86	22	182	77	273	38	134	81	52	119	110	119	229	110	110	150	144	266	50	78	140	247	253	219	91	76	212	272	264	52	97	121	132	75	56	35	155	104	187	9	139	195	272	9	67	169	256	226	182	51	190	0	48	173	134	43	255	76	68	227	34	130
284	118	33	51	25	64	31	220	281	258	40	263	233	223	130	174	190	218	247	145	30	268	3	10	268	110	195	103	38	53	137	93	76	53	143	202	220	24	159	14	106	238	87	20	168	261	282	174	34	109	9	162	144	99	150	284	208	232	50	153	99	205	261	52	219	209	188	257	10	151	76	10	164	200	169	119	22	185	132	104	159	20	111	191	171	204	184	175	209	233	0	169	254	13	173	180	88	249	266	98
19	257	241	246	43	262	258	182	284	221	210	80	105	210	78	12	191	175	105	264	110	33	35	127	30	86	227	149	150	39	178	65	59	173	278	237	219	55	246	239	205	235	282	70	123	168	96	140	101	45	175	264	62	57	142	109	32	245	19	169	200	243	61	195	204	176	206	271	150	276	77	281	116	247	283	276	29	139	139	230	62	4	252	76	31	256	193	252	222	32	171	0	272	163	90	253	231	140	157	86
266	96	183	99	157	242	285	280	263	204	230	127	276	131	147	245	239	217	266	241	242	148	93	135	226	124	89	4	207	65	210	53	191	118	114	59	209	216	156	104	128	216	268	61	85	166	186	273	158	192	7	281	187	35	227	188	236	262	69	89	271	170	22	273	236	45	218	84	135	5	225	263	147	179	257	217	263	239	63	223	160	252	179	136	41	252	120	192	178	73	203	163	0	241	251	103	55	195	11	233
65	283	107	284	176	91	124	165	101	124	164	129	126	99	281	168	4	148	89	2	52	121	253	143	228	80	17	164	199	275	232	154	185	251	250	42	282	98	108	62	93	129	132	18	74	232	150	68	187	74	235	271	113	207	126	178	72	183	136	7	130	79	108	105	218	199	161	115	115	151	245	251	233	254	104	24	281	87	174	2	168	61	67	232	163	204	136	202	177	174	151	162	203	0	149	92	213	48	233	72
170	18	62	76	218	6	8	172	262	209	29	145	142	228	30	81	110	188	220	53	5	59	38	41	198	176	87	223	46	4	276	191	210	214	24	206	92	109	200	105	52	204	110	32	199	126	1	255	217	59	259	90	216	35	65	181	60	61	117	273	146	262	152	193	214	146	154	262	242	133	235	52	111	85	179	196	144	105	187	275	256	80	120	244	101	139	51	270	159	237	163	127	261	62	0	282	206	148	68	218
37	206	201	220	118	251	61	279	268	189	51	86	282	47	198	159	130	123	107	198	21	2	27	151	254	101	170	157	55	112	267	279	269	126	273	121	163	213	209	229	31	149	249	254	267	117	91	132	285	160	105	262	192	216	125	112	91	181	284	138	138	15	198	262	174	148	145	86	119	122	137	151	284	129	180	159	217	216	174	208	40	164	125	83	217	206	202	285	36	255	256	67	34	207	158	0	228	52	134	8
190	192	202	190	3	238	16	258	81	197	261	263	13	111	1	75	126	277	221	137	82	200	120	153	100	169	48	102	248	271	268	46	45	220	112	139	120	168	100	190	52	170	216	63	127	189	239	32	208	232	271	192	233	210	75	236	138	175	82	58	100	67	183	127	244	245	89	104	31	271	32	239	138	236	92	96	137	57	252	124	251	188	269	167	150	67	222	7	54	210	125	245	185	157	124	45	0	266	143	256
32	274	58	47	22	84	101	249	3	271	7	255	54	284	206	99	101	242	167	190	76	129	27	145	259	181	133	66	179	149	62	147	276	70	282	161	242	126	30	126	101	118	201	51	185	173	250	22	231	197	232	104	282	185	204	206	280	99	153	163	196	177	48	60	109	269	119	138	279	249	127	277	26	184	190	63	104	202	9	35	16	258	267	106	220	217	160	168	154	246	258	104	283	213	189	224	14	0	173	163
165	218	30	205	209	279	283	44	198	206	85	44	95	186	277	57	229	82	175	122	23	171	249	150	260	50	262	22	84	152	232	166	185	3	212	269	125	257	185	209	167	145	238	35	32	284	88	119	284	89	206	123	73	38	28	151	266	168	273	126	51	40	245	212	214	234	64	255	96	184	107	108	171	183	27	273	60	129	31	199	101	191	10	3	28	32	273	68	182	119	259	223	90	171	223	89	31	221	0	213
98	141	253	131	180	263	45	91	215	125	3	105	205	193	144	271	226	258	159	69	168	165	196	104	197	7	26	226	164	67	74	280	90	172	181	282	41	164	128	24	118	15	210	151	248	74	32	104	179	46	237	209	48	231	75	174	251	16	151	281	15	12	189	198	55	240	73	146	118	219	28	13	220	240	144	208	181	160	157	36	285	86	151	18	161	20	136	39	125	115	51	96	229	93	197	122	17	61	43	0
