A	B	C	D	E	F	G	H	I	J	K	L	M	N	O	P	Q	R	S	T	U	V	W	X	Y	Z	AA	AB	AC	AD	AE	AF	AG	AH	AI	AJ	AK	AL	AM	AN	AO	AP	AQ	AR	AS	AT	AU	AV	AW	AX	AY	AZ	BA	BB	BC	BD	BE	BF	BG	BH	BI	BJ	BK	BL	BM	BN	BO	BP	BQ	BR	BS	BT	BU	BV	BW	BX	BY	BZ	CA	CB	CC	CD	CE	CF	CG	CH	CI	CJ	CK	CL	CM	CN	CO	CP	CQ	CR	CS	CT	CU	CV
0	366	811	146	354	225	16	188	470	376	596	338	708	358	142	213	578	799	395	121	610	794	755	130	632	304	91	626	655	285	651	194	451	792	285	190	720	589	303	86	702	747	213	5	120	68	779	706	776	455	352	122	756	206	338	666	145	17	477	80	745	389	751	426	486	211	76	734	44	467	542	260	622	658	706	371	338	389	717	323	580	137	579	464	217	525	385	531	262	241	680	344	435	650	293	698	388	568	667	494
65	0	211	681	679	336	519	33	364	43	731	478	320	137	583	191	40	746	471	238	320	729	46	801	327	118	210	169	445	710	132	333	410	496	682	476	272	676	8	41	529	96	779	433	84	426	62	673	784	429	500	379	339	165	104	634	83	232	642	718	707	627	461	716	607	519	754	329	313	188	718	814	23	335	182	699	408	295	634	792	159	184	258	104	201	603	745	612	67	126	33	668	779	407	153	537	404	628	109	739
362	517	0	482	578	691	694	531	551	476	155	324	743	602	590	481	804	738	48	87	534	47	538	790	214	424	376	116	517	590	556	405	715	352	541	600	307	424	771	434	580	498	736	248	452	199	237	107	233	249	20	621	62	425	202	384	795	723	242	47	257	329	629	637	199	220	310	684	524	104	809	615	529	293	504	377	463	319	470	670	80	366	642	207	271	474	65	58	101	227	801	604	415	495	606	179	799	154	584	186
677	175	601	0	369	241	469	67	526	124	411	109	398	85	779	408	249	180	524	518	561	632	677	1	229	540	294	803	544	775	291	597	687	16	405	500	540	724	565	657	80	798	714	534	580	646	375	804	633	693	38	454	750	808	446	518	100	679	170	657	619	308	136	516	453	29	439	160	762	477	794	89	253	756	362	463	42	274	784	78	182	597	622	335	320	398	377	580	45	96	555	311	55	396	706	186	254	207	318	196
617	487	58	543	0	510	286	622	142	556	542	585	724	130	625	478	547	226	540	387	326	394	126	611	589	240	155	234	736	267	456	49	509	330	547	678	781	316	554	629	427	747	600	612	197	567	183	635	782	768	629	88	288	742	86	148	275	89	399	464	411	566	354	363	565	119	282	203	260	635	576	482	61	623	305	788	343	568	374	35	649	389	112	111	370	625	117	503	613	302	158	802	556	5	531	338	169	294	97	721
540	148	189	706	470	0	805	800	92	105	654	711	409	539	610	667	19	295	690	84	305	739	787	563	479	330	135	286	646	154	168	284	386	534	675	606	595	674	790	46	772	352	522	120	406	197	321	505	397	455	306	54	454	569	102	9	300	789	432	685	262	282	575	336	315	23	223	342	62	374	209	167	662	111	158	808	723	103	180	96	798	727	129	772	60	259	465	309	131	757	544	404	271	747	766	292	372	785	137	701
287	21	702	334	734	381	0	638	366	631	447	89	351	414	252	314	640	304	61	464	246	786	176	100	134	742	649	11	394	294	614	380	511	451	116	809	367	452	62	313	133	361	114	46	444	777	211	786	476	88	664	308	547	233	577	769	409	696	224	369	28	594	510	718	509	386	576	445	495	157	261	461	309	257	63	297	186	209	505	169	44	646	213	242	10	461	762	187	91	807	798	743	199	731	314	716	76	567	567	552
451	507	370	441	449	619	216	0	179	273	453	386	88	154	414	533	492	512	411	48	331	742	376	469	518	174	787	6	358	702	459	717	734	345	490	636	733	790	645	793	308	18	292	295	562	138	86	389	85	660	321	765	248	775	119	441	536	676	407	434	91	161	367	401	317	729	756	263	8	187	223	535	241	453	676	426	796	789	221	314	352	325	224	305	336	724	78	68	506	294	798	524	674	583	446	411	253	218	473	428
181	798	375	657	432	772	320	361	0	258	233	306	667	436	229	154	722	321	569	42	617	662	349	432	422	316	308	432	187	24	331	708	468	11	465	546	639	449	401	805	710	89	692	304	799	425	748	810	691	557	680	143	450	493	524	155	526	430	151	165	498	279	566	388	404	777	336	392	251	9	461	134	553	299	288	294	105	756	770	194	384	807	99	737	384	617	354	570	361	694	26	20	180	133	113	432	143	404	433	512
462	5	369	301	469	738	775	262	482	0	717	624	30	810	685	220	533	121	703	737	385	687	572	316	486	439	328	242	492	770	439	401	101	439	196	727	780	364	375	117	98	657	686	393	74	147	241	634	201	620	538	541	389	600	485	110	582	94	650	33	330	490	322	14	750	556	18	139	712	227	131	332	795	343	40	313	341	692	456	576	352	771	725	703	308	627	448	809	120	549	580	267	365	388	132	153	787	673	259	65
500	350	318	711	33	383	514	323	243	14	0	452	459	756	42	531	351	466	181	397	699	521	501	767	355	602	276	42	747	397	806	627	596	248	388	350	226	153	46	30	227	769	110	648	572	795	369	361	275	196	686	653	131	749	337	483	556	17	112	282	387	407	690	168	599	259	301	371	684	135	238	215	777	141	287	500	96	341	691	457	198	141	642	812	90	223	65	471	774	764	326	76	627	397	424	716	249	498	314	670
226	625	644	53	215	224	15	12	57	392	719	0	281	734	519	803	775	767	56	351	68	494	791	200	394	628	30	74	205	503	19	248	344	605	538	217	726	440	414	674	718	788	556	92	115	664	93	805	575	326	294	139	672	228	812	465	796	741	150	76	590	637	447	562	741	301	721	384	403	797	675	97	525	691	479	808	493	367	635	34	577	540	301	119	197	602	799	292	154	61	637	631	12	220	399	526	356	403	614	443
661	172	514	51	12	257	123	715	31	427	553	451	0	253	792	164	765	632	493	267	170	272	124	287	704	795	3	291	760	797	272	290	200	676	232	481	222	204	750	629	740	513	679	485	739	33	404	523	719	494	461	364	16	21	359	519	729	476	764	668	399	180	166	683	356	341	131	478	635	661	285	499	493	354	669	421	425	46	716	139	492	752	486	83	259	592	690	465	557	418	453	353	96	555	362	41	697	50	512	72
792	720	649	429	72	349	679	96	4	317	149	52	130	0	561	105	427	795	197	153	52	621	201	707	162	409	312	300	510	697	188	694	186	207	667	153	628	278	375	63	187	337	99	509	369	574	188	131	59	92	643	393	132	387	50	474	347	266	637	142	485	106	458	43	463	300	784	272	90	581	549	558	632	219	149	590	70	6	695	58	106	82	814	343	586	225	301	401	495	768	91	389	308	673	94	363	292	784	538	150
705	494	633	119	394	194	533	725	574	367	295	474	349	538	0	89	165	162	41	206	479	668	573	271	318	199	477	496	62	691	292	556	760	390	716	213	769	256	140	346	692	803	545	610	104	666	439	470	239	97	85	278	581	39	329	115	140	101	564	646	96	476	189	67	449	388	439	182	596	262	51	129	727	281	382	23	365	487	518	10	753	365	563	660	581	784	415	493	533	277	762	801	761	350	144	43	578	613	290	598
450	22	681	70	147	289	288	70	801	303	486	498	548	630	715	0	450	551	237	149	92	511	811	539	656	303	165	322	162	283	196	675	344	181	405	810	180	739	694	513	79	359	60	453	160	810	305	472	57	97	93	360	378	167	108	593	178	797	564	131	672	712	346	472	201	25	471	662	813	15	499	618	411	784	495	473	371	434	793	73	772	772	253	603	296	100	690	730	366	775	372	520	285	569	153	331	327	668	34	675
524	669	787	606	281	67	169	195	763	673	501	420	576	219	111	35	0	45	629	224	643	227	759	743	256	495	102	148	814	331	129	396	88	333	489	374	653	771	707	646	447	91	752	796	26	557	354	248	674	280	738	134	488	258	660	759	740	576	327	193	139	223	512	352	285	543	10	441	541	540	636	718	432	194	142	557	20	297	116	787	533	310	2	494	508	777	259	63	97	476	57	748	682	641	450	445	314	327	669	511
87	209	504	414	9	54	471	252	629	498	22	50	478	510	670	580	211	0	588	661	228	261	311	228	573	689	463	340	61	710	250	156	687	16	559	206	649	473	649	267	345	606	551	790	422	32	594	292	655	448	745	560	688	269	182	88	73	616	372	447	296	505	756	701	32	468	693	137	356	783	685	316	512	413	346	607	302	583	525	160	401	12	5	189	741	758	461	247	585	621	73	206	788	434	144	606	73	314	806	230
105	423	30	141	628	159	550	344	169	716	640	545	794	418	544	413	666	176	0	356	785	629	457	620	116	757	326	789	512	654	341	605	781	503	182	3	678	7	102	426	704	660	448	219	601	71	237	628	620	294	684	208	514	58	151	604	221	120	424	234	73	583	576	475	789	406	668	27	173	794	469	792	334	75	531	318	46	661	650	590	201	211	531	284	657	744	63	624	248	539	5	569	27	694	105	413	112	713	722	610
171	690	575	538	500	500	658	125	459	404	502	71	118	494	372	71	800	9	498	0	227	625	286	123	451	17	221	230	537	212	336	27	37	46	456	307	92	416	809	212	88	767	481	607	195	196	139	589	456	299	291	577	477	51	115	786	544	467	538	422	758	589	258	444	702	763	519	522	484	111	549	185	158	486	459	473	727	613	2	347	524	496	531	408	692	21	135	678	23	260	79	804	59	599	309	547	185	229	440	26
746	429	741	215	47	115	566	148	317	567	157	576	664	257	656	92	248	734	48	684	0	601	616	480	219	45	171	467	93	306	290	389	809	621	226	433	49	40	672	395	454	715	772	333	731	492	103	670	647	512	807	337	82	490	32	15	40	80	63	497	770	333	133	122	802	212	335	700	462	611	544	665	249	108	773	61	680	791	753	410	687	52	39	221	130	546	294	334	144	664	16	633	456	753	229	641	479	800	33	213
525	528	485	653	461	18	48	298	107	640	565	357	502	811	672	164	520	79	164	756	171	0	216	253	486	576	698	590	144	544	574	701	626	6	374	204	270	612	566	734	232	432	612	654	747	551	579	591	390	721	275	170	210	494	785	800	501	269	585	429	791	369	728	25	183	704	432	809	494	609	573	4	684	22	760	433	321	348	806	685	705	254	437	252	607	65	642	266	149	201	6	641	291	70	13	190	72	683	313	144
228	512	342	33	635	511	556	532	327	22	727	702	388	247	343	627	285	320	43	19	789	273	0	58	352	150	639	570	515	104	514	308	347	681	268	350	172	395	426	97	108	135	544	286	577	631	17	772	267	607	702	390	689	339	324	761	674	651	116	337	442	365	171	141	373	462	281	599	496	131	128	63	290	503	362	586	609	51	782	19	377	395	671	483	363	105	624	75	808	209	21	73	318	307	15	256	379	426	576	598
406	446	312	479	309	291	41	551	619	234	644	572	194	670	506	205	139	101	519	667	747	335	653	0	715	145	325	710	285	241	142	631	385	407	766	169	47	51	284	247	125	59	667	803	728	456	140	59	28	420	554	623	358	450	804	671	595	528	311	558	76	475	649	415	456	133	190	141	300	447	645	693	760	88	525	12	46	399	244	405	632	453	664	497	514	649	41	307	239	2	394	24	121	515	637	28	696	620	398	81
312	301	370	496	535	550	794	16	290	194	720	196	595	464	177	475	405	228	254	311	537	719	719	497	0	175	799	717	412	185	201	49	446	384	786	566	532	810	785	367	200	531	511	115	82	90	197	272	30	123	133	295	108	202	805	457	172	687	370	69	210	244	388	517	685	269	428	420	547	304	104	343	148	372	645	560	379	520	709	539	349	390	699	670	97	300	501	439	329	194	152	237	194	792	360	155	708	615	58	694
397	226	415	427	247	55	277	213	665	743	499	668	739	737	794	781	495	368	534	386	412	721	799	361	15	0	566	72	668	297	175	165	218	514	55	258	534	101	466	93	347	491	762	352	504	527	678	663	485	120	45	159	394	190	311	97	120	600	73	94	30	489	737	631	333	449	487	315	799	656	114	163	368	635	723	523	474	323	673	695	263	89	737	103	52	683	488	56	368	91	497	556	391	662	342	289	794	457	87	51
300	397	469	267	203	418	419	714	430	257	191	381	134	320	275	62	414	791	499	547	707	364	557	464	165	471	0	325	563	206	613	201	803	656	294	426	452	337	769	732	481	93	377	436	703	277	538	357	214	347	361	245	192	707	621	386	668	238	116	306	564	79	360	618	439	582	664	94	152	116	748	637	178	71	600	514	315	724	649	250	591	321	86	553	215	477	390	780	792	551	122	722	322	461	308	558	148	266	111	89
549	716	380	394	593	623	53	548	281	126	254	24	57	300	544	190	395	636	758	767	122	495	182	596	139	20	173	0	325	130	556	628	761	238	317	645	154	251	412	798	728	787	749	156	16	730	55	264	72	757	314	392	493	693	658	123	321	369	561	655	605	199	479	590	556	171	585	435	181	622	258	322	58	187	474	708	248	250	310	715	382	618	793	122	42	263	382	191	12	692	564	692	490	305	700	290	184	748	623	288
281	628	82	284	23	246	677	577	500	569	604	390	495	513	135	611	328	583	712	145	461	58	65	571	706	561	797	85	0	49	459	429	700	729	634	803	420	123	288	524	500	145	444	294	345	665	406	787	339	337	312	398	600	717	203	736	470	371	545	118	492	278	146	532	177	234	143	50	678	460	795	253	793	310	561	556	346	707	642	373	593	267	310	1	387	307	461	488	722	185	235	205	91	359	772	192	605	424	38	369
600	262	199	346	75	585	728	609	293	184	137	405	41	344	716	179	24	244	86	740	658	453	515	600	676	300	566	184	500	0	500	522	788	518	194	478	134	365	90	329	616	391	342	257	505	283	348	656	344	464	618	637	107	298	188	785	757	77	203	154	356	176	667	630	359	545	344	300	749	63	646	742	173	212	41	670	167	674	674	594	628	569	320	338	507	140	746	315	77	693	753	309	523	320	554	709	688	65	383	642
790	89	546	148	565	165	99	126	606	810	588	409	626	787	533	629	421	235	396	636	535	174	221	652	209	323	717	515	471	359	0	540	252	437	34	374	661	663	287	737	72	230	495	663	770	268	175	563	600	802	316	668	549	492	100	456	580	799	629	451	260	673	239	627	452	336	550	518	50	155	718	107	196	70	331	639	392	29	480	343	499	84	283	640	167	669	777	337	356	212	241	359	11	107	242	202	511	585	202	719
543	778	535	700	477	706	693	93	614	781	9	793	100	538	360	47	445	762	225	638	800	435	103	266	124	720	696	547	359	432	219	0	384	289	533	582	105	774	184	350	287	399	610	366	383	242	631	787	87	351	481	254	561	786	239	301	303	443	462	660	469	26	516	344	316	413	73	384	643	417	510	18	740	362	609	327	685	599	291	322	248	93	415	412	173	77	525	367	5	40	631	214	236	655	622	421	521	598	526	417
343	589	595	459	423	700	664	726	646	692	197	462	457	157	744	763	732	327	713	242	553	338	75	541	59	263	728	237	111	554	127	661	0	354	513	316	377	251	503	598	544	663	681	117	326	697	338	690	541	35	288	702	375	196	748	404	309	693	381	759	159	157	358	701	200	667	35	164	456	762	106	656	77	737	613	794	663	445	765	469	438	518	201	798	80	770	434	473	718	571	598	761	698	798	551	456	614	193	122	345
561	715	208	739	189	590	348	91	537	404	648	605	679	395	35	770	302	756	282	353	321	799	429	281	32	274	744	216	517	245	421	607	26	0	605	149	119	616	625	803	370	298	481	59	70	266	807	318	322	526	238	309	185	42	772	229	224	42	90	622	10	351	136	710	754	651	642	531	586	104	133	402	220	619	115	558	633	309	329	108	502	469	628	751	802	164	171	722	806	493	368	750	625	362	580	411	664	500	337	669
88	594	422	4	525	771	691	790	125	520	637	567	693	654	111	663	440	270	804	235	718	326	161	460	83	167	183	489	613	248	236	23	121	657	0	506	218	420	98	361	171	618	524	388	315	714	167	17	625	488	352	377	438	216	167	740	473	475	98	215	558	540	551	607	221	320	352	654	71	629	315	536	279	754	659	448	417	775	4	268	596	725	424	446	58	528	504	718	685	406	51	247	274	645	479	568	697	509	194	256
329	785	35	343	369	417	631	515	53	232	328	581	766	46	532	322	313	520	334	716	477	811	100	188	702	675	365	45	699	10	195	90	13	139	545	0	133	390	389	557	257	292	360	553	670	428	278	757	483	2	572	311	472	437	617	411	607	246	550	406	229	364	563	203	679	352	530	410	789	687	228	811	7	567	540	308	800	260	9	260	223	263	755	732	522	789	67	650	762	271	372	398	2	449	298	246	135	286	810	627
684	722	317	278	501	753	481	553	504	364	214	186	753	409	93	362	714	23	433	796	221	588	239	195	384	398	689	748	460	307	661	107	608	399	351	559	0	779	352	43	798	361	161	506	689	758	553	361	1	537	566	622	208	615	4	439	227	61	651	784	614	696	726	487	686	739	793	342	14	498	725	309	62	577	82	771	10	234	409	146	464	706	670	110	172	511	662	577	771	626	620	360	306	535	703	114	284	84	32	717
512	804	169	360	158	499	328	580	372	500	703	505	374	327	21	178	464	466	306	167	780	85	544	555	680	236	343	126	223	665	99	625	442	779	134	166	735	0	769	192	336	121	85	395	75	678	555	54	488	486	269	9	764	277	730	357	509	610	700	399	323	271	591	130	343	257	134	290	216	195	675	210	326	708	44	710	189	146	3	252	690	502	366	521	790	569	10	28	171	660	789	223	630	471	90	155	710	130	21	92
603	458	655	282	471	63	229	272	430	336	398	511	352	56	491	506	564	808	203	746	318	202	406	214	658	549	549	338	438	530	160	306	812	810	128	385	234	605	0	426	382	681	745	362	402	125	382	619	130	687	772	293	150	60	686	801	306	287	221	59	690	350	802	367	571	687	17	684	371	104	652	595	349	623	36	363	41	671	33	646	653	510	463	477	146	513	55	421	208	704	324	189	629	399	703	457	454	26	16	597
454	483	782	24	493	373	596	55	584	524	552	468	417	791	482	637	651	699	120	439	627	770	90	782	438	174	500	188	685	547	83	567	251	266	756	669	282	28	543	0	358	143	672	673	713	241	762	297	350	587	721	696	446	311	361	540	609	239	726	319	377	325	2	735	776	439	191	241	607	528	792	358	58	571	599	667	494	297	367	109	420	795	317	194	392	505	395	725	88	226	495	192	511	721	8	528	609	377	209	425
148	416	364	450	290	58	506	694	408	528	546	291	739	717	260	776	400	753	464	578	479	16	501	792	463	315	598	252	208	254	528	189	207	448	794	53	679	578	371	137	0	604	63	356	48	7	570	197	560	668	674	46	73	778	399	634	291	567	575	233	89	424	682	670	155	727	788	228	249	648	391	394	740	14	102	682	164	373	359	155	171	432	270	600	676	662	302	548	454	372	631	572	285	126	274	473	4	312	691	194
768	173	255	446	538	390	622	642	386	589	205	190	117	316	182	755	22	301	72	496	753	434	770	661	124	548	634	654	460	140	770	594	121	801	44	314	375	578	10	17	440	0	603	367	648	433	760	680	712	159	691	147	522	266	180	282	131	437	248	409	661	291	786	728	415	471	395	458	450	682	539	703	471	762	687	335	671	310	412	704	80	637	355	154	179	600	282	240	690	330	553	728	606	416	521	33	713	317	114	458
553	476	415	100	411	509	76	533	238	33	537	621	18	485	531	16	499	599	189	75	214	364	99	103	427	553	439	710	491	193	208	169	175	38	424	475	381	727	717	223	520	73	0	231	97	369	515	467	261	383	487	649	231	665	780	528	139	718	697	657	392	192	426	781	455	697	278	292	788	23	184	584	566	547	118	332	34	373	758	644	350	785	218	747	699	414	247	560	412	270	153	424	62	39	377	353	192	192	589	677
123	716	111	597	557	420	760	70	296	167	300	529	335	201	741	577	590	321	478	518	259	470	506	798	463	241	798	443	74	506	661	598	539	618	695	579	365	666	362	353	759	169	108	0	513	436	555	92	197	603	468	185	687	669	323	76	602	567	378	29	324	210	85	199	796	152	551	201	424	254	291	752	320	504	314	789	235	163	11	701	450	707	573	188	426	616	361	350	418	765	219	114	216	422	127	130	675	433	395	483
262	648	197	398	238	467	413	322	773	355	482	459	715	722	175	136	183	84	142	531	687	740	701	813	769	616	309	121	171	278	805	55	182	483	554	715	211	474	102	37	115	480	534	595	0	693	304	84	240	600	786	34	787	347	671	416	147	716	782	810	651	383	111	622	88	353	207	203	633	357	516	286	369	159	784	260	431	172	269	315	401	213	304	625	404	589	530	811	700	52	814	266	320	222	602	62	364	746	555	204
213	132	3	121	414	597	723	208	436	113	660	142	533	126	564	181	722	395	710	596	376	253	399	149	741	140	499	599	790	735	161	485	505	161	464	179	231	305	312	283	493	411	25	638	171	0	784	161	571	402	764	715	804	428	700	567	291	749	84	614	119	81	762	669	159	304	120	590	603	422	417	62	181	200	38	241	428	382	19	5	614	340	443	640	96	506	378	458	267	406	88	673	62	108	588	305	620	808	200	426
185	794	196	411	205	429	719	567	378	302	459	624	9	367	277	493	95	489	37	11	779	579	765	21	240	247	177	765	125	663	350	139	274	304	296	2	123	77	716	4	467	715	256	661	327	738	0	416	749	408	274	783	607	245	588	723	794	515	514	244	810	330	45	415	200	120	655	735	718	750	779	740	476	356	552	699	261	405	565	384	780	601	687	755	459	772	558	608	429	126	8	731	510	280	578	242	619	533	777	531
28	79	255	216	521	472	315	322	78	12	34	260	88	389	384	683	565	526	270	777	536	553	700	514	681	334	314	299	653	201	534	165	542	384	305	149	399	703	655	105	451	619	373	454	289	513	615	0	572	138	250	706	670	132	307	69	281	470	698	354	97	60	726	567	795	706	810	105	324	425	694	608	81	384	2	134	693	288	44	740	342	722	341	546	428	287	444	540	809	95	106	86	636	752	29	813	323	120	722	521
666	807	145	673	374	550	446	434	91	76	314	426	717	299	652	42	537	679	449	140	398	392	138	641	340	395	212	228	355	738	227	451	437	775	234	387	770	121	38	236	637	124	446	240	5	239	730	680	0	337	584	507	37	369	433	458	469	762	586	284	637	127	321	795	57	569	61	473	551	25	204	801	469	174	69	645	719	333	486	236	726	499	798	501	648	127	645	84	270	272	813	355	27	510	395	291	103	419	716	778
664	648	608	142	172	429	776	72	747	692	377	37	569	61	443	458	676	597	727	19	804	195	724	50	22	70	453	512	162	137	727	12	691	229	356	357	259	797	150	812	500	634	590	486	437	179	154	425	770	0	113	247	662	472	229	429	269	86	706	615	139	313	162	143	321	668	577	137	564	281	713	113	623	497	196	416	795	523	713	182	87	286	177	758	173	518	676	505	603	181	314	768	144	798	639	57	342	221	781	79
523	511	336	167	507	502	503	306	805	622	219	755	105	444	665	785	372	158	303	732	416	372	507	451	485	221	800	358	345	123	20	393	747	670	643	164	221	380	357	764	118	290	88	277	17	611	244	681	202	648	0	612	308	306	760	115	345	245	362	802	162	224	723	113	547	194	183	284	507	409	321	667	281	774	194	774	527	541	781	659	636	193	313	143	344	353	217	216	31	168	353	653	461	755	522	130	740	540	721	506
729	129	27	721	385	711	361	648	514	629	745	133	408	441	390	249	181	30	718	328	538	314	275	536	287	468	94	410	134	127	701	508	447	55	688	299	46	366	347	408	19	221	491	553	630	114	122	563	468	791	457	0	61	217	653	606	526	769	743	270	269	625	283	267	559	810	331	278	684	303	663	557	591	785	591	338	737	777	203	731	783	521	715	62	326	2	419	642	90	613	258	757	68	196	294	399	195	509	258	117
550	203	45	691	646	83	120	13	657	607	475	561	761	107	163	365	431	621	685	754	327	804	757	492	464	551	91	812	482	684	240	57	78	400	418	522	442	86	641	190	162	179	515	488	474	478	724	179	676	614	233	193	0	632	723	409	314	544	132	783	216	189	181	189	627	425	783	222	42	510	529	337	27	690	215	60	130	413	349	346	791	395	472	54	321	768	438	287	277	603	60	659	386	737	155	484	204	43	87	417
632	173	431	543	467	511	669	631	582	155	501	362	99	121	463	657	729	261	173	791	423	431	657	331	444	571	698	608	713	29	562	670	145	12	808	684	10	61	397	356	496	461	475	200	268	723	143	698	22	196	688	112	611	0	124	357	490	784	620	432	423	793	751	493	404	136	480	91	113	791	753	576	434	1	710	73	450	811	358	698	647	272	60	402	380	356	257	693	470	177	770	330	744	573	456	348	195	443	226	55
22	514	695	140	50	511	236	783	586	501	813	287	74	140	470	664	782	524	460	373	124	545	702	284	562	380	367	546	168	69	536	49	69	537	154	715	177	598	135	766	128	63	775	336	743	183	20	721	495	801	82	343	469	525	0	725	489	322	784	38	580	567	629	255	530	764	578	270	708	518	591	497	625	147	266	43	706	492	6	193	241	59	684	716	600	444	747	118	434	522	462	517	353	384	250	723	138	233	87	299
437	306	173	597	560	381	786	502	445	796	447	485	522	22	762	593	403	729	488	290	36	529	16	8	423	737	420	611	317	249	176	11	38	433	227	57	343	114	681	743	528	200	362	395	106	350	98	739	594	563	367	811	184	757	485	0	227	414	501	785	588	200	790	97	665	502	62	431	687	62	30	339	66	409	435	122	248	380	140	600	178	754	777	196	811	561	751	607	297	555	193	276	795	508	527	135	31	306	237	74
742	9	494	507	206	420	763	299	242	49	268	655	61	132	281	694	515	110	679	353	114	615	167	363	365	716	672	366	305	407	608	320	684	90	590	753	780	168	674	771	153	40	171	733	475	561	430	62	251	450	195	781	173	459	779	372	0	801	134	352	451	427	319	677	5	754	793	564	339	572	193	64	43	654	84	190	204	229	671	642	602	580	680	180	9	637	789	806	617	313	751	228	578	598	768	121	272	373	732	62
110	564	637	567	415	598	629	175	663	365	669	259	420	155	750	306	245	482	664	721	225	143	425	556	770	377	641	550	402	30	329	767	469	741	426	560	244	615	182	190	450	397	88	70	462	500	802	115	701	603	724	46	71	507	354	518	38	0	480	321	101	101	38	714	80	224	146	757	501	432	56	722	36	768	179	236	350	47	495	569	480	548	267	777	314	436	171	82	709	525	488	212	60	192	486	791	247	515	587	61
292	163	706	28	670	517	37	486	781	221	177	689	36	128	495	559	341	798	389	302	411	655	313	527	500	557	716	373	308	476	650	554	143	381	414	458	12	70	279	366	82	246	193	806	364	501	620	657	540	383	679	124	90	213	545	260	33	568	0	6	249	133	590	437	456	54	645	623	535	319	577	526	632	361	643	370	671	530	583	251	441	786	544	204	108	308	613	754	179	60	256	41	158	357	672	190	546	177	203	235
113	77	540	43	214	171	274	106	335	209	586	290	140	743	65	301	223	228	112	398	505	700	522	807	230	398	511	717	398	529	681	279	89	107	574	213	169	766	329	406	696	441	812	271	57	455	163	117	768	643	28	548	232	182	677	142	663	469	452	0	239	495	621	808	369	200	647	364	695	200	60	309	342	546	333	493	664	696	735	313	569	269	784	462	428	601	110	149	337	757	754	141	201	616	208	722	695	387	639	346
289	144	656	251	216	101	95	753	502	740	80	151	69	244	800	263	771	402	130	654	792	763	753	37	193	44	106	35	607	37	492	722	385	282	584	168	635	516	282	121	328	751	742	433	547	653	51	215	214	286	397	259	436	269	268	683	780	381	627	101	0	438	647	286	92	364	378	70	619	282	630	134	458	398	395	389	666	232	304	94	757	209	293	442	81	123	771	383	492	581	539	452	233	492	272	386	507	431	363	631
760	659	145	764	519	533	193	426	41	420	306	131	687	229	757	479	613	11	752	92	573	773	48	335	199	222	226	257	814	455	309	444	803	17	666	8	381	713	246	659	641	163	304	232	752	148	738	291	250	82	367	244	501	425	315	471	395	234	397	562	495	0	531	591	379	73	26	127	189	19	166	416	188	331	7	474	103	552	136	596	531	379	408	613	667	18	780	130	678	456	483	163	563	796	103	443	518	505	676	628
676	453	550	57	493	497	791	276	97	376	424	607	185	555	52	9	585	174	632	25	10	557	610	10	658	263	348	49	241	189	515	213	567	341	220	96	659	453	306	680	185	285	606	793	728	296	296	43	773	119	435	340	236	747	207	638	179	814	245	136	728	78	0	708	696	27	72	182	601	68	374	235	684	357	664	278	790	241	397	805	10	748	201	432	195	435	103	812	813	389	4	51	231	443	273	373	437	260	665	32
371	424	807	159	699	323	353	634	371	188	285	384	319	384	637	79	491	705	717	497	677	7	9	415	211	228	526	79	25	711	680	208	178	72	250	452	722	774	174	310	405	87	434	251	682	60	536	500	566	749	1	409	435	512	631	658	664	47	626	92	532	797	484	0	289	215	747	593	707	223	342	184	26	160	609	241	472	131	580	336	622	391	448	408	7	590	286	403	164	53	150	546	481	598	7	342	216	201	629	657
712	628	733	75	649	431	723	739	579	552	250	654	290	676	738	703	345	679	454	49	75	118	722	624	224	462	654	346	451	338	694	387	812	301	138	540	284	216	579	144	142	641	325	437	813	726	322	639	256	602	190	528	770	44	429	100	673	335	799	199	261	224	492	428	0	449	287	23	727	446	342	39	379	244	207	596	138	410	159	38	358	418	205	546	512	225	698	532	207	487	139	521	113	353	125	410	385	421	273	670
499	708	366	788	388	261	678	175	807	192	384	228	739	86	644	704	143	157	165	660	701	639	596	536	284	199	727	270	38	10	326	258	784	385	291	1	337	373	40	378	399	600	484	5	350	422	612	28	205	614	327	601	783	134	257	585	219	132	185	486	467	634	570	6	620	0	431	792	18	702	757	624	472	156	684	659	295	462	69	187	47	325	549	770	451	115	444	40	325	599	175	433	639	728	197	166	140	572	139	207
590	762	729	413	127	164	587	596	701	702	532	761	355	693	713	338	209	59	486	510	564	328	235	262	705	238	136	355	68	170	712	644	146	722	713	642	41	622	765	401	341	218	572	206	442	813	272	253	265	97	642	756	75	9	47	574	472	372	183	85	122	68	191	70	534	259	0	496	803	594	100	593	63	530	781	46	371	480	710	264	482	792	31	192	150	717	631	261	316	169	702	773	474	170	237	741	497	180	384	550
54	354	642	730	771	727	596	237	809	127	394	9	460	4	413	580	692	208	669	117	455	509	797	487	330	87	321	160	30	562	242	173	814	739	801	753	687	268	386	744	275	591	157	641	62	208	105	402	399	444	574	62	533	318	570	146	475	572	456	677	613	340	661	129	448	121	208	0	137	404	733	443	222	191	653	307	557	802	173	743	71	366	157	489	785	788	552	729	17	610	163	704	114	707	13	342	706	370	386	368
593	169	626	623	35	593	683	282	512	520	688	621	590	560	238	123	76	124	742	294	399	244	325	687	516	737	212	752	130	272	184	57	552	801	145	405	419	567	598	131	290	437	771	182	669	32	273	328	444	341	806	92	676	141	593	123	507	637	714	103	517	306	188	229	692	556	26	665	0	190	745	281	219	606	28	622	386	517	770	402	209	99	637	501	701	319	22	159	611	635	121	582	740	366	435	571	75	295	515	499
156	536	542	21	361	261	645	218	64	578	562	562	199	146	666	195	322	383	462	396	277	327	121	391	522	683	476	476	805	83	503	788	598	635	457	780	380	475	759	148	246	677	758	672	694	437	351	662	431	319	199	148	25	72	125	418	368	693	563	169	621	575	182	385	103	703	229	602	791	0	281	183	27	478	122	156	439	307	810	627	323	689	616	751	711	684	114	596	92	198	647	246	303	739	800	75	444	678	510	77
705	498	29	736	758	306	592	280	208	277	304	664	653	490	535	584	466	755	247	89	668	338	16	248	4	274	451	238	531	267	493	754	814	197	46	284	208	295	214	804	233	88	21	279	286	791	136	13	57	512	651	92	743	745	372	151	325	617	804	80	209	804	554	620	813	451	283	504	265	341	0	101	412	763	126	486	519	641	395	209	137	783	462	801	22	749	286	262	802	81	732	424	79	740	282	448	454	705	524	386
713	521	654	334	64	123	648	592	675	179	781	410	339	732	465	451	695	184	577	466	123	398	593	689	408	659	462	32	595	171	366	439	651	322	79	368	64	364	778	352	708	732	509	172	111	636	513	414	707	744	639	477	528	408	495	483	503	361	240	533	804	510	52	53	608	363	471	141	313	753	360	0	504	165	690	335	147	212	184	597	358	153	707	4	34	141	437	723	19	502	508	187	506	603	632	94	201	291	126	766
3	736	605	104	439	584	347	497	81	647	527	331	451	109	16	228	42	215	750	18	556	114	657	134	336	689	30	185	96	735	336	557	238	754	262	391	59	414	195	803	486	580	809	191	30	83	100	800	570	632	29	250	366	190	569	106	174	18	622	703	300	586	297	504	342	127	417	648	25	127	55	788	0	636	172	371	421	608	425	505	499	1	811	755	95	275	34	200	103	366	59	714	517	152	782	468	466	221	424	215
39	617	8	179	83	167	344	136	381	152	92	394	560	87	18	280	387	643	680	306	291	778	439	588	12	729	790	162	173	700	201	498	186	605	222	180	770	735	326	504	480	37	521	133	227	289	123	667	14	706	301	126	379	512	220	786	614	191	526	264	148	507	361	6	23	797	667	374	797	326	554	556	442	0	178	678	516	447	466	713	141	292	174	626	740	814	560	8	376	412	413	479	428	701	14	100	664	123	431	531
474	224	401	743	574	67	10	691	668	99	124	346	194	387	796	265	114	388	546	387	364	613	438	180	94	70	130	153	565	791	302	787	271	539	607	778	67	658	339	199	402	25	228	754	45	312	214	770	508	121	546	760	782	480	286	75	582	114	707	80	352	119	251	269	748	529	698	412	318	582	522	779	803	238	0	478	778	269	367	155	789	363	263	247	290	225	712	177	679	787	673	704	640	366	293	78	362	582	153	405
498	704	337	109	454	107	536	716	72	739	299	251	579	605	649	707	151	40	481	678	724	494	32	341	325	319	382	210	10	442	670	802	809	646	220	514	68	257	320	185	163	618	82	182	233	116	481	213	160	384	15	544	547	345	263	212	623	513	264	729	550	83	602	623	561	438	809	467	477	523	748	388	218	773	628	0	53	105	774	402	176	364	565	610	377	295	656	518	665	293	280	225	211	528	731	468	153	621	585	802
303	230	349	285	156	813	67	518	288	346	630	76	704	745	147	61	671	423	285	104	265	174	107	509	381	721	754	150	633	744	134	510	303	148	561	469	776	372	305	42	505	584	489	285	326	251	264	107	429	766	542	318	103	535	64	308	264	466	5	763	396	638	643	386	590	209	31	46	121	626	376	526	516	618	95	77	0	381	575	375	755	641	482	71	315	784	38	189	140	554	617	717	130	615	599	631	764	514	80	199
743	33	618	811	794	248	190	516	123	341	234	792	111	583	66	516	766	240	257	695	267	588	351	287	25	449	223	206	702	378	64	280	60	163	493	245	76	771	718	678	216	4	330	568	229	517	604	268	494	622	772	424	93	353	544	391	668	94	330	182	385	610	37	4	46	724	403	577	431	16	740	26	226	189	100	632	428	0	813	201	418	511	371	322	270	198	596	177	317	258	759	75	700	646	807	617	159	646	528	697
488	606	256	364	233	521	431	658	557	806	372	4	297	765	788	16	577	705	778	772	585	346	434	180	10	372	204	310	73	126	44	767	123	449	594	244	130	325	578	751	566	27	166	597	174	467	301	710	814	423	769	677	282	105	308	174	768	319	603	340	348	401	82	70	662	289	642	256	531	52	58	410	710	453	134	326	12	639	0	278	356	120	758	559	47	802	753	661	75	133	83	780	707	771	718	80	263	493	102	165
205	44	769	628	319	247	125	14	736	249	442	562	80	786	628	347	811	540	446	466	390	191	442	791	766	36	85	393	574	517	212	420	286	16	115	115	566	700	64	725	543	524	563	218	252	370	705	144	806	295	139	701	689	188	810	400	177	703	789	326	135	219	727	417	690	131	690	87	445	277	625	479	342	238	76	448	98	227	710	0	734	352	237	408	731	281	494	733	83	555	9	34	223	659	265	289	747	779	619	747
186	104	146	420	798	631	370	423	811	621	426	563	44	302	801	716	355	83	673	289	792	631	787	244	289	599	325	615	678	286	273	115	35	783	756	498	520	143	592	231	503	235	151	175	220	476	49	318	665	310	792	650	727	57	418	224	791	271	146	497	309	73	437	479	618	473	71	223	362	422	668	770	78	414	482	295	444	56	742	255	0	393	645	267	355	402	263	463	649	363	211	719	239	112	352	481	288	659	314	45
1	57	525	641	31	120	44	691	321	510	584	539	595	201	577	509	60	549	248	140	767	208	90	228	299	494	309	66	506	615	649	217	311	313	467	408	514	126	594	83	131	294	269	528	276	80	367	230	102	46	251	579	747	188	217	173	491	321	773	735	615	732	314	696	177	123	528	182	703	232	657	651	259	599	159	576	272	609	400	481	642	0	488	704	474	764	70	134	401	646	456	806	62	119	195	331	11	339	708	361
176	652	754	714	22	547	515	258	561	76	395	560	499	511	467	617	503	696	546	54	218	385	523	321	376	284	389	156	353	153	235	449	780	747	806	748	428	475	571	387	97	484	74	237	637	250	362	120	762	768	125	507	207	772	635	133	554	185	302	344	328	406	713	10	564	209	536	728	243	628	338	765	80	554	546	121	263	628	448	464	112	165	0	613	431	54	109	661	343	577	574	680	525	391	276	224	206	641	365	74
61	513	543	634	671	156	444	151	779	162	669	653	467	643	137	44	159	469	161	367	347	635	76	73	12	706	141	727	743	484	370	638	627	206	328	586	626	550	806	775	243	154	637	331	712	82	331	191	800	148	95	173	83	59	424	464	594	219	113	656	255	588	267	61	757	36	370	257	370	192	196	449	655	533	722	7	425	561	357	59	807	12	282	0	306	178	115	278	548	5	346	667	207	682	318	512	119	497	221	669
501	207	324	632	205	340	41	520	311	703	212	99	166	248	792	170	557	663	681	697	255	295	206	334	449	663	363	675	444	568	136	266	606	745	207	590	79	240	506	640	809	809	143	596	561	667	439	497	240	535	679	246	249	461	559	303	362	667	780	416	80	749	774	372	323	154	196	739	746	84	188	559	639	379	490	390	102	442	618	174	96	199	285	298	0	811	188	586	732	708	335	611	43	659	183	535	99	387	735	21
55	431	372	403	106	437	670	535	271	407	120	89	702	294	302	577	785	64	786	622	590	673	466	534	737	757	287	379	58	194	813	597	657	87	793	323	32	770	780	257	429	527	512	705	343	540	70	738	190	448	268	506	678	394	638	600	326	127	614	153	809	235	67	432	811	293	660	167	337	252	60	799	255	810	689	22	7	395	629	43	713	787	132	564	660	0	680	633	722	778	204	412	392	363	505	242	294	424	456	39
25	256	488	668	6	288	208	709	430	703	457	364	592	2	711	751	583	592	270	532	333	684	289	438	248	709	506	158	82	597	421	222	482	776	719	479	776	378	677	573	717	243	25	201	98	485	228	143	403	43	614	282	549	786	787	394	153	642	210	666	202	798	320	627	61	595	419	352	423	310	475	338	127	803	747	498	482	25	236	468	290	660	462	729	122	260	0	766	140	570	228	731	333	417	673	377	85	194	647	484
355	118	454	376	343	514	136	614	372	171	813	14	509	763	735	374	774	238	472	251	466	739	123	77	241	634	211	153	388	136	383	669	623	119	452	204	770	340	353	593	425	656	75	536	487	243	729	136	749	679	228	727	546	102	411	153	432	577	71	615	328	206	682	587	454	526	606	604	22	106	479	262	741	393	711	460	338	130	617	780	90	765	315	472	806	429	773	0	316	506	61	148	721	739	431	510	660	494	129	190
403	750	431	97	30	463	30	585	268	586	470	342	660	792	316	236	419	65	733	457	112	186	658	165	82	801	470	507	340	267	545	112	684	349	475	255	723	10	378	128	700	634	729	62	233	297	52	568	536	245	134	464	541	7	44	98	812	649	717	207	71	801	718	438	696	621	750	188	278	218	351	730	745	415	696	472	472	690	279	436	302	401	476	653	43	291	453	306	0	397	787	163	69	434	117	474	545	437	184	323
193	397	695	799	382	645	678	205	408	642	434	89	193	149	597	580	369	190	196	488	753	121	585	186	228	146	250	176	752	581	405	390	290	3	12	9	218	340	426	625	652	652	333	694	467	728	278	540	415	563	466	604	159	304	326	746	440	636	423	232	282	178	440	269	233	808	326	804	458	518	44	415	145	250	559	443	528	69	515	255	169	316	750	33	739	665	457	620	2	0	398	134	381	667	721	536	322	273	61	528
385	583	697	319	183	477	57	374	488	693	367	43	341	7	733	737	662	227	512	28	463	11	189	711	709	401	216	199	706	105	575	10	313	792	437	123	89	530	319	794	324	352	57	36	193	642	463	578	108	352	420	688	749	106	551	689	655	560	780	569	275	129	196	239	152	271	619	166	521	608	131	284	712	659	486	813	579	539	794	319	353	327	9	301	555	651	589	244	179	560	0	755	12	744	481	424	526	616	483	228
611	36	125	513	188	345	650	248	732	208	670	303	435	377	21	237	805	15	727	564	130	380	254	590	168	681	767	492	745	90	562	61	644	432	586	443	777	658	597	647	92	289	269	202	355	615	566	584	461	370	158	532	232	214	610	99	420	206	143	201	688	600	8	92	69	399	151	704	434	754	364	812	213	335	467	302	671	30	352	614	374	293	578	48	101	359	303	530	155	382	194	0	691	617	809	363	43	671	769	165
538	278	328	343	301	600	625	25	714	521	734	421	603	335	766	466	208	711	665	138	313	751	557	81	418	352	420	781	98	419	422	446	29	518	588	10	356	439	34	805	216	368	458	659	221	799	804	704	18	453	465	654	197	347	520	281	26	315	153	190	218	17	555	26	409	526	21	160	448	152	703	202	269	759	474	466	476	134	117	769	513	276	437	693	417	456	149	380	38	607	744	758	0	621	170	596	574	81	106	260
812	405	219	207	502	693	780	478	639	109	548	587	36	674	435	518	327	107	51	51	138	761	292	595	613	527	17	35	629	127	682	295	98	532	673	49	557	509	322	650	433	54	332	469	34	787	756	413	795	529	240	803	377	299	479	601	562	197	407	581	327	318	577	343	294	736	503	702	240	736	773	631	145	813	649	453	55	326	638	329	802	267	709	106	594	485	724	288	289	438	465	619	413	0	49	610	51	274	178	667
663	108	67	499	408	409	609	496	450	218	108	339	666	681	698	65	252	307	376	506	504	772	52	376	229	750	779	11	59	454	211	36	180	268	208	566	383	669	708	740	276	184	12	3	717	194	641	502	371	20	618	739	251	127	346	168	117	152	701	356	314	809	204	497	208	58	100	179	47	384	597	332	11	277	366	68	549	126	784	251	804	367	34	408	114	462	617	374	366	123	295	327	220	504	0	388	472	131	782	12
614	723	89	813	143	684	666	63	59	440	786	633	193	237	483	327	189	35	61	725	391	83	778	679	287	425	396	23	253	101	477	502	65	635	396	763	326	778	657	668	144	300	455	798	691	479	4	591	34	89	181	641	466	662	242	411	217	813	638	421	575	264	125	330	116	555	456	814	376	370	63	503	705	410	444	342	269	397	350	474	263	14	275	657	369	455	221	117	812	512	590	729	112	426	742	0	369	63	742	448
109	127	638	178	341	628	278	555	178	586	54	343	30	238	311	392	668	618	598	391	268	211	320	794	764	354	539	248	199	652	5	6	500	52	572	370	156	125	242	394	783	514	89	348	178	349	168	573	310	486	470	219	809	394	517	489	339	376	494	138	349	720	67	486	535	351	610	784	676	366	503	575	484	102	272	108	295	755	198	83	492	588	616	778	354	118	230	485	430	489	648	458	511	592	290	159	0	814	465	243
434	311	432	696	83	579	40	390	549	439	236	621	337	223	310	38	441	462	705	44	268	281	189	738	69	486	401	21	172	720	383	39	713	689	224	666	418	234	427	512	249	742	581	108	540	491	235	4	422	341	312	174	94	311	44	598	732	370	269	78	297	719	222	747	690	299	508	780	39	73	552	567	393	21	533	671	212	49	420	739	540	335	74	708	77	488	357	279	632	585	173	551	148	346	64	222	128	0	278	487
437	59	424	657	460	397	585	703	208	703	501	579	581	418	53	240	673	667	724	434	376	644	666	33	220	382	297	232	584	111	8	697	717	152	576	724	428	758	661	544	784	405	24	708	234	729	661	40	148	789	219	522	18	366	554	364	340	464	122	73	754	792	205	602	236	622	533	151	480	613	108	75	572	82	320	306	78	41	221	223	204	806	302	123	146	648	312	14	601	22	54	351	175	213	423	811	36	728	0	506
309	809	385	27	279	805	410	244	529	511	751	219	535	245	300	493	581	200	210	471	308	690	257	701	529	640	588	334	334	583	614	89	18	486	9	690	722	537	548	482	403	769	567	668	672	713	539	145	295	107	417	421	106	135	384	422	112	705	41	768	455	681	381	762	301	103	66	617	55	404	256	403	750	19	53	350	481	788	188	441	341	626	36	420	683	36	385	269	260	416	367	521	210	567	223	649	597	367	612	0
