A	B	C	D	E	F	G	H	I	J	K	L	M	N	O	P	Q	R	S	T	U	V	W	X	Y	Z	AA	AB	AC	AD	AE	AF	AG	AH	AI	AJ	AK	AL	AM	AN	AO	AP	AQ	AR	AS	AT	AU	AV	AW	AX	AY	AZ	BA	BB	BC	BD	BE	BF	BG	BH	BI	BJ	BK	BL	BM	BN	BO	BP	BQ	BR	BS	BT	BU	BV	BW	BX	BY	BZ	CA	CB	CC	CD	CE	CF	CG	CH	CI	CJ	CK	CL	CM	CN	CO	CP	CQ	CR	CS	CT	CU	CV
0	57	10	102	24	78	14	201	12	18	121	206	61	88	191	94	168	87	176	213	157	147	193	210	103	15	130	47	179	200	151	131	187	175	192	14	68	69	30	124	69	16	191	84	128	125	80	197	40	201	204	145	16	207	96	97	14	122	28	26	154	133	115	135	102	13	89	131	95	159	167	49	75	48	17	15	107	35	31	186	79	116	77	171	142	123	76	133	162	190	173	209	104	120	84	133	67	13	211	168
45	0	82	43	49	191	1	143	212	113	68	12	194	116	40	28	51	198	108	50	88	199	179	173	141	206	120	121	102	122	197	136	79	103	159	28	18	213	41	17	177	154	209	195	24	150	112	38	42	135	132	183	34	9	38	185	195	138	136	30	71	32	96	205	51	43	138	88	47	119	169	120	18	3	97	149	117	138	188	24	181	95	147	156	141	144	210	101	43	67	101	10	210	10	84	209	99	182	214	75
108	170	0	167	17	136	197	213	83	45	39	145	173	119	173	208	170	48	187	21	142	94	76	110	204	47	12	8	186	99	198	108	71	123	10	11	61	47	76	10	182	7	159	40	3	48	199	90	148	46	121	158	126	78	156	79	186	46	15	56	138	141	117	104	29	23	167	140	54	112	149	76	34	73	214	145	18	172	96	93	162	179	116	16	76	16	93	108	179	31	210	126	75	209	215	71	175	54	157	94
83	203	122	0	89	201	125	118	30	166	169	10	14	165	74	185	167	183	133	138	95	169	212	96	149	2	197	164	38	136	73	113	25	174	88	215	214	80	161	129	50	185	104	86	195	110	94	4	35	87	12	65	119	75	96	54	37	93	134	52	84	160	103	65	93	105	208	151	215	80	153	122	23	10	129	99	53	114	66	61	187	215	173	140	15	182	17	77	180	86	3	83	17	70	29	82	95	120	137	143
51	199	28	116	0	14	168	182	116	200	71	92	101	128	126	107	22	100	85	104	164	49	60	158	113	188	213	154	191	156	93	188	109	153	124	128	90	210	112	159	198	53	45	17	182	147	143	143	178	65	174	70	205	158	29	171	148	119	182	176	32	115	48	178	210	86	70	15	99	64	94	90	171	96	6	130	137	59	97	25	69	38	198	106	95	161	12	20	195	30	216	94	197	205	145	8	183	100	27	65
107	60	153	97	189	0	69	190	173	128	97	216	14	178	33	108	128	209	29	6	66	188	3	7	172	126	123	152	216	32	104	9	92	124	85	60	119	216	127	211	72	18	141	85	106	115	144	88	128	148	17	82	58	158	125	101	46	183	3	77	7	54	143	82	62	147	202	138	35	10	34	32	204	161	38	207	72	32	92	29	135	63	175	131	173	6	99	37	30	41	146	33	183	24	70	140	137	101	137	137
28	125	9	50	62	4	0	59	39	190	214	161	19	197	169	172	9	192	175	176	185	175	144	113	83	33	108	47	138	71	155	139	25	7	164	45	28	87	58	52	83	56	40	95	68	59	192	93	102	34	39	71	59	172	19	97	103	188	143	101	116	38	178	140	99	169	18	202	208	18	192	180	81	22	45	70	10	29	23	10	136	168	57	9	164	8	8	34	85	192	33	1	41	117	157	206	196	39	70	151
179	190	209	53	57	64	68	0	123	120	38	70	85	89	77	130	74	53	161	154	192	111	91	6	47	34	111	39	208	59	90	215	86	173	21	95	14	44	200	108	28	152	70	163	29	2	36	48	24	103	90	47	14	128	52	199	154	195	66	55	124	202	186	16	118	164	169	88	87	141	30	107	171	109	144	53	89	140	118	164	213	69	19	155	32	42	197	54	51	207	163	128	122	149	23	64	149	168	57	19
48	103	75	8	164	98	113	58	0	149	137	170	45	53	46	130	129	89	50	163	202	53	120	86	56	24	41	216	195	4	176	61	131	199	62	208	1	210	127	148	175	215	159	125	113	96	214	148	185	66	62	70	180	20	13	1	184	95	68	141	56	19	114	33	11	152	200	69	152	118	150	147	90	33	10	68	167	25	206	128	83	187	138	64	146	23	111	214	50	124	48	92	81	108	154	156	189	125	35	136
6	206	188	95	213	92	173	50	17	0	43	115	139	24	29	9	205	174	1	114	73	19	28	170	97	187	129	65	51	211	67	16	140	198	19	161	94	106	104	118	1	211	194	96	66	153	117	213	167	81	182	67	19	13	177	142	101	149	43	135	86	43	46	106	127	16	89	38	194	85	3	213	155	201	21	146	110	31	200	131	4	148	154	127	110	100	142	27	161	159	47	121	192	55	183	11	156	47	203	154
65	21	207	215	77	175	205	114	107	77	0	183	173	51	56	43	72	165	61	126	175	203	52	99	5	78	179	8	84	73	154	148	120	130	205	86	116	167	169	14	145	195	206	94	215	157	55	105	197	95	192	83	200	6	8	215	89	170	80	50	179	141	162	160	205	137	211	133	215	118	88	200	2	121	128	58	122	204	78	57	216	110	190	59	16	60	202	137	111	135	172	154	104	14	25	106	174	214	202	207
149	2	182	17	74	185	9	182	51	181	133	0	75	91	104	140	131	120	138	144	42	65	127	205	88	211	102	112	9	16	61	161	149	165	173	206	213	105	13	149	176	203	75	92	18	213	21	92	140	166	79	146	67	92	104	93	114	66	60	80	32	214	136	72	111	216	20	150	81	144	99	189	168	118	50	173	27	136	200	71	66	35	30	136	78	172	197	168	114	129	120	167	126	146	19	187	104	88	25	121
128	188	142	85	1	18	160	32	9	133	192	28	0	145	114	54	211	63	131	188	84	156	77	190	152	200	48	58	149	87	64	38	149	215	111	109	163	185	209	130	48	84	204	1	188	216	130	107	144	132	95	178	190	129	172	36	14	95	145	128	29	22	89	151	180	133	180	50	55	122	194	98	20	169	105	15	59	136	95	203	102	212	99	87	71	36	178	54	136	164	54	173	212	58	163	179	58	18	83	38
29	64	115	175	198	67	18	72	171	53	110	77	188	0	189	197	202	7	134	199	212	184	100	159	204	176	73	187	116	98	158	125	113	131	187	103	52	13	190	13	127	93	59	113	12	58	66	160	176	29	17	198	20	190	55	92	20	182	69	181	140	110	70	216	22	145	7	75	70	27	106	98	45	52	11	28	69	137	104	176	119	174	204	198	138	11	149	52	93	214	23	210	46	94	161	126	17	41	216	157
120	111	124	51	55	9	109	26	202	137	111	20	167	112	0	62	204	11	23	48	64	74	204	100	57	103	207	190	136	79	212	60	51	177	52	62	99	82	79	123	151	71	54	177	193	139	60	2	38	100	30	77	157	75	29	147	40	42	165	126	52	64	171	26	62	164	99	162	12	57	88	212	194	209	180	210	170	166	171	103	38	65	74	12	144	71	161	130	144	94	182	12	105	71	140	174	16	35	18	6
205	162	193	133	80	173	164	104	23	142	126	101	32	27	168	0	63	113	126	86	214	213	41	170	125	168	153	166	56	56	189	4	26	23	153	64	173	87	99	1	14	65	179	16	60	120	166	65	114	43	150	158	91	199	112	96	200	146	178	17	4	154	94	109	214	58	208	166	108	158	26	5	12	94	117	197	92	46	147	209	63	204	121	42	114	8	120	28	205	190	117	132	109	192	115	121	45	87	194	174
162	38	1	163	202	65	13	107	197	205	135	112	130	198	22	129	0	176	62	93	216	146	16	28	109	65	40	206	199	31	185	43	118	183	11	194	45	160	188	138	5	113	22	37	67	192	89	73	72	95	201	20	80	43	20	173	158	35	79	11	44	53	86	176	36	118	67	12	124	49	89	129	59	125	68	136	52	191	77	23	51	69	25	193	128	190	155	203	94	60	52	201	180	107	72	138	53	203	33	152
139	124	5	209	66	47	31	165	89	49	207	46	94	72	114	112	208	0	137	105	166	170	188	171	66	18	29	158	140	71	8	28	29	79	70	86	152	98	177	95	181	22	86	152	212	154	73	55	18	147	140	23	171	7	196	147	4	118	22	210	81	99	1	163	182	167	142	42	112	103	167	202	30	61	14	43	157	172	184	63	54	147	199	76	42	130	140	38	198	168	132	63	54	130	183	9	37	2	92	60
17	145	208	202	184	55	201	53	84	57	64	212	150	151	53	75	49	23	0	88	18	37	50	16	216	130	30	153	178	164	202	87	2	98	117	123	119	109	198	36	89	111	12	77	126	51	55	184	200	61	61	1	160	72	20	202	127	126	206	112	181	65	200	56	88	176	193	100	199	100	5	205	173	90	106	70	100	170	8	192	124	22	79	6	3	9	56	22	20	120	1	102	80	215	91	18	74	160	200	68
184	118	25	9	33	191	38	101	155	19	195	194	18	79	50	140	85	53	15	0	208	139	158	59	65	108	182	9	176	151	178	92	113	96	87	55	44	42	110	100	128	79	147	145	32	137	135	76	172	162	117	43	83	99	34	123	70	35	44	52	49	53	110	51	200	85	164	170	43	83	9	209	30	183	180	49	34	158	215	49	205	96	22	104	147	108	204	174	197	191	120	178	62	205	165	118	14	178	183	201
105	189	49	121	83	58	155	122	103	1	178	215	142	19	24	169	152	109	23	86	0	127	170	76	118	109	77	98	108	14	54	189	55	112	192	18	106	134	86	103	156	99	21	106	185	173	52	147	19	78	215	2	128	83	125	2	180	49	202	177	211	91	170	67	208	128	168	123	80	197	84	68	185	9	13	163	150	194	134	19	7	24	48	22	41	157	177	201	91	66	28	202	199	66	194	99	150	98	37	166
43	143	68	40	107	146	192	132	93	8	195	80	86	200	93	127	78	100	189	152	110	0	142	186	82	54	203	67	33	216	112	215	98	9	88	55	100	74	136	111	26	100	61	3	183	41	98	133	35	24	178	205	151	56	91	145	205	175	178	165	201	4	123	122	38	216	17	33	156	157	74	124	145	73	59	25	189	174	185	117	158	35	158	57	126	210	213	215	111	195	120	20	146	112	170	160	160	167	188	100
169	135	142	49	188	20	26	100	89	87	99	169	172	17	117	183	137	22	8	181	10	86	0	69	108	44	57	127	183	11	67	174	36	201	75	105	213	171	190	41	135	13	102	208	10	134	175	83	71	8	89	195	199	103	20	125	107	135	33	112	204	70	199	203	209	109	198	72	75	43	17	189	70	72	134	124	98	30	59	120	132	116	166	127	165	196	211	143	132	84	106	198	72	17	189	179	1	134	22	92
214	170	169	207	122	34	71	102	36	68	86	181	91	174	154	3	31	168	139	19	203	88	156	0	78	185	166	36	195	165	20	159	93	194	9	14	58	175	173	130	145	88	4	82	119	27	106	150	20	56	203	194	17	124	149	57	29	14	158	132	159	61	176	85	178	28	182	139	140	10	11	112	98	41	2	180	165	11	82	115	20	119	46	35	83	20	192	80	17	213	89	26	78	68	39	57	92	32	180	42
68	122	13	83	14	101	101	128	199	113	18	168	82	171	204	8	69	211	139	106	159	140	49	161	0	6	137	70	13	108	202	102	86	27	11	160	198	115	83	164	112	92	159	33	172	74	167	95	10	214	167	170	3	128	205	10	170	58	70	84	106	40	155	16	57	96	185	92	197	123	139	212	62	74	21	25	32	69	40	137	135	158	131	71	167	16	180	39	93	115	114	141	185	84	167	213	59	214	125	27
114	52	118	24	205	203	12	32	159	68	214	78	4	128	77	55	67	11	107	15	144	30	214	14	49	0	216	163	159	40	167	128	86	162	150	34	216	213	123	170	194	195	181	165	204	187	66	152	21	157	182	130	159	103	211	19	126	212	216	54	75	7	146	216	136	172	198	205	54	72	170	205	165	12	176	208	164	115	105	170	148	168	141	23	216	215	21	37	143	183	171	101	170	105	37	197	211	118	105	203
21	179	183	214	212	39	68	182	9	68	13	4	107	159	149	109	153	9	51	30	139	8	126	119	190	124	0	145	52	59	7	158	140	50	26	140	153	16	87	197	175	7	45	207	107	51	11	64	102	29	117	153	198	5	9	197	172	73	28	161	134	214	196	215	212	25	103	87	136	4	148	71	169	191	187	15	143	63	115	16	81	205	49	130	33	85	53	65	63	95	184	165	75	113	184	36	67	92	166	103
76	135	121	88	49	75	76	61	2	115	127	124	40	140	103	146	169	53	205	155	96	114	141	211	106	197	54	0	25	2	91	109	59	107	36	82	30	177	78	208	205	148	83	50	147	76	86	150	20	48	34	130	3	212	29	165	96	103	183	168	152	194	183	142	100	127	215	187	61	91	61	50	129	63	37	185	138	172	39	204	48	105	75	137	185	164	69	14	72	86	87	206	158	99	75	171	172	7	88	19
58	181	67	151	72	110	215	147	16	80	72	45	54	44	205	105	194	67	101	204	34	45	104	96	29	193	211	81	0	21	28	81	54	216	101	149	79	171	203	83	194	80	65	153	4	112	124	78	191	15	128	111	38	163	134	99	216	12	81	86	47	101	135	209	187	137	208	168	40	197	196	52	25	57	20	120	199	142	37	38	135	152	104	22	5	42	28	160	59	194	213	137	51	204	34	104	45	70	168	202
190	42	177	167	213	211	126	144	70	129	138	153	128	212	213	183	118	117	135	82	109	128	136	186	158	175	142	91	177	0	69	100	117	92	183	211	58	168	104	157	197	166	120	122	101	169	161	59	15	182	153	14	125	123	148	183	208	167	155	215	50	73	124	66	138	84	119	122	7	110	82	124	75	52	61	115	135	130	60	136	61	202	50	41	205	4	66	190	186	143	149	211	117	19	54	121	124	179	141	162
51	15	179	158	102	48	94	167	140	87	139	16	151	51	133	11	122	163	63	63	23	89	124	116	48	130	86	65	141	123	0	154	168	144	182	99	205	48	184	17	112	149	103	126	22	39	162	23	183	165	136	68	212	204	185	157	190	188	214	191	137	119	61	161	104	102	52	120	1	128	12	13	11	56	86	147	88	119	11	91	127	200	115	114	3	166	197	16	178	87	106	145	192	73	193	176	112	81	164	34
7	65	144	39	164	126	115	86	172	101	4	50	3	152	53	93	89	62	112	176	11	173	216	169	3	129	73	144	2	134	17	0	9	5	187	75	171	134	215	179	3	77	195	137	182	95	50	147	157	21	89	129	95	42	56	49	97	115	137	149	143	128	180	206	145	185	99	99	26	78	100	201	43	173	153	41	63	10	78	207	130	141	136	205	6	93	125	161	167	170	89	124	18	57	69	171	47	45	30	130
213	181	29	153	167	203	197	166	75	29	81	190	158	55	82	138	210	57	161	21	136	57	179	98	16	3	150	73	68	66	202	87	0	158	210	78	12	120	115	119	50	156	139	158	140	87	46	79	4	178	40	38	207	162	150	83	165	90	29	210	151	14	52	44	216	53	141	61	165	195	19	190	151	194	183	196	89	148	141	28	170	70	174	209	178	162	210	92	48	212	25	196	175	81	121	87	150	5	55	52
47	178	148	4	138	203	149	40	71	179	81	117	13	196	39	67	185	45	85	136	208	109	3	20	10	74	153	138	147	59	79	11	37	0	66	159	25	178	147	203	209	15	136	16	2	118	10	137	132	103	112	80	193	179	188	17	177	118	158	6	150	186	208	18	75	182	174	23	60	112	142	94	178	43	87	118	156	16	79	55	204	19	73	20	199	201	83	91	198	187	159	137	78	147	44	187	182	55	42	71
143	148	205	114	166	185	128	20	160	28	204	14	114	74	126	34	216	37	106	50	209	91	176	19	118	80	99	30	11	131	137	28	128	188	0	122	191	9	164	159	119	66	13	40	160	15	23	159	42	46	25	81	75	46	117	6	60	153	128	86	46	95	150	162	6	93	50	26	28	28	204	87	96	65	103	23	82	210	173	69	146	126	166	199	142	216	202	191	101	169	92	92	158	200	38	89	2	18	11	199
164	155	116	131	89	79	71	2	23	91	140	122	27	122	33	33	131	44	80	198	13	17	25	2	7	16	210	22	22	31	209	42	189	56	6	0	92	75	1	180	177	29	199	114	141	63	125	2	15	151	121	158	134	157	61	157	42	60	29	32	70	12	7	27	62	8	178	81	8	122	107	23	143	39	66	149	114	168	101	120	197	115	32	139	53	105	159	187	31	195	10	53	76	108	187	69	214	27	123	141
34	107	107	206	17	37	171	89	42	49	3	184	198	79	181	124	151	47	27	119	155	165	176	170	35	117	156	202	22	52	199	189	19	176	157	117	0	137	207	141	165	117	94	21	100	122	175	178	177	125	147	170	192	186	15	96	128	185	53	75	169	96	3	102	56	75	80	213	13	196	97	151	71	149	119	183	186	69	180	112	215	91	13	10	183	29	142	127	72	41	21	125	176	53	82	150	64	60	44	120
171	70	148	43	160	115	106	149	75	200	158	74	120	102	195	191	94	192	59	119	150	99	169	150	160	121	96	60	186	22	11	52	103	73	24	55	51	0	2	197	113	215	129	83	168	114	174	45	163	125	21	214	181	117	164	2	28	24	148	113	203	80	46	165	48	37	178	165	63	9	186	49	8	166	5	141	207	89	58	11	180	206	177	137	136	173	136	18	31	32	199	90	68	59	138	181	204	216	23	118
212	72	19	176	134	75	178	59	93	177	210	10	187	83	135	200	177	5	31	111	9	21	197	65	48	98	63	204	138	189	81	62	24	202	203	90	64	18	0	45	23	197	141	49	5	198	204	111	78	102	11	144	78	8	151	82	70	50	126	37	89	149	189	147	210	173	140	109	7	38	92	206	156	23	132	149	43	20	139	96	89	188	208	75	68	63	49	197	87	35	89	51	169	130	178	192	26	58	165	203
6	117	87	25	168	63	167	195	96	144	181	183	48	63	147	206	20	89	190	24	48	66	47	114	56	55	66	172	71	44	55	64	199	195	105	200	206	41	215	0	162	212	15	189	27	18	3	61	27	71	146	202	38	185	9	65	68	112	185	205	171	188	26	199	155	172	151	162	22	115	160	47	161	112	16	42	169	60	28	100	4	209	107	48	72	127	117	137	212	44	209	120	30	32	163	115	56	158	97	40
94	198	209	56	117	189	23	164	97	64	75	19	103	194	122	165	112	112	196	179	126	150	147	167	157	195	173	191	169	58	45	114	49	152	47	211	30	215	116	147	0	96	73	194	7	9	101	146	108	36	166	193	70	26	145	195	185	131	158	24	154	5	35	107	132	214	70	123	84	76	86	160	193	40	53	194	90	171	137	153	163	140	56	111	64	28	190	72	159	172	91	128	15	199	131	71	140	13	206	216
25	110	184	32	163	65	97	205	82	68	61	47	3	72	30	175	77	48	9	145	156	29	122	31	160	94	33	209	85	121	33	28	68	30	170	43	118	182	139	180	192	0	47	127	155	145	109	132	158	115	108	203	43	130	70	18	14	88	136	85	92	61	40	214	204	82	105	73	16	201	209	40	18	101	125	181	95	91	38	203	65	96	181	164	122	186	31	83	71	151	37	201	193	121	152	5	94	98	179	21
12	66	107	164	4	11	182	54	137	4	19	102	58	23	113	4	19	169	11	85	92	26	22	156	208	139	124	15	146	85	16	15	37	214	12	94	214	65	215	91	122	86	0	118	63	83	207	177	107	20	136	154	72	153	114	3	166	215	196	67	188	21	107	24	114	178	205	98	135	62	171	37	212	95	199	62	144	66	101	62	5	156	206	104	149	67	188	99	16	113	191	141	68	41	8	160	141	30	88	19
121	120	160	197	168	207	17	202	1	167	178	117	122	109	120	211	60	186	189	176	52	170	186	96	126	166	150	136	176	88	15	75	166	43	106	86	178	57	24	57	196	70	186	0	106	69	2	177	203	142	114	213	59	206	44	115	166	5	148	167	159	113	32	153	101	48	200	19	45	164	129	3	134	38	111	9	54	154	199	210	165	11	152	62	43	175	16	107	216	40	166	136	169	53	140	212	165	93	119	162
170	41	103	128	155	69	37	76	210	194	205	111	214	125	116	164	86	43	202	103	204	72	20	100	154	99	60	153	143	191	103	125	103	17	216	34	174	108	151	209	59	105	84	161	0	124	130	28	3	147	208	161	110	37	141	168	113	196	49	195	163	194	31	170	200	132	103	114	1	33	22	8	177	187	175	53	33	179	215	119	126	184	87	107	70	95	142	148	94	138	1	19	183	67	164	81	131	210	100	167
161	103	150	52	52	137	170	39	67	178	9	63	174	15	65	100	26	46	194	89	53	169	88	174	103	25	158	176	156	150	120	89	60	170	53	11	76	55	38	187	81	76	30	174	35	0	116	195	160	178	70	145	176	4	193	7	113	41	159	197	126	201	39	170	54	215	18	161	130	86	113	177	122	76	90	187	47	142	162	205	5	202	176	198	129	133	177	187	24	33	53	201	22	208	28	133	114	56	105	99
144	84	183	80	166	159	74	210	65	37	159	188	121	209	166	188	90	63	204	48	74	206	44	99	46	117	26	70	206	74	211	162	100	190	44	181	124	145	203	13	151	157	134	214	99	134	0	110	155	71	121	144	62	65	35	148	35	60	88	171	46	124	126	28	150	43	169	199	161	85	122	102	208	123	83	134	135	181	76	145	60	137	13	39	10	151	80	57	67	14	13	86	18	128	157	63	190	123	173	25
138	141	101	190	159	148	74	30	121	102	40	142	57	30	82	165	154	150	203	96	38	141	216	79	36	146	111	98	51	129	216	79	6	141	179	145	94	202	138	148	83	174	157	20	17	140	89	0	103	71	97	116	170	147	189	203	4	168	127	118	109	135	189	97	166	183	37	196	106	165	45	203	180	185	171	132	169	96	124	6	110	139	128	215	107	208	194	138	32	98	20	90	7	156	163	13	79	75	216	108
90	147	18	73	190	66	44	139	159	48	187	31	44	123	197	72	171	47	194	8	62	192	34	113	120	16	150	205	57	93	58	78	12	191	154	193	105	72	121	114	122	123	56	57	51	59	212	131	0	175	188	140	163	41	213	37	45	32	214	138	33	74	38	198	94	20	173	41	149	134	85	41	166	153	29	15	71	12	82	102	194	107	99	174	114	112	211	122	54	29	125	175	128	171	93	3	33	63	41	50
32	80	93	27	14	113	31	145	114	136	206	142	5	214	199	201	184	39	62	94	104	173	44	30	143	132	1	72	182	169	88	75	168	186	35	93	192	23	24	29	153	190	51	16	134	65	73	215	182	0	100	111	143	190	17	87	98	78	204	172	64	131	196	177	186	103	193	164	102	99	74	175	8	192	27	213	9	18	87	150	209	110	174	206	119	168	32	183	34	211	135	63	27	167	3	146	139	185	59	1
51	129	191	86	53	211	98	142	216	36	147	76	203	130	55	136	37	179	80	177	208	77	16	48	144	185	216	158	124	202	192	22	9	33	75	159	27	8	202	112	19	65	8	164	115	167	29	5	44	66	0	36	123	30	123	192	79	179	125	91	191	141	201	12	60	73	73	28	149	212	88	87	106	31	182	33	127	139	49	170	66	31	57	144	182	87	205	118	181	41	191	122	209	56	1	162	193	175	46	120
5	210	125	49	99	210	188	34	118	180	111	194	145	30	127	100	177	36	214	139	70	165	92	111	143	115	191	122	127	60	52	81	159	49	40	214	3	18	42	125	4	27	139	37	14	41	143	40	160	45	7	0	98	203	173	152	1	145	125	166	88	167	79	83	188	207	206	113	214	28	132	59	50	123	205	147	153	216	57	153	143	138	50	33	35	26	201	162	174	210	172	21	213	116	182	90	56	205	42	202
135	115	79	133	156	129	14	177	96	18	40	34	204	216	90	191	184	70	152	134	57	15	16	70	192	7	24	69	76	158	187	65	192	106	19	88	10	20	25	108	63	192	35	103	4	184	13	9	79	176	194	101	0	177	83	105	140	206	118	50	128	50	122	125	176	188	146	166	216	37	23	103	133	59	147	115	215	139	179	120	6	156	129	121	2	52	120	40	22	179	168	163	96	51	55	70	164	16	138	176
202	143	138	105	42	95	124	74	37	139	28	186	128	55	105	170	174	101	3	133	113	34	110	79	103	129	162	112	40	79	22	83	27	193	14	119	44	207	70	142	114	68	147	140	21	202	31	80	189	132	69	106	21	0	94	160	111	129	116	151	143	73	118	70	52	169	128	92	127	143	150	122	94	103	25	211	50	94	52	73	44	88	181	177	204	24	55	109	82	66	134	39	193	160	87	41	149	23	203	206
196	170	131	142	164	102	179	158	132	24	137	55	208	143	164	79	14	42	12	214	69	57	88	70	37	53	201	132	28	46	78	205	42	199	209	107	168	59	121	179	145	66	4	187	206	44	137	212	31	28	18	16	174	58	0	213	115	176	211	209	153	27	141	200	17	91	103	202	195	86	199	186	40	141	34	138	125	198	198	24	146	202	11	133	114	39	181	31	169	122	180	84	5	51	16	133	181	178	63	119
158	130	25	212	198	15	167	12	7	138	161	153	38	73	168	198	62	60	20	159	93	27	89	112	5	51	161	158	33	82	18	143	69	77	36	148	4	121	68	23	206	18	74	133	103	30	83	71	150	63	71	30	18	62	62	0	88	23	71	137	127	177	87	68	5	95	65	57	71	57	70	87	197	203	153	47	127	103	80	158	66	15	55	215	118	161	203	164	88	64	52	174	171	13	62	15	9	99	69	29
196	20	117	172	110	123	15	82	64	92	84	100	21	107	172	49	177	171	211	157	210	15	126	155	85	193	37	207	185	51	196	214	205	161	186	140	44	159	63	137	202	11	33	199	44	170	75	7	98	20	202	26	205	25	18	141	0	186	4	196	213	8	47	73	47	212	42	164	31	16	129	99	100	139	14	128	116	12	156	121	96	76	86	38	154	44	203	7	16	54	215	140	144	71	212	158	170	91	156	30
82	182	13	82	138	86	104	154	32	118	85	154	101	104	5	131	75	180	94	132	17	11	87	82	39	128	183	197	176	73	138	127	117	83	209	150	96	10	7	15	58	180	77	73	109	100	53	202	144	40	180	59	136	153	164	198	47	0	140	9	43	174	54	92	25	110	64	8	42	29	171	22	194	207	91	211	35	171	147	56	201	174	165	165	213	127	178	188	204	197	20	195	108	26	186	127	115	82	139	88
126	120	1	195	43	169	83	24	210	153	85	174	36	6	108	72	194	31	72	190	182	49	103	184	203	208	11	142	13	68	139	119	104	151	75	184	159	195	94	44	49	171	66	210	16	76	161	165	200	155	119	50	2	86	104	199	207	206	0	187	132	50	88	139	126	112	8	126	57	191	197	189	145	171	9	54	120	190	90	86	26	89	208	9	168	190	204	170	46	51	171	174	212	14	119	139	5	87	140	119
107	214	132	5	152	145	22	27	60	116	175	140	207	131	178	154	182	55	14	195	174	25	155	90	207	137	54	187	128	64	51	145	102	44	96	202	158	36	144	164	181	194	91	206	158	99	186	96	176	99	148	176	49	146	142	154	144	172	114	0	10	175	116	158	164	152	31	4	189	75	204	164	59	208	194	51	32	39	52	151	75	79	169	136	200	102	53	155	62	112	8	30	96	12	116	214	58	37	10	105
28	35	14	14	25	65	71	70	14	23	21	31	100	154	180	78	176	72	205	85	197	7	33	42	23	65	171	123	76	154	186	54	40	115	120	126	143	132	46	164	42	103	13	64	112	88	135	153	11	76	98	183	65	1	177	14	14	85	166	199	0	161	8	38	172	55	81	163	190	201	125	77	123	46	105	65	52	72	154	96	158	209	134	113	1	53	190	108	12	108	40	121	189	93	204	171	37	109	183	46
129	47	61	159	85	63	196	142	208	16	84	73	131	113	118	23	66	94	106	180	164	84	163	84	95	17	127	192	53	207	166	113	188	95	202	79	63	55	144	205	32	3	37	190	178	206	49	7	76	118	82	63	93	71	203	21	104	44	72	170	173	0	119	205	53	95	50	172	71	4	112	163	106	146	41	66	84	152	105	40	28	146	153	87	64	34	135	26	88	118	2	12	33	141	193	68	97	109	139	213
11	182	183	13	132	163	119	209	13	57	170	176	12	25	34	72	76	56	34	59	203	153	92	147	70	39	212	105	137	147	60	16	101	86	134	175	199	199	141	138	200	56	143	130	34	114	170	29	153	205	188	186	74	67	15	70	138	114	153	136	17	41	0	109	176	114	38	62	124	163	141	115	44	69	89	10	180	100	55	138	106	9	19	28	200	152	23	43	18	54	200	34	130	151	91	201	173	93	14	34
214	54	188	159	46	3	68	140	117	178	1	172	191	84	93	112	64	210	193	89	191	144	179	1	132	128	62	169	105	11	174	64	181	94	50	90	39	78	98	93	67	96	118	164	89	125	111	115	12	17	12	213	2	57	154	14	199	187	10	119	52	198	185	0	110	66	174	192	145	26	119	197	104	182	107	195	155	107	187	207	88	78	62	109	74	205	151	9	97	82	16	8	2	82	41	112	153	126	94	106
183	202	207	23	174	147	130	193	169	14	187	123	20	204	112	14	85	33	154	207	113	4	184	100	180	198	180	109	159	134	197	131	119	201	83	101	69	196	4	82	6	38	183	32	182	126	43	70	72	51	4	133	206	101	89	162	33	155	5	32	118	74	63	47	0	88	134	46	26	102	150	194	5	119	29	210	12	21	187	117	19	169	30	48	171	4	49	49	127	8	180	59	107	80	135	2	152	29	163	182
2	87	70	196	16	73	12	112	34	151	9	189	87	92	168	126	177	93	159	166	158	112	58	32	58	37	140	214	134	214	56	172	211	204	36	174	98	68	187	203	76	82	191	117	190	154	128	175	38	200	190	163	82	168	131	63	177	141	216	105	68	165	130	179	56	0	75	87	195	152	93	67	214	31	4	188	17	109	23	185	11	134	82	122	136	117	139	205	214	128	127	82	147	16	153	209	114	5	202	2
81	73	92	40	180	101	34	28	193	132	150	187	97	197	181	115	75	170	158	178	87	141	172	28	98	58	162	192	69	184	54	132	23	92	208	214	142	75	115	86	117	153	150	81	45	152	110	95	148	65	166	118	106	176	183	25	132	138	191	124	200	36	192	84	13	125	0	21	162	72	104	162	1	151	122	157	3	40	107	33	135	132	111	126	101	181	90	148	169	199	68	188	96	138	154	8	148	203	164	180
44	211	73	15	189	120	97	190	138	99	20	200	69	15	115	185	168	44	31	60	185	117	3	158	143	37	31	179	96	115	35	192	105	28	63	11	187	100	19	95	110	1	49	78	104	40	60	42	38	115	179	73	47	59	63	15	46	105	104	90	45	94	186	99	20	33	117	0	74	163	46	175	18	26	198	198	130	194	82	191	197	73	195	188	44	58	11	55	116	85	208	138	166	207	96	120	135	94	54	35
76	21	172	29	53	116	132	27	81	80	180	47	33	47	65	28	50	106	77	58	195	2	36	171	72	163	13	44	124	208	8	3	22	6	185	95	129	195	91	121	99	63	147	37	35	148	138	177	102	10	77	163	213	136	81	38	179	28	124	174	80	112	178	203	39	40	196	194	0	197	88	16	38	113	200	39	96	50	57	199	131	16	39	53	176	160	7	109	185	208	40	90	40	45	149	2	185	123	141	95
16	1	70	96	140	216	99	50	171	161	4	72	172	101	96	116	190	186	41	116	101	29	40	125	91	15	173	104	184	214	74	174	41	130	32	6	162	168	172	138	46	52	20	111	89	161	170	44	151	170	19	102	142	90	2	67	106	103	42	2	67	11	23	96	205	204	173	76	123	0	154	214	130	62	200	74	23	73	146	199	56	201	208	83	138	75	209	173	10	115	105	98	151	56	201	169	114	47	12	132
189	101	100	1	199	13	126	131	19	137	136	72	199	206	190	64	58	23	53	61	164	118	31	90	170	20	93	72	127	154	135	188	132	149	34	25	199	2	123	185	87	119	171	173	38	203	29	182	1	45	207	185	125	63	25	153	4	126	192	13	74	158	153	98	131	37	58	138	55	204	0	39	127	6	85	127	1	126	59	215	80	139	136	135	129	52	33	110	2	78	102	172	74	47	74	89	78	62	104	150
88	29	200	201	195	23	97	188	67	212	121	72	207	112	137	19	216	180	112	186	10	119	8	54	43	96	189	44	15	195	185	195	106	93	155	133	104	204	42	1	211	125	26	31	133	162	39	129	62	9	91	75	114	154	137	50	213	145	12	65	154	108	211	34	32	106	16	87	125	73	125	0	19	85	30	165	163	158	70	215	168	199	88	30	137	108	48	115	71	133	132	23	171	33	92	155	196	145	76	196
211	182	87	139	136	11	209	25	38	144	173	106	135	151	130	160	19	8	2	10	43	120	215	147	178	136	113	29	159	152	17	184	212	167	11	112	100	105	63	132	209	25	81	78	153	151	154	163	167	153	106	113	28	4	25	197	191	44	97	170	60	163	58	49	179	123	27	76	63	46	116	77	0	145	102	203	67	200	125	88	88	35	178	6	210	128	100	3	205	211	74	177	157	64	99	201	28	83	128	44
171	136	37	182	134	30	74	188	68	97	152	21	85	61	60	141	121	177	20	203	53	144	65	178	178	104	112	71	71	33	50	185	114	85	80	137	52	123	24	11	190	35	191	75	78	57	122	26	85	182	180	196	60	188	71	77	57	129	128	145	192	37	2	49	60	99	11	189	212	96	11	114	46	0	165	96	33	123	89	126	81	175	163	110	33	129	34	181	70	110	29	78	5	24	28	188	12	13	127	3
131	142	25	162	200	65	199	149	155	214	115	40	30	35	209	209	71	15	131	60	107	19	115	111	20	48	171	83	108	148	155	142	91	9	90	117	10	30	126	124	134	43	17	82	48	75	83	81	130	56	216	104	90	212	90	89	24	211	172	134	144	183	10	118	146	36	151	43	106	76	135	37	31	215	0	86	159	174	28	28	62	134	4	185	168	106	2	46	100	194	14	159	19	56	48	51	65	51	77	163
72	76	60	144	157	202	85	154	144	29	168	123	184	153	56	172	10	76	44	35	118	51	57	99	23	88	200	12	117	7	90	21	204	83	58	145	211	76	8	105	184	148	103	54	131	168	186	98	105	21	7	128	138	195	173	189	108	95	67	209	191	110	155	55	173	35	203	105	154	60	23	26	79	209	149	0	194	126	1	144	207	4	40	27	111	128	103	22	179	78	9	147	139	173	33	171	206	144	204	55
130	68	37	57	76	19	155	212	141	159	66	69	13	70	104	152	21	95	97	130	77	35	60	82	117	156	203	100	121	130	186	129	57	146	52	176	195	100	16	101	116	188	116	213	36	116	179	11	76	20	51	162	127	28	4	23	77	194	179	29	181	82	55	120	124	156	201	181	17	14	35	159	179	165	186	196	0	173	191	112	58	43	97	181	119	165	38	104	154	93	23	35	63	107	146	59	88	44	202	180
166	176	168	15	30	115	8	153	71	72	141	170	174	20	75	48	17	23	53	207	22	56	189	196	171	136	111	90	6	180	160	57	213	112	57	204	149	153	206	185	39	211	186	26	160	129	99	188	167	3	43	214	177	153	9	156	145	90	20	84	89	158	124	143	59	210	25	60	4	41	163	16	105	204	177	181	11	0	6	182	4	58	21	47	48	41	91	135	30	65	159	152	41	149	195	204	14	9	149	115
103	156	132	198	192	44	9	39	75	143	182	51	163	123	42	25	17	161	15	203	36	58	199	7	169	96	56	12	16	103	111	108	213	93	84	191	176	58	59	81	121	48	82	94	58	207	195	29	34	126	54	212	196	154	127	211	68	202	105	130	30	133	40	137	136	130	185	125	63	169	58	24	23	53	106	72	13	51	0	153	111	67	115	81	3	78	122	13	51	132	64	156	194	195	146	172	181	117	159	137
58	135	139	81	155	65	124	93	116	87	11	142	27	80	126	187	188	72	151	210	74	166	93	70	182	136	212	86	60	101	134	41	105	84	29	39	65	88	54	39	11	154	146	156	188	46	121	69	101	80	189	98	88	74	210	136	146	80	11	25	164	128	130	82	6	146	94	206	6	97	170	48	32	35	90	159	215	199	112	0	193	199	32	188	170	139	157	135	129	33	110	150	197	59	148	123	190	183	181	99
197	3	78	212	106	38	190	128	2	11	46	117	37	213	100	28	185	55	45	177	205	49	53	152	185	206	67	169	156	172	199	40	33	33	199	90	142	133	208	42	196	30	108	198	204	38	40	120	151	121	104	124	151	108	164	8	152	163	31	44	184	13	160	94	78	5	51	72	188	85	137	208	187	179	21	190	10	103	32	95	0	192	118	16	76	48	88	106	146	36	27	48	132	204	133	47	141	87	215	49
85	128	101	210	50	116	170	23	175	90	78	193	27	109	182	159	135	135	6	139	204	56	182	14	202	193	149	194	163	70	196	192	7	182	149	169	45	99	175	136	152	16	48	140	213	127	18	107	186	205	101	213	17	142	189	76	70	117	12	38	18	124	214	129	133	177	184	88	99	175	159	57	152	50	83	12	180	197	5	105	178	0	162	45	77	38	177	92	169	49	63	157	151	180	103	77	164	107	140	205
10	200	185	146	212	61	190	172	132	80	104	59	102	65	42	74	71	109	202	114	87	215	177	64	50	54	51	69	147	105	44	11	124	75	202	115	205	12	186	39	60	59	153	141	38	169	185	17	153	75	200	80	66	191	188	198	191	136	160	166	39	114	187	107	45	46	195	24	210	65	205	130	50	164	132	29	173	34	191	128	34	95	0	74	125	16	97	172	124	33	142	179	106	167	22	195	42	180	154	194
99	192	67	202	59	26	170	33	183	13	173	157	8	59	162	105	183	123	120	190	80	30	207	60	85	46	115	109	109	214	28	172	105	213	68	15	10	41	188	94	201	150	67	150	66	181	137	41	199	215	105	200	18	205	118	174	142	90	140	191	18	90	215	95	118	159	49	126	52	194	179	67	201	197	148	20	157	124	14	182	137	143	112	0	37	174	98	203	185	62	54	151	17	196	30	170	37	35	34	128
128	17	179	45	19	159	39	23	151	154	119	126	202	68	135	46	86	189	94	12	53	52	38	216	112	15	67	28	119	91	121	46	163	130	94	62	156	111	87	113	97	131	74	154	35	86	64	116	126	178	153	44	77	179	212	181	216	92	63	202	121	102	39	178	184	56	197	207	123	58	97	125	42	127	128	157	134	134	169	102	77	133	186	32	0	137	77	6	105	161	159	69	197	197	137	79	213	76	81	68
71	72	17	91	130	184	179	33	144	211	99	121	110	166	139	210	39	108	107	49	115	101	41	46	20	9	145	164	87	130	154	4	6	99	68	60	40	201	97	135	44	155	71	173	121	150	54	24	113	5	38	135	130	50	60	159	4	31	180	139	175	189	15	13	174	44	13	37	63	88	201	20	168	171	36	16	111	74	147	45	49	27	169	127	152	0	177	198	44	15	201	97	25	20	147	17	112	54	95	75
116	3	37	203	112	47	10	105	119	112	84	77	129	199	180	20	200	172	144	186	100	14	29	49	68	58	159	161	178	55	17	65	121	117	117	156	99	98	47	121	183	21	54	26	191	88	99	102	103	71	156	29	170	11	22	143	24	81	168	69	43	127	104	18	118	84	160	150	163	65	179	63	65	181	121	211	75	105	13	33	135	126	137	15	187	4	0	182	94	129	166	169	215	145	175	143	4	184	191	131
203	186	63	111	111	41	31	164	95	80	164	196	180	43	162	58	71	131	186	95	143	213	25	2	207	184	66	207	201	210	53	2	5	192	105	139	59	155	180	166	165	120	74	55	88	31	27	119	125	79	47	179	14	8	145	86	75	49	1	68	7	51	150	116	114	93	74	151	11	189	44	45	160	119	6	104	16	71	137	102	68	141	50	132	188	197	39	0	65	20	171	204	179	47	184	12	69	7	97	175
92	42	84	93	142	43	26	173	56	157	187	42	131	170	213	187	180	30	141	213	75	37	163	85	143	197	140	183	12	182	176	47	165	6	67	178	62	152	137	86	192	53	177	15	70	124	53	54	170	46	211	182	177	155	42	133	159	5	93	17	89	14	117	32	156	181	54	29	8	21	178	178	162	49	99	212	18	108	89	183	172	122	200	99	198	91	106	54	0	27	186	11	200	137	120	184	158	200	42	121
160	15	194	210	124	43	148	47	79	7	152	51	154	26	26	76	51	184	134	160	110	64	215	64	45	16	23	184	115	212	78	60	169	104	42	198	178	131	30	99	22	197	65	214	92	194	106	24	3	136	18	55	15	158	200	143	12	7	43	149	24	101	182	23	81	99	41	145	97	85	197	212	63	85	9	64	209	3	140	5	167	181	133	78	78	52	78	155	174	0	211	94	81	73	97	4	84	63	205	64
156	1	129	174	182	106	179	142	164	105	200	140	166	79	172	213	97	31	50	67	17	33	129	168	200	87	22	187	106	149	70	179	87	188	197	80	7	193	102	72	76	150	215	157	181	9	124	62	89	145	41	188	207	37	79	214	119	194	41	198	66	147	182	100	78	82	55	32	167	18	14	142	129	206	59	64	48	1	91	193	31	3	212	56	186	110	212	195	155	152	0	117	150	114	49	61	34	97	191	59
41	100	216	134	209	173	175	62	70	38	180	8	136	169	138	103	63	47	95	10	134	214	168	204	98	114	112	48	101	35	151	191	132	94	81	44	74	72	196	12	175	173	84	47	86	46	144	141	7	21	143	92	53	55	155	158	27	124	176	139	13	184	38	118	74	138	76	7	160	203	209	211	24	33	159	83	89	185	83	28	194	181	55	139	189	10	175	122	46	144	188	0	22	57	168	159	90	175	54	135
210	152	1	112	15	206	129	119	54	157	44	136	104	126	65	206	60	150	129	138	119	55	205	142	132	167	181	65	187	56	207	4	131	101	18	69	175	75	36	158	197	43	41	203	211	36	2	121	144	118	99	23	58	134	31	212	28	192	19	37	51	101	184	141	4	60	47	137	186	70	178	123	55	33	203	188	186	33	177	192	136	210	5	159	16	114	131	187	44	146	8	10	0	131	118	99	158	79	132	127
145	145	200	79	150	118	197	14	3	33	71	102	153	113	139	149	96	209	177	214	5	44	137	127	101	177	33	215	137	177	209	20	103	191	207	42	96	169	132	147	54	88	100	185	126	196	160	144	208	133	39	62	204	147	5	154	80	167	25	31	187	194	83	55	197	204	180	30	169	36	34	17	89	174	64	167	36	188	102	126	212	129	42	157	177	111	103	130	64	132	188	216	46	0	214	162	180	151	25	170
94	152	62	172	66	21	31	53	23	155	130	82	52	16	34	92	142	82	66	104	161	167	44	124	216	80	78	28	33	49	138	207	153	49	40	194	178	79	173	178	16	52	147	104	211	40	137	59	190	12	114	47	211	51	52	109	116	194	125	82	199	161	12	52	116	202	96	187	208	215	23	18	164	151	151	134	145	176	199	139	150	174	193	13	111	10	111	7	8	197	155	1	138	31	0	215	104	155	137	25
164	11	19	81	21	152	85	86	97	100	76	56	92	25	44	20	100	204	77	41	199	201	58	204	182	176	82	178	161	170	161	113	194	115	39	152	176	206	20	73	105	169	146	14	191	206	136	7	205	79	202	55	70	57	138	145	103	201	30	193	134	60	148	182	196	210	68	12	159	192	200	124	107	116	215	96	183	61	57	55	77	44	115	60	159	129	175	43	107	202	30	95	25	72	187	0	143	182	27	138
73	7	33	146	181	178	137	7	188	78	191	109	144	35	62	88	150	44	145	123	136	5	166	137	48	134	61	50	168	209	18	182	66	174	185	20	199	104	124	147	75	122	110	69	185	6	142	145	181	96	33	76	181	141	53	54	212	32	165	176	95	106	191	27	198	109	69	206	69	26	46	109	21	192	147	31	95	191	78	20	211	26	15	153	203	95	128	12	48	190	124	72	39	130	168	67	0	132	149	84
17	160	205	90	105	119	145	215	16	183	147	5	32	24	83	101	177	104	159	115	50	69	87	48	130	84	194	163	180	102	5	124	74	151	42	35	69	79	71	119	10	60	27	167	175	93	61	15	215	118	169	96	73	206	153	102	123	101	66	200	129	4	96	37	66	27	8	77	187	33	203	101	37	89	87	83	142	35	56	5	191	71	63	185	181	134	93	176	52	208	97	199	29	210	123	112	73	0	164	138
200	213	39	92	170	57	84	104	168	128	127	164	208	84	213	27	25	138	17	142	135	73	25	152	72	98	117	138	75	163	41	200	80	90	80	93	127	44	77	132	147	108	174	168	15	146	7	25	175	107	60	146	207	117	22	125	129	183	8	151	135	190	7	14	46	37	110	62	213	64	97	199	186	21	29	47	80	179	156	170	107	59	32	110	31	157	153	99	69	168	92	66	64	33	127	169	106	37	0	127
212	199	165	6	174	117	134	189	166	170	167	178	124	108	180	66	31	58	156	105	132	66	63	177	65	3	17	172	203	49	86	23	189	141	161	148	63	113	53	81	55	69	135	81	25	180	47	48	152	201	77	80	169	86	31	97	142	1	201	164	67	164	48	42	70	132	109	186	199	146	182	134	7	196	135	122	216	146	59	13	204	47	202	51	40	138	128	110	194	204	158	8	142	109	185	152	67	162	106	0
