A	B	C	D	E	F	G	H	I	J	K	L	M	N	O	P	Q	R	S	T	U	V	W	X	Y	Z	AA	AB	AC	AD	AE	AF	AG	AH	AI	AJ	AK	AL	AM	AN	AO	AP	AQ	AR	AS	AT	AU	AV	AW	AX	AY	AZ	BA	BB	BC	BD	BE	BF	BG	BH	BI	BJ	BK	BL	BM	BN	BO	BP	BQ	BR	BS	BT	BU	BV	BW	BX	BY	BZ	CA	CB	CC	CD	CE	CF	CG	CH	CI	CJ	CK	CL	CM	CN	CO	CP	CQ	CR	CS	CT	CU	CV
0	280	190	25	152	169	336	296	141	212	18	23	220	268	301	65	225	246	321	78	109	306	268	101	29	51	297	232	63	310	233	19	130	120	67	274	29	138	1	115	195	11	117	129	286	127	344	111	305	244	245	108	247	150	85	311	333	322	64	176	214	271	184	155	73	326	14	139	219	77	111	183	99	212	236	102	351	254	293	161	276	323	30	150	286	210	175	61	284	11	205	153	341	128	287	292	136	94	141	27
327	0	109	219	8	275	255	316	354	76	278	9	287	43	42	101	279	36	260	329	71	70	120	177	70	61	352	242	337	344	166	319	68	199	261	165	349	232	253	138	139	121	275	301	251	216	164	298	190	212	18	250	33	197	9	343	258	310	254	160	240	315	305	148	123	122	268	90	160	241	157	76	20	60	4	213	19	39	163	59	234	29	208	240	99	277	244	317	205	288	30	287	161	337	38	189	183	167	169	122
115	230	0	315	108	264	92	191	354	204	321	322	217	214	229	16	137	191	6	337	92	49	344	174	88	328	173	333	335	213	233	325	191	172	6	113	58	210	307	265	313	101	145	335	133	348	305	329	112	243	337	247	74	212	65	128	152	177	340	132	93	218	298	296	8	108	157	318	181	118	77	58	345	212	144	195	331	120	230	124	236	109	331	126	319	83	327	133	327	276	64	266	129	343	340	73	228	13	282	219
242	57	352	0	226	208	277	146	30	263	25	142	159	183	324	260	258	270	336	132	83	301	45	16	260	149	70	293	175	170	186	252	109	276	308	86	140	66	354	117	113	202	210	69	221	188	196	4	281	218	42	28	218	322	4	173	354	125	310	310	112	122	38	150	336	329	147	51	22	186	34	5	337	21	56	172	126	316	347	342	340	125	196	6	149	154	18	9	164	127	47	53	141	328	5	92	130	76	49	29
117	46	14	125	0	306	54	333	49	243	59	135	300	114	286	178	206	34	302	85	354	183	222	192	345	97	189	172	28	196	3	36	109	89	144	309	116	76	49	139	105	339	174	51	50	48	192	97	110	17	44	235	20	167	181	234	337	155	350	155	167	146	130	295	298	109	18	204	290	128	313	122	303	317	62	311	176	319	185	329	133	109	128	133	66	345	248	150	317	83	1	19	80	325	25	189	177	241	162	103
20	328	352	207	120	0	101	236	124	73	73	91	204	166	192	128	305	86	148	285	198	216	143	342	123	56	216	156	109	324	235	106	340	166	47	61	34	70	133	294	257	64	18	168	131	229	80	254	116	355	291	328	293	274	114	64	169	33	276	273	23	125	110	300	97	246	290	233	345	208	185	242	323	351	234	14	325	34	55	343	227	292	255	96	155	70	158	315	87	172	269	26	213	348	236	201	141	188	206	31
202	143	162	108	79	157	0	280	73	212	161	74	117	167	269	224	164	280	122	138	203	80	199	157	20	149	48	148	16	59	343	139	68	308	226	42	59	298	258	215	210	214	91	332	265	36	1	80	318	83	351	343	28	260	263	152	11	200	111	319	182	269	107	129	207	126	354	347	91	101	31	125	83	270	321	273	344	244	209	252	137	115	351	266	89	289	185	65	72	292	286	186	236	242	207	272	39	138	144	105
195	333	28	195	181	249	77	0	177	122	193	30	151	146	144	329	122	300	152	166	154	74	104	199	88	16	327	223	59	11	170	166	108	203	153	28	346	40	218	67	72	293	202	290	86	284	237	34	162	187	85	58	321	228	78	223	149	304	195	31	136	286	219	110	300	156	65	124	128	347	231	121	309	231	107	130	105	193	345	176	325	68	54	314	263	164	156	225	199	26	72	92	340	246	99	306	46	25	277	99
241	211	207	249	350	245	309	298	0	36	329	200	56	264	35	33	344	221	345	20	94	330	76	9	166	99	163	191	144	99	255	20	343	192	242	268	183	328	266	52	341	290	254	226	275	274	152	140	128	292	167	205	127	300	230	108	261	341	109	176	164	30	30	34	321	283	74	88	210	59	274	48	220	178	301	178	63	322	150	197	324	170	62	9	32	210	94	347	193	192	115	269	218	282	287	90	238	280	45	85
129	199	300	134	136	165	187	34	139	0	213	247	154	134	83	227	275	117	193	351	69	337	326	185	209	249	141	121	47	22	6	265	196	61	283	167	258	327	8	94	52	233	164	48	153	192	17	187	64	31	303	33	169	92	72	10	328	234	209	93	217	263	40	344	36	128	14	318	138	89	179	175	31	308	155	36	162	2	65	198	176	83	349	210	197	182	27	252	157	256	131	293	25	71	266	222	258	286	47	239
312	322	223	26	211	248	162	48	325	351	0	256	73	272	71	213	307	108	211	167	301	121	332	251	222	331	145	89	210	285	148	279	306	72	119	231	37	23	113	40	114	312	208	237	283	228	8	235	75	150	275	303	233	48	291	71	252	61	244	102	236	145	102	242	102	306	171	72	355	289	79	53	60	267	238	243	298	59	243	35	241	90	231	203	1	67	163	39	209	227	66	159	303	218	123	45	24	224	151	286
293	341	138	73	73	207	173	43	70	262	335	0	253	252	138	77	200	231	237	283	237	299	253	356	23	202	179	167	237	327	107	181	39	303	177	237	328	108	248	235	293	179	297	219	296	83	290	230	170	132	147	106	91	239	214	4	122	15	154	281	210	221	148	177	106	178	266	238	22	189	218	241	333	126	311	247	156	9	42	279	320	167	356	179	92	56	318	223	35	120	201	66	217	253	238	309	346	135	171	54
137	70	17	2	245	178	265	306	38	339	220	167	0	46	76	288	283	97	346	336	300	97	192	246	3	1	92	117	205	11	137	340	112	14	219	207	135	111	52	55	145	45	242	255	113	104	22	277	70	16	146	274	129	257	258	286	9	109	199	215	280	167	167	227	73	264	17	203	172	243	123	212	205	36	58	112	91	336	255	126	76	350	45	229	151	54	208	230	273	220	264	352	90	99	230	243	274	252	287	310
236	171	166	16	177	310	189	259	181	345	173	99	224	0	27	93	299	354	335	215	133	354	113	158	304	185	259	9	320	186	93	232	158	50	49	255	182	315	309	126	245	249	354	166	185	208	230	336	137	319	137	199	278	308	164	159	224	70	321	332	88	312	317	244	4	257	160	172	333	80	277	329	296	226	356	148	61	11	75	99	105	81	335	293	172	29	243	322	14	178	48	231	70	37	125	339	337	259	259	142
127	272	214	25	90	228	10	158	279	69	298	329	27	288	0	291	293	55	292	23	324	235	104	147	254	308	70	90	4	28	325	199	145	263	307	6	240	85	164	220	186	194	99	261	351	74	299	322	270	192	19	176	303	10	130	264	274	74	17	315	50	31	45	340	19	241	223	243	262	78	279	325	21	119	183	85	138	34	312	6	3	341	8	46	264	50	100	240	255	283	305	261	170	78	336	228	130	91	275	294
329	207	110	43	323	72	328	316	172	10	159	247	120	47	180	0	174	199	98	113	268	356	129	18	283	290	257	220	200	139	354	312	45	214	296	313	275	147	171	308	203	134	356	34	318	122	299	245	186	122	38	226	334	192	93	173	151	3	110	30	12	285	123	146	32	123	2	350	107	236	179	263	273	142	281	292	300	303	172	110	96	68	196	276	137	247	171	254	26	2	235	262	106	324	169	103	57	285	320	317
55	22	4	337	203	93	311	63	321	82	14	300	224	254	121	80	0	59	180	20	180	290	223	28	63	80	230	204	13	215	147	242	224	34	11	143	64	230	60	47	172	81	190	334	300	252	32	179	25	17	228	249	261	289	343	223	106	3	31	97	138	91	211	352	344	65	212	305	67	343	117	285	337	325	195	161	200	139	250	169	283	213	124	247	187	31	41	273	101	263	49	245	263	107	237	74	256	98	151	329
114	92	232	90	6	323	104	316	276	291	31	41	150	39	45	228	272	0	340	212	175	37	172	130	218	216	143	349	299	80	310	333	290	319	203	41	155	281	55	325	342	252	287	57	178	173	128	260	34	77	305	307	181	306	172	307	228	34	132	315	350	300	295	163	110	91	23	66	109	157	160	128	90	140	289	2	118	22	201	270	332	26	140	12	339	39	281	282	341	144	43	27	42	341	163	235	204	173	238	311
274	97	350	318	121	135	210	116	256	17	253	2	308	178	315	199	254	10	0	142	137	151	295	233	50	327	21	232	134	139	132	73	69	163	71	196	38	160	93	123	171	126	230	143	93	5	55	354	161	110	231	119	195	343	42	286	114	79	218	227	66	25	104	79	282	7	46	135	301	96	271	13	19	227	216	234	107	45	28	14	59	157	8	60	296	20	197	103	235	329	294	187	42	117	251	134	109	66	17	150
285	268	337	238	26	173	159	67	320	286	42	305	254	313	237	228	329	54	115	0	140	27	20	199	101	16	311	294	275	217	54	62	36	108	27	259	151	55	92	93	313	112	332	309	199	173	290	295	241	172	130	107	255	320	51	273	66	264	327	54	311	22	325	285	260	261	89	164	348	241	121	130	274	57	159	126	90	91	337	263	65	24	69	49	52	25	87	163	87	153	202	213	315	278	257	116	32	325	196	59
207	179	68	259	223	42	3	3	68	197	69	305	39	1	168	348	298	328	40	262	0	131	162	292	229	282	157	108	190	335	126	316	344	166	267	266	9	331	11	163	87	42	114	343	241	38	52	6	205	323	329	195	97	308	325	126	12	292	290	144	70	207	356	269	102	43	67	311	60	12	191	150	273	12	195	153	264	221	213	159	252	15	332	147	350	105	207	353	99	253	211	282	156	198	66	170	208	56	31	338
232	272	285	151	339	304	249	100	223	173	39	131	123	336	41	344	206	43	286	294	217	0	123	41	304	24	1	44	335	152	289	164	29	61	33	34	285	176	96	150	16	103	354	240	323	227	173	253	225	15	70	284	148	218	80	30	138	349	203	329	87	11	143	356	286	161	8	265	66	330	29	229	314	280	338	1	121	267	99	14	333	182	235	189	153	219	293	120	331	259	2	233	242	206	118	236	280	40	85	290
233	127	14	346	223	67	284	163	20	339	272	130	167	312	321	263	291	47	91	54	62	90	0	306	350	35	283	349	146	178	137	36	269	145	54	148	261	351	288	150	47	121	312	224	24	256	346	191	275	352	22	227	103	138	173	198	309	341	234	251	112	224	222	311	325	158	183	258	355	331	135	246	237	258	342	87	8	84	43	321	49	81	36	4	242	279	181	308	212	131	161	347	274	129	88	236	134	210	62	45
58	76	257	138	23	25	210	156	296	266	153	151	131	288	147	293	89	60	140	170	157	179	179	0	218	205	318	35	188	253	212	145	223	232	113	298	105	22	297	72	97	284	274	23	129	121	120	292	48	283	126	125	286	211	129	11	144	116	244	11	355	305	151	61	108	158	86	45	244	174	128	38	204	114	102	179	253	139	292	200	126	151	264	313	328	155	213	242	121	62	325	74	276	256	205	297	322	331	130	296
63	39	283	47	77	4	294	266	107	185	228	195	83	145	60	74	102	341	78	228	10	128	276	10	0	184	347	253	283	200	185	341	296	199	8	279	234	192	40	68	319	35	303	328	130	171	133	2	121	45	128	270	282	182	173	214	253	356	114	28	100	45	44	332	206	350	152	24	319	142	174	127	232	314	198	57	147	284	342	174	162	105	137	299	353	34	128	239	232	287	86	178	28	305	249	121	181	62	340	83
313	49	341	322	124	236	273	113	104	264	286	286	82	212	92	283	228	288	351	9	31	325	23	43	227	0	21	130	203	30	3	115	117	277	136	236	102	164	293	168	280	203	68	334	175	7	54	87	280	125	54	124	116	325	183	160	2	221	279	71	229	61	327	286	106	193	334	60	90	100	19	135	285	2	297	183	214	179	3	292	342	345	1	173	217	300	209	155	6	107	218	246	213	221	336	232	172	138	232	283
271	193	332	33	153	156	98	281	226	21	147	8	308	256	281	199	178	281	231	325	123	250	103	253	144	345	0	129	290	345	292	310	66	281	145	184	349	196	172	41	27	354	262	217	199	240	65	321	129	45	289	239	209	106	237	342	345	356	321	345	61	303	20	298	335	264	285	355	41	348	73	326	339	174	221	271	38	159	287	234	36	138	284	181	232	315	33	172	278	278	114	34	190	198	259	241	115	50	51	214
236	163	90	188	261	51	196	125	344	123	277	198	304	28	286	109	302	323	140	243	8	59	139	242	333	272	229	0	225	173	262	112	185	223	118	9	30	195	86	151	4	125	350	48	14	26	318	285	309	320	219	335	22	324	321	55	121	266	28	159	76	218	304	250	266	195	61	137	151	232	171	321	64	141	235	234	51	102	273	108	147	14	277	97	283	147	147	144	194	234	268	254	67	260	9	105	321	236	344	348
146	212	1	241	348	33	90	90	342	208	349	44	18	57	108	5	134	83	220	41	132	271	86	92	42	231	187	20	0	174	202	227	176	265	334	306	329	315	331	73	345	144	128	198	87	62	76	341	258	32	88	159	147	292	16	136	128	238	132	286	166	165	242	295	123	147	154	288	301	207	142	176	137	46	326	317	16	39	234	184	277	111	26	151	76	79	201	16	24	81	328	99	301	134	232	111	57	182	101	329
299	31	114	177	94	69	4	203	83	253	350	126	125	286	263	261	110	341	336	279	22	205	223	217	145	107	327	166	311	0	85	216	151	189	122	19	352	149	280	196	28	259	258	223	36	99	180	243	29	232	294	198	185	23	190	344	218	334	180	94	19	334	64	344	87	185	81	256	170	165	355	13	234	151	274	56	119	214	269	253	79	178	189	95	203	214	320	19	6	287	250	54	235	219	297	20	84	50	1	9
3	62	178	261	331	141	120	100	118	205	56	57	61	294	70	51	169	153	28	113	74	53	300	26	356	119	122	210	245	234	0	207	237	191	255	307	218	206	167	132	96	306	29	324	75	49	102	284	251	191	314	327	344	273	283	228	167	38	36	172	156	238	25	234	240	90	6	67	52	331	25	323	319	213	227	87	158	342	64	26	13	296	152	271	69	328	79	258	301	264	234	126	271	9	301	59	44	322	334	152
66	352	309	344	69	150	333	21	60	306	256	216	191	156	29	356	354	269	178	133	256	115	266	325	214	112	127	24	145	124	313	0	121	63	139	127	198	157	238	125	163	332	194	66	222	262	276	107	51	53	330	351	184	88	118	144	94	89	28	132	100	123	61	259	53	159	200	291	48	354	148	267	174	54	28	289	69	287	220	313	120	249	146	306	274	188	247	308	305	322	90	225	122	35	326	277	348	340	159	175
54	177	211	110	134	244	64	62	320	275	150	183	219	21	154	32	64	169	336	151	141	6	26	313	233	52	71	214	18	112	128	300	0	65	182	257	275	242	108	92	285	262	149	290	57	123	322	307	57	112	156	250	27	268	71	346	254	57	200	40	51	125	119	132	323	100	316	339	321	312	131	247	286	169	307	95	262	123	231	328	152	172	239	165	79	219	355	110	31	100	41	124	23	164	269	61	103	280	18	83
85	300	77	269	35	123	163	136	48	318	259	63	136	197	233	53	47	51	291	71	80	330	10	130	82	219	211	299	234	268	66	297	203	0	290	265	138	6	334	84	255	355	128	213	156	65	57	244	198	51	277	102	71	21	161	161	169	254	172	218	320	263	150	305	3	320	209	217	298	318	337	66	229	12	112	97	91	289	104	56	197	167	63	218	309	22	339	189	135	330	31	29	256	96	34	309	5	103	288	214
18	110	96	285	152	132	134	19	193	87	156	275	223	64	179	30	323	109	6	33	101	201	335	209	228	95	3	128	90	169	60	258	137	170	0	255	42	23	299	53	122	204	283	294	270	26	109	7	53	269	15	45	265	238	226	9	20	233	111	351	281	222	327	311	243	22	107	282	200	115	355	162	149	36	54	10	264	46	214	163	320	311	205	299	49	13	225	293	168	156	217	24	152	327	206	183	144	179	66	230
107	78	340	345	170	53	18	47	207	135	260	171	223	255	285	189	80	348	74	273	269	68	245	73	80	218	20	266	233	307	135	34	163	190	67	0	6	132	52	169	337	334	302	203	311	175	16	50	23	167	56	319	65	236	196	199	289	113	57	162	281	122	280	142	171	221	257	266	246	194	55	326	334	107	68	53	96	124	232	298	120	329	323	190	212	232	198	269	14	122	170	276	259	241	342	47	126	198	170	202
152	237	201	174	325	276	292	105	316	338	163	277	300	16	111	3	257	293	158	46	137	294	263	16	22	236	70	318	120	250	249	352	157	32	225	294	0	2	79	39	344	290	148	126	91	243	45	113	13	242	309	63	24	54	101	301	234	109	160	233	132	100	79	139	1	214	347	183	72	75	3	205	92	91	88	18	256	71	117	322	311	186	344	272	187	331	129	288	26	207	28	346	112	17	211	86	100	164	97	10
216	85	307	97	125	68	322	308	207	120	197	282	355	305	337	139	315	58	88	20	181	188	268	338	112	292	320	80	151	277	140	339	121	233	329	235	328	0	293	323	125	164	90	144	318	65	64	60	48	336	63	231	34	214	128	58	117	276	192	182	126	299	21	269	100	193	27	34	84	186	270	295	252	25	80	139	188	35	83	191	201	331	64	194	173	171	184	343	336	189	223	248	129	30	89	1	8	183	162	72
195	205	89	167	106	268	274	51	29	3	191	307	174	206	177	37	239	97	211	319	140	124	330	352	52	90	307	205	202	265	317	100	251	320	156	240	229	306	0	350	139	266	25	187	178	201	303	262	193	240	353	166	176	212	289	129	223	285	186	113	199	92	88	48	352	53	55	271	171	220	127	285	319	53	187	168	143	190	212	232	58	292	352	290	302	154	115	249	339	198	134	191	274	338	88	184	254	223	335	323
179	255	262	149	137	49	229	222	130	16	230	286	201	284	89	280	321	80	89	159	25	24	308	318	234	171	25	290	166	310	49	258	9	49	155	327	161	350	215	0	147	317	89	79	205	174	135	216	243	263	319	250	268	128	159	246	147	304	10	294	356	158	122	331	323	100	232	111	267	308	143	83	124	127	267	170	19	180	294	340	353	38	274	68	134	195	227	22	221	239	302	254	38	6	206	210	279	205	142	225
39	264	37	296	45	216	155	69	248	114	85	298	207	90	177	331	158	118	204	197	201	345	49	17	121	108	329	323	271	251	28	129	168	233	39	152	267	269	327	228	0	260	351	49	193	163	331	44	245	321	253	252	342	300	329	21	303	318	72	139	117	144	211	252	75	69	104	352	227	108	38	131	109	309	141	50	188	91	124	136	211	159	135	238	229	201	245	211	50	146	342	323	129	342	179	149	38	174	226	319
274	342	347	281	2	136	246	252	191	211	112	57	347	183	299	275	291	254	109	165	293	246	25	296	12	269	213	187	161	290	116	11	260	276	173	209	182	280	264	18	71	0	133	138	189	195	88	19	271	219	96	37	1	177	281	112	321	63	26	302	197	132	45	261	54	44	291	92	205	259	124	70	176	217	278	125	115	72	341	43	80	289	229	215	122	282	205	128	150	131	217	55	207	233	1	163	157	59	11	315
312	151	4	261	287	308	341	3	53	245	46	139	300	188	194	176	118	356	196	253	213	289	340	156	37	67	343	131	38	64	104	147	278	22	297	94	105	260	101	199	298	88	0	258	174	211	285	255	355	306	310	168	330	225	57	105	87	93	116	29	282	160	45	328	349	78	65	207	8	323	328	28	10	176	186	197	86	308	214	75	164	177	180	266	48	170	311	248	22	113	212	325	46	330	304	143	105	169	251	257
228	315	323	116	85	62	157	339	103	228	75	284	51	127	89	43	333	23	339	142	69	220	72	69	5	257	290	130	291	112	46	56	349	18	50	239	26	48	150	21	181	44	35	0	159	141	335	112	20	339	285	178	236	207	132	119	272	255	256	267	26	210	267	135	20	95	314	260	302	156	147	186	50	215	209	10	36	42	315	281	287	250	74	111	280	323	1	282	239	314	177	165	319	46	225	63	135	21	224	352
65	78	39	165	40	99	312	188	289	4	52	33	223	1	305	95	229	72	30	321	193	133	174	224	204	84	50	119	203	276	233	271	108	123	101	173	210	241	115	290	89	182	62	290	0	222	113	214	239	96	152	320	150	233	153	211	134	345	292	242	9	264	96	354	164	86	199	231	326	344	267	309	17	230	229	89	181	186	337	123	273	311	278	68	227	271	63	223	162	133	41	183	60	308	322	82	248	128	168	156
222	269	289	164	296	266	121	192	343	115	83	351	44	6	106	136	131	270	82	39	264	130	270	325	48	307	40	167	281	195	46	208	322	271	19	279	187	269	120	330	109	75	150	228	278	0	58	256	1	113	337	28	105	219	30	31	205	88	17	285	313	116	128	218	39	76	52	148	298	250	168	349	65	351	304	75	4	82	12	33	162	177	112	350	35	215	338	24	169	302	254	75	14	33	338	96	170	56	255	22
208	205	10	252	278	183	351	217	224	102	44	207	303	96	238	43	130	188	304	305	312	236	188	331	163	133	291	72	176	268	71	20	213	336	279	46	320	262	52	50	107	89	13	55	289	301	0	186	284	72	249	118	262	22	233	266	51	24	264	113	109	135	223	50	266	195	337	75	115	140	93	28	175	24	79	272	249	329	233	178	314	73	44	168	123	285	20	329	222	86	39	68	45	4	58	165	320	89	266	314
43	66	293	292	307	152	161	258	155	72	179	239	20	70	186	16	192	265	308	187	233	137	79	223	5	95	315	5	74	97	291	105	265	321	313	245	280	324	187	27	304	272	158	205	240	285	170	0	235	124	355	327	84	123	199	260	341	202	148	177	44	272	264	203	203	196	232	29	20	190	341	234	144	57	326	36	312	290	103	305	203	349	152	270	63	168	116	120	225	142	76	40	341	125	332	264	294	46	198	108
84	213	30	120	176	253	114	151	264	321	142	242	125	325	266	35	4	248	7	332	135	299	119	100	61	290	11	232	356	4	280	290	302	135	177	119	334	159	146	61	123	156	108	249	179	20	75	354	0	299	256	335	95	299	41	79	291	218	81	126	14	272	141	54	195	156	76	180	230	55	59	35	162	142	246	276	140	172	64	111	264	164	38	40	247	315	112	278	245	149	272	311	108	176	269	230	195	104	100	86
326	82	326	60	29	201	39	9	144	269	218	11	25	345	322	120	246	97	234	249	8	232	340	191	9	67	144	302	232	311	98	342	352	142	210	229	222	258	260	102	322	198	80	238	210	70	238	6	178	0	224	137	156	240	350	249	52	45	280	11	324	125	187	289	178	64	150	125	217	176	320	106	180	23	150	333	70	63	54	332	267	343	58	160	30	128	113	227	199	209	156	135	89	108	100	91	34	31	252	110
242	56	356	221	320	306	192	289	302	19	220	315	249	192	3	273	150	55	300	298	282	210	308	104	343	43	212	224	145	97	337	333	132	219	244	245	232	340	355	294	85	94	335	251	78	117	143	311	329	166	0	201	131	328	281	63	115	2	183	117	343	15	214	241	301	14	326	198	118	236	129	31	99	127	218	196	319	313	289	43	255	285	118	124	189	25	267	276	112	146	263	78	251	341	191	66	1	126	194	47
199	347	229	1	48	95	265	305	292	189	202	255	112	344	353	277	62	56	13	240	23	185	133	69	119	130	101	224	340	126	292	69	126	5	230	327	265	214	11	79	158	90	258	84	352	336	146	255	224	161	171	0	214	290	42	35	159	118	102	238	248	64	260	336	219	86	54	49	257	58	145	247	346	152	220	169	172	113	231	71	313	108	70	353	101	99	252	317	124	76	211	53	113	13	310	171	323	131	19	31
14	54	237	8	247	114	30	241	209	262	39	193	19	295	185	1	334	227	229	277	145	41	62	84	268	84	278	17	294	32	135	56	21	71	145	85	291	313	245	57	354	267	196	209	136	310	65	67	111	8	170	7	0	322	111	144	355	54	209	303	326	162	318	110	228	33	87	244	62	313	316	31	203	296	69	101	343	29	208	337	95	5	146	271	125	271	278	246	338	5	113	233	144	259	333	292	183	340	309	7
263	5	83	243	178	250	102	188	201	94	60	156	128	354	187	156	267	215	236	133	256	124	86	232	304	225	78	210	231	222	88	205	182	249	68	61	237	32	220	274	64	218	125	235	196	40	36	66	61	125	34	215	61	0	205	63	31	36	169	238	181	259	20	229	216	100	24	87	48	145	190	60	227	259	140	127	234	113	3	345	17	83	295	23	88	335	188	234	318	205	19	347	146	187	57	177	332	256	302	179
245	230	19	254	200	202	5	34	52	164	64	220	290	102	94	249	189	7	92	277	58	254	149	15	130	260	267	149	336	227	94	72	356	338	163	50	235	326	222	44	301	299	183	42	51	28	112	210	164	237	304	323	185	336	0	82	304	221	267	191	317	71	37	232	89	216	41	49	222	61	93	27	293	119	25	109	133	294	63	65	351	128	247	185	222	300	344	203	198	292	198	209	109	51	284	279	249	130	227	130
328	135	176	77	203	82	63	190	247	249	28	26	19	147	353	297	204	151	85	209	28	65	198	78	323	80	228	304	259	63	86	226	257	305	148	197	134	102	80	80	170	96	250	114	105	33	346	61	121	176	274	129	348	157	28	0	276	242	351	89	9	21	231	186	24	356	222	313	8	60	265	120	19	323	299	324	81	343	313	67	185	291	261	269	143	331	105	160	200	67	267	311	322	2	306	161	263	142	331	279
42	100	339	255	222	94	78	341	208	331	7	264	199	277	222	5	118	146	13	26	240	103	157	350	144	304	317	327	239	9	37	327	279	181	123	192	7	115	332	145	256	132	301	41	73	70	330	237	88	351	117	277	196	327	355	24	0	194	355	153	96	291	302	176	221	253	130	46	317	168	71	66	221	184	350	342	352	323	172	345	349	75	207	13	255	120	199	135	131	82	177	35	138	94	331	240	313	71	156	268
110	78	339	93	15	239	354	104	197	81	228	20	163	257	221	335	90	37	81	90	90	224	14	135	133	62	353	15	60	154	276	278	245	259	147	267	127	151	87	273	337	173	62	158	139	6	323	105	261	242	2	320	28	129	50	329	291	0	347	86	45	302	185	209	107	344	280	287	154	249	350	322	195	178	48	34	148	233	319	262	158	300	191	257	28	353	220	91	56	132	261	239	261	150	202	2	196	128	154	276
134	305	354	294	172	307	272	352	328	51	148	160	246	143	88	328	204	269	249	305	123	306	274	201	321	9	344	181	189	222	159	242	345	341	337	224	212	242	231	272	128	153	265	221	229	11	112	189	175	55	103	271	19	158	266	229	90	55	0	90	202	194	280	20	341	68	267	125	224	84	255	166	296	57	62	196	90	283	257	226	76	22	63	53	304	209	215	166	153	280	106	94	133	50	185	120	25	215	176	73
140	36	119	60	204	294	181	211	187	49	112	306	337	311	214	14	262	268	102	288	313	12	37	3	281	285	195	140	139	335	102	106	36	106	47	195	183	222	352	46	301	291	299	303	57	107	153	142	342	301	248	51	305	285	166	35	251	132	316	0	24	331	347	311	178	230	196	61	24	72	111	190	338	274	259	62	337	314	3	254	198	204	144	304	292	267	68	331	295	126	179	291	40	253	80	187	316	157	140	132
191	13	281	310	110	317	307	244	335	139	261	91	70	5	4	225	122	54	119	80	143	309	142	335	157	313	150	11	324	8	264	17	331	255	277	332	108	192	282	338	320	31	233	165	216	31	355	105	136	315	208	193	71	199	354	303	236	193	345	291	0	168	9	334	99	80	248	48	123	110	96	279	266	335	283	55	87	348	105	159	47	94	13	245	206	101	354	233	336	78	336	243	63	308	111	284	264	115	290	286
342	33	51	153	12	217	78	2	155	98	264	107	266	334	40	217	44	93	169	153	250	264	163	173	180	160	351	23	202	156	89	290	147	170	280	23	258	214	256	180	178	302	185	79	264	299	144	277	334	145	69	137	76	197	349	100	13	81	159	321	194	0	335	194	120	352	346	193	237	47	219	300	181	129	178	244	298	65	83	298	58	168	15	238	300	281	230	159	129	15	46	155	36	86	314	352	185	234	342	338
184	331	247	233	164	249	160	151	127	238	352	145	113	216	77	34	185	103	265	151	166	230	121	145	1	2	57	174	76	311	216	3	354	64	126	259	41	157	310	52	29	171	339	298	250	17	272	238	254	267	40	206	246	284	339	262	151	316	270	150	102	100	0	29	133	27	104	27	44	28	98	108	64	55	274	185	217	51	267	120	250	353	230	167	193	254	8	73	151	159	258	230	97	170	247	187	76	32	68	9
252	8	48	289	79	246	281	276	219	260	348	263	189	279	254	141	242	252	283	210	20	341	268	183	287	7	260	322	290	64	78	342	184	236	332	21	112	356	60	271	107	283	314	159	216	295	1	77	52	133	210	178	102	48	344	205	186	43	86	139	86	93	209	0	286	2	208	41	240	109	148	172	81	10	42	258	215	135	273	352	88	104	271	343	22	291	67	291	194	344	151	315	113	185	79	221	287	328	49	15
292	82	171	134	145	252	51	7	182	253	330	183	102	263	170	101	265	229	37	281	313	274	251	222	40	293	150	75	33	196	21	202	354	327	60	270	256	160	208	246	164	70	90	214	90	78	76	157	268	261	164	255	346	130	97	197	200	227	158	8	242	79	287	111	0	68	260	69	188	28	77	125	278	50	310	72	307	225	262	113	26	75	254	68	86	22	27	107	241	308	86	348	5	260	13	16	39	106	9	37
307	183	51	349	312	215	23	146	59	133	228	20	3	112	196	247	178	21	49	49	69	355	186	177	192	163	190	87	92	252	246	112	344	88	104	113	22	148	260	148	140	330	42	13	141	232	314	171	144	110	356	341	74	327	211	15	215	194	8	37	209	250	284	213	164	0	235	25	136	253	70	245	181	209	14	181	213	167	123	158	142	315	242	128	312	33	176	328	129	240	67	74	293	252	191	323	106	164	349	260
2	161	254	272	184	102	113	322	80	112	129	112	356	32	46	115	300	15	197	213	277	113	299	31	25	132	283	325	285	212	305	213	324	241	130	298	165	99	157	180	320	2	14	10	71	248	170	211	13	94	123	115	207	283	182	113	153	352	6	313	339	253	201	355	230	194	0	97	83	287	202	10	182	224	339	166	294	297	154	174	311	93	195	121	170	209	55	56	130	131	254	37	267	209	297	213	175	182	147	329
75	241	235	194	232	17	318	44	105	39	35	336	196	227	90	279	82	11	235	156	159	149	76	171	333	262	184	139	161	180	144	294	250	37	299	137	193	113	138	112	250	195	129	200	302	275	293	168	290	109	68	134	1	226	276	27	147	274	234	347	103	67	76	140	70	284	106	0	334	201	65	250	19	151	193	46	320	19	23	50	349	31	351	45	90	295	35	287	111	88	205	275	283	238	121	172	199	7	352	110
54	244	229	356	44	306	113	8	232	157	12	140	245	83	304	261	305	135	202	184	218	193	245	215	107	119	80	231	240	10	275	38	227	356	280	149	161	318	94	267	146	109	187	29	235	100	21	304	246	265	234	108	297	183	232	351	247	333	242	11	3	154	79	258	237	78	47	31	0	141	74	342	196	172	33	20	274	209	80	133	205	63	66	46	240	143	38	154	31	21	128	282	77	209	1	46	100	87	109	304
139	35	115	212	181	268	15	137	196	73	279	343	128	73	240	130	6	256	278	353	48	173	169	209	296	243	100	106	205	344	131	128	176	293	70	170	83	303	139	135	204	56	88	320	217	326	296	206	300	171	226	274	328	76	279	91	201	89	91	173	95	291	221	341	320	30	331	145	145	0	307	97	342	311	245	204	41	322	121	329	55	235	227	108	217	193	80	210	68	248	283	130	229	139	191	302	208	302	211	286
27	268	325	305	277	104	229	137	59	51	134	215	175	271	254	64	139	307	141	86	172	224	220	188	222	118	174	299	138	11	85	131	282	61	158	204	76	263	79	162	25	265	193	339	141	322	50	257	346	273	294	78	206	237	135	146	222	354	208	93	172	64	29	265	49	114	106	137	290	346	0	71	80	42	336	313	174	112	137	10	77	275	3	336	172	300	320	69	272	117	265	276	126	209	273	352	141	51	198	105
111	157	13	18	29	293	65	104	293	294	307	108	116	57	80	327	230	48	307	142	101	138	138	43	21	67	90	134	219	294	23	171	306	177	332	94	154	239	117	245	32	220	169	7	138	114	91	62	317	104	308	316	138	279	11	238	193	161	251	152	349	340	100	125	263	246	274	317	314	62	261	0	119	169	65	163	125	26	333	352	124	73	196	172	337	240	265	19	186	102	10	11	288	198	87	216	248	82	245	197
157	222	178	356	149	19	327	59	88	84	36	349	23	4	181	202	33	282	17	145	205	74	139	287	206	59	352	319	123	3	130	18	120	174	79	296	321	312	219	189	59	354	54	267	21	216	328	79	44	115	246	43	28	142	95	4	111	268	81	16	43	210	82	230	24	337	261	246	287	2	324	43	0	292	124	137	326	151	13	288	286	223	146	191	79	16	127	265	71	240	355	42	23	185	62	190	163	338	303	88
194	11	60	62	95	283	261	189	273	191	60	303	179	43	76	230	344	293	274	136	343	152	225	272	225	160	202	10	82	117	77	136	356	194	48	141	180	40	242	225	19	68	196	254	289	331	175	72	190	41	120	131	134	297	48	251	243	31	260	235	216	28	246	289	187	252	160	201	122	328	55	225	151	0	97	62	151	345	312	111	7	78	144	218	108	1	248	136	74	301	257	101	298	211	314	246	53	42	77	213
259	127	45	118	301	94	280	313	21	159	60	1	203	307	291	198	174	126	145	201	127	32	119	167	271	126	141	119	340	286	257	108	228	323	291	273	327	102	76	167	294	121	246	79	232	63	172	17	51	275	338	70	270	20	27	102	189	277	269	288	74	345	264	19	321	83	39	157	253	298	120	16	53	72	0	204	204	273	176	118	246	104	219	28	337	62	287	7	53	269	87	199	208	54	168	314	122	7	351	335
245	6	32	98	6	269	206	28	275	8	22	174	350	197	107	277	147	286	78	74	213	128	113	81	325	30	36	147	296	226	163	331	201	281	176	205	225	203	20	238	276	324	123	136	320	337	102	171	57	258	280	83	343	201	86	306	294	115	134	324	334	50	287	99	94	258	196	242	74	160	311	18	24	270	335	0	344	247	239	273	68	132	355	7	290	305	172	112	85	351	7	224	149	193	273	61	340	273	306	139
133	252	343	181	211	150	232	73	168	153	298	104	287	236	40	303	210	356	310	45	354	143	266	123	231	110	299	317	346	182	286	143	160	112	63	301	324	223	91	141	173	167	234	253	175	244	217	146	249	90	84	356	230	171	271	176	194	147	171	164	136	350	176	252	45	251	241	149	97	67	203	227	140	209	71	9	0	74	55	166	252	195	224	206	16	248	36	183	180	312	55	40	15	44	189	204	236	88	335	29
126	175	132	71	26	315	258	342	39	242	290	312	80	34	89	88	310	33	94	313	88	290	55	231	272	269	332	82	173	88	335	111	149	170	170	258	287	112	299	84	338	119	180	321	149	333	75	184	180	27	273	286	59	202	257	15	41	32	312	285	310	242	77	293	25	349	327	222	108	311	137	109	3	263	116	72	259	0	316	73	54	182	269	157	182	204	2	268	167	64	326	101	45	108	305	195	254	139	37	291
142	79	161	114	63	279	136	183	306	22	277	181	33	243	87	49	218	293	328	341	19	292	132	140	351	289	279	216	140	7	43	146	322	348	47	67	132	73	241	47	184	170	264	32	168	286	224	49	93	2	115	28	262	48	41	100	245	49	202	51	151	46	289	190	330	129	297	29	3	120	330	108	242	85	133	141	117	312	0	297	188	271	218	175	20	219	20	155	150	341	81	4	56	274	70	8	325	299	114	28
225	41	342	112	39	256	139	45	230	334	199	319	222	230	307	202	246	166	117	65	126	314	340	168	117	354	354	70	316	53	171	194	49	214	186	18	125	249	341	334	96	134	24	189	195	164	237	110	330	121	70	96	284	88	106	144	216	118	105	222	356	90	275	260	93	148	248	110	77	137	279	321	221	149	219	93	301	225	14	0	349	342	130	151	342	180	222	260	241	182	166	167	243	114	330	39	61	208	164	311
164	343	150	82	255	146	239	334	13	296	183	241	245	253	21	122	224	1	108	63	323	38	115	161	165	220	31	204	338	23	285	351	25	350	18	103	228	181	240	165	76	132	88	76	4	243	53	36	259	239	201	331	130	79	322	311	312	251	328	55	318	282	25	182	322	320	86	129	253	145	91	15	17	172	256	268	57	44	32	138	0	183	66	133	143	186	147	261	23	214	224	60	347	9	286	332	272	300	232	118
91	269	165	156	314	151	75	30	330	102	157	271	244	44	104	186	268	25	11	230	155	17	286	301	123	129	101	62	188	159	331	172	126	109	38	113	340	322	285	251	247	275	135	287	346	57	171	107	153	117	136	350	246	320	265	144	99	18	70	166	134	291	346	251	166	135	36	104	60	142	14	313	163	345	198	256	50	142	144	98	279	0	246	26	349	353	183	115	347	237	188	23	293	77	9	145	304	123	264	77
313	144	306	319	111	53	229	91	319	323	348	181	129	46	297	127	218	36	104	86	324	224	166	279	174	74	108	143	31	80	346	326	256	61	14	213	112	89	78	185	105	341	51	345	277	302	114	24	53	120	285	131	194	154	143	124	31	347	93	245	61	187	145	84	324	344	59	122	226	249	278	225	218	326	94	82	252	96	18	148	224	332	0	218	307	179	301	2	239	29	350	205	34	159	12	180	27	94	160	127
17	36	200	150	229	131	175	109	234	354	175	153	339	192	146	279	355	175	90	85	217	291	310	103	75	110	239	16	162	302	292	337	323	29	7	251	226	69	184	87	324	217	175	233	325	229	212	43	245	322	193	217	344	236	62	299	218	308	227	301	320	93	20	200	94	331	237	271	221	159	324	344	274	272	27	343	288	339	140	240	99	34	325	0	279	284	113	159	206	320	95	351	48	9	220	235	109	55	328	268
204	227	9	62	283	267	57	116	74	102	83	332	34	284	73	262	317	321	335	128	94	299	18	29	76	167	12	209	301	321	113	172	26	56	18	255	346	137	316	350	208	228	244	113	172	98	271	314	171	87	69	86	275	218	182	213	197	38	124	41	164	115	297	207	131	80	16	100	59	93	233	134	328	121	34	203	122	151	139	336	284	334	67	24	0	156	65	113	304	318	119	215	159	295	149	176	83	221	273	168
297	240	106	37	85	115	140	20	200	239	149	175	142	317	51	45	347	107	145	77	222	229	30	289	96	88	188	345	134	84	235	234	86	23	142	158	117	22	64	327	321	73	269	49	98	91	56	310	135	149	188	353	228	134	268	325	238	124	43	301	289	117	81	184	316	268	224	28	245	123	220	90	89	213	333	66	179	314	146	149	306	296	340	299	214	0	351	298	325	130	130	115	96	353	250	10	318	223	74	75
42	9	131	172	346	256	273	85	21	120	273	330	281	50	277	284	341	84	60	135	218	256	68	132	232	32	259	296	50	198	341	184	235	170	70	300	337	289	99	199	30	230	41	112	251	211	274	132	229	222	216	217	196	20	145	320	60	302	281	19	50	273	233	143	316	354	26	226	28	218	144	304	334	25	238	163	109	91	173	243	137	250	206	138	80	72	0	301	344	90	77	6	44	215	105	184	122	42	50	335
247	293	31	69	348	196	284	33	127	151	79	35	93	130	43	185	131	32	113	244	181	260	342	111	169	310	82	289	322	354	154	305	158	243	277	237	80	237	251	146	26	15	331	54	61	115	79	310	349	151	126	196	299	151	118	267	190	339	59	322	289	315	228	332	41	110	14	219	11	144	347	204	286	311	219	180	15	75	327	81	236	113	43	229	352	302	90	0	98	16	35	199	234	162	246	276	122	280	172	189
245	335	173	129	11	10	230	134	53	223	252	263	47	2	95	152	100	67	76	292	85	346	318	30	5	229	295	41	275	315	4	118	127	140	345	355	328	92	137	53	320	273	246	72	236	244	11	215	269	325	84	129	106	280	241	325	57	25	58	171	287	212	258	29	144	238	316	103	245	281	269	197	46	205	271	141	340	43	354	293	316	262	340	274	328	298	255	174	0	143	41	139	226	121	158	234	334	104	106	37
337	74	29	114	230	27	261	66	227	304	83	98	221	97	140	320	128	10	47	137	122	140	289	94	33	350	198	30	329	56	12	82	117	120	261	186	325	242	212	353	337	309	280	79	237	152	334	211	104	269	95	118	258	199	256	67	291	72	191	18	224	132	201	116	274	72	312	60	300	82	222	124	74	320	331	259	59	162	10	118	198	83	295	93	95	204	138	136	154	0	83	45	145	111	115	70	129	228	36	196
152	93	206	257	77	281	225	329	133	27	236	200	330	352	81	339	169	303	57	166	164	166	123	237	75	129	280	162	128	118	58	152	71	87	87	59	177	261	139	178	4	150	338	57	34	32	139	75	66	256	133	59	271	266	24	324	324	60	42	238	109	69	129	104	286	234	27	46	354	66	243	255	345	120	286	103	276	211	183	124	90	89	127	77	18	61	58	253	82	353	0	120	212	54	335	339	299	83	281	91
152	202	39	21	69	90	150	355	140	244	304	10	305	38	199	80	126	175	226	78	39	182	281	343	159	273	301	175	116	260	340	149	130	147	256	17	118	322	158	269	214	35	235	107	307	261	354	117	130	198	171	149	90	350	140	47	181	318	74	151	38	92	36	58	300	272	107	244	280	303	22	56	32	332	81	281	17	274	311	337	352	317	310	232	138	96	37	140	166	205	263	0	203	230	11	119	309	243	257	100
194	322	306	118	20	341	349	344	353	2	188	274	205	356	286	200	73	198	290	99	279	24	153	52	137	33	16	45	163	119	206	272	345	249	267	294	123	291	95	331	162	123	153	153	351	47	102	7	37	277	244	81	214	184	43	313	54	4	293	310	298	347	298	277	1	242	226	33	353	269	342	116	77	165	176	258	30	342	170	154	355	290	63	64	81	42	58	160	83	195	115	7	0	243	329	268	255	76	59	261
322	64	236	213	264	185	21	70	125	235	293	47	55	175	316	164	309	340	295	316	185	210	238	247	231	144	198	93	91	117	103	69	166	128	157	75	215	193	51	280	317	41	35	352	103	51	293	355	200	76	218	113	227	31	218	128	51	133	235	154	356	146	207	235	104	346	99	163	337	38	61	315	232	127	45	333	214	94	84	298	110	54	162	38	94	36	163	15	155	180	36	178	109	0	344	90	19	133	171	118
322	278	285	262	131	104	55	353	74	163	4	30	309	209	1	8	263	205	316	55	262	11	269	194	211	232	157	350	242	228	83	64	97	114	114	281	147	27	10	344	310	127	13	179	97	356	2	178	262	24	283	257	247	39	292	165	292	124	85	167	127	54	283	355	337	297	313	291	259	242	308	207	293	173	188	244	355	168	134	344	266	63	126	285	217	91	130	268	158	108	41	355	149	190	0	277	118	24	28	324
7	82	171	255	56	85	124	176	155	211	21	344	279	116	158	142	109	57	11	67	121	171	256	106	36	88	177	8	160	12	279	75	289	123	91	75	10	108	143	322	10	107	206	341	73	335	333	264	95	164	159	113	171	108	167	174	215	63	313	21	308	52	204	19	76	114	325	279	324	312	166	318	145	79	166	110	272	217	26	124	44	153	305	161	75	68	335	166	124	30	95	2	305	220	139	0	10	252	330	71
211	11	201	202	173	241	33	61	93	57	112	113	342	270	272	105	198	337	294	8	215	81	345	196	186	235	227	296	352	63	83	65	257	171	131	297	318	222	145	324	116	207	113	149	230	116	12	117	169	342	341	205	310	122	10	155	254	69	294	216	254	229	285	281	271	180	254	257	12	289	21	280	175	106	245	237	134	46	176	129	307	101	249	121	300	327	37	10	309	214	251	17	274	192	254	350	0	208	175	183
215	234	82	225	194	304	144	356	246	94	247	181	291	244	38	308	237	40	92	17	229	321	107	50	328	206	6	124	77	112	315	274	305	11	223	164	88	113	21	145	330	57	199	301	88	120	25	194	287	18	102	346	88	325	105	229	330	65	51	279	94	8	182	346	163	292	29	324	46	308	186	198	239	63	276	144	145	307	242	261	13	142	222	319	8	181	318	267	3	48	277	92	308	145	140	156	260	0	202	240
66	230	184	137	23	126	167	332	14	249	3	263	279	166	8	305	68	16	219	78	19	317	158	353	209	40	225	47	146	326	309	82	193	160	180	333	306	289	330	309	179	85	203	49	6	161	215	141	349	84	34	233	54	96	31	220	28	223	89	10	28	48	355	233	314	267	329	36	202	47	55	342	335	352	37	33	297	157	62	162	255	145	3	328	352	232	33	158	42	251	108	29	108	248	168	255	324	96	0	164
323	341	223	280	306	271	101	150	81	106	332	68	121	330	157	266	254	98	317	21	302	335	119	299	346	200	83	338	7	94	306	6	269	298	341	57	63	287	313	164	281	288	16	183	293	302	120	195	218	89	64	72	264	255	242	70	51	115	57	134	263	221	3	288	164	136	138	198	115	280	95	13	110	53	198	6	286	59	354	12	130	43	35	36	216	71	275	65	304	238	189	206	235	237	176	43	64	79	267	0
