A	B	C	D	E	F	G	H	I	J	K	L	M	N	O	P	Q	R	S	T	U	V	W	X	Y	Z	AA	AB	AC	AD	AE	AF	AG	AH	AI	AJ	AK	AL	AM	AN	AO	AP	AQ	AR	AS	AT	AU	AV	AW	AX	AY	AZ	BA	BB	BC	BD	BE	BF	BG	BH	BI	BJ	BK	BL	BM	BN	BO	BP	BQ	BR	BS	BT	BU	BV	BW	BX	BY	BZ	CA	CB	CC	CD	CE	CF	CG	CH	CI	CJ	CK	CL	CM	CN	CO	CP	CQ	CR	CS	CT	CU	CV
0	78	24	245	114	239	107	116	199	94	131	71	114	43	165	170	89	2	21	169	44	208	181	103	179	256	201	143	164	13	183	70	195	92	74	48	17	105	255	17	63	166	210	65	245	218	189	71	24	82	176	73	42	32	78	90	225	12	16	67	53	1	22	46	253	95	179	29	131	47	4	197	70	141	238	123	153	195	100	198	169	150	14	102	117	173	179	137	67	45	162	55	24	148	162	121	78	178	204	160
90	0	105	28	23	68	229	103	43	81	178	138	167	56	180	64	15	131	165	220	58	97	250	259	146	79	241	251	105	62	232	219	86	153	39	252	48	203	111	80	46	258	38	171	1	213	192	110	224	157	182	63	254	108	47	129	103	212	248	149	198	41	121	225	4	237	169	171	207	42	45	228	247	218	243	252	60	259	41	166	243	209	44	31	56	152	208	95	231	3	179	39	187	30	225	242	7	114	33	139
154	250	0	234	22	153	184	218	101	212	99	169	111	208	214	83	17	43	84	213	112	218	248	4	165	61	121	186	207	224	148	130	261	229	168	174	196	131	76	236	41	77	242	240	244	106	219	85	142	154	140	70	88	141	29	212	52	238	220	130	138	20	52	105	4	184	181	5	188	190	103	134	92	105	64	163	182	90	79	60	93	84	149	5	2	193	11	156	9	191	22	18	107	129	168	200	1	227	1	208
124	236	209	0	14	236	25	208	7	254	84	212	144	260	10	191	34	206	257	219	81	147	190	155	39	80	112	218	202	252	242	3	226	14	34	196	38	204	105	19	150	174	37	43	139	189	2	119	160	176	175	115	251	214	212	219	114	264	24	65	228	130	262	213	238	259	57	68	187	66	81	61	150	221	259	244	23	137	82	197	258	191	5	244	38	219	115	198	131	26	32	46	78	54	224	168	216	241	204	192
249	114	85	57	0	251	64	106	58	146	83	231	262	180	60	188	98	156	15	39	132	188	36	120	58	180	199	35	14	22	159	77	193	216	243	182	144	122	131	262	180	46	14	14	24	233	16	176	256	29	24	230	157	16	139	106	165	57	152	225	38	201	210	12	220	136	251	152	232	36	23	243	201	31	63	211	80	175	209	55	196	240	127	208	236	181	116	221	142	188	227	262	257	151	244	229	107	165	219	43
171	54	161	33	250	0	253	75	228	176	261	264	164	58	132	4	62	176	238	66	100	145	216	233	31	141	238	182	27	179	47	91	114	49	138	152	233	241	23	17	150	227	36	75	66	47	36	241	87	21	88	156	91	255	36	171	12	183	77	151	124	165	189	202	44	138	135	66	64	264	109	79	173	166	213	204	94	118	70	68	23	205	264	17	138	105	185	178	261	176	93	186	252	241	7	263	108	256	57	94
22	11	64	12	159	158	0	56	58	257	95	20	148	242	169	229	67	200	68	244	254	165	133	40	243	160	72	226	67	126	198	153	151	129	230	258	189	35	82	253	191	78	1	6	150	136	5	181	171	150	21	46	177	171	114	32	17	219	213	115	142	92	79	200	155	137	245	185	126	155	68	93	206	22	120	124	150	237	123	208	26	147	256	50	175	232	249	92	206	4	120	136	212	62	196	51	189	56	132	19
56	232	58	242	50	208	154	0	252	104	14	28	20	71	201	220	94	38	154	100	71	44	243	30	78	264	152	256	195	220	208	58	78	247	212	185	81	142	25	219	39	246	120	246	83	240	205	239	103	234	23	47	117	241	112	36	138	238	242	90	100	117	228	129	161	257	20	206	8	253	181	140	13	117	3	68	76	180	172	59	90	12	249	98	1	176	166	130	20	75	237	122	109	242	202	228	2	55	252	158
74	139	213	172	240	264	234	213	0	255	187	144	42	78	138	257	122	194	19	117	50	250	196	259	17	234	11	197	238	171	203	112	153	125	39	104	230	29	149	97	259	22	165	167	61	231	15	63	122	69	154	159	225	240	213	165	221	238	213	105	261	38	251	30	222	129	65	89	66	88	105	83	57	54	53	22	159	187	4	7	75	44	197	252	242	247	168	39	79	7	146	136	94	121	131	47	77	1	228	163
109	90	144	195	127	88	93	93	2	0	97	3	84	16	201	251	166	190	59	197	120	208	124	35	130	138	221	247	165	241	65	2	57	137	129	105	106	183	1	8	227	175	32	208	239	209	94	181	132	150	29	50	216	87	115	148	237	156	259	137	189	189	203	259	166	261	94	161	100	182	256	21	174	212	46	77	75	167	59	25	162	264	250	87	107	186	155	118	168	70	233	194	211	108	9	46	21	247	161	165
120	37	234	71	34	221	107	128	58	43	0	20	162	180	193	135	15	107	14	35	254	90	32	223	214	34	146	7	180	165	183	94	188	57	242	130	39	220	160	185	123	4	214	14	193	55	40	175	162	216	165	124	131	164	178	246	123	141	214	126	167	245	206	150	49	244	177	248	98	93	210	173	26	180	144	4	42	113	71	70	150	39	198	137	201	45	165	170	28	139	242	121	7	115	160	235	107	88	254	26
143	22	24	144	185	17	205	84	100	248	205	0	68	47	262	176	236	5	86	263	170	111	151	168	116	117	143	10	94	142	7	65	224	100	3	211	230	93	211	259	125	162	180	11	7	180	4	95	179	51	129	114	259	137	216	60	136	225	157	223	130	144	44	99	215	168	180	56	76	51	190	53	158	88	200	201	214	123	134	226	128	84	113	134	47	205	178	155	80	105	166	241	178	151	154	211	251	170	233	161
227	123	157	100	41	62	31	125	34	99	246	231	0	125	151	87	27	134	211	111	76	174	241	180	15	194	217	65	104	148	65	177	259	2	181	214	34	187	252	171	89	229	3	90	43	34	50	140	79	31	148	143	99	247	132	229	225	73	205	185	102	198	30	169	78	254	162	23	177	233	98	176	10	137	223	157	211	138	212	57	260	87	166	93	140	224	57	150	38	260	206	45	138	211	243	67	165	154	242	231
96	74	256	57	246	194	31	55	119	147	80	123	253	0	145	170	133	237	183	145	137	67	6	66	162	136	180	157	35	230	114	144	5	130	63	17	134	49	258	154	60	228	1	123	147	233	161	212	74	225	248	80	229	147	253	178	161	45	99	208	235	245	84	81	127	92	45	188	8	9	110	215	146	71	109	64	261	180	124	218	1	172	149	164	112	68	99	49	9	215	175	255	38	108	238	236	237	17	176	234
259	178	135	238	153	147	203	128	71	162	255	121	213	179	0	66	63	117	75	26	114	131	94	119	48	54	86	261	199	116	11	172	245	1	78	158	179	96	228	262	43	257	199	261	249	221	250	19	210	97	6	12	214	228	88	169	77	47	263	123	90	16	14	191	256	56	175	92	139	106	184	207	260	112	93	67	86	263	175	95	183	89	244	111	252	9	11	36	32	41	235	212	238	136	226	48	3	250	84	150
87	175	125	164	54	6	247	133	160	214	160	247	204	161	47	0	117	37	34	243	117	22	147	69	203	191	219	53	256	54	243	211	123	182	143	89	138	245	172	219	199	26	44	23	170	264	258	227	161	18	17	2	151	145	100	237	258	20	100	223	107	81	181	176	79	205	219	103	123	249	111	123	143	94	71	80	259	41	93	73	146	104	47	153	3	143	130	161	34	181	142	212	23	97	77	70	47	120	101	244
33	245	196	240	52	109	36	249	57	199	151	207	196	26	85	124	0	23	82	46	33	50	233	195	234	16	243	117	262	139	31	247	20	10	89	186	228	71	14	49	246	26	142	80	177	36	220	175	80	112	120	44	29	66	62	24	125	54	84	125	10	14	56	125	178	137	256	240	128	139	205	193	73	258	27	126	18	68	146	105	236	186	154	257	165	27	81	54	212	58	117	13	45	138	213	14	47	206	31	122
200	90	256	246	108	30	133	243	23	118	209	253	33	261	98	196	217	0	256	60	166	200	27	14	200	8	141	190	152	47	146	143	32	251	153	56	168	159	61	62	24	22	252	40	43	231	10	53	29	157	9	113	183	105	246	109	80	251	56	8	56	26	180	28	26	118	174	249	33	119	134	229	100	29	59	254	125	191	10	183	171	194	243	124	18	169	250	3	121	233	229	217	188	32	94	54	253	27	17	9
173	78	155	83	20	162	71	142	120	178	140	170	243	102	11	128	149	234	0	87	263	74	120	260	213	16	84	149	208	174	38	104	102	135	136	40	211	174	118	203	191	206	59	226	84	120	235	234	160	166	22	251	241	24	182	190	18	141	67	35	41	179	25	89	84	83	228	134	159	89	205	197	230	45	221	78	125	92	99	119	179	227	225	201	25	249	190	109	12	188	259	84	51	170	182	140	58	64	112	182
120	40	168	214	221	48	87	23	104	6	31	133	3	23	249	67	93	76	166	0	110	16	134	240	40	31	18	152	106	114	202	47	263	259	199	223	72	233	84	43	149	261	119	159	261	173	146	179	81	164	142	161	132	61	175	158	250	237	175	13	89	249	142	255	121	51	50	233	167	235	86	45	254	134	106	52	18	104	146	213	124	30	132	87	18	179	200	220	191	13	131	13	69	208	46	122	57	70	221	220
181	190	142	259	257	64	8	78	207	41	4	23	118	187	88	163	200	93	228	1	0	84	194	206	97	232	232	63	40	206	83	31	176	99	111	18	75	79	107	207	157	190	256	262	78	220	6	172	184	13	205	170	78	231	1	175	209	120	49	25	84	88	187	111	189	144	201	111	198	222	84	96	156	220	72	264	244	88	222	9	151	134	202	9	105	213	19	176	155	55	137	14	194	70	24	60	128	243	229	11
1	157	139	222	108	246	220	203	49	225	136	178	174	202	35	24	60	184	30	6	61	0	126	240	92	134	254	175	261	110	259	45	6	62	153	143	233	41	251	107	35	180	208	198	91	104	70	176	225	254	154	200	10	180	49	48	60	203	83	80	82	101	100	52	98	208	182	113	152	190	174	249	247	49	167	230	168	134	98	256	186	131	256	5	88	223	258	260	235	47	168	16	161	59	95	237	184	95	79	123
241	142	69	129	166	203	216	161	241	57	83	87	144	125	107	10	59	136	162	260	91	244	0	239	161	30	166	237	83	101	208	83	77	42	38	139	135	8	139	85	95	66	149	177	184	134	87	116	142	221	74	220	209	85	38	77	63	44	54	132	232	132	258	43	184	42	195	241	78	204	102	221	181	9	195	215	27	259	156	210	36	230	108	226	7	190	28	221	231	48	119	133	70	257	79	155	42	21	19	257
81	196	151	69	213	247	90	183	36	230	257	208	147	97	239	149	158	127	218	115	153	201	247	0	73	160	187	162	41	71	40	38	172	223	89	92	35	175	79	60	198	147	230	243	189	41	115	201	135	131	196	119	264	211	259	252	158	2	77	178	245	182	159	6	132	179	75	107	232	240	66	260	99	248	50	187	261	225	231	29	127	105	77	113	230	168	79	121	45	251	239	198	6	226	112	116	178	40	193	211
5	12	219	218	264	71	123	39	239	96	89	136	119	107	188	3	7	256	64	230	14	143	220	46	0	150	114	188	185	97	51	153	196	163	180	257	27	64	178	196	197	23	261	10	57	205	217	210	70	23	79	51	167	33	108	178	16	210	262	187	188	172	105	8	116	131	188	131	112	203	110	25	125	254	22	146	146	161	51	181	158	25	115	113	222	137	19	151	194	125	227	25	113	147	100	180	110	120	189	261
217	93	110	83	236	72	176	63	202	73	135	134	221	41	258	152	4	244	194	123	222	131	263	36	27	0	53	10	117	195	154	264	198	233	150	5	239	225	143	84	223	201	165	21	63	144	158	106	76	237	4	31	27	205	56	94	12	136	106	66	249	35	236	144	151	36	116	151	204	27	34	154	105	149	1	3	243	96	46	1	85	37	44	6	186	113	6	254	139	104	5	210	107	242	206	10	100	199	32	154
40	71	178	24	95	240	72	128	42	205	175	24	123	83	16	149	63	262	251	142	55	78	67	226	248	175	0	16	149	189	123	120	239	150	181	122	58	207	150	232	44	80	263	214	196	131	91	238	20	181	107	28	5	67	119	181	123	16	52	178	50	82	261	24	129	187	232	173	67	232	193	219	111	140	94	8	43	240	80	237	134	140	53	122	233	250	24	190	139	235	138	111	88	228	112	220	24	133	25	55
2	209	126	96	75	200	253	233	33	117	106	263	166	117	165	44	121	220	248	233	122	84	196	102	142	244	215	0	14	181	149	264	47	194	171	111	52	263	247	163	97	76	199	41	150	247	211	187	146	61	165	208	143	126	254	201	96	150	205	169	194	120	197	136	91	178	41	156	253	25	183	70	43	81	223	12	43	54	193	26	5	196	75	66	198	238	227	14	209	229	88	77	174	29	211	262	156	200	86	148
249	114	68	195	164	70	87	86	119	168	223	133	204	87	85	32	47	95	207	228	49	173	157	170	239	46	20	263	0	221	262	193	158	66	183	126	204	200	176	210	58	4	46	15	178	66	185	21	223	175	79	197	85	118	180	158	223	105	156	174	61	15	51	182	150	242	144	21	160	227	236	62	256	202	200	170	92	242	65	95	108	88	187	160	149	236	132	232	235	253	66	22	121	49	52	98	67	256	71	47
132	167	44	30	206	68	262	128	16	77	245	134	80	98	79	150	148	6	178	118	127	125	48	196	211	18	41	240	47	0	24	33	224	256	173	17	69	56	85	82	67	205	53	53	14	55	37	5	102	149	231	197	226	155	179	18	224	102	165	225	100	233	238	62	105	93	47	24	217	226	71	146	218	218	142	79	199	36	53	253	197	61	10	6	133	207	50	214	115	53	20	69	88	143	16	151	254	148	156	99
110	215	68	30	167	53	221	139	85	106	260	181	6	7	222	203	110	194	76	168	86	210	189	46	188	224	260	5	45	40	0	33	173	125	2	216	151	243	131	261	117	212	194	13	232	228	130	237	245	247	117	11	91	177	34	206	81	114	112	115	106	2	253	67	28	246	39	165	56	45	23	72	242	166	165	182	24	231	252	87	234	142	206	122	127	9	115	191	22	221	78	8	158	203	93	64	126	218	88	20
145	119	120	171	181	71	121	4	210	147	150	187	91	90	226	224	146	17	240	138	222	16	212	9	210	217	38	177	47	151	102	0	65	1	45	106	74	37	7	151	27	223	225	143	123	224	170	140	12	203	4	232	222	120	122	140	197	123	202	121	111	39	166	207	57	204	100	145	113	58	43	21	1	257	192	135	181	2	29	201	246	61	119	231	155	197	165	259	24	143	204	120	181	73	180	72	137	120	31	231
166	48	92	38	92	12	198	52	146	129	98	140	61	45	75	200	263	207	139	155	6	21	152	165	141	234	15	236	44	179	219	166	0	226	184	7	150	218	27	7	67	38	193	8	162	81	121	206	160	62	229	11	229	22	87	170	224	197	42	178	18	252	141	45	120	114	38	70	189	120	180	45	258	92	82	159	186	129	212	124	8	114	32	195	248	138	201	37	23	223	259	37	12	149	57	111	115	36	197	28
78	258	148	39	39	90	245	143	181	80	261	252	153	28	116	65	134	205	51	225	198	73	25	73	208	98	104	251	199	164	212	16	11	0	77	124	42	67	36	154	213	230	176	189	206	49	101	41	132	139	215	42	59	154	30	255	199	191	243	252	210	60	38	155	13	18	98	119	87	260	179	27	72	91	260	138	165	263	143	27	62	246	234	237	51	232	229	249	200	219	240	235	37	181	92	142	7	44	159	196
150	3	254	3	65	98	169	113	105	31	67	247	118	2	172	219	11	4	10	253	107	245	210	24	84	28	2	261	144	145	212	259	53	43	0	217	128	166	115	20	159	42	214	118	244	153	219	7	72	126	147	233	87	60	214	191	155	179	109	113	168	226	195	221	150	263	261	178	49	28	263	123	81	191	91	23	205	44	123	6	245	27	255	66	67	5	128	21	254	242	69	41	188	23	94	255	171	241	128	161
100	143	221	108	142	38	67	262	97	86	235	82	19	142	184	231	161	196	191	215	225	258	105	70	191	232	114	241	136	18	244	51	129	137	71	0	242	117	70	144	128	134	11	257	254	155	234	255	133	78	245	121	228	50	227	130	220	48	86	252	16	259	205	209	110	60	112	182	243	173	5	210	231	255	210	226	224	192	199	230	190	214	157	97	132	30	133	258	172	28	141	53	194	199	223	93	45	218	102	199
209	162	17	180	238	260	83	198	176	55	203	75	112	162	184	103	172	214	123	155	155	12	195	62	94	252	38	181	220	191	261	171	103	182	28	186	0	80	112	260	137	194	262	21	151	42	84	125	137	131	25	124	178	131	194	189	238	239	4	224	30	70	85	77	244	56	207	31	89	47	172	257	12	160	148	190	131	205	147	176	154	183	47	243	178	84	249	115	58	4	238	109	246	164	222	212	18	64	225	56
84	183	14	172	231	220	249	171	201	185	220	108	32	151	46	84	136	235	192	228	256	36	96	234	170	102	101	189	196	227	258	20	167	128	131	113	226	0	172	96	15	163	21	109	119	104	206	171	46	211	1	152	194	135	139	7	157	9	15	124	4	51	41	54	184	81	60	151	104	146	144	96	129	25	198	107	33	7	216	24	97	3	255	237	20	147	6	249	44	22	18	131	233	82	95	205	174	185	42	223
131	16	263	246	74	148	237	184	219	33	119	181	195	33	172	137	208	141	89	216	108	24	111	4	221	114	95	27	209	158	73	237	108	194	226	230	70	137	0	211	176	246	67	157	196	177	23	63	26	3	212	29	237	165	46	256	186	71	177	9	24	170	101	25	132	87	168	111	257	246	246	242	96	251	75	3	28	132	5	42	178	244	193	99	172	229	189	227	22	92	181	79	122	263	99	97	175	56	233	28
23	146	85	103	129	110	112	9	262	63	104	16	135	184	98	34	144	144	178	219	117	95	28	24	102	102	106	223	129	250	175	251	149	235	93	41	5	27	110	0	144	70	238	264	236	196	49	75	182	15	115	258	47	144	16	77	80	218	125	156	65	189	165	116	222	70	109	208	179	21	117	41	199	41	117	70	30	140	24	116	35	221	165	72	128	237	29	234	30	73	228	112	256	6	234	239	190	142	149	111
100	259	91	75	80	235	51	112	36	232	232	114	258	221	130	97	209	256	247	208	150	218	179	252	24	236	89	185	220	7	14	208	194	208	137	34	254	134	187	106	0	194	108	43	168	4	104	146	75	84	87	143	167	197	203	201	64	163	209	24	34	200	76	87	126	138	224	6	9	11	219	7	21	85	159	66	87	84	144	229	253	86	103	223	225	173	24	32	165	252	251	241	31	68	193	110	101	48	227	102
65	100	143	139	42	12	49	216	101	4	62	169	157	47	4	186	253	199	210	149	239	261	183	96	112	178	47	155	72	245	193	263	6	44	216	4	71	179	107	168	188	0	242	258	158	13	104	203	134	228	40	204	178	85	215	166	98	176	249	221	255	42	76	6	107	205	249	140	153	191	27	177	200	236	8	148	96	58	125	135	262	113	91	94	104	78	34	195	4	83	184	162	150	152	122	96	216	201	223	121
139	71	111	70	204	198	64	167	35	235	36	127	134	205	137	222	150	205	217	43	47	3	251	153	106	155	238	194	179	8	67	11	62	253	93	105	112	180	105	52	166	32	0	24	224	246	53	53	227	164	87	128	37	94	156	139	28	208	32	178	236	201	18	246	81	154	130	186	96	34	119	184	159	58	217	102	249	123	109	151	4	159	152	175	172	254	134	77	55	135	157	170	176	180	24	138	85	258	131	35
198	71	129	112	132	76	189	185	102	251	25	3	180	229	63	60	150	111	204	248	51	250	30	4	177	35	193	187	253	147	66	60	165	43	64	229	91	142	82	170	48	96	121	0	68	79	104	114	242	142	62	57	23	246	82	120	127	208	113	219	96	145	95	99	146	203	257	178	110	257	210	14	48	74	160	222	247	139	132	225	58	57	124	141	25	92	101	108	239	48	62	15	102	183	116	120	37	144	75	78
163	224	39	54	151	162	258	48	227	45	48	255	187	28	225	54	176	23	98	178	85	71	258	181	124	39	43	6	90	174	114	76	70	101	15	100	177	259	168	83	167	46	120	108	0	100	46	135	212	167	256	106	184	215	44	11	3	194	18	180	83	31	223	23	16	24	89	204	149	232	154	178	238	185	77	38	239	64	216	48	240	39	146	15	198	17	110	202	224	234	202	67	162	233	77	102	80	34	14	45
125	134	98	153	91	130	142	167	125	159	28	87	16	203	106	183	213	197	117	74	148	93	112	23	101	254	132	186	247	230	258	205	264	92	77	56	87	23	156	169	75	94	33	175	112	0	183	127	212	106	79	48	34	160	45	139	156	122	53	73	9	170	261	203	128	121	67	79	217	225	141	149	120	133	99	243	186	2	36	142	18	1	111	101	1	257	75	69	162	115	13	115	260	111	245	148	253	101	154	43
84	101	137	128	176	9	51	38	142	93	263	135	220	261	134	155	24	10	49	227	89	3	174	41	167	181	108	27	7	180	203	190	258	31	26	106	249	242	180	52	138	85	206	251	95	213	0	48	176	11	140	264	54	156	258	97	123	13	79	188	143	230	73	53	260	45	206	59	157	229	123	139	188	222	48	229	74	108	263	68	231	109	99	263	102	209	200	114	123	175	75	195	198	97	7	229	249	53	63	7
92	112	45	101	77	104	9	28	43	31	116	27	23	14	183	225	180	97	19	37	75	113	99	176	20	165	45	240	137	171	24	36	131	50	156	33	134	246	40	75	56	111	243	122	66	38	180	0	209	121	97	200	252	220	112	76	120	179	230	52	16	175	39	152	213	168	127	178	146	146	175	100	97	76	54	26	172	238	145	102	67	149	264	162	195	241	18	244	81	214	246	75	160	13	98	3	218	32	9	20
90	123	233	95	101	73	237	84	259	173	103	80	104	133	118	206	99	223	206	87	155	250	102	84	176	105	219	70	73	131	186	218	121	152	140	53	203	91	138	218	127	33	145	135	1	151	217	131	0	208	228	50	59	89	112	156	238	176	68	119	97	124	183	25	118	148	99	224	74	259	127	80	256	228	211	237	222	42	155	81	216	223	122	167	149	202	139	224	105	54	21	186	232	90	259	205	201	183	219	105
2	253	91	226	116	237	119	128	152	86	137	56	48	89	54	5	126	248	237	186	198	42	162	234	177	106	136	1	120	19	226	142	95	72	73	49	136	157	38	103	155	237	4	237	247	27	75	139	234	0	249	244	141	209	66	223	106	264	15	168	122	249	170	90	253	2	240	52	36	237	248	3	219	168	184	98	171	2	193	142	99	42	244	115	160	95	158	35	28	49	157	9	59	194	135	92	31	23	135	130
6	142	165	94	202	135	45	159	196	131	191	119	93	110	164	108	252	209	34	99	6	27	48	220	195	191	240	97	8	203	24	106	4	176	173	98	249	22	170	179	127	14	102	40	182	11	173	29	225	183	0	231	25	22	116	70	225	98	127	122	173	127	33	167	101	182	8	235	65	35	166	163	146	32	219	118	13	153	228	4	194	66	198	58	10	141	151	72	71	114	193	214	221	176	48	183	147	37	151	120
223	135	261	190	91	182	34	108	214	178	257	181	95	193	186	77	138	264	222	180	29	214	98	21	143	209	193	11	95	155	9	150	119	109	19	139	116	12	28	192	229	196	165	10	120	38	229	36	250	197	75	0	132	187	217	9	104	203	238	257	209	97	198	247	88	164	33	210	89	154	109	260	133	78	110	92	238	17	51	217	217	250	81	109	172	217	107	24	249	257	68	112	174	169	42	77	189	36	135	120
85	230	237	237	59	257	20	171	157	125	155	144	227	42	84	195	59	172	221	93	3	219	169	39	100	142	194	18	87	21	209	185	174	138	226	246	232	162	180	12	42	173	197	198	177	133	181	165	246	67	187	5	0	248	145	36	102	14	59	105	226	228	201	219	133	209	165	192	82	211	149	188	111	43	95	100	106	77	145	41	34	135	202	61	171	70	189	20	193	247	157	135	149	201	207	61	98	244	104	97
34	94	251	213	221	219	17	201	78	142	12	36	255	101	124	201	1	65	172	174	68	45	196	159	13	251	142	113	166	79	116	101	32	25	261	55	75	72	233	160	240	242	121	186	128	66	193	195	75	60	261	161	230	0	222	200	208	135	128	68	34	72	170	126	17	8	16	60	91	244	250	158	143	170	14	173	6	13	198	77	36	154	111	87	69	211	116	74	165	24	14	137	26	245	151	245	47	80	136	184
129	152	249	197	248	142	162	93	69	134	113	227	39	234	261	242	35	32	217	252	90	51	200	112	49	163	126	22	209	226	153	239	9	196	222	199	72	50	33	170	190	55	57	197	185	174	202	174	65	15	259	213	1	14	0	63	101	27	41	60	20	229	140	180	183	136	135	178	11	240	196	117	150	60	185	153	29	111	14	98	202	166	78	205	198	172	247	208	31	12	14	111	151	263	242	111	188	66	36	13
155	123	263	75	34	172	133	240	97	143	58	73	13	167	28	188	159	42	155	254	180	260	42	213	254	127	198	110	203	89	261	6	264	130	238	253	4	243	258	53	230	56	181	158	10	142	90	158	243	234	35	18	180	1	128	0	181	193	177	45	256	187	178	70	205	201	101	44	250	39	225	24	173	238	70	104	35	79	123	154	241	194	51	100	178	255	256	169	173	150	18	198	185	49	63	237	70	47	162	60
214	66	103	43	179	187	23	167	212	182	30	257	132	35	147	88	53	75	162	178	133	147	227	95	189	147	75	92	140	227	147	43	237	53	62	230	229	122	232	45	252	171	71	130	27	7	111	255	179	46	253	240	174	101	12	2	0	230	71	2	152	196	138	176	103	113	101	80	102	36	165	136	103	162	118	261	118	198	41	30	127	187	151	231	77	19	149	56	85	176	31	47	190	252	33	176	224	1	114	202
217	153	40	224	52	12	50	95	87	187	166	67	154	100	93	120	213	196	127	215	117	238	185	71	68	229	85	26	59	91	256	150	103	38	131	3	36	101	154	250	100	99	30	39	63	154	163	51	119	183	14	50	116	142	28	65	242	0	96	87	258	43	102	170	147	7	234	102	180	127	15	109	257	157	123	174	160	78	170	52	249	181	46	115	131	29	258	157	31	262	182	203	48	85	118	186	159	101	255	207
211	222	147	38	76	167	110	197	133	75	112	151	73	155	71	158	56	189	166	124	166	50	236	53	32	187	64	192	161	18	102	241	185	79	206	122	156	244	44	95	236	18	36	71	207	115	18	108	125	147	68	232	3	9	121	29	38	33	0	177	134	146	6	207	70	17	64	66	33	122	237	6	57	97	191	72	46	223	188	50	182	23	118	29	7	44	52	119	81	143	39	59	104	226	237	186	186	176	39	110
118	67	164	138	20	114	234	163	215	29	119	11	115	228	214	96	171	64	262	115	224	113	126	109	67	197	166	248	139	238	192	175	149	234	196	262	63	155	264	47	102	94	95	4	50	184	210	259	146	182	34	87	134	255	32	178	91	261	124	0	85	89	29	60	203	69	192	131	9	162	264	142	228	78	207	120	70	18	67	144	165	163	33	121	60	143	81	129	256	165	25	212	36	30	229	249	260	9	71	79
79	255	74	115	258	77	225	252	254	109	223	123	160	247	26	202	85	189	118	98	198	200	48	217	262	54	179	10	231	8	46	69	100	39	28	86	6	92	114	199	261	8	61	62	45	208	228	137	218	67	205	73	81	45	58	151	69	58	45	232	0	173	165	98	120	40	39	262	177	31	34	257	187	94	7	35	46	114	240	220	70	3	260	150	184	99	111	243	40	101	199	125	257	147	198	95	150	35	127	205
239	43	65	204	23	50	92	179	40	126	114	201	251	201	251	121	163	119	15	237	50	160	174	205	174	130	69	258	233	63	76	123	133	98	166	115	120	106	86	50	220	233	43	117	193	161	239	251	39	80	148	5	25	127	140	85	140	14	149	154	80	0	5	249	15	48	67	133	157	176	203	219	235	121	197	106	8	2	222	165	263	226	241	143	128	140	138	160	210	50	103	210	244	256	102	140	102	69	15	197
61	10	8	142	113	244	57	83	59	253	81	62	30	182	256	47	60	61	50	91	43	15	3	60	253	76	73	80	57	94	264	212	37	227	157	55	155	196	252	242	126	263	6	152	7	145	258	67	192	149	163	161	87	26	203	145	108	101	160	149	227	111	0	196	257	172	86	87	52	71	91	212	101	158	251	103	184	105	119	163	223	193	89	96	243	85	254	56	69	76	89	113	242	86	56	85	19	154	111	245
235	167	97	216	130	141	178	23	52	9	169	106	25	69	239	3	177	41	52	158	129	21	96	77	245	260	101	109	158	132	77	15	114	106	263	60	168	126	55	172	135	215	181	85	137	108	53	56	23	4	259	229	255	118	57	139	206	124	121	264	241	54	179	0	211	218	32	155	255	134	24	116	256	259	156	16	197	211	146	231	77	73	140	143	39	29	252	248	83	112	254	259	65	143	57	68	173	44	34	107
148	77	243	237	136	123	120	83	16	20	119	134	193	138	149	173	157	46	194	22	143	74	238	1	46	85	76	110	255	121	56	20	203	237	171	217	261	41	251	237	221	66	236	208	2	193	161	64	66	117	113	180	234	237	231	220	218	13	5	142	151	191	150	241	0	107	7	47	83	113	256	86	121	206	47	20	94	221	119	85	38	138	10	105	93	205	248	42	148	221	195	70	221	40	188	57	216	254	170	87
252	166	203	113	37	215	191	119	168	251	189	47	109	15	263	4	88	209	16	8	249	137	247	175	239	204	88	129	60	126	20	175	37	160	19	147	52	209	114	196	142	228	114	30	23	56	166	42	81	175	129	35	215	166	15	85	74	17	83	71	73	169	45	139	220	0	59	206	131	162	12	138	198	248	244	35	11	53	233	94	68	234	13	11	189	42	175	175	115	191	123	199	61	48	86	221	44	198	216	125
203	256	4	101	33	206	86	198	15	118	217	128	24	163	157	9	97	102	140	140	141	193	193	99	155	21	236	124	82	63	144	37	183	244	28	83	239	73	27	168	218	250	128	77	211	198	100	113	170	137	116	226	54	222	119	187	203	59	64	62	224	213	150	259	5	125	0	3	72	227	259	121	153	71	11	63	35	118	42	226	35	230	110	261	106	66	248	92	31	194	197	142	65	39	156	103	115	213	107	73
102	185	202	151	196	168	102	82	244	247	41	70	115	57	170	107	233	262	94	65	113	106	45	223	67	25	258	252	209	162	221	185	44	115	67	102	172	49	88	152	139	203	253	202	171	190	129	148	49	141	39	183	92	242	202	228	68	39	70	78	179	169	101	73	8	219	115	0	205	14	15	90	224	94	173	205	131	248	240	50	170	28	174	200	103	84	91	170	187	104	66	180	243	193	38	195	166	262	37	143
17	146	102	108	56	133	46	217	161	92	257	143	216	189	176	2	131	50	107	152	172	220	67	209	104	153	76	123	188	125	190	210	186	250	138	207	217	258	20	162	100	40	105	35	198	31	29	192	229	207	90	18	211	166	79	185	17	66	39	159	2	241	141	101	179	28	171	39	0	169	98	49	126	230	189	76	56	166	234	13	99	205	147	223	127	109	102	76	86	111	199	21	5	1	32	87	180	137	259	230
64	240	164	71	2	90	150	113	154	241	150	57	109	151	77	168	157	101	246	72	125	228	173	71	22	63	74	173	48	220	206	69	45	263	124	246	67	136	87	219	49	133	42	251	146	34	74	32	79	39	130	6	51	260	29	104	239	6	231	199	34	4	23	147	65	129	145	64	53	0	23	65	238	233	260	210	201	56	35	142	195	86	14	229	194	38	131	261	18	228	41	74	210	8	203	124	254	243	96	85
203	42	150	113	47	120	251	78	228	43	219	94	240	76	199	230	178	240	55	228	97	169	91	28	234	50	170	173	196	123	162	101	178	71	202	262	240	135	140	128	183	141	75	123	66	128	246	14	244	235	85	232	261	106	90	120	149	207	163	56	150	164	224	98	164	149	42	47	38	172	0	161	208	64	80	237	39	212	6	249	153	122	147	36	8	116	17	171	176	3	63	49	135	89	192	28	193	134	77	228
101	226	30	72	130	44	23	166	112	33	98	238	59	74	12	197	35	146	82	27	120	31	78	19	42	186	201	209	256	223	11	100	242	21	110	113	109	75	75	264	208	83	88	206	240	43	221	128	86	37	225	168	241	177	194	66	183	50	77	217	195	233	126	22	79	4	125	157	126	164	211	0	227	36	96	187	171	165	158	261	54	44	3	26	150	54	195	25	143	3	9	226	46	177	180	57	136	4	107	222
199	8	71	186	238	220	8	72	200	142	73	16	127	136	26	125	82	129	137	241	180	92	64	39	44	14	122	120	168	84	58	71	262	206	32	203	208	104	196	88	181	222	109	71	13	91	148	42	6	214	69	99	2	100	163	210	200	21	227	197	147	158	219	169	194	18	35	41	160	233	227	108	0	93	116	244	236	107	116	66	13	260	122	93	16	130	136	118	6	243	114	52	3	154	212	260	54	9	29	128
234	207	231	31	27	155	17	147	142	229	252	261	251	26	2	166	106	92	119	231	126	127	39	9	214	56	197	176	165	83	54	81	249	82	89	246	50	95	175	62	27	60	197	217	85	19	95	145	264	188	150	39	118	143	128	223	86	23	117	102	2	138	212	6	159	186	255	86	120	188	40	74	145	0	10	163	35	184	180	113	24	166	114	1	128	240	175	13	104	109	101	176	46	119	112	260	85	239	194	203
108	242	78	118	202	193	27	98	110	90	241	209	210	238	154	192	96	58	249	19	41	62	32	38	98	227	195	6	77	114	66	163	123	101	136	10	30	105	108	200	125	131	77	109	162	182	177	102	234	36	18	89	262	111	6	67	187	212	32	57	135	248	75	77	245	190	112	10	262	240	56	193	49	237	0	95	80	173	169	211	82	161	197	244	222	15	234	172	138	4	50	46	50	192	3	91	186	16	67	90
133	7	132	39	113	99	222	244	40	17	244	250	2	186	195	68	118	179	172	216	241	226	256	133	185	41	124	209	38	16	44	59	117	219	224	202	205	242	201	17	196	4	91	233	122	44	181	91	48	16	77	21	187	65	12	250	40	254	83	13	8	18	118	48	86	54	35	15	221	239	30	243	59	47	174	0	77	117	26	48	56	48	176	180	197	237	31	164	255	59	257	232	113	258	22	50	226	33	51	90
229	191	54	242	24	195	95	48	248	257	12	69	173	10	70	59	28	128	210	83	165	210	11	255	114	204	36	178	20	68	172	27	255	104	162	254	166	156	175	87	183	200	163	91	42	239	195	62	19	110	56	143	104	80	222	256	149	75	200	109	211	62	104	63	116	75	123	238	108	169	154	28	79	176	237	25	0	9	242	140	10	203	260	117	213	32	102	178	116	195	163	124	210	33	169	202	154	27	157	256
147	216	207	117	252	75	13	102	63	45	206	260	82	193	209	125	179	239	85	189	199	152	87	10	54	67	153	179	53	182	225	255	9	187	26	31	202	47	141	212	158	195	47	231	138	130	82	156	258	10	90	105	8	168	11	214	72	254	138	157	73	82	60	256	47	47	62	65	251	245	104	180	248	263	110	184	137	0	103	181	11	137	83	65	143	188	178	114	19	16	225	208	81	194	15	21	263	255	246	182
47	122	216	14	148	106	185	107	20	103	10	141	250	140	165	127	223	154	195	38	203	205	108	7	227	162	213	18	196	39	7	26	125	194	111	141	40	179	207	249	135	242	228	78	254	95	219	180	140	52	190	77	107	250	260	209	45	61	61	17	40	50	50	188	176	150	222	60	149	201	218	71	186	149	120	9	122	220	0	114	253	76	124	44	13	90	219	233	159	1	173	89	168	22	175	244	180	54	255	34
52	92	236	215	9	141	69	3	117	246	190	5	174	258	176	88	108	193	135	128	15	91	144	99	24	119	120	95	193	53	229	98	87	113	134	193	62	186	70	263	9	227	213	149	76	129	172	6	42	202	202	245	176	255	71	218	92	193	261	34	182	38	264	122	177	218	175	9	152	45	218	50	13	264	177	177	148	230	48	0	183	93	177	185	10	201	149	122	92	178	104	129	207	65	125	88	257	220	118	153
261	5	32	209	69	166	246	61	184	92	39	129	62	213	247	12	210	230	171	195	184	89	46	253	10	141	187	116	182	80	240	179	159	221	82	144	224	218	91	18	71	148	195	172	242	245	33	259	44	6	188	219	75	22	16	32	108	241	126	89	259	256	254	181	145	203	110	130	171	194	126	177	163	23	175	48	225	233	82	245	0	136	164	76	63	54	187	224	115	3	235	126	181	92	174	264	241	155	252	243
200	249	258	63	214	242	100	226	153	192	186	250	156	53	74	262	60	106	241	34	186	256	82	186	184	255	82	145	210	24	137	192	122	227	76	125	243	219	63	47	43	164	134	220	160	42	18	187	208	218	246	156	119	79	197	47	42	176	257	241	158	105	102	190	47	102	109	75	74	111	38	123	130	58	129	14	128	29	1	99	123	0	213	89	22	260	217	110	118	178	152	171	234	11	59	103	88	254	135	239
16	121	104	14	209	2	71	106	236	124	253	172	42	112	56	133	201	185	202	227	239	117	116	165	211	200	178	207	15	65	134	233	138	95	157	116	136	81	165	101	58	148	90	86	180	188	101	163	241	258	216	101	46	240	11	264	102	15	14	122	158	107	169	235	60	246	70	232	226	90	147	160	77	207	207	116	46	15	19	167	145	238	0	65	158	4	120	87	228	147	94	91	64	118	250	40	16	3	2	145
242	141	203	96	40	233	8	3	229	263	69	66	76	126	84	227	147	55	140	246	78	164	180	57	82	173	191	66	234	167	220	180	238	211	88	263	140	221	219	164	72	113	207	117	24	220	43	161	20	214	243	60	13	160	194	11	6	54	69	70	62	111	128	221	154	135	224	229	201	30	1	195	132	220	214	261	4	144	136	16	159	169	47	0	185	188	175	34	20	146	78	75	124	184	129	235	221	80	135	39
251	242	234	220	263	163	63	61	103	3	85	224	233	44	50	95	181	171	232	245	74	115	117	142	257	244	245	179	76	15	235	257	79	128	105	178	29	66	187	183	99	88	176	180	49	181	19	179	107	247	145	244	119	114	60	251	224	92	211	159	100	42	223	83	38	74	31	150	71	74	222	30	259	148	36	193	178	232	237	225	58	247	94	14	0	136	183	142	152	113	182	261	133	16	133	128	117	136	52	7
233	99	47	41	40	140	41	229	245	50	200	57	151	260	58	174	31	204	144	195	198	196	227	121	59	261	120	220	230	54	174	117	65	216	105	105	63	233	11	110	138	141	125	178	23	237	93	210	234	197	248	88	252	144	229	154	239	244	193	223	31	44	71	231	12	61	258	127	233	26	112	98	108	54	31	61	17	99	86	36	207	222	104	46	174	0	51	95	59	27	49	14	40	180	79	73	175	135	167	228
252	115	133	149	250	154	190	225	219	240	139	159	113	224	157	138	40	210	249	28	14	127	11	158	42	223	59	55	148	66	169	25	239	171	175	255	189	81	59	126	82	171	98	29	205	124	172	195	40	99	28	74	174	84	179	139	134	180	166	15	63	250	188	60	42	73	263	205	256	11	44	88	145	240	182	88	183	55	209	252	54	104	105	86	183	256	0	235	55	76	15	136	114	75	189	148	118	244	159	230
76	178	45	41	58	226	202	87	124	49	13	113	65	10	92	25	12	238	228	21	244	138	240	201	92	181	125	152	55	14	234	128	251	47	220	141	112	183	178	115	147	230	162	55	28	29	4	25	198	69	34	244	69	68	231	108	55	47	10	260	259	245	12	261	157	136	36	201	47	207	138	95	204	145	7	241	161	198	135	76	209	19	166	223	130	58	6	0	231	118	98	175	94	60	221	72	108	109	31	163
131	79	182	40	104	221	78	44	118	42	204	103	58	135	251	225	135	255	65	21	66	69	118	255	180	44	83	247	26	52	28	13	212	28	174	182	1	72	84	28	53	63	29	20	70	41	153	41	157	73	18	226	233	125	233	171	120	10	230	63	123	25	98	37	239	147	54	169	147	15	1	105	123	247	34	83	234	61	258	250	77	57	103	240	48	143	105	242	0	263	198	220	174	128	214	201	164	76	262	121
72	146	179	23	174	15	74	74	60	93	173	69	93	68	19	255	63	231	171	139	148	158	88	228	29	119	221	157	62	70	7	77	234	185	76	70	140	195	151	40	57	125	244	250	84	111	203	22	89	140	199	205	79	183	188	117	50	75	225	94	65	234	8	55	72	194	101	142	186	12	123	142	247	79	180	138	123	261	225	221	103	98	234	201	87	261	74	59	73	0	97	195	202	81	165	171	60	129	236	59
161	37	177	108	215	126	139	139	98	255	131	165	140	11	253	245	157	264	200	123	141	27	187	223	22	231	111	106	225	209	174	243	137	88	202	168	66	6	151	68	146	165	12	185	207	65	23	150	206	243	33	165	256	47	15	95	161	227	20	25	144	72	54	75	189	40	115	96	123	68	250	46	220	13	116	213	24	118	63	251	109	195	61	47	96	70	232	168	57	123	0	149	165	137	112	232	138	76	44	75
139	260	29	251	44	219	257	231	207	200	49	203	7	64	116	132	225	90	183	188	35	166	95	163	243	110	40	177	151	254	168	127	137	68	36	110	155	39	17	118	4	24	106	45	162	214	109	203	61	257	261	31	213	165	197	207	161	254	225	80	60	237	154	109	160	31	53	81	109	32	228	29	123	120	123	172	56	196	194	82	99	77	7	135	220	190	221	182	159	185	131	0	120	230	231	46	246	237	47	56
26	202	261	126	17	123	254	210	94	144	184	91	203	260	25	208	76	209	135	150	210	8	135	167	141	258	158	119	224	147	224	96	39	56	31	79	180	186	246	83	168	180	103	117	166	185	17	74	108	79	135	250	159	55	252	76	180	252	41	80	241	33	91	25	225	12	261	85	64	97	121	101	235	81	127	13	12	247	94	231	124	181	12	193	156	66	78	204	183	24	35	149	0	61	180	192	115	230	248	106
210	240	45	247	253	203	151	203	152	131	261	45	153	224	224	130	27	80	160	261	4	26	262	87	160	91	65	141	163	224	204	65	108	215	256	36	3	27	58	259	187	107	33	263	30	193	2	41	125	97	247	135	34	204	94	192	234	50	54	123	84	104	7	167	91	77	66	133	28	179	21	91	180	178	52	258	141	37	162	92	252	146	199	227	183	36	17	145	100	155	69	60	98	0	233	94	59	171	197	235
263	219	183	69	11	249	123	242	148	162	25	227	83	124	149	177	158	204	115	202	157	165	73	212	83	161	57	173	251	221	105	22	95	121	68	168	254	243	190	44	146	12	108	217	202	56	117	166	148	20	146	42	260	48	171	206	167	158	74	223	153	147	204	135	91	54	13	1	200	124	216	192	54	256	54	117	92	190	197	86	201	31	124	75	174	25	218	264	61	215	92	20	24	174	0	142	256	26	249	179
64	173	264	36	163	102	242	187	7	53	233	89	236	187	131	205	113	30	238	132	236	134	73	95	178	76	41	234	217	235	173	195	95	152	66	225	51	168	1	49	246	232	244	204	44	230	15	211	91	93	58	160	115	221	48	141	5	132	197	208	134	71	122	247	118	175	180	227	235	115	205	110	245	122	72	143	130	108	93	27	206	5	230	88	138	190	261	29	241	91	262	169	214	119	237	0	185	92	143	64
90	43	8	198	86	103	23	144	203	247	195	9	93	120	213	203	211	246	134	97	49	51	232	32	119	126	105	43	29	239	15	117	16	23	55	66	93	87	32	248	168	126	202	137	207	6	136	39	193	5	164	188	16	109	3	120	62	177	59	5	173	115	171	153	103	204	104	27	217	59	39	30	214	65	179	161	44	214	44	3	191	56	59	218	30	227	4	177	44	204	241	8	14	202	219	16	0	5	22	98
231	206	234	185	104	253	205	169	55	237	41	25	71	30	55	36	9	84	102	5	224	124	231	147	25	74	205	6	2	13	44	13	155	63	136	220	103	29	241	236	28	253	59	13	147	222	261	127	164	232	38	194	183	46	102	12	103	100	25	261	146	234	170	216	255	218	12	128	203	125	232	76	23	109	71	61	262	172	37	99	171	95	46	208	54	30	148	140	148	148	93	179	240	141	95	61	91	0	96	36
185	138	239	220	125	260	97	81	192	180	70	1	48	257	71	247	262	256	187	202	47	224	115	92	94	84	211	179	261	24	14	192	149	201	137	126	126	107	231	213	90	226	6	118	262	99	61	67	1	228	12	57	51	49	254	40	224	4	94	102	188	163	162	82	133	221	182	24	101	220	164	142	185	55	262	238	149	109	82	130	106	64	31	58	80	166	30	18	251	27	263	196	240	116	52	171	21	134	0	185
221	97	49	100	57	236	119	4	70	167	142	187	109	176	47	121	38	244	64	134	261	157	6	92	250	261	135	87	155	39	193	178	160	203	162	107	45	165	263	57	97	161	260	247	239	101	141	227	126	101	100	172	230	83	106	49	51	127	155	176	100	167	105	23	207	159	57	14	163	59	103	176	85	142	207	103	247	68	93	215	159	85	199	61	90	36	85	217	81	228	54	211	71	145	120	193	211	71	192	0
