A	B	C	D	E	F	G	H	I	J	K	L	M	N	O	P	Q	R	S	T	U	V	W	X	Y	Z	AA	AB	AC	AD	AE	AF	AG	AH	AI	AJ	AK	AL	AM	AN	AO	AP	AQ	AR	AS	AT	AU	AV	AW	AX	AY	AZ	BA	BB	BC	BD	BE	BF	BG	BH	BI	BJ	BK	BL	BM	BN	BO	BP	BQ	BR	BS	BT	BU	BV	BW	BX	BY	BZ	CA	CB	CC	CD	CE	CF	CG	CH	CI	CJ	CK	CL	CM	CN	CO	CP	CQ	CR	CS	CT	CU	CV
0	312	334	148	379	380	150	40	473	200	278	258	78	184	368	498	413	218	200	185	320	458	485	296	363	267	344	421	143	7	399	311	336	4	63	408	90	196	416	335	136	163	545	397	45	183	107	187	464	362	582	237	115	441	319	92	192	449	404	414	329	178	164	208	156	224	438	538	429	548	204	157	156	258	532	148	125	283	544	375	413	82	506	117	151	586	284	92	93	89	71	153	325	183	170	195	192	61	309	30
529	0	170	224	121	121	51	477	29	378	568	118	290	295	569	213	93	475	404	35	553	359	194	119	148	82	520	314	548	465	100	20	474	517	51	43	29	249	154	422	308	150	503	64	350	165	463	36	355	102	253	462	280	108	162	384	584	250	106	64	328	575	336	188	5	131	148	456	454	125	328	332	280	163	3	586	372	457	229	521	134	441	389	428	302	215	586	269	522	575	429	260	1	581	194	362	269	22	125	163
318	118	0	286	406	169	471	442	416	471	347	283	403	186	404	302	235	44	69	456	97	192	298	265	81	252	506	143	95	402	178	158	146	46	398	154	174	475	497	379	285	257	119	150	118	200	158	163	531	34	503	489	471	494	362	492	17	293	218	563	510	22	474	554	142	498	491	286	156	166	469	258	250	79	58	494	464	401	359	406	270	487	419	178	49	202	91	67	515	78	456	123	304	302	116	383	214	453	459	21
39	151	527	0	66	136	147	425	469	14	467	407	88	100	518	225	252	578	370	81	285	241	237	519	141	161	248	521	284	226	518	405	194	510	407	374	306	324	262	367	366	168	427	486	300	76	126	105	578	352	328	288	75	291	333	92	22	11	337	361	578	317	461	54	337	77	275	417	378	321	362	529	362	257	400	379	571	212	496	379	361	430	121	16	392	165	165	152	424	5	128	82	214	220	450	76	205	306	138	169
364	14	286	49	0	101	123	377	95	281	171	161	226	442	174	378	584	556	229	71	500	494	148	23	114	23	24	372	292	518	14	170	7	508	160	279	13	460	582	5	537	550	205	26	447	445	137	350	62	131	178	542	244	287	26	570	286	108	544	322	62	259	552	244	542	40	459	435	138	430	136	278	52	49	563	438	370	176	89	115	368	476	112	351	427	466	62	508	455	305	394	517	456	443	9	373	462	429	177	470
289	20	54	25	3	0	527	84	385	313	80	261	409	550	432	580	159	493	523	427	198	286	115	553	559	177	5	326	467	118	385	197	91	325	407	207	470	204	3	500	19	8	381	477	64	51	130	439	221	253	284	118	244	537	244	90	418	380	281	576	112	574	342	200	268	73	516	456	561	40	125	297	48	132	566	276	101	182	525	580	404	220	78	62	219	103	278	439	510	389	110	13	439	151	369	206	60	409	485	488
176	283	366	553	586	76	0	454	379	449	72	252	181	285	314	224	42	538	425	539	52	477	439	567	304	301	184	385	549	406	64	437	69	25	248	326	41	525	260	532	298	548	300	139	298	189	433	496	304	253	516	332	120	498	438	433	308	502	220	440	31	144	7	21	60	77	197	316	360	259	549	25	368	122	23	238	255	138	70	398	21	408	219	174	115	77	250	342	535	71	451	25	457	377	556	84	418	333	518	177
574	555	555	92	143	582	388	0	474	254	217	424	326	235	476	52	344	488	91	65	403	4	398	326	482	305	330	500	379	160	526	133	82	541	569	139	396	510	16	168	296	535	307	199	476	190	537	18	239	481	271	55	23	244	300	339	298	212	233	22	63	327	522	143	139	427	271	30	555	422	536	375	11	401	295	105	111	381	580	530	316	144	418	231	189	250	269	383	1	221	373	295	79	578	217	502	4	298	498	439
498	480	243	394	549	541	507	389	0	488	572	290	176	377	569	203	416	477	580	156	248	13	406	68	307	558	191	551	123	375	16	159	350	288	75	285	114	296	170	94	293	190	241	216	297	495	191	349	387	18	487	72	292	416	280	343	87	112	504	501	535	39	355	241	59	109	482	172	371	73	13	307	362	321	231	397	250	179	46	572	230	445	253	528	40	235	490	523	234	203	368	225	87	570	561	480	557	83	23	328
547	204	326	12	160	482	120	239	227	0	510	86	551	525	223	435	71	291	62	51	565	139	304	44	50	215	579	136	151	335	238	126	24	37	203	131	427	209	514	380	96	121	278	298	164	325	76	549	144	421	405	278	162	36	175	586	404	456	465	205	279	529	123	471	159	447	201	378	422	42	399	7	173	387	64	426	197	125	14	123	57	530	420	220	166	6	217	431	327	572	229	539	238	492	549	331	580	196	163	539
16	515	510	283	72	427	12	82	144	423	0	244	460	325	111	278	346	329	339	405	546	107	464	476	361	479	85	96	256	331	194	490	333	535	208	155	408	508	113	142	300	169	401	97	579	312	236	382	586	201	107	77	375	41	409	525	417	40	236	202	473	265	319	408	86	278	310	380	308	105	465	476	244	539	257	33	378	417	296	105	133	125	347	527	258	118	2	460	500	353	559	441	437	517	10	219	254	199	36	418
123	411	365	263	559	546	37	586	124	560	64	0	186	275	353	323	564	286	459	123	30	582	169	114	389	124	234	42	181	437	123	153	469	495	215	216	400	264	108	214	240	16	449	181	132	61	57	481	141	193	245	386	202	255	46	8	339	215	456	311	354	432	310	436	214	499	551	404	133	568	458	428	434	342	254	2	72	448	461	352	399	135	206	564	328	410	208	234	354	394	373	308	411	492	25	444	119	512	575	239
160	100	106	283	90	430	540	565	10	102	358	515	0	153	41	428	434	372	120	119	220	497	422	389	326	343	34	126	215	248	301	550	522	519	131	137	54	156	487	453	530	254	585	141	250	576	115	243	554	500	551	160	138	203	347	18	290	47	443	541	231	98	196	448	416	95	550	149	86	586	243	229	292	562	385	219	101	524	30	21	141	327	113	414	585	312	80	294	116	141	303	310	269	2	95	181	356	495	421	268
97	493	484	534	190	442	81	511	391	460	50	369	50	0	197	25	274	298	93	280	493	277	219	454	453	403	412	496	68	341	302	152	280	188	172	571	581	569	410	413	467	430	40	447	518	285	380	264	375	38	264	397	450	59	152	157	417	345	205	374	85	552	149	210	283	431	137	70	560	315	490	74	182	326	344	426	516	516	502	433	380	387	181	567	149	111	58	401	312	5	536	424	63	284	544	137	547	308	421	463
507	19	410	532	441	73	270	505	513	425	518	176	135	144	0	28	493	359	439	244	357	253	57	522	282	276	535	536	60	555	464	362	44	513	159	411	246	577	210	110	220	152	355	186	489	207	111	107	384	447	317	225	419	261	409	343	429	218	164	427	225	185	61	482	479	179	7	36	155	154	22	158	280	397	256	426	298	365	134	46	78	543	102	215	233	102	407	328	482	464	225	493	364	478	279	272	350	466	567	512
1	284	291	541	257	559	19	158	478	316	98	188	120	151	235	0	488	225	172	497	438	513	71	95	400	529	409	390	182	487	47	207	557	449	259	509	509	502	265	557	558	579	197	463	488	499	520	194	491	415	403	78	471	385	210	474	445	346	41	26	62	338	31	267	541	484	255	512	527	376	28	391	252	476	278	101	394	394	481	529	58	83	539	318	95	409	429	500	530	76	240	57	394	68	490	109	572	143	112	125
4	417	466	145	150	396	480	497	107	564	289	494	306	421	215	324	0	429	360	447	288	294	456	576	461	507	584	339	387	433	6	24	573	334	98	546	144	176	528	143	383	25	199	481	448	547	18	110	47	429	267	537	391	194	394	330	18	321	425	150	428	439	207	78	456	18	290	540	292	564	31	132	493	565	384	543	173	287	311	311	570	58	425	352	522	485	453	520	127	47	236	19	284	61	268	199	363	478	216	100
42	270	85	347	270	210	61	448	67	254	237	407	400	465	554	201	394	0	169	75	129	446	549	61	340	461	328	444	291	461	352	64	47	95	158	585	416	55	499	430	197	385	465	403	215	557	40	453	358	449	60	86	549	332	67	140	421	336	356	379	338	164	396	435	314	100	419	199	195	581	418	240	377	126	488	152	88	26	357	490	69	251	307	571	574	10	79	236	54	53	8	78	437	238	313	342	342	350	298	174
244	174	103	101	551	404	540	353	33	476	236	434	550	496	256	30	255	320	0	210	2	471	478	463	498	48	575	387	35	80	340	507	110	390	200	32	561	49	546	352	367	66	522	573	11	322	476	93	395	409	558	240	323	360	207	98	121	162	367	486	488	443	186	285	91	90	180	105	227	277	127	560	11	519	411	355	408	581	320	279	90	45	292	160	317	273	24	288	68	84	24	191	332	334	4	24	218	65	425	425
478	581	439	346	287	192	470	287	255	411	319	545	37	390	583	208	140	74	41	0	400	547	430	275	301	66	220	220	1	498	404	260	265	518	289	396	334	36	295	509	500	1	212	247	505	83	146	48	348	124	71	162	430	336	424	90	473	208	306	254	97	126	489	277	116	523	346	23	97	232	381	570	423	432	80	254	181	218	75	421	251	380	392	76	562	224	356	202	452	483	186	11	175	578	30	523	552	10	420	437
406	148	211	9	223	161	113	301	363	401	2	425	33	298	230	367	216	374	249	505	0	385	296	547	481	398	307	115	26	470	128	283	256	180	163	518	89	53	409	142	289	46	16	63	459	191	534	124	226	332	545	244	104	282	535	321	369	65	407	300	95	206	552	292	57	585	293	132	241	253	488	400	410	465	295	74	263	131	547	191	563	488	556	18	403	110	116	175	3	19	280	499	311	444	305	153	294	495	577	453
218	569	261	541	298	28	227	405	494	291	448	175	563	193	327	230	568	461	153	325	63	0	286	182	84	241	283	416	85	423	390	427	46	62	128	107	400	492	95	162	143	457	224	393	60	495	117	561	381	495	74	579	461	40	413	451	217	393	78	414	426	574	484	84	512	453	270	488	78	16	583	452	67	559	219	49	136	376	385	98	333	119	585	281	73	124	491	288	565	158	18	76	55	30	544	544	226	165	88	425
48	365	55	222	55	419	430	369	35	546	470	445	427	30	536	115	153	513	471	11	503	321	0	100	139	327	156	71	547	262	310	428	535	70	54	138	233	150	266	22	331	203	27	226	77	417	139	26	402	139	374	332	324	107	96	522	586	531	72	28	517	433	108	142	1	103	302	421	438	128	535	194	141	507	39	19	11	537	512	287	573	409	173	531	306	374	425	459	179	508	16	241	396	91	448	297	518	567	313	443
580	126	157	341	336	2	534	430	323	533	498	193	70	110	100	411	289	438	87	547	266	70	101	0	281	337	397	346	122	396	238	354	396	467	557	183	486	214	256	73	244	368	492	100	81	309	50	274	463	536	523	45	228	18	139	549	555	143	454	460	97	84	289	561	171	390	451	216	456	391	182	251	105	151	488	217	73	498	189	192	532	429	114	155	138	526	314	527	378	225	43	332	239	402	366	477	293	356	497	387
558	204	101	96	40	391	356	112	196	450	279	8	313	227	10	126	56	478	437	310	360	517	374	243	0	53	328	187	119	485	565	129	376	416	100	368	75	239	53	304	569	283	259	201	195	23	383	22	210	366	55	528	56	57	536	37	155	346	563	435	572	404	336	132	66	18	405	145	69	228	45	389	347	390	436	463	307	38	325	127	308	444	207	221	536	257	288	294	121	176	40	486	555	440	148	160	21	131	3	77
584	318	101	100	148	485	206	287	334	200	522	480	491	187	279	463	423	2	212	191	562	255	363	585	486	0	116	275	27	179	397	154	275	155	465	232	531	318	137	505	527	267	212	18	359	172	161	257	478	540	188	360	66	44	85	261	311	469	521	535	524	291	499	472	565	527	295	81	25	127	328	541	305	549	248	506	583	453	120	446	57	159	393	334	324	161	182	123	265	577	234	56	538	72	260	407	220	436	575	232
483	62	582	226	520	123	418	584	95	12	313	507	218	132	238	547	106	560	11	179	359	289	208	140	487	556	0	152	399	19	438	255	525	277	55	560	90	425	325	576	349	412	30	385	402	467	77	184	293	456	373	519	415	551	233	79	281	348	382	105	556	444	467	457	511	35	583	541	373	425	336	78	532	99	358	362	416	221	81	225	58	136	544	355	93	510	534	10	103	494	149	168	436	448	525	119	254	117	329	343
292	30	536	17	113	171	78	136	76	355	204	32	155	253	324	544	168	24	142	179	348	76	438	452	169	463	493	0	49	371	289	556	390	358	371	548	8	55	428	134	413	582	409	384	447	493	297	203	439	249	253	550	106	378	485	425	61	170	302	34	568	336	137	317	36	538	453	168	550	122	513	288	571	148	345	471	488	69	432	465	356	95	150	298	248	255	225	435	7	195	362	445	91	142	443	489	11	265	77	507
321	525	368	173	178	571	269	253	342	3	47	69	537	556	97	558	330	348	503	306	380	409	465	21	96	231	244	347	0	330	413	256	448	473	222	475	323	238	164	300	139	119	264	402	507	499	586	461	66	572	117	372	210	411	260	19	585	237	537	268	459	16	207	184	23	442	424	37	462	128	369	107	297	204	577	135	554	263	464	527	91	481	496	283	569	470	583	381	463	235	262	517	105	535	571	461	193	285	333	265
28	149	515	228	454	472	190	330	125	577	452	392	150	259	298	444	248	462	503	119	575	562	470	272	23	357	37	405	89	0	460	21	421	304	150	201	192	480	342	366	198	478	151	374	311	280	172	356	26	61	277	585	285	113	466	214	439	60	489	272	421	184	206	55	249	116	422	447	531	490	358	496	433	419	348	167	14	327	290	304	17	308	86	149	152	564	3	387	167	130	289	534	42	240	353	30	286	137	432	343
357	178	532	464	330	48	300	313	544	402	308	582	154	121	387	444	390	51	55	384	541	7	565	84	349	466	91	136	502	104	0	249	303	411	522	268	161	583	514	124	39	192	264	483	213	548	112	10	35	453	221	177	374	297	481	222	234	200	479	137	350	560	429	140	558	544	586	571	527	509	63	155	136	22	381	566	574	297	189	313	258	228	373	328	224	582	300	583	572	79	386	419	30	66	43	20	453	142	191	308
416	151	487	195	72	547	394	317	126	181	47	523	355	297	8	84	400	65	277	39	145	530	566	387	145	513	20	91	583	532	501	0	339	68	114	518	515	49	415	509	555	153	507	14	48	393	424	12	331	319	284	217	581	413	183	42	30	390	272	131	217	10	550	270	140	337	70	349	123	537	49	523	87	142	178	178	451	171	512	477	350	26	27	299	181	568	550	64	502	307	141	573	500	570	337	157	390	239	137	95
561	142	4	174	406	64	410	197	124	83	24	111	379	234	574	190	515	20	292	282	85	294	401	476	125	572	52	429	429	111	5	212	0	396	500	59	23	45	127	9	535	584	508	217	140	224	450	290	34	12	525	534	295	204	464	428	578	223	472	520	475	570	269	381	315	15	157	448	42	82	477	449	318	229	378	355	331	228	523	536	75	211	559	212	466	477	547	218	522	564	208	369	410	246	175	560	77	196	392	357
87	495	362	394	354	173	511	535	445	279	380	194	236	383	369	200	480	477	64	134	299	221	258	347	42	340	311	201	225	484	92	257	539	0	420	244	416	326	194	365	421	407	463	6	425	386	356	286	473	472	359	340	24	556	420	245	383	331	490	34	358	505	423	181	92	306	110	154	13	363	232	258	567	393	445	33	95	218	355	117	418	425	188	323	45	532	408	448	496	106	242	7	462	585	92	506	250	103	59	119
72	148	517	389	398	503	93	113	489	9	444	16	481	501	173	144	236	546	396	478	44	426	455	93	58	60	249	171	248	578	303	307	382	510	0	523	241	201	261	320	347	152	241	185	33	196	75	509	542	150	179	554	100	141	207	394	456	355	242	211	545	55	300	53	51	162	249	520	101	229	245	526	393	527	569	335	194	372	47	171	399	519	273	441	103	405	122	514	403	563	293	429	242	450	253	423	486	110	485	448
81	315	167	460	331	326	30	71	131	262	371	242	474	580	548	59	51	369	191	126	210	499	300	456	144	472	252	556	190	123	490	576	47	329	511	0	227	491	215	263	462	201	335	519	56	117	304	19	285	514	86	290	560	315	282	326	372	181	501	41	219	320	1	57	505	422	36	230	114	397	106	160	261	337	491	15	361	19	71	156	19	578	560	359	461	496	201	155	167	443	2	180	105	222	482	261	480	416	509	208
431	464	507	447	25	566	156	186	230	546	431	65	84	215	152	141	348	32	421	240	298	424	74	12	534	220	463	283	545	507	96	517	552	363	370	414	0	228	249	541	550	347	9	569	557	574	330	53	156	249	181	169	96	556	553	226	243	575	134	309	584	347	548	338	464	534	178	495	468	245	3	538	358	251	452	517	52	544	540	580	445	116	81	73	428	442	206	535	245	314	555	431	517	53	117	406	138	174	348	570
56	177	282	16	67	181	524	247	442	476	373	440	529	36	506	240	348	396	95	563	58	398	56	325	18	223	329	489	514	153	102	54	19	140	119	505	211	0	465	295	305	16	103	573	292	10	498	183	41	570	568	242	538	140	234	202	273	327	355	299	483	339	500	309	490	428	287	551	108	528	13	335	463	374	435	343	539	418	94	108	71	530	492	114	313	368	446	291	371	546	393	144	437	255	163	92	539	524	277	351
434	435	516	42	99	67	539	194	275	186	273	6	347	108	162	447	213	407	125	305	203	228	524	237	122	66	179	51	199	186	20	381	284	501	277	560	513	380	0	462	510	109	326	335	252	352	379	261	413	237	122	158	327	504	204	17	547	61	493	551	526	445	521	128	85	21	256	252	471	378	557	55	40	17	300	188	279	470	409	298	325	451	28	548	85	53	546	10	337	175	9	187	94	511	150	93	399	404	177	20
38	143	66	358	132	90	575	80	487	466	494	80	58	160	560	199	388	85	330	41	308	186	170	575	434	474	243	512	371	311	585	280	187	151	147	461	407	483	68	0	97	535	575	435	228	497	438	158	137	24	232	192	66	65	27	9	167	224	289	368	48	541	16	407	50	167	23	305	553	91	63	213	187	381	443	210	450	271	304	557	435	342	220	560	345	433	326	39	56	107	70	170	90	123	27	449	72	111	214	191
326	37	526	209	490	196	46	425	117	288	461	88	392	348	559	477	297	139	309	141	118	210	179	224	159	23	310	420	351	359	255	524	190	16	577	465	540	476	489	159	0	131	371	34	359	562	428	94	312	506	370	337	500	439	498	334	539	342	418	570	559	575	460	262	283	456	18	423	108	31	310	57	545	59	450	494	431	182	134	117	85	443	250	227	225	511	40	240	34	3	277	412	310	352	554	100	192	175	312	533
20	516	160	453	327	413	418	352	42	177	252	406	113	101	46	575	236	407	438	332	308	562	499	565	299	521	486	73	51	59	160	141	148	485	417	92	229	282	136	286	524	0	195	403	167	387	428	540	7	199	563	449	325	285	376	258	325	48	214	113	304	568	340	555	97	463	248	179	487	24	344	251	87	277	582	271	72	312	495	57	367	520	101	193	164	445	372	431	8	187	570	415	308	62	2	310	348	436	519	507
552	70	222	36	240	555	66	297	27	224	474	15	136	90	228	321	259	404	305	390	251	149	437	40	430	16	111	462	4	216	69	289	492	417	201	72	228	21	272	421	514	174	0	44	269	552	260	371	255	387	79	70	200	555	100	318	178	117	347	165	85	497	31	91	535	586	375	451	326	19	405	377	224	558	222	488	283	233	168	53	159	110	334	57	466	367	193	260	185	266	272	516	324	426	15	453	303	365	279	252
59	499	182	138	294	68	369	140	457	298	570	196	72	142	375	520	429	363	47	140	530	226	387	349	259	445	61	570	187	540	390	442	140	232	182	332	547	262	456	192	4	453	189	0	99	468	354	570	435	46	384	566	325	9	139	563	422	412	332	165	508	290	444	104	38	38	108	455	309	95	143	515	179	315	554	265	30	216	432	517	122	216	467	468	575	292	231	565	524	191	549	568	578	264	372	136	487	30	82	39
51	571	500	580	136	103	302	517	227	120	439	276	160	52	297	553	50	233	113	163	542	530	109	309	196	485	22	535	347	504	306	355	428	518	360	236	580	63	475	7	263	149	290	87	0	568	243	399	538	432	190	90	545	488	391	345	340	401	11	247	522	572	37	290	358	509	69	292	120	223	323	364	490	213	272	305	484	339	273	325	496	554	256	437	228	314	207	570	223	332	225	104	345	545	290	284	505	102	397	570
459	505	12	178	565	268	364	416	226	481	74	100	198	5	21	257	263	112	275	220	102	350	566	90	300	510	12	565	289	107	541	486	37	5	448	568	156	12	240	509	21	110	246	233	385	0	326	89	260	209	208	307	586	13	475	151	19	374	64	510	382	291	462	323	358	65	98	43	23	103	459	499	97	261	164	5	253	392	329	440	435	260	528	566	292	90	448	382	264	184	47	322	101	126	507	278	44	73	576	476
235	203	258	583	189	314	308	291	441	139	481	214	583	84	438	543	320	354	294	250	575	468	559	223	288	149	563	351	573	194	455	304	396	80	231	271	428	276	81	198	534	230	314	407	313	494	0	101	502	209	359	122	477	15	27	562	156	269	574	341	326	239	26	553	169	130	261	83	535	383	221	557	537	522	11	340	325	214	512	48	247	388	51	227	49	367	512	401	555	171	485	102	360	194	535	21	453	324	318	244
338	221	351	123	76	485	559	561	521	136	438	496	96	367	479	168	324	572	373	346	149	175	418	526	391	169	403	523	511	534	515	401	240	336	69	522	534	457	283	124	249	373	57	568	449	181	198	0	132	373	457	533	408	168	257	315	173	387	330	523	518	134	564	246	314	290	473	14	369	72	194	252	526	221	427	439	203	99	49	325	468	155	580	187	176	256	422	498	22	331	359	180	345	441	110	480	325	96	462	483
226	531	148	111	150	143	324	525	560	201	68	207	117	78	554	466	171	548	238	374	355	57	66	382	293	427	539	563	291	241	551	382	523	412	354	421	525	100	76	470	563	91	74	383	454	222	354	500	0	324	274	347	14	237	309	75	108	442	301	58	240	73	228	549	583	174	288	179	63	32	528	397	374	522	70	45	464	540	17	548	106	140	461	499	80	186	279	51	222	348	502	46	460	211	429	315	302	290	249	157
247	69	400	168	39	472	227	127	448	403	308	163	198	473	193	385	444	79	331	126	180	16	234	42	366	264	538	373	365	88	290	165	509	208	270	462	222	267	461	586	259	112	370	202	424	253	183	36	441	0	305	255	61	548	454	393	301	26	330	71	71	359	557	437	249	436	301	534	108	111	7	566	496	259	177	534	367	104	36	43	314	421	425	504	461	323	98	232	544	432	270	382	325	383	493	146	138	374	114	16
566	264	466	248	3	419	341	513	399	220	59	30	476	216	451	124	476	512	419	385	553	11	34	197	477	145	511	525	320	283	157	181	388	556	119	294	36	113	421	322	148	432	267	468	192	134	289	246	167	253	0	54	353	334	573	24	178	487	521	408	425	157	133	56	517	459	343	309	585	377	50	536	177	15	116	583	10	148	148	73	431	541	78	293	364	305	582	46	464	1	228	569	583	392	61	383	144	427	435	19
544	144	402	465	293	58	129	159	295	486	230	382	131	303	108	154	531	468	37	291	180	470	457	195	307	91	522	104	193	44	9	307	481	577	170	15	382	303	97	133	296	91	153	555	258	123	252	379	134	385	330	0	539	363	195	464	204	342	340	479	201	257	396	373	324	69	282	585	147	382	123	476	301	442	304	57	206	15	88	423	408	305	405	273	240	338	385	87	387	542	107	448	128	528	307	176	115	393	401	189
338	164	175	274	269	397	95	472	373	387	370	380	246	26	19	422	553	293	513	242	277	127	344	42	318	197	239	111	239	506	418	61	262	117	360	522	494	492	249	416	109	97	334	399	563	263	251	158	223	491	150	426	0	142	390	105	106	382	432	363	260	9	276	279	418	134	453	5	404	572	305	207	527	450	481	494	578	102	157	482	336	34	199	78	501	508	416	411	198	52	578	295	327	265	111	531	305	134	413	484
378	481	295	541	527	274	119	180	364	219	570	47	247	578	216	392	416	378	69	482	465	14	538	234	102	187	345	494	450	229	279	222	209	257	464	303	526	78	363	192	202	119	503	406	512	59	197	216	329	109	75	244	60	0	480	339	189	320	226	278	347	368	357	458	139	262	173	435	576	62	118	340	172	473	101	104	253	248	171	439	85	237	460	460	125	61	462	525	123	185	267	350	395	466	456	185	165	165	23	418
500	264	145	425	493	61	402	186	462	457	439	233	122	84	399	327	528	198	210	361	80	326	80	415	126	572	528	455	563	102	268	199	446	499	138	318	535	478	538	461	374	207	140	69	155	400	384	381	115	203	269	293	540	308	0	197	332	170	338	260	163	378	156	334	319	279	275	379	434	239	573	85	302	264	389	290	95	158	111	317	456	183	518	158	87	354	10	489	183	490	230	255	392	386	437	453	2	9	214	71
492	115	298	142	184	518	398	226	553	333	420	526	55	161	37	198	496	440	383	118	266	15	523	544	251	32	348	301	357	324	181	338	9	195	268	123	166	405	230	379	69	187	105	551	256	147	306	305	274	273	94	433	375	4	340	0	408	486	127	277	183	250	90	400	13	316	369	260	578	319	87	55	269	369	185	460	559	46	359	183	144	413	212	138	102	166	168	246	515	105	452	124	409	353	581	4	528	50	541	432
180	456	79	570	142	31	313	67	126	201	6	484	503	453	553	228	366	119	144	46	66	552	449	100	297	192	549	238	459	217	389	395	494	581	571	419	103	250	261	519	408	533	148	356	358	173	192	234	504	150	246	557	241	585	394	219	0	36	182	130	127	310	266	151	291	70	257	319	486	6	253	560	233	32	550	344	69	370	449	496	459	415	110	510	468	537	27	459	307	466	29	201	321	353	347	107	65	488	426	501
158	567	439	82	549	79	340	264	391	427	483	77	334	499	345	375	381	456	502	510	320	261	525	145	561	231	175	384	71	260	168	228	178	562	37	223	416	253	190	219	572	27	5	119	76	244	49	156	449	416	437	216	84	208	395	210	198	0	144	268	557	490	488	31	337	465	95	130	115	476	283	12	45	457	457	526	47	321	299	489	342	574	324	19	506	506	51	530	168	262	330	404	368	252	50	525	125	525	381	296
113	43	580	173	200	453	453	584	461	562	351	8	205	470	44	497	32	310	49	480	562	90	251	240	246	203	59	229	152	85	224	112	5	138	51	163	256	503	328	434	305	28	178	493	355	160	446	495	459	529	553	261	176	4	292	507	462	82	0	197	434	502	301	327	73	213	427	171	545	133	586	84	119	347	93	563	64	368	87	529	341	237	547	394	18	441	27	300	221	445	526	431	484	253	140	126	424	54	269	87
529	569	210	568	167	508	267	231	274	272	513	390	355	479	285	104	185	273	165	69	37	299	146	370	463	570	173	410	581	79	442	104	93	89	508	167	509	302	81	526	160	463	47	107	229	44	543	73	197	519	328	84	55	98	48	397	247	514	414	0	448	64	273	446	161	56	58	207	144	472	452	411	219	257	50	509	115	305	254	117	245	542	355	326	577	32	41	90	140	268	489	361	261	418	153	161	303	488	320	263
339	406	391	495	167	233	268	60	43	51	206	409	159	131	364	245	61	386	12	99	271	389	119	174	416	170	220	76	380	329	397	14	528	289	222	478	544	199	65	417	197	422	423	515	346	483	385	149	571	480	133	8	391	46	89	53	246	372	110	410	0	31	304	439	419	190	40	354	72	418	48	101	191	480	474	397	327	117	215	269	543	462	207	137	223	497	66	403	540	241	80	263	11	536	152	297	470	534	184	411
440	559	571	525	579	122	403	251	572	416	489	360	248	338	459	499	64	490	416	351	543	159	540	269	137	442	300	345	533	83	232	335	396	387	526	115	220	568	34	12	23	94	490	528	558	48	17	538	578	255	176	135	109	75	120	197	155	210	152	103	143	0	426	21	514	400	522	406	52	127	200	325	450	484	283	549	13	464	73	62	352	568	22	396	67	436	477	20	307	73	217	244	576	243	294	434	403	351	349	385
292	137	336	234	390	155	509	387	564	507	537	3	353	451	284	291	561	154	386	552	291	368	170	560	335	531	304	137	11	90	289	126	253	38	383	162	224	297	112	485	314	76	384	341	184	76	237	197	307	532	450	110	346	193	210	113	143	509	478	416	178	524	0	180	437	25	137	274	475	403	112	168	226	367	260	125	436	89	268	127	263	239	84	114	292	165	96	93	320	483	408	127	306	121	51	37	482	87	9	259
382	359	408	396	372	148	395	527	244	389	454	394	418	419	354	117	450	437	553	189	46	476	570	574	116	506	347	311	90	124	257	325	413	280	4	390	304	299	571	228	329	452	18	391	161	371	388	383	411	512	483	255	404	443	155	224	331	3	506	373	159	500	382	0	344	563	260	206	95	363	331	219	169	244	430	61	395	328	26	189	276	335	273	49	455	241	335	5	129	417	551	59	365	264	101	508	103	578	265	194
19	450	230	334	485	488	163	294	494	385	234	402	330	434	105	350	461	255	259	409	387	160	450	269	293	326	461	199	581	305	368	429	98	64	191	498	238	455	287	183	516	99	182	448	525	547	536	174	243	516	461	158	393	173	150	105	289	162	384	146	204	384	66	88	0	31	144	586	49	260	572	330	483	164	473	472	565	560	79	305	135	306	530	93	390	583	485	199	218	320	224	257	75	52	534	53	103	497	232	207
63	117	211	104	562	192	380	281	324	548	327	33	346	521	338	464	442	148	62	101	93	216	20	235	557	50	459	432	530	247	305	158	504	177	495	449	253	399	14	154	366	574	379	165	6	502	339	497	565	89	106	549	298	16	260	546	101	345	173	337	214	73	354	497	334	0	122	475	369	260	73	75	165	558	320	107	188	472	60	141	530	304	499	290	204	391	544	435	468	132	452	479	460	143	42	139	230	380	261	509
98	524	402	350	372	559	264	370	185	567	20	516	130	330	191	149	408	48	21	407	63	438	281	504	579	534	269	350	252	438	260	428	413	229	149	404	504	232	332	142	159	295	222	206	160	350	526	164	470	224	200	263	315	525	87	2	534	380	42	477	384	252	224	402	172	219	0	515	426	399	37	97	290	458	256	369	47	202	180	262	179	544	393	560	160	287	327	324	245	526	497	295	341	89	127	491	443	220	325	78
450	118	41	412	554	207	382	584	13	224	457	246	553	344	65	241	522	114	70	239	3	359	401	220	353	32	211	412	50	350	180	121	98	473	490	416	546	80	24	345	324	417	499	241	586	208	508	277	213	386	332	540	530	557	566	360	515	254	139	193	276	563	365	35	54	180	148	0	399	175	313	564	182	524	186	251	459	45	223	323	167	170	370	342	545	433	259	314	34	142	82	449	519	530	561	331	39	360	301	49
233	75	111	38	383	486	359	333	12	259	518	243	11	189	467	350	360	396	373	95	61	483	62	477	89	86	357	205	148	45	199	520	215	530	88	407	236	7	29	123	84	218	55	142	209	3	547	542	516	417	74	427	185	441	242	324	357	498	187	527	127	398	274	237	404	152	536	96	0	173	580	96	492	92	172	210	394	270	262	544	26	33	480	234	280	502	490	577	329	499	144	318	134	438	395	445	4	295	185	204
37	64	515	560	331	153	488	363	217	153	49	386	531	118	535	519	398	537	179	123	374	371	493	10	463	573	27	575	130	295	329	308	256	190	551	207	216	380	363	492	331	415	291	235	107	519	92	231	454	214	45	108	490	426	282	281	333	25	506	111	78	316	37	25	258	84	459	96	66	0	328	238	173	555	586	142	115	215	98	191	18	403	566	153	316	120	90	385	356	127	296	474	117	415	459	127	222	142	46	250
404	310	324	426	251	87	90	60	149	128	114	206	104	260	88	390	230	418	198	175	31	49	161	181	327	350	469	413	287	272	491	425	322	573	306	298	507	454	366	374	529	487	36	277	236	11	182	543	315	579	172	42	31	368	155	523	308	187	153	480	533	61	370	142	488	17	27	170	401	342	0	475	202	347	44	280	385	294	534	565	126	107	535	427	542	464	273	456	133	157	51	55	117	109	168	328	586	506	60	274
262	22	484	567	67	446	266	546	450	339	562	23	13	562	460	477	182	574	304	576	151	304	374	329	401	205	531	209	309	92	335	504	177	400	474	526	57	279	454	282	412	8	578	213	268	471	340	234	567	486	164	295	515	436	68	304	295	406	582	531	521	277	585	428	475	90	272	367	69	353	316	0	126	37	70	117	125	565	310	82	332	245	71	303	344	472	267	573	257	147	265	275	149	441	127	431	513	214	23	369
81	204	560	83	410	143	79	448	533	372	241	103	433	142	427	289	170	260	46	323	259	26	413	59	204	573	174	423	488	404	336	243	461	205	93	102	98	379	2	265	524	486	257	16	126	233	95	517	174	139	199	69	37	261	128	427	403	198	202	451	525	565	392	540	62	493	230	152	265	564	130	185	0	10	44	300	28	244	64	34	73	453	460	240	314	193	378	131	571	21	514	263	137	504	414	170	316	268	180	454
208	547	234	109	277	582	91	517	369	489	370	188	572	334	127	534	241	307	272	168	393	297	274	184	417	540	285	368	364	407	75	174	432	82	486	494	402	74	50	394	479	88	419	423	78	311	136	517	101	438	375	194	261	191	353	455	556	308	419	586	534	16	384	379	413	125	102	277	446	539	97	47	4	0	98	382	45	517	186	219	416	40	332	407	357	521	244	189	109	351	403	97	66	317	360	252	160	381	329	225
217	405	507	397	333	191	358	91	206	232	167	550	478	315	219	154	576	56	257	129	302	442	106	585	296	506	6	219	568	213	315	453	578	334	178	466	354	494	106	321	583	383	333	449	206	249	235	453	347	463	395	306	129	249	147	359	396	204	492	352	338	120	487	545	169	267	585	221	107	133	276	410	312	104	0	233	412	496	453	398	344	264	216	399	396	285	483	555	78	361	170	563	225	572	302	108	13	547	571	294
405	5	181	421	230	48	12	194	555	448	447	27	20	281	544	413	416	300	290	23	184	337	395	98	56	59	197	548	178	360	211	79	520	464	396	87	433	417	372	552	362	356	328	503	416	253	192	273	300	239	288	407	265	251	115	464	12	477	348	214	230	172	311	263	297	83	253	269	315	181	162	431	55	583	381	0	191	211	198	305	373	206	29	569	183	506	407	424	527	408	404	492	193	181	323	365	412	393	431	570
550	240	326	74	550	192	269	276	279	130	93	381	108	221	319	501	503	449	92	4	12	62	540	319	340	188	390	46	560	461	454	418	368	526	319	403	213	246	396	174	75	342	145	24	576	298	303	285	232	157	68	164	547	289	215	416	205	286	217	270	110	583	92	427	146	161	333	127	329	34	528	67	117	396	49	449	0	567	170	192	445	584	266	466	400	361	412	227	375	76	251	586	285	390	511	570	370	490	113	551
270	430	467	238	123	86	563	286	225	458	567	132	97	207	559	272	274	26	31	100	430	125	123	445	128	374	205	327	393	302	388	481	402	409	25	532	7	484	328	513	560	374	239	41	17	120	502	369	440	187	403	470	269	188	138	327	492	145	164	376	101	347	532	18	279	33	258	246	131	432	476	272	361	536	548	169	120	0	110	120	221	314	467	446	23	282	239	208	292	55	75	356	112	358	37	327	425	9	243	3
511	180	284	197	257	329	256	577	170	267	8	44	394	17	484	192	486	97	305	359	280	291	157	526	218	205	195	148	334	110	36	334	49	502	393	323	393	1	145	153	185	446	181	506	543	250	553	362	133	475	471	38	505	213	369	3	475	323	13	46	488	12	496	101	352	409	108	463	496	334	294	203	278	47	184	202	256	510	0	568	224	18	27	397	487	550	425	361	6	531	369	497	460	188	83	284	455	91	182	91
10	529	63	436	512	147	212	252	223	304	356	559	157	202	20	442	435	124	579	490	33	561	450	275	306	381	2	401	216	391	439	38	337	473	243	246	185	489	214	263	116	377	180	174	445	211	83	388	23	287	446	389	254	163	60	483	44	248	249	10	245	511	48	446	431	505	64	205	177	363	161	199	370	536	212	335	233	371	262	0	135	28	421	382	201	59	415	562	491	433	196	108	212	246	12	266	14	257	469	85
501	325	498	374	167	527	486	530	195	482	206	301	375	55	34	442	444	581	246	520	487	101	329	518	218	232	471	490	153	3	476	453	427	461	401	313	473	304	558	441	572	31	123	287	281	82	430	355	3	576	463	578	305	429	177	366	388	491	545	475	316	289	126	69	400	393	419	251	317	376	533	267	135	50	329	314	261	197	151	371	0	128	251	282	251	289	514	52	442	363	14	481	69	269	306	235	270	20	516	380
106	239	478	171	422	570	334	39	507	389	263	470	390	143	328	123	167	263	253	368	254	355	575	302	405	504	353	365	584	151	323	289	94	465	161	580	151	424	185	39	70	252	457	119	277	344	84	242	551	557	421	149	355	211	49	397	423	296	249	573	428	16	34	18	444	110	47	352	226	11	476	156	321	541	80	564	80	542	279	437	471	0	519	430	320	334	46	503	440	338	198	349	559	228	35	181	443	79	74	469
525	259	555	485	535	306	370	234	171	235	416	246	495	463	83	226	463	267	71	189	370	240	265	488	1	339	14	512	550	70	459	574	500	342	215	375	324	10	422	179	76	577	516	396	239	308	49	387	267	575	281	370	456	467	74	142	459	125	292	265	564	537	337	229	75	508	411	28	260	308	59	351	154	379	505	391	569	303	423	242	249	328	0	432	247	505	524	9	54	443	298	396	68	509	190	155	346	286	416	370
368	381	395	506	469	304	59	50	300	509	443	257	432	350	277	104	316	565	47	326	90	471	324	361	54	220	353	163	366	254	478	498	147	269	438	390	559	356	486	137	543	18	25	319	543	100	380	136	49	102	178	384	164	59	500	41	261	271	4	415	177	486	137	471	396	338	413	267	282	205	571	390	441	434	87	132	451	118	226	321	103	21	448	0	503	310	451	454	405	428	95	422	280	503	477	491	475	450	182	228
119	556	358	275	91	72	32	328	96	254	117	529	126	200	151	307	504	501	507	436	20	68	263	340	8	580	354	446	287	560	81	235	549	488	403	524	56	269	296	325	485	169	148	141	178	298	93	323	428	330	157	367	104	55	60	529	505	15	477	70	135	530	495	568	57	213	438	450	433	28	234	258	296	298	46	34	103	555	245	505	545	511	5	191	0	474	500	165	386	316	371	107	21	20	406	451	269	93	32	9
464	326	195	582	332	166	260	322	475	99	336	304	213	324	526	231	130	464	385	380	285	265	325	257	308	323	275	440	32	132	452	495	120	447	418	578	153	335	437	189	71	454	189	284	570	447	483	154	264	369	355	414	580	403	439	322	204	333	181	304	123	412	265	95	244	526	325	415	82	504	184	293	201	330	420	26	562	474	301	536	176	353	563	311	407	0	312	118	385	62	532	1	511	513	68	401	434	118	410	369
546	576	468	472	19	16	415	452	230	213	269	152	255	399	408	374	479	141	319	536	524	125	453	295	470	108	201	563	187	23	148	580	10	70	396	333	527	32	358	108	328	428	396	415	93	345	523	511	9	302	275	380	169	381	85	14	501	278	543	312	144	433	473	219	388	552	390	27	199	541	453	251	321	199	153	86	323	481	297	419	55	473	25	256	439	493	0	334	151	77	442	367	59	230	131	237	221	12	49	80
242	447	284	260	565	453	138	46	45	532	522	555	138	288	455	170	558	468	573	350	529	142	15	94	80	224	448	73	21	204	147	38	546	335	51	291	451	521	323	549	198	107	46	150	330	240	577	147	561	330	114	576	502	433	281	326	450	76	336	387	321	515	101	563	87	445	36	399	12	279	179	308	517	217	162	469	17	70	145	142	193	372	438	363	323	35	81	0	427	247	134	490	80	59	300	22	268	64	182	493
383	470	337	474	483	195	53	447	433	490	300	31	97	124	83	314	111	432	90	78	305	12	22	121	262	494	455	72	384	256	406	352	142	187	387	316	376	120	416	582	222	26	161	162	264	110	578	556	238	113	285	398	423	149	76	248	159	237	76	169	457	279	488	25	404	161	361	369	394	128	468	563	579	505	347	32	329	360	164	201	230	248	299	421	172	64	534	420	0	54	374	326	52	260	124	252	440	192	120	350
380	415	30	455	511	207	288	193	358	210	111	235	382	45	264	332	263	580	190	321	70	127	96	143	207	308	415	171	446	433	30	510	430	45	298	575	92	404	119	155	131	387	355	197	440	303	110	123	161	49	231	119	520	266	287	446	55	538	457	414	49	506	448	475	301	248	294	47	51	299	243	54	511	244	557	45	47	118	471	475	304	26	215	293	53	233	359	37	175	0	257	434	407	289	516	441	298	469	367	365
83	355	110	435	216	567	404	581	463	139	73	250	18	88	548	568	424	437	327	467	130	53	69	445	555	43	169	471	313	353	497	240	459	425	579	126	351	570	199	511	188	414	74	466	490	146	181	373	312	510	85	251	515	317	348	428	22	508	369	357	456	57	263	156	177	520	87	400	129	319	292	57	229	427	142	109	78	19	540	14	458	411	571	13	266	291	99	73	258	250	0	265	17	415	4	506	337	190	180	385
332	82	175	93	579	19	59	183	191	364	551	91	462	419	112	584	369	368	547	261	160	407	229	328	22	165	584	579	376	581	349	577	427	299	396	100	285	277	453	572	566	320	238	7	480	267	123	138	258	134	272	5	114	22	103	100	285	316	253	205	523	90	170	68	346	475	418	517	233	130	324	255	541	557	337	195	447	559	215	33	459	462	164	503	196	431	285	576	493	541	426	0	525	241	276	356	549	193	17	166
10	174	426	546	268	494	495	170	174	196	302	100	171	547	494	252	207	201	254	71	309	196	578	327	449	29	146	134	318	114	73	464	265	420	334	125	92	155	463	580	30	271	366	118	19	127	140	204	545	96	551	565	525	557	541	345	295	202	265	573	517	281	408	356	497	368	361	33	187	211	472	455	349	551	540	493	143	279	134	364	489	565	147	457	556	336	211	216	340	52	469	479	0	307	504	443	570	26	272	529
190	77	1	72	556	106	205	65	88	407	136	167	576	175	75	574	151	402	31	369	389	118	362	199	245	74	115	349	121	118	285	272	518	52	92	361	273	235	17	127	407	88	3	413	378	233	171	329	585	434	1	78	488	203	249	403	131	323	423	426	183	419	342	108	477	314	238	388	493	21	20	188	561	412	386	186	546	480	270	329	95	346	125	437	429	553	510	137	61	221	125	223	84	0	383	550	182	231	77	353
487	440	59	219	82	509	44	48	509	175	498	4	389	20	392	86	571	245	482	249	503	99	81	315	162	534	114	462	130	191	37	490	310	450	137	212	120	9	244	219	502	508	15	22	49	10	81	126	472	19	483	494	405	538	343	261	213	408	205	270	202	1	266	207	11	541	435	441	241	56	364	63	137	436	99	379	72	44	357	290	3	180	579	305	136	333	362	237	456	225	423	127	371	110	0	474	577	482	41	372
154	168	375	261	576	246	157	247	222	146	166	433	173	551	250	435	148	283	295	532	307	492	530	399	223	176	100	102	203	376	246	517	156	193	338	249	449	35	355	377	151	567	518	567	175	432	549	366	190	113	479	196	554	184	22	540	440	387	383	111	459	24	208	127	95	301	386	530	379	197	112	31	296	65	11	149	299	135	494	516	384	163	268	480	208	228	447	389	133	58	25	516	149	307	507	0	368	320	458	278
470	424	535	25	525	147	520	518	136	124	507	344	531	253	56	22	77	415	164	354	511	348	531	8	555	215	354	333	168	126	565	192	583	71	62	460	512	311	346	301	364	301	61	549	439	552	8	438	31	139	546	30	8	45	298	147	115	313	379	549	458	344	233	64	373	34	59	565	578	537	508	255	1	283	121	120	456	462	188	561	271	380	314	331	260	509	551	339	177	315	488	323	578	159	290	150	0	43	449	11
107	387	489	543	433	581	204	203	563	16	371	223	411	484	400	239	109	80	230	240	27	432	128	156	192	68	327	63	528	210	577	177	302	61	551	393	545	233	544	110	411	195	78	55	482	448	361	323	373	83	29	553	264	28	473	1	135	365	139	346	18	445	163	133	197	420	413	319	550	267	60	64	492	75	505	222	549	392	61	422	256	135	262	373	221	252	515	290	51	242	89	426	247	4	83	390	228	0	567	420
446	59	69	545	168	5	135	34	158	30	298	509	180	117	256	242	297	301	284	18	189	133	329	480	564	156	65	55	68	544	535	387	336	246	212	350	262	191	77	500	84	55	337	36	46	224	368	481	317	78	240	93	4	465	125	156	28	427	322	214	312	525	300	322	181	487	403	212	493	542	462	578	118	112	363	517	182	170	205	4	178	123	445	73	111	517	255	462	389	139	147	540	395	305	469	482	285	224	0	568
340	400	191	447	83	156	438	273	84	310	373	228	344	29	361	466	77	409	217	405	326	152	140	96	516	567	283	376	268	527	399	361	324	534	318	476	262	36	463	145	54	305	584	408	510	174	224	407	164	328	63	246	562	492	22	37	115	500	537	154	59	246	231	134	400	126	582	144	226	80	114	390	150	242	218	143	284	449	318	356	306	312	10	497	207	394	185	418	538	241	188	22	395	222	138	163	143	456	464	0
