A	B	C	D	E	F	G	H	I	J	K	L	M	N	O	P	Q	R	S	T	U	V	W	X	Y	Z	AA	AB	AC	AD	AE	AF	AG	AH	AI	AJ	AK	AL	AM	AN	AO	AP	AQ	AR	AS	AT	AU	AV	AW	AX	AY	AZ	BA	BB	BC	BD	BE	BF	BG	BH	BI	BJ	BK	BL	BM	BN	BO	BP	BQ	BR	BS	BT	BU	BV	BW	BX	BY	BZ	CA	CB	CC	CD	CE	CF	CG	CH	CI	CJ	CK	CL	CM	CN	CO	CP	CQ	CR	CS	CT	CU	CV
0	171	232	300	199	96	122	292	32	194	30	102	40	149	322	86	327	173	122	16	212	5	184	83	89	97	189	180	21	4	63	198	342	202	254	44	73	22	178	174	167	186	32	286	308	95	45	39	55	282	191	223	26	213	129	171	247	67	297	132	103	19	123	327	30	342	259	234	170	285	306	215	234	209	44	70	212	264	341	133	269	154	7	30	108	59	16	296	327	293	233	154	184	195	330	4	73	279	80	1
256	0	307	305	52	123	27	202	235	27	130	93	225	41	2	305	48	134	34	139	127	239	81	343	38	140	285	255	79	32	137	253	138	302	202	148	120	105	203	10	49	113	236	322	195	239	238	13	327	29	203	211	27	46	328	228	60	333	21	28	63	1	291	264	235	12	93	20	311	128	28	293	186	160	199	159	13	173	46	343	268	49	300	45	50	91	137	159	267	149	255	291	90	144	214	109	3	337	256	12
203	12	0	83	245	184	219	60	247	78	75	286	197	149	84	155	135	93	263	90	301	256	160	110	109	301	61	88	154	243	281	7	196	46	157	327	205	291	253	244	244	281	118	28	42	293	28	65	124	292	255	80	307	214	258	137	236	164	226	160	104	76	292	59	187	269	244	322	257	25	166	307	262	135	271	34	268	61	255	337	230	201	268	319	144	261	65	123	322	186	341	218	288	16	300	31	23	10	74	86
172	243	5	0	228	134	20	9	225	49	217	333	271	73	119	261	279	235	342	288	313	213	303	159	284	226	118	110	116	52	108	277	138	307	220	68	322	237	291	280	216	283	115	161	341	226	130	317	60	83	57	228	115	78	292	119	115	95	18	320	303	198	308	188	32	50	330	250	127	82	328	15	102	262	265	101	112	322	116	214	322	8	6	265	235	32	17	183	165	239	191	64	125	238	202	98	130	232	4	258
303	94	285	248	0	216	151	188	141	203	255	102	263	317	289	186	174	306	30	325	291	107	274	62	162	332	38	177	199	247	32	27	341	310	325	254	15	324	341	78	212	255	257	214	333	197	243	337	171	189	334	264	282	218	152	131	117	109	263	111	210	294	335	215	22	264	165	50	327	335	269	100	249	194	185	226	255	266	322	244	189	78	314	214	4	295	196	185	296	315	28	169	122	102	215	162	235	333	333	295
272	91	203	90	286	0	45	302	266	148	23	259	48	88	205	206	35	174	65	121	258	180	231	14	294	31	61	211	164	276	212	271	49	267	211	73	105	282	88	105	102	198	8	54	169	170	126	75	40	226	10	13	121	241	163	208	4	155	248	20	182	24	301	272	12	210	177	331	168	37	298	70	181	305	20	271	247	234	58	332	250	335	196	53	1	176	152	9	179	259	175	11	23	125	170	98	60	259	317	118
43	49	195	38	117	307	0	293	37	138	286	196	25	146	321	325	289	227	2	70	184	265	101	286	2	138	48	16	234	198	262	221	112	163	290	259	19	221	307	99	214	156	260	310	244	171	177	338	43	181	231	208	217	192	259	90	164	161	226	296	224	40	43	256	146	194	328	167	208	331	192	322	124	124	55	35	280	100	106	116	308	166	302	210	296	91	267	194	51	301	291	49	152	163	87	102	124	221	128	148
283	330	145	229	181	213	272	0	150	25	54	180	200	262	113	281	227	252	85	259	201	20	75	236	223	231	128	259	278	291	241	174	36	269	230	48	93	251	85	197	341	47	115	320	319	102	77	62	59	46	79	113	272	104	107	220	143	237	328	136	187	336	128	131	319	329	1	273	8	131	247	117	189	45	247	212	60	253	143	257	133	299	39	326	159	161	90	144	32	111	62	250	247	280	26	140	256	39	29	118
340	289	165	231	172	259	270	299	0	61	214	322	94	274	124	116	20	35	241	246	247	326	32	92	205	294	275	314	151	113	22	98	130	142	86	99	93	31	104	272	286	274	324	148	116	285	271	173	24	143	247	321	224	120	35	326	157	308	32	125	61	21	298	191	262	127	210	8	121	19	294	217	219	111	78	182	258	138	131	73	5	248	134	135	322	326	252	146	99	65	301	115	71	113	157	95	217	43	61	41
321	225	66	314	188	116	162	247	96	0	150	157	246	92	59	224	64	59	139	342	188	116	118	88	6	61	276	181	79	60	175	33	197	284	264	144	115	17	61	120	121	120	84	331	334	142	139	42	245	60	24	316	256	325	124	127	231	275	217	298	72	84	92	29	327	151	38	338	138	6	192	169	175	138	295	154	134	85	39	166	176	294	183	302	17	337	31	40	162	332	258	325	230	314	280	103	307	145	319	173
222	85	183	223	243	229	85	85	305	279	0	63	232	136	17	11	99	16	196	223	276	326	314	135	335	324	52	7	150	249	205	324	13	334	258	296	312	306	73	103	16	36	210	83	98	198	72	120	57	59	277	145	28	299	181	232	57	127	140	136	312	257	249	121	151	271	318	254	188	225	195	292	59	1	255	156	125	42	140	269	313	58	71	38	70	111	167	68	138	83	144	281	49	331	247	68	98	122	99	184
35	114	37	192	23	65	241	175	337	274	248	0	32	170	68	23	110	151	173	201	42	89	238	3	150	261	258	169	28	29	49	7	22	208	175	313	119	194	145	320	97	130	127	322	219	101	60	216	134	163	80	301	214	13	333	49	313	309	317	228	87	244	220	195	104	160	21	185	111	240	325	19	171	99	284	228	189	14	223	65	52	59	176	22	259	49	112	36	110	256	233	320	150	314	172	65	33	206	317	58
274	6	190	233	97	91	206	36	281	123	159	28	0	28	133	251	132	27	24	321	180	65	252	229	299	180	66	197	172	211	154	338	237	259	287	3	95	110	62	240	202	229	318	45	229	65	278	251	65	24	331	320	29	99	196	307	249	272	164	277	31	20	197	211	1	16	205	108	252	25	312	308	43	19	32	195	340	124	240	5	59	19	157	235	18	96	287	186	55	9	298	226	217	165	108	87	43	302	296	253
294	221	271	8	39	219	241	290	124	148	104	318	164	0	176	91	226	41	164	316	253	207	105	249	22	277	20	130	108	259	135	237	235	324	3	12	258	89	167	302	303	150	93	125	329	92	27	55	231	279	42	183	173	58	248	225	229	16	330	114	228	157	199	322	131	277	195	146	39	69	146	215	268	263	117	79	242	22	188	252	321	249	310	306	41	338	93	101	244	60	182	168	243	195	223	272	124	194	277	179
149	136	158	252	85	187	106	17	147	170	246	323	153	63	0	93	136	256	49	201	115	92	112	56	177	2	243	173	190	225	45	281	259	61	136	258	198	62	197	61	152	314	231	135	84	170	47	226	143	280	168	92	342	63	275	162	71	335	38	286	263	282	45	122	273	111	329	246	123	142	75	289	17	235	9	103	331	7	176	303	19	288	304	280	227	246	151	10	22	215	58	252	147	81	80	214	46	107	109	151
17	314	233	224	287	200	251	308	157	99	87	336	297	315	147	0	130	15	83	59	187	5	36	111	35	275	123	90	36	197	128	231	268	191	239	233	100	201	33	333	119	226	256	301	274	133	152	154	141	173	326	149	204	325	121	340	155	231	83	308	115	63	228	118	72	111	125	299	286	225	185	23	87	329	230	109	324	56	77	337	340	316	337	255	105	311	103	138	107	131	193	135	251	291	29	92	342	169	21	30
284	78	218	114	255	144	255	229	25	183	28	305	50	191	248	198	0	222	165	247	185	178	302	156	181	307	125	248	134	118	293	114	117	252	101	184	249	306	233	314	153	224	303	279	77	134	72	286	332	68	289	235	299	94	40	55	297	254	91	13	288	270	81	276	105	47	145	230	160	31	176	317	46	261	312	38	43	288	37	122	142	110	164	163	38	205	307	5	288	162	156	63	175	158	127	206	254	137	20	300
312	60	199	83	119	186	297	95	148	6	316	111	259	263	37	101	288	0	314	105	228	328	198	82	18	43	64	204	141	247	40	120	176	80	11	118	194	162	123	252	79	164	166	69	206	163	129	322	194	193	244	326	119	52	131	83	153	179	167	150	303	242	285	141	13	166	11	14	201	299	177	317	232	50	100	114	66	307	156	315	42	260	276	248	228	341	123	26	98	129	176	106	166	12	116	314	169	21	168	99
322	228	81	118	233	304	243	114	33	313	70	111	165	335	308	24	102	184	0	31	37	197	314	251	342	293	191	162	38	40	281	246	271	95	142	301	170	300	42	202	215	274	136	17	277	231	170	304	246	57	234	170	99	77	136	321	287	278	38	213	39	117	141	258	225	70	20	185	174	340	262	124	320	31	223	227	98	253	76	229	215	106	4	263	2	13	341	77	240	210	23	298	154	315	87	250	329	129	325	110
119	231	289	134	291	152	84	89	246	137	225	82	147	41	49	63	79	312	184	0	176	233	285	55	235	314	19	174	265	41	245	146	212	158	199	325	277	114	213	92	337	201	19	37	33	17	239	157	59	109	263	329	78	51	335	19	99	148	80	16	224	249	274	7	116	154	208	266	74	335	162	288	28	341	167	195	204	304	112	312	89	116	295	179	145	202	315	275	78	49	16	292	196	72	50	126	334	24	218	341
157	50	278	145	338	321	68	190	8	298	211	201	71	310	275	302	280	148	273	277	0	6	248	157	187	123	104	94	69	108	50	250	282	318	321	187	333	8	283	328	170	280	277	283	132	96	204	120	289	12	175	253	328	39	96	45	244	62	11	259	225	313	300	282	283	44	221	268	21	51	313	329	48	287	157	233	182	224	88	54	217	298	147	323	269	171	234	179	231	244	189	266	101	237	37	279	63	2	301	333
37	112	324	37	28	142	127	332	202	51	67	90	13	8	255	70	55	258	106	3	206	0	283	154	90	312	259	250	87	294	54	195	213	311	301	38	298	319	298	245	178	33	189	49	101	222	162	110	191	156	3	75	12	169	303	22	219	100	135	100	169	59	22	318	276	166	53	303	326	278	315	6	9	146	143	57	39	304	283	120	288	318	156	138	294	71	248	82	108	10	285	106	135	194	65	124	315	259	178	169
266	90	225	243	165	238	305	194	83	192	50	93	194	43	129	14	290	274	280	294	279	159	0	78	203	265	129	262	40	82	142	73	26	46	187	141	304	121	241	178	45	105	229	154	329	25	125	211	194	144	282	102	140	119	327	296	66	36	201	338	141	249	112	67	240	321	147	164	105	130	206	34	51	167	161	231	251	313	59	49	132	279	53	316	140	64	171	220	283	126	251	50	222	150	243	305	245	260	292	328
41	99	84	296	331	57	51	304	12	299	54	127	180	312	29	19	116	22	221	248	22	122	114	0	281	31	7	240	29	229	292	95	155	146	299	331	143	164	158	47	76	307	245	65	59	302	76	74	157	97	338	211	338	157	70	58	275	155	221	224	188	283	219	60	255	281	277	312	254	111	221	157	108	104	7	332	8	207	265	35	265	314	62	10	241	333	274	14	127	286	101	151	272	116	168	163	20	217	45	132
217	53	294	101	108	64	155	195	192	92	334	130	266	236	175	219	261	136	24	248	93	30	219	293	0	131	12	3	317	9	76	96	218	48	159	247	196	193	281	147	226	58	122	105	16	227	165	285	13	277	313	53	188	117	343	337	243	23	41	165	128	337	244	106	41	33	107	19	199	239	329	153	149	129	56	120	249	295	124	124	82	230	58	99	65	39	7	243	182	247	289	152	179	327	281	260	316	159	89	285
216	325	162	161	332	333	246	92	173	178	24	328	201	166	13	139	143	288	337	187	197	326	282	1	36	0	237	236	127	95	300	189	151	286	298	323	147	48	261	99	180	210	89	283	212	114	278	39	67	86	77	166	217	162	271	122	246	329	187	39	82	308	337	76	12	213	93	184	26	317	144	2	234	104	104	291	126	167	260	245	238	297	273	316	85	14	106	171	77	115	121	319	6	9	64	218	277	37	82	68
46	10	33	182	286	226	282	318	45	70	199	311	105	110	201	21	263	27	336	274	180	324	307	199	52	266	0	75	155	69	156	284	157	247	132	271	319	239	33	180	71	132	108	48	102	145	55	137	107	157	316	146	206	154	5	313	193	248	106	222	302	13	318	182	295	278	54	299	25	332	327	95	164	128	313	129	341	17	241	288	102	339	32	90	321	70	248	235	6	139	111	15	221	163	150	310	120	262	254	87
302	49	270	184	15	210	125	15	316	127	110	186	233	233	205	221	203	163	43	320	314	48	223	210	340	269	5	0	290	273	129	286	259	121	248	50	249	116	94	225	150	246	177	235	143	158	133	159	158	228	105	299	95	278	1	232	197	105	166	146	276	250	311	275	60	68	273	39	262	168	256	335	89	12	290	326	257	113	264	191	58	156	248	125	50	34	315	266	67	300	294	14	330	332	92	225	57	53	38	184
205	85	61	304	198	178	246	220	120	42	180	208	266	272	273	220	45	61	36	116	303	10	5	187	224	144	225	107	0	186	288	31	248	214	281	106	295	30	183	185	337	68	324	111	128	13	109	105	335	227	72	68	92	338	177	85	147	291	45	18	45	6	30	147	267	147	23	44	199	36	239	93	36	6	285	123	321	97	74	189	122	16	257	44	153	115	223	311	115	216	165	147	47	231	314	108	332	136	36	219
274	101	27	103	133	103	279	130	231	320	118	167	153	166	188	290	329	337	75	332	232	184	78	321	32	322	232	324	261	0	97	164	66	157	285	1	86	90	9	305	260	4	21	60	318	201	340	208	42	228	325	163	164	334	63	169	8	149	297	329	81	39	159	108	322	331	266	78	177	202	322	306	2	296	163	343	68	134	6	197	72	144	172	323	48	223	297	50	262	301	175	76	246	207	252	245	158	223	292	331
117	213	274	131	40	205	84	240	162	285	68	189	321	135	271	71	303	214	96	234	20	12	154	120	259	90	77	87	4	140	0	31	334	178	141	331	299	342	78	260	253	87	294	249	276	32	316	287	67	46	45	187	179	125	30	205	197	237	253	332	207	151	329	226	135	1	328	258	153	337	290	285	250	292	13	45	304	321	29	67	47	139	282	189	257	156	132	11	288	277	147	156	152	212	147	278	220	101	265	198
152	12	96	267	197	40	211	52	188	73	133	300	16	134	232	96	330	139	244	90	216	31	135	238	138	74	343	65	197	294	343	0	229	249	57	109	147	308	9	215	156	109	164	221	139	36	218	336	317	138	198	121	230	119	254	323	101	285	338	336	246	16	49	54	192	158	6	29	9	152	313	120	320	320	189	204	320	330	289	177	198	236	331	311	128	4	212	130	40	110	115	114	64	98	246	40	177	120	225	117
6	207	96	157	19	185	136	224	268	259	312	124	177	114	55	105	157	265	216	308	331	343	305	284	324	340	82	192	90	17	63	23	0	330	317	330	6	326	79	216	206	276	327	152	310	241	62	204	177	208	214	218	111	50	325	96	306	202	126	192	145	303	238	194	109	62	195	90	189	306	330	249	30	115	128	120	81	122	255	125	196	83	253	119	314	125	25	338	136	314	22	45	282	164	49	61	207	245	162	119
205	170	62	24	74	328	270	275	75	92	235	343	16	132	309	224	339	177	76	61	334	243	124	266	122	277	82	168	271	65	108	174	110	0	97	175	65	273	85	73	203	285	206	327	312	122	213	77	108	244	220	24	69	10	65	35	282	282	160	13	330	24	128	120	11	97	144	243	237	41	201	249	284	44	265	180	95	140	334	113	65	90	26	172	171	316	280	243	89	37	18	210	166	116	290	319	30	32	114	212
226	336	299	116	119	56	263	182	225	19	226	139	153	218	294	114	289	67	93	126	319	17	264	54	162	256	219	302	221	137	43	53	85	229	0	218	196	113	50	301	172	37	53	287	308	9	325	146	165	65	47	53	172	48	183	336	71	43	27	19	183	55	211	134	240	145	65	275	319	267	45	255	87	210	232	76	19	22	260	274	286	317	309	282	326	37	263	84	172	281	315	177	285	324	98	124	42	78	284	97
11	244	205	299	54	298	225	318	269	199	265	21	323	71	39	93	189	320	157	166	16	230	301	310	215	282	336	112	70	320	337	205	239	291	254	0	154	233	44	58	232	11	280	43	33	181	232	185	251	184	335	56	70	140	182	151	263	328	228	101	276	297	248	207	306	22	144	244	68	335	112	44	105	131	225	118	203	277	186	175	223	266	251	54	302	166	314	264	20	237	290	108	278	11	273	299	283	65	234	234
264	96	54	272	176	214	234	199	49	215	274	134	280	108	185	229	54	109	164	320	105	60	329	195	199	52	174	299	120	10	62	327	296	312	270	121	0	182	97	135	151	107	145	73	38	197	18	74	58	188	205	247	258	231	124	32	68	312	63	236	196	265	28	224	33	78	64	276	141	21	70	319	81	130	6	62	31	94	256	328	138	139	293	185	100	137	302	198	330	258	255	79	130	9	47	116	68	173	73	179
6	163	95	107	26	20	121	235	326	1	35	98	75	248	125	143	259	246	51	179	199	233	241	91	163	226	123	119	175	67	323	116	334	238	122	36	58	0	132	166	263	176	137	339	183	234	88	78	239	185	336	279	111	143	314	320	209	317	238	160	305	331	216	200	331	53	7	263	242	220	170	199	336	325	27	343	222	223	17	222	262	76	76	224	36	30	329	48	39	27	250	137	169	44	175	277	334	51	313	60
192	175	116	34	223	212	11	323	310	22	285	31	314	318	33	80	103	173	227	69	36	163	308	24	236	108	272	83	190	12	6	147	37	304	193	284	271	236	0	269	9	297	45	35	122	97	72	51	225	249	282	234	129	259	67	336	187	302	173	265	28	145	104	237	92	105	190	297	144	208	127	315	4	118	126	288	186	71	52	165	80	113	195	262	21	201	239	218	281	322	120	295	207	99	334	122	151	33	134	337
338	243	212	95	10	313	198	56	81	255	140	295	49	12	232	259	170	173	318	268	177	199	215	174	111	149	39	286	148	1	245	268	273	230	167	301	14	188	228	0	331	100	188	269	162	115	269	24	80	335	209	54	269	315	249	213	24	297	126	83	244	315	55	132	86	183	253	249	44	161	175	281	24	83	41	180	334	99	150	127	310	77	338	307	2	229	103	196	76	27	34	101	283	113	314	265	273	168	249	89
186	22	38	137	40	319	224	175	57	306	83	179	227	183	68	294	174	102	175	88	136	100	96	36	273	176	270	91	160	35	204	42	38	170	254	26	226	295	305	212	0	339	180	70	301	47	266	43	256	260	99	239	228	129	315	311	290	322	264	337	310	177	146	13	82	122	215	272	275	36	86	71	295	239	169	147	128	261	65	215	71	309	32	135	131	154	12	106	24	20	9	35	22	273	285	90	116	121	14	30
237	286	174	202	320	333	185	237	256	54	155	44	193	34	113	46	220	318	172	20	299	241	255	328	300	81	206	3	302	136	218	52	282	41	244	313	243	212	284	192	54	0	176	1	254	29	108	172	188	69	298	138	156	225	257	329	219	276	291	133	98	257	228	16	98	136	266	143	199	232	266	2	200	239	250	33	24	110	115	90	223	159	145	275	3	143	320	144	206	291	65	2	105	204	310	337	82	182	71	156
18	116	230	91	63	313	63	74	304	58	167	145	217	256	68	259	340	52	300	292	115	84	31	233	101	90	114	214	107	216	182	136	197	231	151	157	148	205	101	109	324	206	0	168	343	250	301	221	307	290	267	183	36	165	89	282	163	202	164	159	327	263	202	141	117	272	235	213	129	115	167	236	249	17	274	342	86	286	138	146	257	333	90	323	297	340	146	172	82	192	246	119	59	6	340	276	37	74	298	188
85	313	256	313	38	179	343	16	149	322	243	223	109	340	55	26	94	106	251	56	61	330	51	225	142	338	214	267	104	339	305	280	26	209	132	311	169	171	262	186	97	143	241	0	59	81	77	243	29	251	12	303	128	181	24	253	59	200	106	286	85	325	15	5	276	18	268	27	256	28	32	293	35	15	290	143	34	219	268	213	127	313	54	217	92	9	215	337	25	312	201	240	207	141	89	46	324	39	83	196
87	295	119	208	285	92	128	161	340	147	319	82	338	280	285	47	312	242	39	1	70	166	74	282	136	108	316	138	242	74	90	122	197	49	64	114	292	31	60	27	271	33	109	107	0	255	114	220	280	224	144	127	331	118	287	67	171	125	192	144	76	27	313	202	313	206	81	73	210	296	40	50	184	251	274	300	322	90	328	34	186	329	117	306	195	133	181	45	323	183	264	106	121	221	172	294	299	63	114	105
236	57	1	307	90	314	136	321	180	6	129	274	256	245	211	148	269	208	83	161	27	121	335	5	91	290	341	102	298	104	259	169	177	135	39	110	299	4	118	113	51	259	237	82	145	0	191	248	58	153	204	319	212	103	243	62	234	170	188	86	89	42	310	4	263	139	146	25	249	174	158	332	33	125	171	114	236	238	21	100	168	210	16	6	297	69	16	190	270	329	101	187	20	266	260	203	104	51	76	315
300	133	150	82	61	195	254	146	199	77	35	42	85	233	108	207	299	213	16	321	247	51	97	343	316	161	326	65	248	296	294	60	12	33	287	136	195	239	145	14	32	12	67	79	53	168	0	86	225	327	22	340	286	278	106	324	46	143	300	234	295	146	285	88	99	258	314	176	276	247	248	21	317	249	16	8	177	205	285	182	21	285	179	48	6	88	65	255	157	34	173	26	183	274	85	335	188	128	301	6
9	61	278	17	128	294	268	127	79	115	78	152	150	127	173	199	75	88	289	276	94	224	14	342	233	84	66	325	316	71	240	174	207	126	328	94	2	91	34	78	123	178	178	159	338	233	263	0	182	223	104	200	119	193	249	308	266	240	132	196	195	180	162	44	293	199	93	264	194	64	8	235	231	100	317	74	33	66	22	49	19	138	231	302	52	305	99	334	5	138	98	88	292	174	272	98	257	268	289	215
330	175	268	72	276	44	69	84	206	292	55	171	300	47	150	139	245	208	261	58	75	144	138	248	205	109	73	144	5	343	186	23	233	40	147	45	264	199	97	45	142	212	28	72	216	95	263	258	0	269	340	148	169	169	41	57	280	223	136	247	117	151	269	306	343	327	325	136	283	98	50	77	301	341	251	231	67	199	197	146	175	204	290	189	290	238	166	159	76	212	211	218	115	81	283	78	203	292	335	10
237	127	128	304	93	1	219	216	74	331	13	50	105	254	191	336	191	102	272	220	142	119	267	258	309	171	10	147	300	251	244	119	265	68	129	204	341	292	86	17	129	21	340	325	305	18	99	49	219	0	312	324	144	83	192	166	235	195	259	336	141	24	328	76	145	222	108	304	284	82	40	191	58	204	294	97	224	317	315	189	155	14	168	47	18	228	85	240	209	272	342	260	124	104	58	107	123	6	323	182
316	212	261	217	302	284	121	231	143	311	100	293	260	100	281	279	166	13	1	7	33	319	140	83	249	272	236	68	265	86	298	333	89	295	313	296	159	37	234	64	15	149	322	240	266	253	241	143	165	131	0	176	80	26	192	235	339	73	297	328	272	336	37	34	161	128	327	184	311	66	10	193	96	108	102	233	322	153	327	80	74	301	324	290	233	176	277	98	177	83	218	59	207	325	205	331	57	143	118	60
61	205	170	22	100	154	171	61	248	65	292	46	2	330	143	247	25	182	157	167	269	51	8	116	289	8	21	60	155	317	154	138	98	298	160	78	235	180	333	99	112	165	265	323	106	226	292	131	217	306	281	0	94	179	162	301	304	305	142	98	303	186	294	339	330	44	279	243	130	288	177	17	205	58	86	61	35	231	23	36	118	127	149	315	309	224	23	158	337	288	197	276	231	30	118	184	318	341	299	96
97	19	340	181	211	290	75	279	176	284	19	82	64	214	321	114	338	171	151	210	312	316	316	58	185	328	49	106	113	213	233	300	331	291	204	64	116	86	279	14	152	101	199	311	310	268	106	15	252	224	225	95	0	169	103	312	337	332	196	286	199	238	335	57	39	271	252	94	24	342	185	67	141	97	233	111	163	262	59	58	232	26	260	339	99	265	88	173	338	83	175	328	267	147	93	256	158	159	202	289
243	105	22	241	104	171	164	95	288	27	269	88	306	138	120	92	155	66	253	244	207	129	151	242	120	290	86	8	285	218	308	26	335	41	20	274	224	32	123	3	23	43	113	94	88	228	84	163	128	55	222	244	42	0	333	253	229	289	281	135	219	233	214	211	335	76	326	285	21	158	43	100	339	195	137	259	69	185	285	63	243	334	292	223	331	73	174	320	311	156	174	252	219	207	33	21	199	138	29	306
141	4	335	259	133	82	63	297	16	96	171	96	322	261	326	3	212	264	167	250	188	89	119	62	316	234	127	277	170	218	118	76	58	309	4	60	188	177	26	29	231	142	258	106	282	186	208	324	326	45	310	34	75	185	0	205	41	98	95	43	33	284	17	333	197	281	227	318	179	126	139	336	206	156	260	88	84	55	335	43	266	245	23	196	141	149	162	212	193	331	184	227	75	223	109	322	269	27	44	271
292	253	52	35	277	53	134	17	334	2	76	24	8	295	215	45	231	204	165	87	277	244	85	142	94	141	46	221	26	149	61	26	140	37	232	208	195	275	32	95	58	30	161	19	205	186	43	72	154	172	336	257	52	35	108	0	212	342	119	334	104	248	8	91	104	63	249	93	149	138	32	264	311	161	336	288	261	166	70	8	312	292	9	151	285	31	230	240	256	29	308	242	31	167	1	68	326	125	26	1
304	155	130	312	42	146	150	327	98	267	43	83	53	323	220	124	292	195	94	216	5	63	21	59	104	223	337	336	45	24	152	284	183	240	1	337	18	128	331	334	217	12	159	278	319	116	51	102	320	288	219	191	283	235	306	118	0	269	143	97	245	176	297	66	111	329	24	301	189	236	293	31	52	55	216	321	91	176	102	179	154	153	13	321	92	267	207	9	224	204	273	88	36	213	57	182	226	311	48	173
133	269	286	106	237	276	170	191	245	340	102	231	272	313	160	11	161	95	192	125	335	192	206	300	41	18	4	19	118	21	208	308	328	210	19	299	184	22	310	270	214	282	8	82	57	148	223	124	27	172	240	78	127	20	91	63	75	0	268	264	177	72	290	230	309	319	183	13	13	308	72	201	202	325	9	306	247	243	116	211	106	134	227	270	140	166	5	10	248	90	113	125	262	20	163	294	170	261	322	206
316	39	163	73	184	28	85	43	147	218	215	338	171	270	180	65	71	228	12	217	239	229	190	137	136	126	7	272	213	135	218	49	72	9	87	126	34	173	292	6	252	269	69	9	198	36	80	165	77	305	94	65	268	100	113	265	340	165	0	34	61	275	206	293	96	333	241	61	25	74	275	14	195	150	295	183	208	189	337	41	110	209	162	35	174	117	220	276	327	180	97	324	177	64	30	286	255	155	45	158
185	36	127	119	295	320	3	85	260	99	106	241	38	251	275	322	211	46	40	210	96	337	37	234	294	88	327	197	337	108	39	144	110	241	20	14	42	103	253	253	335	310	263	219	220	139	173	116	125	148	275	264	104	125	207	10	116	5	179	0	66	91	193	49	207	299	83	210	224	252	300	14	51	237	200	110	134	1	254	80	240	100	6	127	138	299	224	71	314	246	174	323	339	222	113	50	337	116	198	125
308	78	56	153	131	283	191	15	212	284	293	328	301	312	156	105	166	187	272	194	306	314	35	239	311	133	60	48	100	129	284	140	245	27	246	62	276	9	210	86	321	271	199	82	163	111	178	91	332	119	342	95	188	96	317	226	24	333	240	154	0	42	199	74	256	109	313	210	120	328	236	312	218	182	249	1	139	236	68	141	181	107	214	195	100	265	181	233	119	117	89	177	199	199	46	337	177	101	229	121
205	90	321	55	199	204	188	45	167	209	98	88	20	143	246	55	140	2	304	98	117	3	62	106	190	58	116	146	215	146	91	80	272	64	317	249	273	262	57	17	226	166	90	131	190	284	146	222	147	84	253	93	226	330	142	142	258	191	3	58	170	0	213	282	306	39	112	125	233	83	107	234	265	219	55	236	199	57	263	313	221	12	313	73	51	62	101	103	321	317	121	5	24	283	336	113	238	84	6	123
267	308	30	163	241	259	161	37	253	120	260	316	300	141	120	126	122	252	100	319	271	84	256	11	218	3	319	135	236	98	70	275	179	188	241	17	249	114	315	269	234	191	49	116	216	233	147	172	342	112	102	128	71	331	312	23	222	112	314	91	103	160	0	10	228	258	196	333	117	171	332	242	277	152	259	73	25	291	89	118	27	311	187	206	192	120	11	155	245	245	2	49	159	239	309	213	54	295	246	193
221	303	141	120	57	290	200	92	215	288	33	46	317	182	195	300	36	142	33	110	71	339	116	200	136	101	323	248	64	43	251	132	17	340	3	136	224	300	299	161	90	85	282	89	226	38	196	86	139	319	95	73	234	250	126	302	308	29	146	94	68	211	246	0	290	283	84	149	183	210	90	188	226	130	302	245	274	79	216	288	73	112	95	38	270	56	257	134	174	28	297	151	239	194	331	234	259	206	5	22
291	161	99	112	82	8	278	181	339	97	138	241	259	276	159	198	5	85	31	29	85	205	53	110	255	290	289	63	281	38	267	206	68	148	26	210	253	158	43	292	226	15	100	338	92	82	96	150	331	336	279	131	272	300	22	239	159	78	196	182	83	194	167	247	0	199	156	101	143	157	112	217	324	339	88	238	173	318	22	313	297	257	70	260	107	106	14	161	318	273	279	39	280	270	249	228	237	283	285	51
128	241	159	304	21	190	290	182	163	117	176	164	309	204	111	234	113	241	11	181	294	104	152	66	92	140	23	303	62	107	186	208	204	197	243	279	270	278	155	313	27	62	227	340	8	314	249	104	155	46	109	232	64	179	228	181	75	201	67	26	322	128	334	173	2	0	21	113	141	265	221	21	297	292	213	336	129	63	220	242	286	110	162	305	180	144	326	96	245	225	339	180	335	79	315	269	332	29	279	287
310	277	241	285	299	168	230	325	331	281	49	306	31	263	274	11	45	31	147	60	133	291	240	26	256	252	1	269	283	250	230	263	165	323	145	316	116	111	159	279	282	273	273	64	151	312	253	129	128	44	229	16	200	312	137	200	337	243	264	311	177	81	31	187	9	233	0	275	55	329	42	58	27	135	298	212	73	244	64	43	35	276	240	229	273	90	91	103	312	131	34	118	141	225	32	324	243	219	31	271
214	81	90	270	197	143	72	156	106	126	255	297	179	314	180	40	111	44	262	37	169	157	140	243	151	187	25	97	152	77	286	63	20	149	195	327	254	299	108	69	149	52	96	97	218	35	191	310	33	78	215	99	59	91	20	28	92	129	295	82	187	274	281	65	146	269	136	0	339	278	168	329	171	270	256	66	143	74	343	169	280	87	254	181	18	274	38	250	46	13	302	277	278	255	305	52	31	61	135	308
4	256	135	89	179	240	8	315	96	208	55	191	117	176	116	314	78	130	239	110	219	65	332	76	136	175	158	238	207	126	137	25	82	275	18	178	153	276	255	57	134	7	63	212	141	312	342	278	144	161	178	44	155	277	22	263	92	249	329	244	13	236	131	330	141	95	267	334	0	18	124	288	338	195	158	144	184	301	24	162	323	141	340	23	318	295	261	189	267	184	14	263	145	111	153	119	186	196	258	182
154	152	265	20	128	296	163	325	206	328	283	124	163	142	23	160	187	290	25	251	190	45	138	161	227	24	236	76	52	203	149	312	225	299	102	105	41	162	292	24	8	248	77	146	141	22	52	143	148	121	166	149	121	260	160	257	113	241	89	93	88	124	322	321	89	245	231	319	317	0	60	152	106	273	157	232	71	49	104	199	94	104	225	10	143	87	133	257	67	243	251	194	265	157	107	211	339	176	5	209
90	95	198	110	182	151	232	77	330	305	290	63	235	33	163	117	245	271	326	169	221	145	188	267	16	198	133	268	43	252	230	279	110	197	269	208	71	157	177	95	240	193	156	97	1	22	151	4	241	188	68	186	297	300	321	91	45	225	37	239	189	278	307	270	220	329	120	319	118	306	0	110	323	215	204	149	82	292	332	335	296	292	192	106	266	332	78	72	99	208	245	134	183	320	38	218	135	278	280	139
66	164	291	86	59	316	227	13	212	45	85	130	307	165	55	325	81	313	150	58	133	150	27	74	309	169	219	42	146	58	278	65	25	100	233	226	282	121	331	141	201	306	262	284	275	262	126	231	14	299	112	140	49	296	283	161	3	23	56	122	324	310	199	4	97	41	174	39	125	13	126	0	278	204	195	124	16	177	169	143	83	343	283	45	61	308	42	249	244	24	97	194	115	328	241	55	67	303	17	126
242	133	253	339	179	160	131	216	48	3	88	120	97	93	172	253	336	11	301	334	341	172	50	290	328	220	51	284	70	283	284	119	307	111	59	95	208	306	272	83	65	149	189	92	37	221	121	170	60	23	316	33	265	248	256	67	342	38	223	208	22	172	124	89	266	118	284	123	277	184	291	260	0	315	187	55	141	224	179	73	118	87	262	130	249	273	139	312	21	258	200	247	152	245	75	114	35	301	332	35
4	230	273	327	132	157	215	226	32	238	197	340	341	205	90	267	298	162	18	38	230	250	294	131	227	117	200	10	180	222	99	297	277	163	147	166	174	315	118	262	261	204	333	313	167	55	298	236	295	126	57	219	265	303	202	281	254	266	36	54	254	132	264	186	256	43	160	128	109	23	71	295	145	0	317	319	275	152	45	204	307	248	302	65	233	160	282	223	302	21	262	25	251	335	179	147	235	168	265	158
46	95	335	122	219	128	136	245	316	136	307	75	309	40	67	257	281	311	99	247	268	238	290	2	181	341	114	289	234	287	305	187	318	145	311	260	247	156	291	17	244	153	155	92	248	166	282	169	78	323	281	101	8	236	21	217	53	76	46	170	43	30	314	105	190	8	151	140	175	281	77	211	226	3	0	69	49	202	186	300	12	196	76	254	311	113	30	102	332	91	189	240	20	60	239	229	110	341	72	62
151	118	317	119	40	301	48	328	7	168	213	341	176	60	109	296	32	145	327	295	250	287	239	133	144	332	111	199	287	340	131	265	232	275	340	214	58	110	78	164	19	47	4	236	136	255	91	283	87	78	51	319	305	223	9	22	65	282	42	17	259	75	220	246	189	52	238	70	119	87	3	156	283	304	98	0	233	312	236	176	139	63	342	207	176	232	333	257	213	287	28	193	24	17	212	124	279	278	213	53
303	318	199	212	207	20	290	20	271	210	300	291	55	71	265	97	50	21	8	152	317	188	27	262	73	180	217	220	283	256	232	152	68	312	24	310	243	210	123	208	140	22	60	202	293	179	37	90	139	140	335	142	277	245	232	174	316	267	92	47	40	189	198	334	38	28	304	292	192	320	117	264	230	312	38	273	0	300	196	307	295	305	3	304	31	113	115	86	336	140	18	140	313	155	76	24	14	243	54	231
301	190	39	283	247	319	140	244	321	332	250	143	36	145	147	9	8	70	284	323	101	16	318	41	87	207	170	89	122	59	99	238	62	341	44	274	36	63	88	185	257	23	342	24	132	315	185	154	327	187	36	60	330	178	310	36	193	21	187	198	89	98	119	110	2	148	82	114	47	342	117	3	122	238	83	19	280	0	273	283	211	337	66	234	282	283	238	7	271	173	227	7	135	193	17	290	333	1	62	230
194	63	26	153	313	261	213	331	18	325	240	307	45	92	181	309	218	298	100	121	28	301	48	343	115	238	22	326	204	28	119	90	148	66	55	217	243	279	209	194	170	324	48	302	77	37	245	185	112	315	165	250	147	110	130	229	204	166	310	134	256	284	37	138	39	253	267	115	60	247	137	304	42	157	161	217	21	73	0	341	28	11	186	294	167	244	195	80	87	114	67	238	73	2	95	149	272	19	278	262
299	320	202	269	166	192	143	169	237	222	162	209	28	259	71	102	335	180	240	176	287	338	210	291	189	269	61	161	339	52	249	9	45	324	103	261	230	173	326	207	236	46	3	105	285	336	260	111	177	6	26	285	24	304	215	211	272	218	278	218	54	323	36	103	213	17	159	299	153	238	97	343	255	9	249	279	284	112	215	0	259	230	141	234	227	163	132	18	57	38	244	189	245	327	189	43	221	255	284	193
133	168	75	83	7	227	277	327	80	93	123	132	331	301	5	250	38	315	213	51	68	116	99	31	121	330	300	333	279	120	271	14	210	153	178	331	314	150	300	146	270	28	136	283	317	305	45	129	176	101	232	291	197	295	107	226	45	294	259	29	137	204	28	27	95	302	288	35	256	180	17	81	35	122	117	253	327	148	149	70	0	92	6	161	104	131	101	201	173	18	76	271	117	33	185	279	288	129	222	111
201	258	336	187	304	168	74	145	250	157	272	42	174	296	166	67	8	240	56	55	30	289	319	117	278	152	36	229	162	167	177	87	145	329	29	91	98	341	319	85	43	66	46	81	110	113	73	256	244	197	191	186	141	25	114	94	327	112	70	161	173	181	223	220	82	143	47	156	60	207	320	166	81	257	36	144	56	321	204	109	342	0	98	208	315	121	159	179	123	194	338	326	296	209	260	342	339	135	186	162
36	216	331	337	312	50	170	188	67	19	87	336	15	247	293	222	247	191	214	186	258	228	211	137	188	58	224	108	136	48	266	119	314	215	113	249	211	215	135	277	257	11	111	55	134	15	58	272	132	300	297	120	272	135	185	234	331	212	144	279	53	249	68	5	279	332	334	241	343	69	12	90	339	150	197	213	297	233	18	47	117	305	0	196	269	80	23	188	24	54	198	33	116	268	162	114	97	49	120	87
241	166	257	248	208	323	64	186	40	33	289	85	53	174	343	182	99	232	15	86	342	336	242	104	288	54	316	333	296	152	280	139	203	214	259	16	248	253	286	240	341	143	77	178	301	269	35	266	56	241	190	181	319	9	292	343	180	273	192	92	236	318	217	191	167	182	296	323	224	36	196	160	30	235	60	284	78	261	133	236	100	159	210	0	38	100	324	165	205	142	287	10	219	321	26	153	206	209	301	70
30	164	293	114	137	17	95	175	188	179	311	259	130	112	142	161	286	23	50	106	159	158	150	7	252	302	65	205	278	184	96	70	69	303	111	100	334	257	179	98	15	110	302	335	164	87	232	247	185	40	20	297	262	163	84	325	236	137	92	121	338	289	74	337	223	84	294	7	87	4	29	121	103	150	58	285	89	227	54	293	134	115	329	114	0	289	233	116	223	103	194	214	212	282	13	168	303	301	24	3
68	221	342	81	244	216	169	177	89	131	29	222	227	109	288	249	18	227	132	310	190	105	299	103	24	182	330	113	250	115	250	32	98	307	51	30	13	311	227	171	5	309	336	164	257	304	99	127	7	300	161	119	107	25	274	172	42	293	229	120	262	340	121	5	50	283	6	256	77	196	33	311	310	69	9	37	213	89	271	154	149	43	187	80	218	0	49	237	171	328	73	343	231	59	220	322	253	175	234	268
12	38	322	226	98	200	120	94	274	263	253	6	43	324	10	82	59	266	195	31	30	130	159	291	240	125	329	181	171	262	117	306	48	342	325	18	191	132	5	246	269	40	257	290	36	290	232	204	103	333	132	43	163	224	83	171	306	11	77	317	121	271	312	28	150	80	194	252	44	250	116	36	97	150	211	24	2	182	99	81	154	302	305	98	312	200	0	245	339	147	58	139	253	148	177	31	7	184	256	337
183	79	71	224	167	201	90	202	45	188	268	38	36	1	341	79	32	251	56	250	130	164	100	206	176	149	110	205	123	214	291	239	266	178	203	251	282	206	162	99	160	198	11	299	268	94	229	168	27	268	104	66	229	197	299	90	27	19	251	190	160	277	88	321	120	330	294	141	278	66	293	136	184	15	211	83	50	337	196	293	185	60	174	236	61	287	180	0	196	235	271	97	152	290	329	31	206	142	187	80
123	104	58	17	322	336	239	179	112	327	6	237	340	246	7	33	282	29	143	59	263	85	14	277	329	284	273	325	267	276	330	199	166	51	145	46	29	136	302	224	47	207	200	209	87	139	31	153	91	106	317	175	149	5	17	15	240	340	322	268	316	271	112	51	235	287	307	231	318	94	283	188	108	14	10	313	332	133	39	150	65	5	213	107	15	76	279	115	0	187	308	329	247	279	246	306	37	56	281	81
273	42	266	61	112	148	64	325	337	291	265	103	317	331	252	342	121	187	335	7	115	267	48	107	293	127	319	25	279	264	296	196	130	129	58	37	77	229	3	292	76	195	244	183	90	310	342	266	130	137	78	252	39	232	227	19	90	252	334	217	295	65	283	111	193	251	262	286	109	325	260	67	114	92	287	85	28	163	158	293	331	46	338	136	238	143	132	335	143	0	334	209	173	280	323	304	213	284	188	242
48	99	89	341	5	341	137	91	164	21	286	43	220	255	257	218	214	39	253	140	166	32	11	171	60	289	34	247	156	284	177	42	179	94	179	304	233	203	123	54	121	219	220	185	216	341	131	208	128	241	190	56	214	178	273	303	228	27	333	70	225	194	130	45	338	71	19	144	252	229	304	113	174	11	31	126	160	307	73	125	224	2	212	177	39	113	306	266	330	209	0	161	77	279	229	218	217	326	166	138
48	92	180	100	166	297	1	161	312	116	132	182	310	104	15	97	149	244	309	267	10	123	260	232	331	178	121	340	153	88	186	162	61	110	170	117	298	1	272	236	253	119	107	306	272	43	311	107	311	60	49	49	293	306	59	262	221	272	165	113	197	99	47	136	53	204	5	290	303	62	227	188	178	181	273	299	224	80	231	119	78	251	173	254	149	95	166	65	251	240	181	0	54	248	91	180	99	195	217	171
227	85	96	184	205	135	256	145	26	244	289	14	29	198	296	99	203	256	237	5	282	4	186	43	26	99	303	114	313	342	104	12	332	289	115	241	46	153	107	196	124	266	261	22	332	66	249	2	273	276	82	161	334	187	84	284	186	276	293	265	170	165	133	269	268	263	273	305	68	116	64	171	199	307	53	234	190	342	268	26	291	85	12	98	341	95	185	285	208	263	215	312	0	137	303	205	87	40	32	298
268	105	76	306	106	167	280	93	52	132	219	226	87	20	323	211	332	270	294	116	130	311	325	247	69	199	86	155	331	9	253	28	111	277	331	13	234	66	304	43	107	25	204	260	120	300	32	234	235	269	178	58	243	52	311	311	326	35	28	24	226	326	94	333	281	241	140	89	179	28	131	283	151	140	244	300	156	54	271	167	209	218	303	39	133	118	8	131	56	295	51	63	180	0	11	251	315	25	31	342
333	321	208	229	232	24	286	85	197	289	69	165	243	100	111	298	40	134	308	321	169	51	212	190	98	29	40	120	152	28	31	281	114	264	248	114	133	205	317	136	45	34	340	92	101	232	173	342	336	51	131	117	10	45	193	343	120	269	200	303	324	117	278	173	253	279	92	300	308	41	9	285	89	166	159	5	92	132	138	292	61	44	294	50	330	286	257	188	136	54	206	144	74	278	0	247	11	6	85	40
133	263	93	165	106	326	31	157	333	120	184	6	158	116	145	100	224	122	89	52	319	274	123	197	113	112	50	213	132	23	278	287	304	323	254	294	174	169	283	209	109	323	83	205	104	57	52	128	337	271	84	310	328	134	85	280	156	198	283	286	169	110	152	289	196	134	96	78	245	232	188	81	280	273	201	176	102	157	276	271	250	243	286	102	264	124	102	164	325	145	146	148	61	314	279	0	204	210	180	194
333	8	123	7	194	263	318	83	179	264	203	180	305	44	130	164	69	309	243	204	317	101	174	295	72	267	143	3	329	83	15	235	222	290	229	324	215	25	223	271	98	102	71	10	285	129	3	192	285	113	215	61	56	264	12	24	55	317	195	305	154	44	26	157	9	342	239	159	116	320	133	228	20	70	328	339	15	184	335	94	291	169	259	7	106	228	65	255	29	144	130	168	39	315	250	243	0	78	60	313
253	303	274	268	161	170	133	196	333	92	64	193	295	235	43	61	293	209	157	259	60	138	9	72	73	288	3	313	117	320	152	223	307	212	252	82	227	116	139	51	68	331	115	114	45	260	212	53	102	295	46	276	324	313	110	173	251	45	22	110	107	311	18	307	270	298	253	189	337	16	5	116	145	301	145	266	36	319	205	188	41	9	26	155	65	139	315	199	309	283	297	65	6	209	48	189	187	0	254	301
163	46	20	48	17	98	41	147	258	182	121	55	325	258	281	4	280	246	97	93	189	232	83	44	55	194	279	5	24	209	258	3	103	271	66	221	43	77	144	96	326	233	94	4	168	337	219	321	268	111	306	255	326	243	80	269	35	6	282	176	279	295	137	277	113	221	218	254	141	335	79	324	287	170	159	135	255	214	275	194	257	108	280	133	242	51	162	120	339	127	109	192	182	185	66	52	292	174	0	94
82	83	216	99	62	105	324	231	144	67	67	193	297	34	269	222	2	170	96	93	326	333	301	210	38	216	59	298	173	223	60	272	163	250	156	266	193	270	264	42	177	162	180	135	293	238	120	284	51	44	125	57	5	220	33	69	242	310	164	125	183	196	86	142	136	102	149	17	195	299	132	171	272	161	138	91	122	77	131	175	70	87	119	42	220	318	331	150	122	326	99	115	28	148	50	271	134	326	72	0
