A	B	C	D	E	F	G	H	I	J	K	L	M	N	O	P	Q	R	S	T	U	V	W	X	Y	Z	AA	AB	AC	AD	AE	AF	AG	AH	AI	AJ	AK	AL	AM	AN	AO	AP	AQ	AR	AS	AT	AU	AV	AW	AX	AY	AZ	BA	BB	BC	BD	BE	BF	BG	BH	BI	BJ	BK	BL	BM	BN	BO	BP	BQ	BR	BS	BT	BU	BV	BW	BX	BY	BZ	CA	CB	CC	CD	CE	CF	CG	CH	CI	CJ	CK	CL	CM	CN	CO	CP	CQ	CR	CS	CT	CU	CV
0	410	141	134	427	432	202	181	435	479	227	126	96	269	165	291	417	517	180	123	54	482	143	300	299	298	25	479	335	392	474	74	360	410	438	18	221	243	141	285	197	104	151	364	369	453	151	141	271	55	273	497	274	414	331	453	21	198	186	344	156	368	37	72	231	512	150	364	409	161	240	476	213	35	395	446	95	255	280	343	86	183	450	467	394	346	169	219	522	80	381	146	482	77	495	147	37	301	87	321
517	0	362	185	229	500	485	289	211	81	31	480	64	433	480	223	82	462	457	420	239	232	474	346	305	349	36	267	293	450	487	514	330	325	291	250	135	399	296	416	481	88	6	280	227	494	474	477	13	45	24	50	64	190	445	473	271	173	301	336	313	137	3	172	484	336	118	202	26	33	474	449	164	388	291	242	351	158	37	332	482	140	223	273	318	419	388	306	422	368	113	16	102	393	440	348	191	479	366	500
359	93	0	20	255	189	185	509	148	85	437	34	390	154	312	479	500	127	403	91	284	387	182	67	374	124	200	237	452	486	457	117	331	456	127	520	444	323	97	57	74	170	439	456	385	192	186	505	315	342	304	444	495	346	122	431	305	429	15	467	109	511	383	167	157	483	248	76	285	495	74	348	353	183	343	420	209	289	139	161	521	397	462	166	102	81	434	504	345	523	138	420	120	15	369	413	338	422	439	401
389	362	340	0	253	306	294	26	410	186	396	465	37	387	185	62	62	448	53	502	353	136	94	22	104	27	97	48	119	43	92	114	175	387	7	395	115	319	388	162	210	368	48	323	187	108	483	353	83	403	74	39	113	18	17	348	388	462	173	335	7	99	36	259	266	521	34	404	77	469	14	210	167	417	138	367	279	18	239	337	7	331	278	473	7	366	352	151	149	66	413	367	33	423	478	353	298	420	353	87
396	132	450	412	0	333	63	228	208	270	492	123	392	422	34	90	241	4	302	404	518	338	521	118	346	194	436	107	193	286	385	375	12	6	505	110	501	91	15	222	306	414	284	427	312	266	27	137	358	521	5	332	388	102	14	20	249	452	452	204	126	163	300	283	127	168	359	467	390	279	19	251	469	383	161	419	464	375	30	429	373	237	9	452	186	79	372	448	306	12	255	398	332	91	111	225	96	138	488	102
522	318	87	323	352	0	448	27	24	147	149	407	2	460	413	326	196	153	278	143	86	275	11	8	518	274	15	220	314	399	455	352	399	227	40	372	70	121	356	508	286	368	99	110	375	46	59	49	237	209	157	469	223	463	484	3	377	56	237	440	512	59	387	154	481	185	351	14	411	112	415	492	455	238	232	243	319	438	376	365	315	141	518	18	9	363	269	409	260	78	84	173	111	59	28	413	114	446	214	169
182	355	205	451	503	229	0	277	51	28	139	330	9	96	160	2	337	396	68	181	78	517	70	457	190	211	307	230	68	250	254	474	478	492	67	258	298	325	492	150	425	246	126	404	236	82	47	499	178	241	208	86	350	348	17	188	105	360	12	447	258	473	382	243	412	457	420	451	153	309	352	305	170	237	405	227	420	139	126	405	206	329	42	391	143	267	90	341	201	286	95	358	240	509	253	125	213	192	145	84
155	135	186	173	379	311	248	0	61	218	206	400	418	157	111	288	237	29	290	328	264	47	432	32	295	35	427	185	382	332	278	397	272	447	278	89	117	202	149	393	153	382	216	473	261	37	203	211	457	477	27	242	379	287	174	4	225	401	372	145	146	70	74	12	115	114	515	87	17	462	170	427	405	458	1	80	436	290	87	59	417	436	143	192	331	241	10	296	336	453	446	338	392	23	257	291	347	324	494	404
222	23	58	228	19	444	127	262	0	460	224	56	170	219	136	524	312	316	263	342	193	134	35	290	63	164	504	126	159	130	510	201	45	288	250	400	417	146	377	31	7	264	177	249	21	213	200	469	238	1	292	464	167	465	373	37	66	61	172	387	483	483	378	309	53	171	326	333	104	237	381	297	377	418	464	390	21	289	119	425	227	190	375	400	31	176	429	69	374	190	370	142	218	325	59	487	142	305	380	268
187	52	373	312	103	56	485	208	385	0	25	297	351	517	505	185	277	464	355	420	468	485	195	195	476	35	7	309	422	426	145	342	397	410	114	88	330	4	54	354	426	47	514	387	499	474	324	9	120	423	188	382	345	97	101	380	99	311	441	495	73	440	113	173	342	80	270	111	328	402	216	290	23	48	386	339	169	182	469	142	444	126	437	15	461	149	176	350	478	154	505	104	141	466	205	232	473	83	368	385
344	305	50	509	271	518	310	352	437	229	0	159	222	56	313	488	502	367	434	165	245	56	356	346	373	377	270	413	367	118	322	241	283	303	58	282	64	506	141	476	262	42	7	377	263	334	461	388	80	126	212	228	135	253	476	310	238	353	131	42	288	440	67	458	290	175	158	475	28	466	460	241	524	160	118	454	325	460	293	315	199	282	139	5	357	8	233	127	105	149	177	487	90	11	232	209	155	336	6	89
516	272	305	73	477	389	457	516	235	89	134	0	418	69	340	127	143	430	352	74	319	465	408	146	426	256	275	112	426	473	293	373	397	205	100	205	349	458	246	435	260	383	166	219	114	330	410	53	63	4	184	465	280	280	302	301	382	77	179	247	73	303	248	431	159	333	304	484	68	67	58	102	319	99	72	75	293	23	173	176	497	50	375	11	197	69	419	394	287	520	205	419	395	432	383	446	248	189	468	157
317	307	499	221	227	272	25	117	440	275	73	149	0	294	13	23	146	304	491	68	155	141	504	320	4	197	480	209	48	3	145	49	144	99	234	10	138	447	24	506	193	153	178	19	477	323	477	246	55	447	168	461	192	384	464	371	246	470	290	329	389	321	103	331	62	487	489	417	55	422	407	122	303	413	466	382	323	455	447	187	139	256	261	167	506	305	469	296	15	136	261	168	9	31	248	403	473	342	409	157
94	21	398	487	509	183	311	190	139	174	152	249	126	0	75	406	167	246	316	153	329	267	171	242	57	238	277	461	415	188	80	186	28	296	285	395	179	454	85	19	106	401	228	83	171	513	199	163	514	123	220	150	253	251	222	389	267	190	8	256	93	315	415	194	165	99	27	410	142	225	369	385	413	340	392	91	316	219	144	285	363	236	1	446	222	34	25	479	94	331	437	521	460	322	58	112	44	451	90	334
213	430	351	78	335	372	118	185	141	261	370	38	412	145	0	132	503	293	157	340	50	424	233	109	411	184	448	113	522	140	222	208	454	370	478	486	266	459	327	65	122	239	409	303	181	358	427	251	143	523	100	214	248	177	409	229	214	232	252	469	398	436	149	147	361	208	177	151	83	152	73	314	164	334	195	353	202	366	164	469	119	47	367	204	426	453	444	137	83	27	255	472	409	166	65	361	186	343	488	109
396	310	234	60	165	201	306	253	88	293	327	53	279	97	420	0	79	305	318	450	419	125	92	374	378	443	212	76	462	318	337	230	207	171	424	179	57	15	336	266	484	67	28	82	392	34	16	400	366	341	300	506	361	290	421	477	358	290	510	376	434	298	496	126	331	466	19	125	480	98	376	284	318	310	97	338	337	507	7	226	283	443	57	350	412	26	20	88	311	93	490	167	21	524	291	100	115	95	121	16
224	415	304	293	316	479	330	13	43	505	173	262	100	199	311	203	0	373	172	384	331	42	159	309	306	207	143	158	396	140	448	70	60	142	206	290	111	515	391	134	517	495	215	203	264	215	477	227	208	524	474	484	65	371	506	492	321	476	483	445	299	185	384	478	323	57	372	363	292	232	43	218	466	353	309	282	141	481	255	370	158	481	222	432	296	74	126	154	351	459	125	193	393	320	116	140	25	514	463	278
382	320	440	236	147	405	386	128	363	411	476	211	176	93	368	1	414	0	99	408	53	177	452	522	493	498	174	305	251	420	363	477	395	3	17	418	41	239	1	431	367	397	518	294	101	6	373	405	132	453	495	349	485	481	325	436	443	515	8	185	75	175	411	22	288	519	263	43	394	107	311	389	380	456	178	309	288	332	233	322	79	284	47	56	175	117	139	402	38	274	256	491	459	277	332	201	376	155	39	66
129	514	165	508	510	122	130	463	220	2	481	150	222	414	235	118	174	115	0	66	453	207	499	182	166	186	85	513	119	171	460	408	346	324	293	4	488	130	371	174	276	366	297	207	428	351	192	240	356	24	33	245	132	210	211	390	358	250	361	452	400	362	434	118	251	418	514	136	463	54	247	251	174	223	180	377	383	350	38	121	91	229	486	185	22	402	232	218	249	253	142	443	117	305	50	266	182	413	327	364
116	200	252	134	378	176	158	26	362	401	455	137	249	329	126	27	278	416	487	0	196	78	454	446	236	360	306	83	45	425	423	288	61	451	179	85	157	79	306	516	137	404	377	498	101	390	358	405	364	427	297	481	246	346	174	460	296	104	169	63	487	134	500	13	351	28	222	353	427	69	388	362	122	457	210	420	296	295	473	488	480	317	485	340	408	160	290	163	12	494	50	495	240	402	451	119	237	429	43	125
463	79	391	342	79	368	274	511	215	18	133	516	445	322	135	262	155	262	266	334	0	247	27	332	344	381	410	14	410	116	208	353	271	169	363	419	95	406	126	319	386	86	399	479	39	96	421	187	395	165	154	139	186	25	469	55	370	256	40	274	5	27	339	351	36	499	174	506	161	75	372	401	56	127	420	173	433	214	64	225	206	441	372	463	482	237	261	511	179	152	286	26	34	217	468	255	351	185	293	359
380	124	223	259	13	466	230	104	196	245	252	436	68	396	218	382	415	111	53	48	457	0	468	496	220	196	180	142	226	457	416	474	34	58	476	231	166	10	514	247	423	134	271	197	33	47	171	15	209	40	355	104	506	481	2	138	396	232	384	435	224	225	371	207	4	308	55	234	80	149	29	117	235	270	299	524	133	488	97	222	324	291	399	369	314	335	85	464	446	21	142	156	331	179	75	51	216	39	449	509
76	514	191	412	10	106	210	249	295	469	62	303	277	316	48	20	318	234	418	159	476	124	0	405	183	412	274	400	55	105	378	111	33	50	154	508	212	450	108	228	294	51	31	138	95	139	256	28	306	236	45	422	491	197	362	49	66	464	107	506	371	523	420	91	40	277	349	130	498	222	248	240	450	31	64	495	209	81	352	293	451	520	246	102	47	443	490	412	69	281	54	219	269	375	15	109	168	449	93	253
480	347	409	23	306	50	354	454	25	165	359	383	75	212	218	67	214	310	307	25	103	522	132	0	492	224	520	391	409	304	177	512	178	111	231	24	479	269	154	460	522	420	430	390	485	64	432	424	3	27	196	137	151	275	98	334	110	279	204	47	81	456	271	478	212	468	518	253	473	496	49	87	417	100	186	397	169	340	392	32	43	316	515	83	130	299	291	464	165	74	195	66	92	33	278	343	397	102	327	143
521	430	162	292	115	269	220	10	148	244	476	33	87	80	458	16	511	23	232	482	113	74	351	31	0	165	116	131	370	267	386	220	110	333	253	447	364	287	71	23	196	262	457	414	378	227	179	359	294	466	342	211	374	463	10	492	62	39	240	265	127	322	30	85	498	303	72	90	429	506	17	138	331	250	149	353	334	277	483	272	206	366	127	122	65	419	388	346	321	361	79	313	68	29	182	323	400	6	96	174
334	291	515	64	394	331	506	360	426	126	127	261	453	372	163	314	238	348	377	122	176	192	241	57	168	0	146	80	168	230	93	228	17	340	66	67	274	57	336	422	103	124	421	404	111	115	456	269	504	338	450	263	423	310	485	312	162	265	171	355	432	260	493	164	344	70	495	27	365	81	403	56	99	374	164	259	267	482	84	509	197	90	231	285	14	439	239	236	364	237	144	41	171	212	37	202	180	500	340	160
189	376	414	269	123	174	140	114	175	208	203	299	105	364	432	341	311	509	162	391	154	324	474	494	133	314	0	476	31	468	310	488	135	30	215	446	251	283	396	338	470	115	211	305	143	112	325	459	217	253	35	305	123	143	76	121	45	447	237	138	271	420	403	512	74	181	228	493	509	49	453	510	292	307	191	166	308	53	271	30	121	443	193	415	58	494	231	167	166	114	23	484	343	367	292	12	258	134	408	44
103	251	250	268	34	311	3	317	230	158	261	211	191	82	357	505	33	125	89	94	50	150	230	447	52	480	82	0	515	458	311	328	371	94	465	51	262	53	81	32	401	19	409	192	327	192	79	440	288	448	30	523	210	37	47	498	441	317	185	326	470	340	214	186	496	191	310	343	448	25	316	154	11	91	407	31	271	396	464	282	292	75	458	301	28	406	264	207	266	411	303	389	485	370	148	283	5	488	380	251
353	312	294	428	432	67	413	184	123	147	460	179	370	312	32	469	112	248	100	380	486	313	417	136	214	330	97	273	0	323	257	344	362	309	355	462	110	463	417	88	414	212	96	176	484	456	501	339	234	120	201	427	96	38	284	151	476	144	99	376	316	238	232	461	204	272	12	247	107	415	187	7	247	479	144	358	35	278	398	294	459	95	509	360	158	332	168	281	85	363	4	209	338	429	202	4	45	210	428	519
482	194	487	496	68	304	377	370	314	500	368	258	42	475	59	399	369	270	38	471	168	65	496	433	280	274	483	462	143	0	226	215	405	256	32	138	97	283	268	317	182	236	346	465	517	380	240	128	111	3	179	349	26	508	396	48	189	124	188	472	234	82	198	414	398	259	359	236	359	428	445	397	392	407	266	371	10	323	402	428	445	170	521	461	356	114	103	62	255	251	29	459	3	44	157	452	340	35	153	505
30	86	260	389	516	424	189	302	296	479	514	183	81	456	404	171	427	176	480	31	418	9	389	171	62	326	3	163	109	463	0	481	439	263	339	438	517	209	98	344	13	479	287	138	409	296	368	117	197	153	34	188	502	95	34	419	334	284	342	512	152	346	245	400	74	294	487	430	253	518	443	333	115	164	181	443	503	186	81	213	303	174	119	380	158	425	91	428	92	364	106	136	389	82	11	350	27	423	461	384
380	28	490	98	448	218	144	245	438	198	173	118	189	195	430	196	346	7	313	170	457	139	514	291	220	151	152	112	74	441	279	0	340	10	144	238	91	173	380	207	277	236	343	495	484	87	182	513	194	14	275	461	349	490	404	378	277	253	6	141	119	223	265	136	287	4	53	344	330	59	157	432	287	290	466	34	131	294	389	43	464	198	231	433	99	361	512	144	360	212	425	41	406	123	406	102	369	488	82	338
473	13	357	419	240	470	353	430	191	382	252	287	128	6	203	66	391	81	124	159	331	505	363	116	445	369	298	500	183	295	454	239	0	223	70	506	89	414	437	487	275	220	152	246	280	513	22	74	122	85	306	436	145	261	308	81	163	88	407	379	470	480	87	41	419	246	250	175	151	474	137	247	51	152	512	53	43	86	199	352	290	236	323	193	478	410	307	375	420	280	517	356	491	320	121	451	489	509	106	234
308	138	238	167	265	356	195	318	489	205	241	157	450	156	110	508	396	89	127	184	215	77	323	504	445	512	50	18	27	65	100	287	354	0	91	279	129	341	300	193	410	471	480	23	357	81	272	401	505	108	435	524	81	313	142	420	16	74	110	478	257	505	77	15	456	47	255	146	398	503	223	455	92	40	19	260	221	339	398	73	267	444	179	236	356	509	203	470	212	119	358	91	227	223	492	282	385	521	472	143
367	213	159	366	105	381	383	35	248	411	235	162	142	5	119	230	374	373	237	3	195	350	177	246	8	256	193	357	43	224	397	122	244	462	0	108	292	523	402	310	327	443	294	91	318	8	169	371	340	143	314	221	57	518	221	165	490	14	253	475	150	345	380	227	139	520	252	361	443	297	6	229	425	456	471	380	291	440	239	88	266	231	90	315	464	223	112	342	354	152	54	452	423	319	233	348	453	456	444	425
271	164	204	238	241	73	138	491	177	167	500	510	200	94	170	300	333	20	92	393	476	28	115	313	75	315	365	297	452	431	134	335	83	16	123	0	217	64	159	138	302	490	327	53	513	463	510	40	68	372	275	405	202	321	407	420	402	366	416	266	339	515	288	310	65	65	421	470	169	87	17	454	170	292	196	300	277	368	329	77	119	204	232	18	498	454	317	28	328	339	230	185	475	140	316	405	135	435	280	310
296	70	151	486	325	83	42	118	432	136	445	374	37	24	194	62	407	353	102	152	95	419	200	79	91	229	402	86	304	351	413	483	447	142	415	293	0	480	43	246	11	263	210	292	351	318	277	354	325	199	410	420	435	411	66	272	183	488	489	493	109	387	126	354	446	196	283	284	417	187	445	61	381	73	297	337	64	139	405	306	315	449	344	134	51	422	426	116	42	379	461	52	286	307	445	174	361	524	193	103
449	160	302	283	288	40	183	221	256	331	492	141	91	521	153	275	100	380	252	110	22	248	273	129	138	394	141	162	339	298	379	351	317	47	266	444	364	0	387	482	90	243	176	366	171	260	476	259	448	217	59	185	381	130	130	361	156	85	73	153	310	289	56	465	198	429	77	414	176	132	302	250	45	264	381	185	62	378	425	227	524	273	230	447	371	410	340	177	36	313	318	454	226	355	428	400	113	259	281	400
388	90	356	414	380	453	436	19	254	194	332	41	379	342	208	162	232	294	50	432	20	192	316	159	393	433	411	70	135	212	239	17	487	63	251	48	163	513	0	393	116	148	163	373	321	77	252	281	449	293	318	405	219	352	93	515	346	317	353	368	510	234	152	186	411	231	49	256	405	199	88	128	461	73	394	170	175	349	171	157	133	240	177	34	197	477	57	110	250	25	487	193	24	36	322	499	466	123	408	91
268	26	57	314	123	462	133	277	375	405	44	296	133	379	188	379	463	94	519	317	435	388	320	413	508	385	105	509	114	498	27	166	129	361	182	439	1	355	197	0	454	141	438	157	164	369	156	212	20	132	306	274	196	337	97	517	30	299	363	95	30	273	163	337	206	443	184	267	478	79	14	58	286	361	293	516	441	350	502	515	158	56	182	182	428	114	57	43	314	2	517	404	42	360	395	180	370	384	176	60
480	392	60	114	364	38	89	69	33	140	67	364	173	21	303	180	335	175	290	502	92	20	330	359	297	363	184	78	284	177	53	468	458	322	178	96	514	225	209	197	0	65	479	249	497	239	389	1	372	34	138	67	279	413	241	117	515	88	54	465	15	400	7	206	479	234	120	72	358	439	393	136	185	85	9	225	27	51	338	388	78	73	452	429	332	414	186	502	138	519	280	78	87	404	277	488	53	474	341	134
300	429	508	508	114	275	59	465	50	211	52	394	331	360	334	487	199	39	350	296	325	371	261	456	431	395	352	63	100	65	19	6	317	148	412	141	415	503	6	78	202	0	85	95	139	317	87	16	137	272	398	304	88	29	477	188	110	26	15	176	43	23	13	141	444	463	386	498	92	364	508	293	184	464	157	41	298	491	225	330	104	430	118	300	221	284	312	35	436	70	498	97	29	139	471	20	309	59	67	83
357	353	462	320	281	405	446	123	35	331	423	400	512	354	498	432	319	502	216	289	286	154	248	347	450	499	311	64	317	311	110	453	392	69	421	276	297	380	162	325	157	491	0	52	281	414	238	392	402	150	300	399	369	214	179	312	200	411	216	439	448	175	319	54	127	125	377	103	376	456	95	120	452	373	433	348	103	39	323	416	225	147	473	25	119	412	409	99	147	443	396	167	272	181	385	342	207	489	423	32
208	175	380	29	453	413	324	501	486	496	74	14	230	42	216	326	476	323	200	405	217	436	135	400	158	370	121	361	397	46	277	175	185	375	519	441	515	447	399	73	412	300	115	0	89	310	300	20	506	354	142	273	417	412	135	140	17	127	71	436	222	307	480	72	223	140	200	375	358	222	40	36	131	487	425	186	10	21	102	158	252	434	304	26	363	292	467	483	112	150	239	351	368	201	118	220	410	70	13	523
196	191	51	274	225	95	487	479	94	459	467	403	115	232	254	295	7	260	359	100	220	32	5	470	8	494	288	53	457	470	142	54	278	267	68	245	287	516	265	459	25	242	407	19	0	317	333	187	510	125	186	201	77	147	67	513	104	463	56	452	324	246	228	493	231	364	249	396	512	290	122	137	287	381	173	287	148	237	304	93	221	63	392	449	344	469	180	182	496	237	438	408	175	208	447	360	71	393	385	315
159	238	48	488	34	24	343	154	141	71	30	135	290	396	213	133	321	320	481	21	434	270	464	370	414	6	412	16	247	158	124	414	359	402	269	42	486	248	2	5	475	496	242	65	183	0	441	16	1	504	279	204	349	297	507	520	332	206	485	306	204	69	209	103	197	289	349	166	124	263	146	227	110	89	293	311	280	206	359	85	221	231	406	274	30	397	329	457	315	75	227	285	309	120	113	345	11	461	440	400
423	228	290	481	467	493	524	453	146	403	349	432	146	482	193	231	268	308	439	99	316	101	70	101	236	445	84	315	34	200	488	513	253	42	330	58	72	113	280	226	124	470	522	106	461	285	0	422	471	217	330	35	50	148	150	498	187	159	30	388	355	86	444	453	406	104	234	39	30	103	479	453	324	61	329	400	337	403	235	68	83	232	263	373	350	160	270	513	490	97	200	129	313	103	306	52	310	482	30	423
354	242	496	220	63	235	188	178	86	189	437	34	332	144	451	71	195	27	389	16	218	491	115	206	60	142	107	434	189	401	152	200	250	187	256	232	296	427	145	295	206	369	117	328	491	91	43	0	343	92	480	519	320	283	294	210	479	93	482	201	436	289	270	29	414	430	238	64	444	367	74	469	506	385	104	66	459	70	453	287	288	495	373	49	263	481	27	521	8	386	50	245	43	314	283	262	397	316	294	422
284	316	424	263	282	106	454	231	126	122	363	103	86	1	363	112	157	194	182	79	267	88	425	485	480	287	311	34	400	364	286	217	401	99	374	204	380	382	436	393	217	297	508	252	361	337	29	9	0	469	165	429	27	397	262	136	438	134	333	12	110	332	406	13	276	245	294	288	511	243	254	502	466	294	521	443	239	108	240	169	28	52	467	260	187	339	239	42	183	417	21	319	279	222	292	206	83	147	22	10
498	191	403	86	451	274	374	12	305	81	106	279	109	248	416	20	127	64	464	354	317	441	491	221	373	343	90	343	435	250	116	258	165	74	371	229	254	251	504	168	170	417	403	75	182	193	408	166	399	0	368	24	90	123	274	507	395	497	164	488	140	86	187	341	60	451	240	158	366	448	73	92	292	407	245	271	72	492	365	340	206	523	212	246	119	343	458	486	2	402	55	454	305	144	388	478	482	176	506	21
294	263	471	226	452	502	39	424	24	41	32	20	502	416	101	434	21	5	279	36	238	170	277	459	492	132	205	19	447	126	420	510	115	315	75	322	190	138	290	2	443	156	235	499	124	369	348	63	513	231	0	216	459	1	231	454	392	427	494	372	358	278	385	267	358	353	465	15	510	308	57	257	127	48	385	225	51	495	81	312	71	20	41	451	229	340	432	250	76	445	76	250	267	440	418	52	166	289	246	76
388	151	217	106	366	21	349	276	24	362	6	379	492	519	266	291	143	501	202	328	198	123	371	98	54	411	211	170	24	94	432	302	184	395	370	335	46	437	457	412	214	197	469	414	94	402	176	308	329	226	136	0	222	451	239	163	523	69	174	130	393	446	59	436	192	503	409	68	246	241	202	246	311	320	150	251	71	29	465	93	480	302	46	100	386	257	295	396	127	121	441	105	242	424	74	340	374	274	47	386
38	461	203	467	352	519	264	422	502	466	361	233	217	448	134	468	425	5	285	394	170	471	300	209	269	366	392	321	205	139	21	172	307	292	107	195	365	187	46	289	208	201	76	11	493	217	276	273	383	272	515	219	0	65	281	366	209	457	472	292	90	93	356	74	216	499	290	348	240	521	431	342	490	243	382	223	446	109	337	410	361	466	94	191	309	184	492	100	490	517	248	322	381	263	415	129	379	39	520	510
239	286	313	492	512	13	138	245	450	440	146	384	443	323	326	367	364	185	262	502	4	135	388	12	275	270	205	173	485	146	321	308	514	508	119	5	145	365	417	36	78	122	310	320	70	416	235	432	51	398	147	258	405	0	112	46	272	322	99	497	181	424	24	219	83	284	24	313	349	283	299	72	448	19	45	517	171	479	288	252	253	95	237	81	70	89	116	321	24	135	175	63	274	285	311	62	21	453	50	115
333	472	435	295	303	278	289	504	284	500	471	190	389	469	80	449	524	225	219	421	35	129	91	392	280	241	169	86	299	381	361	26	148	264	98	235	105	138	411	234	195	195	486	35	65	115	152	419	283	25	113	24	52	60	0	517	226	158	299	53	270	122	471	451	85	41	99	443	74	456	79	455	267	62	470	127	395	309	92	50	452	521	248	134	305	331	19	17	451	399	305	476	325	447	177	498	310	222	185	209
240	158	397	264	75	287	418	92	423	209	210	4	173	466	155	293	6	505	144	112	482	171	304	170	248	208	169	207	46	495	365	440	473	48	282	345	163	131	444	28	205	227	85	321	283	11	138	498	281	521	254	163	51	163	329	0	252	148	154	144	436	362	125	38	312	453	464	172	50	436	225	201	487	367	154	114	60	327	287	412	76	490	216	151	11	523	190	123	270	188	196	370	353	90	488	346	134	20	330	299
12	169	1	41	41	496	409	69	174	8	445	205	232	423	129	160	216	346	343	480	332	271	172	206	249	212	520	486	368	392	510	232	209	381	411	172	463	157	491	218	141	265	372	254	471	165	13	469	161	302	283	286	196	124	484	86	0	80	184	476	459	262	515	50	131	513	433	71	323	482	385	239	406	9	349	380	300	499	457	177	207	505	370	513	479	317	372	290	218	217	359	380	205	224	511	59	267	310	9	120
74	20	142	11	339	365	177	92	254	227	52	10	290	468	509	395	491	110	150	71	411	361	319	404	233	1	26	426	333	179	62	338	68	482	416	451	258	357	295	356	326	236	7	251	91	187	199	255	468	208	213	30	61	471	108	448	37	0	392	327	269	217	159	299	107	107	79	270	217	220	61	405	405	385	69	286	269	98	36	494	377	47	68	340	516	160	345	233	31	507	412	254	212	483	332	518	341	173	107	344
9	492	44	368	156	401	446	428	438	340	203	398	475	64	271	242	318	406	206	137	364	360	403	222	164	203	64	234	191	286	53	173	108	339	413	434	441	161	102	354	302	467	24	342	4	447	207	311	453	311	273	156	48	140	33	130	155	368	0	109	352	51	338	265	509	312	472	474	487	351	308	122	167	110	289	385	18	62	133	192	222	324	203	143	435	45	52	372	506	258	322	163	170	174	65	103	358	411	224	478
433	3	245	231	11	141	447	200	296	135	68	434	78	301	425	359	275	385	120	352	264	387	252	233	204	209	509	8	383	359	228	413	292	460	257	15	263	195	477	99	259	208	22	37	76	160	403	430	137	151	218	518	408	320	39	24	132	9	466	0	291	180	223	426	496	230	267	522	428	375	356	503	1	489	92	520	41	133	271	251	343	393	466	155	343	36	422	482	203	349	35	154	165	121	305	26	125	359	12	134
253	112	485	83	10	213	138	330	307	152	203	216	238	440	98	417	321	292	136	90	183	341	218	340	67	342	287	185	115	391	292	326	288	183	68	271	419	125	452	121	274	17	403	42	384	249	312	238	467	331	186	237	419	108	476	80	139	30	140	221	0	305	511	425	304	258	190	417	495	415	140	256	497	450	503	95	459	205	245	176	176	276	512	241	496	139	331	1	58	232	450	139	476	56	267	23	336	471	110	524
13	493	356	72	445	519	191	380	60	288	208	301	374	86	423	45	385	255	271	117	325	283	93	380	236	19	164	257	93	118	369	140	225	260	372	33	274	270	235	134	266	324	115	5	403	175	177	240	135	133	512	363	102	375	69	41	319	46	337	430	14	0	131	520	282	153	43	406	130	148	387	174	122	137	32	268	336	263	481	217	226	122	327	176	141	153	178	236	428	57	316	433	515	428	171	218	157	81	457	20
395	274	270	350	270	42	435	72	219	384	351	407	264	341	372	17	386	314	173	232	295	35	233	112	25	83	39	68	304	396	377	277	214	385	89	5	82	309	15	73	496	438	389	202	477	409	434	308	435	450	186	38	84	73	39	445	366	207	223	482	339	150	0	87	273	19	408	386	55	152	100	292	409	237	235	409	177	108	464	41	476	450	293	86	511	376	504	283	342	198	1	147	455	433	6	71	293	309	54	166
14	130	311	399	8	202	378	8	316	204	177	187	202	317	443	230	36	282	150	484	386	394	473	406	39	40	412	217	167	35	332	308	216	314	486	124	375	9	30	331	155	306	200	341	300	356	162	313	10	171	306	130	172	174	376	160	140	247	506	443	348	59	257	0	115	270	152	477	267	423	68	5	478	507	199	57	266	349	214	45	296	346	148	232	174	139	187	464	514	130	192	407	294	97	522	522	211	183	30	285
28	76	19	39	1	206	513	315	108	89	506	56	493	201	413	121	105	12	520	358	296	277	199	482	370	160	461	46	392	17	150	197	477	250	115	246	430	117	152	362	311	405	467	492	53	212	427	234	499	436	269	367	60	308	203	228	352	108	262	348	221	115	103	149	0	44	21	23	321	394	278	382	51	95	24	480	105	515	210	229	166	340	280	220	301	311	150	29	296	493	204	390	491	260	5	228	448	58	105	14
375	269	352	469	291	220	24	244	129	520	402	414	210	134	408	148	115	384	33	245	173	411	311	44	125	165	322	42	94	7	71	307	273	219	71	517	96	103	45	292	86	505	415	503	486	41	458	87	391	517	258	469	431	407	231	449	439	134	76	136	101	357	370	353	48	0	227	405	267	296	21	502	467	355	441	400	51	66	390	429	426	290	185	439	519	513	8	386	431	387	215	187	330	433	449	272	131	156	381	139
288	473	336	232	121	187	24	230	90	336	363	483	362	180	184	159	249	293	254	347	382	250	238	372	48	256	76	157	9	292	521	315	272	280	301	209	334	461	316	411	226	201	425	210	447	363	256	459	50	107	520	358	137	465	338	321	326	50	204	105	27	392	424	10	502	341	0	431	489	217	165	190	105	149	353	325	463	96	277	218	368	64	431	369	213	80	417	64	59	31	45	239	394	168	53	5	253	111	23	45
169	80	343	75	324	2	138	228	26	293	5	196	523	478	457	142	86	295	205	329	55	426	89	365	49	356	199	307	455	444	107	12	1	156	480	441	218	519	340	185	228	212	116	509	295	154	244	249	255	195	187	241	222	303	178	278	385	191	209	169	112	292	22	10	377	93	272	0	252	12	158	312	176	518	307	439	500	214	498	10	34	146	307	127	300	307	296	483	91	41	308	216	211	431	152	148	308	155	512	121
427	11	515	378	223	396	200	173	104	447	489	8	114	368	208	64	107	329	331	88	161	316	490	50	337	133	242	112	32	416	486	504	432	506	507	362	86	347	504	161	96	506	85	450	14	58	151	383	267	221	473	6	211	364	424	54	83	342	354	335	216	478	186	197	3	483	464	157	0	10	360	285	514	326	46	255	229	265	317	430	470	108	150	432	507	491	407	490	43	59	58	469	415	62	336	444	113	357	61	496
247	87	260	312	101	107	444	356	58	88	193	200	133	189	522	45	496	264	81	137	43	118	481	479	336	268	27	15	433	90	74	338	351	274	493	364	475	227	516	65	116	168	252	40	442	272	266	20	487	176	332	418	210	513	425	338	49	522	251	5	147	263	403	341	72	41	402	8	62	0	15	291	407	117	472	176	301	145	25	459	330	2	72	473	299	148	257	183	443	305	283	139	445	165	216	382	98	137	132	43
501	306	52	449	227	506	363	288	430	275	473	113	495	110	257	452	264	107	390	441	168	215	442	312	19	214	120	287	210	324	165	50	399	93	147	57	41	190	48	235	34	366	133	99	524	348	166	92	3	384	216	505	158	115	7	391	413	151	53	473	21	135	504	509	99	313	464	75	353	237	0	266	377	479	435	455	121	144	19	423	328	264	415	127	296	517	136	354	189	279	75	210	49	248	383	240	29	192	416	306
205	318	487	82	225	498	386	313	452	55	18	14	416	340	381	355	452	270	88	68	77	69	15	470	278	274	278	62	345	25	5	173	228	133	214	12	404	79	218	453	312	286	27	415	494	116	70	370	133	8	85	209	407	447	430	514	443	383	110	113	476	51	259	180	346	428	51	96	148	353	318	0	288	330	503	52	103	355	464	189	374	448	375	81	380	389	242	282	325	382	38	171	477	469	115	384	503	250	32	67
106	477	457	67	156	350	211	120	357	137	178	4	219	177	374	517	518	9	70	268	523	404	245	159	468	329	176	177	455	243	498	291	342	127	179	414	263	113	508	451	339	159	375	523	181	122	147	364	387	203	141	316	376	64	412	129	343	90	366	386	69	446	7	132	345	198	151	209	275	457	263	57	0	175	480	506	269	128	336	120	487	76	167	47	74	191	293	36	80	63	508	343	152	150	344	136	328	397	236	71
272	137	10	464	513	278	177	466	162	365	479	62	421	304	454	216	59	459	517	153	6	196	45	512	411	397	472	216	210	283	59	353	20	186	481	390	484	262	314	377	135	334	515	354	131	1	73	195	372	151	434	291	505	269	516	469	395	72	409	498	80	480	64	466	109	300	177	266	46	70	461	83	376	0	263	148	413	249	335	247	78	49	147	246	264	308	238	440	513	177	424	407	385	466	99	383	42	157	352	11
274	201	142	227	453	511	71	90	260	85	48	196	258	191	257	347	373	491	366	37	518	302	67	130	93	403	471	55	437	105	329	140	275	398	435	56	234	459	484	469	414	240	379	511	95	348	173	499	43	45	425	191	225	180	25	357	218	320	494	364	281	36	127	491	166	490	337	254	99	217	155	345	177	30	0	26	378	514	479	509	379	6	418	218	39	4	50	312	202	72	376	326	303	221	195	439	513	376	458	220
312	40	491	406	196	489	479	107	287	228	209	188	3	79	189	456	302	451	245	417	422	375	164	346	110	284	64	426	414	152	396	165	136	250	213	414	251	103	165	370	185	60	378	499	80	360	351	62	499	510	415	141	384	343	431	264	217	39	205	135	373	383	260	512	101	168	144	376	367	322	183	33	226	373	451	0	155	322	330	85	199	459	293	67	328	335	486	173	63	3	269	218	514	138	308	322	222	145	35	8
444	30	359	337	229	288	298	390	520	280	377	28	514	153	177	328	24	496	186	146	278	194	481	385	223	3	240	465	224	496	22	399	408	392	480	375	358	210	51	112	343	324	227	417	165	511	191	340	510	386	433	276	159	289	98	177	25	203	333	136	394	208	45	224	278	21	294	232	207	388	454	494	97	9	457	399	0	173	401	307	268	133	519	319	405	385	421	242	28	219	29	251	283	207	32	447	227	393	311	400
501	309	430	215	118	485	229	28	67	33	466	400	12	501	433	234	483	429	214	487	257	325	154	402	137	290	202	42	163	416	81	221	377	153	283	107	195	298	507	481	279	486	230	513	310	334	510	271	446	140	321	270	292	99	432	28	99	423	484	264	68	212	262	341	42	377	520	147	236	155	461	284	139	518	155	228	284	0	337	250	100	470	54	320	369	141	230	123	483	360	400	131	276	423	247	125	23	178	458	212
368	140	345	192	406	406	438	17	263	313	392	185	501	108	492	313	394	324	26	142	273	377	321	410	438	473	482	501	233	303	397	292	295	192	352	120	402	158	16	135	503	68	261	168	150	376	375	396	431	263	508	490	198	150	128	33	518	377	439	288	319	139	182	424	491	213	226	84	151	95	524	428	180	189	416	176	256	6	0	500	243	463	106	60	508	519	406	24	8	184	20	2	221	218	200	234	73	428	74	402
376	263	24	179	418	299	234	63	51	463	403	61	172	173	515	423	185	333	383	47	494	324	77	329	323	73	180	206	25	216	91	85	192	322	362	208	485	148	364	338	100	522	223	247	127	333	130	361	480	104	189	54	125	502	74	158	356	170	204	279	5	48	205	56	430	277	418	320	235	484	404	496	434	327	166	310	193	420	361	0	417	304	361	7	237	375	39	347	450	135	374	118	280	53	65	13	283	343	327	295
268	313	336	488	401	192	302	482	268	127	357	363	77	379	348	299	497	349	496	230	233	369	246	89	331	521	205	466	275	242	458	520	303	504	81	517	23	390	178	73	173	96	209	364	22	393	451	15	60	306	465	445	215	132	151	357	378	127	156	348	51	351	430	214	449	214	266	523	222	82	65	114	498	52	486	331	359	21	42	414	0	357	435	422	5	426	134	362	323	201	9	105	175	517	284	354	463	454	57	425
46	156	239	199	99	44	125	160	425	400	267	299	181	172	344	251	440	514	100	181	258	302	250	488	136	280	373	403	123	274	347	200	108	47	39	255	131	65	276	428	176	96	296	94	409	109	176	505	495	206	74	307	219	94	108	227	516	368	322	452	228	47	211	155	337	237	76	514	167	291	450	516	259	491	504	8	205	34	105	494	505	0	111	394	72	353	452	432	32	351	365	180	134	89	322	311	329	76	375	147
180	163	359	498	98	452	443	377	226	325	260	507	93	204	145	469	136	175	149	143	158	455	150	159	63	152	393	338	39	425	56	235	376	95	138	278	174	477	287	287	253	256	446	435	13	40	22	342	477	209	70	225	454	291	310	185	223	247	331	29	176	507	282	211	288	93	224	60	514	460	278	128	88	522	362	295	147	495	412	392	360	349	0	228	239	231	319	5	106	186	496	114	267	287	272	446	485	16	419	167
515	47	378	138	89	278	69	185	158	128	215	329	194	506	394	294	288	2	452	147	168	245	501	200	326	40	190	422	406	503	522	194	160	326	12	58	299	150	35	167	411	280	39	220	104	295	301	451	467	121	472	166	33	177	43	445	277	207	521	198	310	218	283	431	309	94	68	412	111	165	166	450	489	204	360	1	82	30	484	139	69	326	101	0	398	236	285	428	362	196	385	385	488	289	412	463	462	344	456	393
264	251	192	245	124	403	328	254	138	137	156	42	219	208	331	297	61	118	172	96	218	308	189	344	377	252	137	16	414	125	142	346	421	156	313	151	469	419	423	210	60	183	366	138	424	328	52	429	378	256	315	316	339	223	363	207	377	384	393	4	493	47	237	455	256	515	119	6	516	482	49	500	113	221	205	144	412	260	190	475	372	27	99	203	0	138	170	179	318	250	55	478	177	182	73	482	372	392	406	97
366	187	333	505	346	208	471	322	517	409	4	86	418	192	347	13	149	209	433	88	472	499	480	68	426	180	471	239	469	500	220	479	369	438	117	293	451	100	163	489	96	60	344	9	279	64	184	237	157	406	220	475	397	58	510	297	309	379	26	296	49	45	437	146	476	256	369	151	46	167	240	380	150	302	180	174	421	26	398	117	478	157	441	503	11	0	490	374	300	369	15	163	278	444	435	420	416	99	386	257
362	223	131	362	34	337	70	495	94	183	331	95	317	134	237	6	402	220	512	245	372	70	500	398	54	382	2	317	276	74	228	51	430	453	112	82	212	385	99	293	501	354	425	351	1	433	254	498	8	299	31	64	318	127	463	169	495	509	172	179	114	29	418	487	13	171	271	322	400	401	262	23	280	390	115	386	378	245	42	316	3	324	151	232	137	523	0	496	88	347	179	30	13	380	224	470	118	78	133	170
287	447	253	137	414	211	150	387	50	240	401	341	141	41	182	337	515	102	341	7	512	217	338	485	446	7	512	314	510	181	45	149	206	456	421	176	239	437	13	470	228	92	142	462	76	77	205	186	111	361	249	472	105	46	98	114	383	187	372	194	143	262	461	31	470	108	87	205	82	380	219	269	317	226	107	493	243	171	348	399	142	437	441	381	307	510	404	0	518	369	245	316	355	102	305	193	244	166	488	489
224	3	240	226	246	143	166	228	277	34	103	47	243	418	288	341	134	174	251	93	215	72	218	380	314	38	222	177	196	523	195	148	337	41	452	18	211	219	440	243	303	40	334	39	480	491	148	125	149	170	86	509	58	111	106	67	50	107	268	73	129	425	100	197	501	236	200	512	346	17	15	402	348	165	227	261	133	284	493	473	117	440	498	304	268	28	518	107	0	36	319	71	175	23	107	337	349	63	473	275
272	523	522	127	372	345	377	175	269	91	128	64	357	355	524	84	523	302	100	141	508	301	159	474	481	391	270	215	1	166	359	472	16	29	5	428	22	11	240	449	337	243	443	424	85	401	101	495	273	180	259	456	16	234	302	461	352	67	348	195	300	448	168	31	405	452	75	132	145	298	4	433	323	201	235	344	360	159	64	105	281	199	409	261	508	169	310	160	227	0	374	442	296	120	314	267	486	480	108	26
114	86	67	54	277	361	391	315	460	204	424	330	194	214	471	84	200	456	309	313	36	124	298	130	235	159	323	154	411	67	224	428	117	456	68	215	30	395	465	50	427	308	318	468	349	284	319	428	279	2	240	463	335	45	317	221	506	138	518	263	101	227	138	376	96	255	472	292	162	245	473	350	468	77	219	120	467	249	195	169	86	280	390	117	185	80	78	221	404	152	0	1	61	14	152	132	9	72	76	79
89	436	9	15	312	182	304	486	320	477	31	404	5	280	147	46	320	108	445	216	184	110	2	109	369	340	295	273	429	335	439	524	256	323	524	452	252	428	107	418	85	392	111	123	260	488	35	375	225	106	414	198	506	481	286	432	187	408	297	262	203	204	32	168	508	513	397	17	197	139	233	389	118	215	133	506	455	330	355	230	12	238	417	364	424	479	277	348	126	24	58	0	454	334	492	112	45	191	63	330
441	491	456	271	55	161	495	176	18	72	55	135	259	31	450	354	150	56	484	294	427	185	39	281	366	82	416	316	82	236	286	26	292	106	298	5	441	259	20	60	336	357	288	292	270	269	367	411	205	67	484	473	113	406	192	46	18	411	206	514	84	416	51	288	367	208	279	229	382	430	488	277	33	293	332	476	62	342	378	359	447	122	504	90	509	364	403	453	231	204	258	457	0	390	419	335	249	300	57	413
53	56	486	20	406	488	60	45	448	397	228	518	365	285	106	203	394	65	298	100	200	363	346	407	10	443	417	428	387	112	55	386	380	81	378	421	356	148	109	197	521	361	452	164	430	348	144	285	255	223	31	95	195	187	262	204	34	10	238	282	168	494	175	499	299	58	416	182	377	78	299	75	429	357	507	199	83	332	408	337	473	372	518	384	180	330	376	308	86	382	224	100	239	0	286	131	172	375	459	320
82	105	488	155	383	416	479	389	117	103	69	158	70	373	145	163	408	217	239	347	163	79	417	486	32	437	476	89	209	352	211	71	508	515	269	152	450	39	246	201	187	312	477	258	79	381	521	1	14	427	362	266	93	43	169	383	172	19	50	131	137	218	371	438	371	232	340	453	125	474	368	119	241	365	415	513	102	203	287	70	420	50	491	239	383	160	239	315	259	58	202	484	84	361	0	430	50	57	273	391
255	155	286	487	331	372	442	313	226	254	164	87	168	400	120	473	298	226	282	285	188	48	503	378	166	24	328	455	315	274	265	28	515	197	141	369	295	464	231	94	212	117	179	332	445	514	52	469	270	45	341	311	15	210	512	42	107	244	237	59	138	128	318	297	29	55	102	477	170	84	313	174	183	291	342	121	95	462	437	42	453	8	22	491	295	41	264	208	53	101	495	436	461	110	480	0	299	64	176	217
368	408	278	23	336	170	140	436	196	124	19	36	417	516	436	379	269	213	447	345	64	85	44	227	313	86	343	160	159	59	416	331	40	284	361	373	259	488	417	421	146	294	415	462	308	157	356	27	416	233	14	191	401	228	498	277	116	235	36	8	263	123	10	181	288	48	342	185	336	72	379	387	423	233	122	66	177	183	421	56	501	442	246	111	496	220	197	402	113	123	362	28	454	240	379	222	0	9	179	97
294	308	235	173	103	19	383	145	34	263	383	261	519	325	443	290	364	235	23	196	226	319	229	458	175	68	169	487	39	228	299	271	52	129	155	374	171	223	443	164	236	412	171	234	32	41	168	473	431	239	523	38	418	250	435	143	374	123	229	356	434	297	142	496	53	182	45	426	98	489	428	430	150	457	186	85	493	502	446	453	342	508	80	79	265	366	442	408	273	47	488	495	500	278	379	437	288	0	33	373
161	414	305	340	52	331	222	489	227	53	341	121	307	435	37	204	243	183	268	154	440	82	51	383	237	160	466	449	190	167	299	159	340	393	45	518	510	162	47	479	248	289	296	516	465	336	359	384	513	375	175	462	317	452	293	354	172	243	279	457	404	122	163	134	452	69	16	310	139	30	274	290	87	94	508	471	467	404	14	161	184	339	425	242	523	97	47	75	30	152	491	516	126	31	507	471	252	62	0	413
342	388	437	270	521	78	347	183	469	338	37	326	430	174	142	85	145	108	476	351	353	145	127	281	183	397	5	393	498	499	291	510	211	286	382	416	523	424	352	222	183	395	275	251	283	202	159	372	260	13	286	38	205	468	425	33	190	453	373	65	311	397	83	216	41	300	38	323	193	377	295	401	62	329	17	108	392	171	19	206	403	211	128	395	79	229	407	241	376	279	88	451	520	157	491	51	280	208	206	0
