A	B	C	D	E	F	G	H	I	J	K	L	M	N	O	P	Q	R	S	T	U	V	W	X	Y	Z	AA	AB	AC	AD	AE	AF	AG	AH	AI	AJ	AK	AL	AM	AN	AO	AP	AQ	AR	AS	AT	AU	AV	AW	AX	AY	AZ	BA	BB	BC	BD	BE	BF	BG	BH	BI	BJ	BK	BL	BM	BN	BO	BP	BQ	BR	BS	BT	BU	BV	BW	BX	BY	BZ	CA	CB	CC	CD	CE	CF	CG	CH	CI	CJ	CK	CL	CM	CN	CO	CP	CQ	CR	CS	CT	CU	CV
0	23	23	5	2	28	24	15	35	39	26	27	31	17	13	32	36	28	15	1	8	23	13	36	1	31	16	10	16	34	4	14	17	20	17	36	39	23	25	18	29	29	9	24	5	31	40	16	31	21	6	27	1	29	19	16	38	8	33	29	26	9	29	19	27	7	5	34	8	1	35	16	29	24	10	29	40	34	26	39	40	34	14	26	1	7	30	26	22	36	36	8	31	18	30	25	12	10	40	35
20	0	19	12	39	39	40	18	29	19	2	19	29	12	34	3	39	42	4	43	7	4	41	38	6	35	31	3	11	33	20	18	38	7	29	4	27	26	20	4	19	23	2	41	7	3	8	32	36	13	34	34	30	4	28	38	7	27	42	34	24	14	23	41	35	28	14	42	23	8	2	16	38	19	41	13	31	21	8	13	15	26	40	21	38	36	15	22	25	10	4	23	37	36	10	23	14	14	42	22
29	40	0	5	40	42	20	7	28	1	24	30	9	21	11	14	7	1	11	2	5	24	17	22	5	38	2	3	13	3	11	20	30	11	35	34	13	22	9	16	43	22	24	33	21	34	6	27	19	24	41	17	26	17	21	20	33	18	39	22	7	27	8	12	6	16	2	38	11	41	36	9	4	34	26	16	11	40	32	29	10	20	14	43	23	1	6	15	24	28	10	13	21	38	6	20	2	40	35	37
36	20	39	0	38	8	38	29	5	38	42	39	30	6	40	10	31	13	8	22	1	31	32	6	16	1	1	22	10	6	16	19	24	19	38	16	15	18	8	5	15	31	41	22	22	43	2	24	5	39	26	31	9	36	31	21	29	32	25	35	5	33	6	21	25	26	16	15	2	36	33	15	8	29	8	19	4	43	39	30	15	36	36	21	17	38	1	34	34	19	28	41	21	14	4	16	8	17	28	22
3	18	5	17	0	1	29	37	12	12	35	21	7	12	30	36	35	4	13	3	12	36	36	41	11	7	42	31	24	5	5	14	24	5	40	14	36	34	11	21	28	29	41	15	14	22	1	17	9	28	32	26	15	6	31	5	17	10	3	29	10	30	27	16	6	11	1	15	39	33	10	30	37	38	24	40	24	13	27	9	12	7	2	1	39	28	29	29	32	42	15	4	4	38	14	28	35	10	30	1
16	36	17	25	15	0	2	41	5	10	19	23	21	5	3	32	40	40	9	34	5	14	15	38	26	29	7	35	13	37	13	24	35	29	36	1	31	4	43	33	12	27	39	8	31	32	4	28	37	35	28	3	26	31	19	8	24	38	28	27	15	15	22	3	29	14	20	12	13	24	4	14	37	28	12	23	39	32	24	30	1	39	30	24	4	41	5	43	33	16	10	14	20	31	36	25	33	23	10	21
20	25	36	17	23	37	0	19	8	33	34	33	23	5	6	25	35	27	24	11	25	20	26	22	2	15	12	32	33	15	9	30	7	39	6	43	6	19	12	24	13	32	8	19	18	42	40	38	2	30	37	7	33	28	7	5	9	8	12	32	5	21	28	15	39	5	21	26	25	36	21	8	16	34	32	17	43	28	37	11	38	33	13	13	19	30	12	32	26	3	12	35	23	33	15	8	10	29	16	10
5	22	40	19	3	38	11	0	37	24	10	41	41	3	9	36	19	42	13	37	6	20	36	37	9	29	30	19	6	18	37	26	12	13	39	2	30	39	26	40	11	37	38	30	43	36	41	4	7	35	12	31	25	29	9	2	27	16	36	42	19	36	40	5	16	36	1	27	1	41	12	28	25	27	30	26	32	7	43	3	15	37	37	41	12	9	8	10	14	23	37	18	30	22	39	35	6	12	10	36
6	17	9	37	18	24	3	21	0	41	28	35	34	7	17	3	18	10	41	22	36	20	31	28	11	32	1	22	25	13	36	4	34	32	4	28	39	40	3	5	3	27	10	5	7	9	1	42	15	8	39	20	17	23	4	3	28	4	4	2	2	5	13	26	18	39	18	36	39	36	36	32	7	43	3	40	4	9	24	26	34	10	3	40	36	5	16	22	13	42	19	16	5	18	25	37	13	17	14	17
12	16	7	40	10	27	14	26	13	0	7	41	32	38	2	30	21	6	12	42	1	39	28	42	23	35	36	14	19	8	14	25	31	4	43	27	18	17	12	41	19	42	10	17	22	30	12	28	16	38	30	41	1	32	6	22	11	11	29	30	12	12	9	12	19	20	13	12	41	28	18	27	17	27	34	18	39	29	20	20	12	11	23	30	24	41	24	31	39	12	11	1	26	26	7	6	39	21	4	26
15	22	9	19	31	10	38	15	39	4	0	22	19	39	3	4	16	8	38	22	35	41	25	19	1	4	38	21	12	31	4	31	11	2	6	37	19	27	19	29	13	43	14	24	42	6	22	26	7	18	35	20	29	40	28	36	32	15	31	41	39	11	7	31	8	23	15	32	34	24	31	10	1	27	14	22	14	31	36	26	34	15	15	38	24	39	5	10	18	33	37	20	32	26	2	19	13	21	19	19
43	37	9	8	3	27	28	42	43	15	3	0	6	22	13	2	30	38	2	6	19	1	17	10	22	16	28	32	31	23	9	7	24	29	15	22	23	26	18	13	32	18	10	1	8	18	4	15	10	29	16	40	34	43	32	21	21	6	38	24	24	19	13	4	38	4	30	26	30	14	2	18	16	16	43	16	11	11	41	40	16	8	24	35	9	11	19	7	15	22	8	2	39	34	13	18	21	28	21	24
30	15	20	20	31	4	1	14	23	29	43	27	0	39	31	33	14	19	16	7	43	20	21	41	18	38	23	40	28	33	43	4	28	23	32	39	10	2	38	37	38	41	14	24	32	11	22	32	8	17	20	21	36	23	43	17	41	23	41	40	37	20	20	31	43	33	23	24	2	25	12	9	3	11	4	23	27	22	35	34	18	33	24	10	24	24	34	13	34	8	28	32	37	25	14	36	31	43	18	5
20	5	4	6	35	33	40	39	8	12	37	15	26	0	28	42	30	21	18	14	18	43	43	23	40	2	5	31	31	9	20	7	11	28	5	2	17	35	4	33	27	32	27	38	21	41	25	35	32	34	34	15	30	35	9	32	38	39	14	5	14	34	42	12	15	10	33	30	2	34	13	42	15	8	10	13	28	33	43	7	29	10	23	39	39	19	14	10	34	31	21	23	22	3	14	40	32	16	11	2
25	13	19	17	39	25	40	25	32	36	14	3	17	42	0	25	31	18	26	16	21	12	25	31	19	5	24	13	43	31	19	9	12	34	19	32	14	27	24	17	31	18	32	39	22	29	16	15	41	23	23	18	11	20	22	24	39	5	23	40	35	27	12	29	9	27	9	32	42	8	19	16	6	16	23	19	16	12	37	23	33	16	9	28	5	6	32	11	43	42	1	11	11	33	19	42	41	20	17	9
37	42	43	18	13	17	29	36	12	32	11	31	38	39	8	0	22	4	20	4	5	37	30	18	11	12	9	11	10	21	11	20	4	4	18	38	12	19	7	2	42	14	38	8	8	27	9	35	13	13	5	18	9	2	1	12	12	39	23	21	14	14	41	36	21	10	27	3	42	13	28	11	40	11	26	8	43	36	32	18	31	38	41	23	18	31	28	41	29	30	27	36	8	15	25	43	7	26	20	12
13	25	36	19	23	23	10	36	4	17	17	25	42	29	36	40	0	39	38	25	25	16	22	15	28	21	27	17	30	31	43	11	34	27	35	33	18	32	14	12	22	18	38	29	40	21	11	7	1	14	42	31	4	18	40	18	29	2	31	19	20	21	25	1	43	18	8	2	28	42	25	35	22	9	31	23	2	34	19	26	34	7	19	30	20	19	26	43	9	15	26	42	40	35	28	29	27	18	42	31
39	36	14	18	11	3	28	5	32	9	22	36	25	32	38	38	8	0	39	4	32	30	7	19	8	19	29	1	15	7	33	25	36	4	43	3	39	27	21	9	14	3	40	22	2	7	11	15	31	2	7	8	25	26	2	12	31	32	19	10	8	22	19	30	23	35	1	2	34	39	38	17	31	4	16	12	42	21	25	4	23	16	43	30	41	25	34	8	3	39	20	11	42	17	7	40	4	33	25	28
18	17	1	40	37	6	1	1	12	27	6	39	23	22	11	16	2	38	0	18	7	28	26	16	29	32	1	35	3	31	12	7	42	26	43	39	41	26	20	21	24	31	21	34	6	15	39	35	42	20	19	29	10	13	14	6	3	31	28	36	9	22	38	41	23	8	33	23	15	7	29	15	8	13	40	12	24	23	39	28	39	25	2	37	21	35	18	27	6	32	42	22	17	23	36	9	30	4	1	11
28	4	35	11	21	6	9	25	26	8	21	32	18	10	15	19	10	14	9	0	32	22	3	25	32	33	30	29	2	27	25	24	6	23	38	39	42	43	22	7	43	7	23	14	15	26	5	43	33	21	26	5	18	6	11	35	6	13	6	26	12	24	29	19	15	4	19	6	4	25	27	1	41	14	8	17	10	1	7	4	28	5	11	25	3	19	27	40	32	30	3	40	5	9	22	21	27	36	2	11
31	6	32	23	1	28	21	26	14	37	33	38	34	29	43	22	18	39	7	18	0	43	14	4	22	11	26	16	12	14	20	1	38	34	41	28	15	5	6	32	21	35	12	43	10	32	12	10	36	8	1	3	31	42	7	23	21	1	8	26	24	1	11	34	9	35	23	6	23	9	40	19	6	6	38	22	30	24	24	10	26	2	25	16	38	31	37	12	1	35	5	20	15	15	41	37	14	43	31	2
2	11	2	20	15	39	15	6	7	40	20	16	19	43	12	27	13	1	7	2	5	0	33	27	16	4	7	11	15	14	5	24	16	40	7	28	31	12	8	13	32	22	38	30	34	33	17	16	33	18	3	5	15	6	14	39	6	12	40	11	6	37	40	38	20	37	34	21	37	12	16	25	39	21	40	14	38	11	22	11	11	26	3	18	9	10	6	22	14	41	5	33	23	26	7	5	7	38	26	39
2	3	20	1	32	37	2	15	6	38	18	31	6	26	31	9	16	2	33	24	28	23	0	38	33	32	18	14	10	43	32	7	7	24	1	15	9	30	36	30	5	28	40	42	9	24	7	19	23	43	1	42	4	22	7	16	32	25	27	4	24	5	27	31	20	28	4	8	21	39	39	26	6	6	19	32	40	37	16	21	29	4	8	3	3	26	13	39	43	7	1	5	22	4	31	41	5	34	35	16
8	39	20	19	7	18	35	6	12	29	42	15	25	42	39	18	12	19	21	35	40	6	31	0	10	41	12	4	24	41	38	6	15	36	7	17	6	43	30	6	25	13	37	30	10	15	13	8	1	25	3	10	26	39	31	32	24	7	7	7	35	19	2	11	9	19	42	31	14	16	42	13	35	2	21	34	33	27	1	6	16	31	32	15	25	28	12	40	4	3	23	11	31	25	35	17	30	23	26	18
25	40	33	42	40	12	13	24	11	24	12	15	40	12	34	34	33	5	43	2	39	20	14	21	0	17	12	19	43	30	41	9	39	14	21	14	28	40	31	11	1	9	13	26	13	35	40	22	26	34	29	9	15	17	17	22	25	10	41	25	35	15	37	32	10	14	41	15	26	19	16	19	30	20	22	36	2	8	21	12	39	7	19	39	19	23	22	19	10	18	21	27	16	20	10	30	1	30	34	43
10	5	37	37	43	5	21	42	15	40	41	3	34	15	28	1	18	20	20	12	34	11	14	14	5	0	37	27	8	12	33	34	25	21	42	6	11	37	14	7	13	38	33	7	35	34	7	14	6	38	33	4	27	15	25	17	12	27	28	22	10	14	17	28	3	6	41	33	33	7	25	6	33	34	42	2	27	13	5	31	4	8	36	11	15	2	1	18	2	12	29	7	12	32	2	21	5	33	31	31
3	30	32	24	37	11	40	29	11	8	6	5	23	31	2	31	26	7	8	22	33	29	9	29	25	32	0	28	34	25	17	36	20	7	13	28	6	28	23	25	42	10	1	8	31	33	30	37	36	5	2	33	13	12	16	29	27	5	24	27	39	37	23	40	2	32	35	12	16	40	17	31	20	22	9	23	21	36	20	40	23	28	27	33	23	33	37	35	2	38	29	36	26	20	3	43	29	29	6	34
10	33	25	2	11	37	17	21	40	41	9	41	41	37	37	43	40	5	6	24	37	12	3	39	13	10	6	0	19	38	1	21	21	2	18	7	10	2	38	35	1	27	31	38	36	29	36	7	35	35	38	40	6	21	8	42	14	43	16	32	35	40	22	5	8	31	19	15	9	5	19	9	31	40	24	2	26	38	31	32	22	3	35	35	32	25	40	20	18	21	8	17	11	36	22	13	30	9	19	41
25	3	28	30	2	24	38	37	33	30	26	39	34	29	40	12	32	33	39	16	37	29	23	18	25	41	27	13	0	6	21	43	42	25	10	7	22	1	5	10	16	33	11	15	39	29	33	17	34	13	24	14	41	8	25	11	37	43	16	7	35	12	33	41	4	22	16	28	10	27	1	23	5	29	30	6	16	31	2	22	28	35	34	21	12	43	21	16	17	29	25	35	19	41	6	25	18	30	28	20
34	13	25	21	27	8	1	19	39	25	41	13	2	3	38	5	28	7	3	34	17	3	35	35	39	34	29	36	31	0	24	3	27	11	33	9	6	4	9	16	14	34	42	37	14	15	15	33	21	42	6	37	23	23	36	13	30	23	38	28	33	28	4	39	13	26	31	18	35	21	25	29	7	43	34	2	43	5	22	25	43	18	19	18	27	5	3	24	33	27	8	27	2	15	11	20	24	39	3	4
18	27	28	14	14	15	3	22	9	17	16	40	42	35	6	36	16	35	14	5	42	28	33	10	38	14	11	38	9	43	0	8	33	16	30	2	27	22	37	17	15	12	6	26	37	43	9	6	28	2	17	38	33	14	12	26	43	31	41	7	33	5	11	31	30	24	39	28	21	19	9	38	22	9	41	34	9	4	4	5	21	19	34	40	31	12	35	28	19	17	9	1	25	11	25	40	12	28	14	31
24	33	12	7	4	26	15	34	5	26	25	23	24	34	29	25	5	38	6	18	28	3	34	22	36	39	32	5	38	27	7	0	26	13	2	14	20	26	5	17	38	32	8	25	30	2	33	15	2	30	13	37	17	34	25	23	41	42	33	6	42	8	42	29	34	43	2	12	6	37	10	15	29	40	23	20	32	29	4	8	20	26	25	13	19	27	35	40	20	32	21	19	43	9	2	3	23	42	27	23
38	14	29	29	6	39	1	12	39	36	38	9	40	23	38	24	38	13	22	28	34	28	23	14	39	6	41	34	35	1	25	19	0	30	8	27	15	18	19	2	33	39	4	29	43	18	32	7	30	4	25	2	10	10	14	4	10	13	11	41	43	33	37	42	20	15	12	31	40	22	14	22	21	25	13	15	2	18	43	24	13	41	21	7	11	13	31	35	15	16	2	39	2	33	11	29	6	23	38	43
40	4	30	38	18	20	7	10	7	27	12	41	30	16	9	40	33	14	9	41	33	4	18	33	28	18	12	14	22	28	15	21	12	0	16	31	33	25	22	9	23	20	4	31	5	41	17	9	22	6	22	41	36	25	22	26	30	35	14	36	27	22	38	22	40	30	11	24	19	1	30	39	11	5	21	15	34	17	1	11	22	20	2	14	10	42	20	38	32	16	18	6	20	12	26	3	5	34	34	40
36	14	24	43	5	35	6	16	17	8	17	34	6	24	32	16	37	10	2	3	6	19	4	4	33	29	30	3	14	12	9	43	24	31	0	21	36	36	2	29	26	35	4	28	16	3	15	15	11	4	10	23	35	32	37	21	1	27	4	29	7	4	2	7	31	19	29	43	19	41	36	31	40	7	15	35	1	34	33	15	25	24	19	22	22	29	29	40	37	16	4	25	9	21	29	8	35	31	27	35
30	1	23	26	35	29	41	17	25	20	28	15	43	17	11	32	8	32	20	33	19	14	9	31	17	16	1	10	15	21	30	13	6	41	43	0	12	14	36	30	39	16	41	16	36	34	36	28	30	9	2	12	35	43	2	29	7	10	41	40	9	11	34	16	14	33	39	36	20	13	1	12	18	34	40	35	39	43	16	15	37	10	17	14	23	28	9	36	42	40	15	1	11	20	39	10	10	38	23	32
14	3	14	35	34	29	5	2	7	40	34	38	28	7	34	4	11	39	18	39	12	1	7	1	6	12	19	8	32	6	26	12	4	4	10	21	0	40	17	15	10	17	31	8	25	7	41	15	29	14	30	8	27	36	7	8	18	30	27	18	43	41	19	2	2	7	16	28	43	7	8	30	24	36	18	17	24	3	32	38	5	37	39	17	2	30	38	40	12	7	5	17	15	6	30	5	16	26	33	6
7	1	42	39	20	20	26	2	25	25	35	29	24	15	42	22	14	27	34	32	36	2	19	37	37	36	4	36	26	8	10	32	11	39	34	1	14	0	26	17	36	28	12	37	5	9	33	24	23	22	2	8	32	30	2	15	23	18	35	32	12	7	34	21	9	14	34	9	1	21	9	43	37	12	26	37	14	41	37	15	27	15	35	40	28	25	10	4	25	1	7	9	14	7	26	10	35	8	35	7
26	2	25	3	33	43	26	34	3	21	31	11	30	9	28	8	8	23	18	10	12	39	29	37	2	39	27	41	33	16	13	19	27	17	14	4	30	20	0	43	11	5	36	37	19	16	39	5	20	29	29	34	24	24	11	20	37	24	34	39	5	28	21	38	21	28	40	12	36	7	24	24	17	1	42	30	1	34	32	43	6	27	43	29	43	15	13	5	7	4	42	17	40	26	21	14	1	20	41	36
38	26	14	11	26	7	25	31	20	21	15	26	36	19	36	2	38	14	35	30	26	32	9	7	4	19	28	40	26	13	6	8	3	14	21	15	18	25	34	0	32	37	12	42	21	34	31	38	1	24	1	42	13	25	5	11	42	30	42	27	2	15	21	42	17	40	4	14	1	20	34	16	23	42	16	21	36	35	33	28	15	2	12	10	35	11	20	36	3	34	27	15	33	18	20	20	33	43	11	43
6	30	25	40	11	9	29	10	43	41	8	25	1	20	11	2	8	25	23	9	22	27	34	4	6	37	15	21	10	8	32	1	3	9	14	11	20	19	33	32	0	2	32	31	18	36	3	42	27	1	9	14	10	33	6	19	2	11	9	31	28	17	27	21	37	34	7	3	37	28	6	40	26	11	16	18	16	9	38	14	43	38	24	31	22	37	14	22	7	31	12	40	22	25	20	4	33	1	5	42
35	9	5	29	24	42	9	4	11	43	21	2	13	10	4	11	15	10	31	5	19	1	43	42	6	14	12	17	21	30	11	41	32	22	12	14	29	12	43	28	25	0	36	3	4	7	29	43	20	34	34	5	17	1	3	1	43	35	29	18	18	2	20	7	43	36	33	24	7	32	43	10	18	42	21	13	9	32	36	17	20	4	14	15	11	4	23	26	19	9	37	42	7	7	36	11	18	20	21	35
41	21	16	30	32	23	13	23	9	21	37	7	3	25	16	42	5	33	34	23	28	20	34	25	1	30	22	32	28	3	10	39	29	27	20	5	40	39	20	10	8	16	0	33	21	33	30	10	14	36	23	42	32	19	14	11	29	2	16	11	16	28	10	22	28	17	29	34	11	27	31	43	33	41	9	33	40	5	29	16	12	6	30	9	27	9	35	27	23	17	7	12	8	3	9	34	23	35	22	30
22	30	9	33	7	21	25	36	11	3	9	2	27	17	4	41	23	40	11	38	9	26	19	1	32	22	26	15	32	2	36	32	33	5	42	40	1	8	20	10	15	21	3	0	9	6	13	20	13	21	26	16	38	13	16	6	40	27	40	41	33	40	33	3	19	31	16	13	43	27	24	1	43	27	18	28	29	18	38	25	11	19	22	38	11	32	6	38	9	8	16	5	10	5	28	15	33	20	29	39
17	20	3	19	34	15	9	29	25	20	7	24	5	5	28	23	24	13	41	22	33	20	30	40	43	37	38	25	8	30	8	5	22	33	9	8	25	40	8	40	17	34	8	22	0	35	2	38	19	39	16	9	7	13	15	37	38	34	20	38	5	7	13	41	24	32	23	17	40	26	16	42	23	14	39	17	31	7	29	7	2	22	11	24	30	5	11	33	41	42	5	31	16	37	4	7	19	34	2	21
30	41	26	7	23	28	18	5	37	41	36	39	40	6	38	26	14	31	34	42	16	22	16	7	42	15	32	28	10	16	7	39	17	29	27	6	19	8	9	18	43	16	23	8	33	0	10	26	15	32	30	8	29	2	26	39	27	15	17	25	1	5	32	21	34	22	38	18	8	11	27	23	43	3	1	32	14	14	27	7	2	3	7	34	14	42	33	13	4	14	41	18	28	27	6	31	39	3	26	14
37	35	30	34	29	14	23	3	2	23	17	22	23	7	3	26	21	34	30	23	9	13	38	35	16	6	28	18	25	14	20	11	6	30	27	18	13	17	18	4	41	2	25	9	39	20	0	18	25	38	22	39	19	25	24	23	24	20	6	34	42	6	41	39	1	35	3	16	9	14	34	18	7	5	32	8	27	39	7	16	21	17	10	25	23	7	43	15	4	20	1	11	7	38	25	22	20	25	39	11
35	7	9	29	40	1	2	15	6	15	23	5	35	8	33	5	1	36	20	13	28	36	43	1	26	34	1	16	19	11	8	42	11	15	8	28	14	22	31	16	30	7	7	36	40	7	8	0	22	27	7	23	5	23	5	42	28	16	31	8	36	36	29	2	22	14	31	32	31	29	24	29	19	13	32	23	17	8	31	7	9	9	39	25	17	8	1	23	1	18	37	24	33	16	25	18	31	14	20	5
8	22	29	29	36	24	35	21	29	32	34	16	20	5	27	34	4	25	13	20	2	13	40	41	37	24	39	40	7	13	41	28	16	40	25	9	3	16	35	16	14	29	22	8	14	33	10	17	0	25	29	40	27	26	25	28	33	8	27	5	10	9	30	12	13	34	34	34	29	19	31	24	40	9	18	21	22	9	34	13	16	40	2	38	20	14	31	16	43	34	23	36	38	8	9	19	13	7	38	16
35	19	9	31	27	13	20	3	3	43	18	14	17	34	11	25	9	20	10	20	4	3	38	37	21	24	26	16	22	17	7	4	36	8	13	19	15	16	36	3	30	31	24	42	7	18	39	27	42	0	29	5	35	28	42	34	30	22	18	14	1	38	18	5	34	26	33	37	8	38	34	23	18	21	39	28	13	38	25	42	17	41	17	32	31	8	35	19	22	11	23	42	7	2	6	6	8	14	28	35
23	1	26	15	2	32	26	10	2	26	5	28	34	38	30	3	29	31	31	24	38	19	3	43	13	17	8	43	11	35	23	18	20	18	20	2	36	16	15	22	33	36	16	28	21	25	24	5	40	32	0	9	26	35	33	40	14	20	43	15	18	33	31	28	43	26	43	28	27	17	6	14	28	27	23	31	2	7	24	13	14	11	16	23	25	27	9	2	28	30	39	30	19	5	2	33	19	3	6	14
30	18	6	39	25	31	11	2	22	20	15	42	7	40	26	33	39	31	27	14	6	20	10	36	3	31	3	9	11	6	42	17	30	21	42	21	5	38	43	43	39	14	22	38	43	16	21	27	11	31	1	0	35	32	30	1	32	31	11	10	38	16	40	9	2	4	31	4	28	11	28	31	6	36	42	1	10	27	34	39	5	30	35	21	17	31	34	17	15	42	18	29	16	38	39	38	36	11	3	11
20	2	6	40	14	22	22	9	22	16	24	18	34	26	41	3	6	41	23	41	19	19	41	23	14	9	32	1	20	25	34	4	11	4	39	13	35	18	26	27	18	11	36	19	29	13	13	4	28	6	41	7	0	6	11	14	17	10	4	37	12	24	16	30	17	28	26	41	27	5	3	25	2	38	14	3	11	21	36	14	11	7	13	31	24	27	19	24	34	15	35	1	41	26	27	14	13	23	8	32
34	8	15	4	34	9	5	30	17	38	20	23	14	16	2	23	32	29	5	12	39	14	14	39	31	35	2	30	11	23	22	19	27	12	19	20	29	28	3	14	12	9	42	38	43	32	13	18	5	28	4	3	11	0	8	14	30	23	15	5	25	5	13	33	42	40	15	9	37	33	8	43	5	25	13	11	10	29	1	1	18	13	25	22	10	40	3	6	9	12	3	27	14	3	20	20	29	7	26	18
4	15	42	30	20	38	8	20	34	22	35	20	36	23	15	27	24	34	32	30	22	4	21	14	39	9	4	19	7	32	38	35	21	38	43	29	39	7	21	17	4	38	24	19	10	27	17	1	1	12	6	8	25	34	0	41	40	10	7	32	18	32	35	32	43	13	20	3	8	15	23	2	41	37	3	12	21	29	31	9	33	25	28	30	39	4	4	37	41	34	28	41	24	29	22	3	10	30	13	27
37	31	16	31	35	41	43	40	32	13	23	6	12	8	15	25	7	19	16	20	21	4	24	41	27	12	23	31	19	14	6	35	28	42	1	38	1	11	7	3	4	24	17	28	9	29	26	23	20	39	16	31	15	3	8	0	10	42	30	1	9	27	3	16	33	13	33	42	2	5	25	42	34	43	23	37	21	31	25	33	6	20	42	7	5	17	19	16	38	34	29	31	13	3	12	3	15	9	26	4
5	37	34	17	5	34	13	35	11	20	15	10	28	12	41	24	11	27	20	11	43	6	15	34	28	20	6	16	35	17	9	28	39	21	25	40	9	10	22	6	17	10	2	2	35	33	23	16	14	20	16	2	42	24	7	23	0	16	31	25	15	16	20	13	1	26	11	43	16	36	10	7	10	20	20	12	13	10	37	27	43	7	38	4	6	26	6	35	17	38	30	23	15	1	20	5	17	4	1	23
31	19	2	39	20	17	11	20	38	18	6	18	24	6	20	29	6	30	21	11	34	17	24	41	9	4	25	32	38	28	24	41	27	11	24	4	3	37	27	35	32	21	17	26	17	28	11	16	33	39	28	1	40	36	24	36	34	0	41	30	14	4	13	15	27	16	38	37	22	28	41	37	8	19	28	1	8	5	36	17	22	36	25	20	3	3	37	23	11	16	38	40	35	2	37	15	2	19	32	34
32	26	42	38	43	27	40	38	27	9	25	21	33	4	2	39	38	5	13	32	40	38	40	22	43	23	19	2	31	33	7	7	28	22	18	41	21	16	32	16	26	8	12	20	39	6	26	9	35	28	28	19	14	14	12	15	18	43	0	31	10	15	9	40	43	14	27	6	37	34	8	28	18	23	28	42	13	33	9	42	10	2	7	33	22	22	17	36	30	22	39	16	42	21	13	13	3	32	28	29
31	5	30	5	40	26	25	3	43	12	8	4	32	14	1	30	13	13	39	28	5	5	12	16	7	16	2	4	19	20	26	38	8	8	6	43	40	2	35	37	22	8	35	13	6	25	23	4	19	23	36	9	28	40	29	11	33	31	17	0	20	41	13	9	33	42	15	29	17	35	5	16	32	15	43	35	7	7	21	10	12	10	39	4	18	7	25	43	6	16	39	25	11	14	41	43	33	34	32	3
29	26	13	23	21	27	7	25	14	8	33	36	12	12	6	35	3	9	2	24	19	39	9	42	15	35	25	26	33	29	35	4	14	25	7	34	22	25	38	1	35	10	12	27	36	33	43	36	19	30	33	36	24	16	25	40	15	22	7	2	0	29	41	38	15	20	9	32	30	34	14	43	18	11	41	13	29	10	4	19	9	6	26	17	7	3	18	7	43	42	36	11	35	14	42	30	2	16	38	17
8	41	4	3	28	5	35	21	4	8	3	2	23	41	24	42	15	33	33	21	32	9	8	1	25	12	2	42	6	31	5	30	24	20	11	41	23	1	33	41	34	39	36	40	40	9	42	29	25	26	20	6	26	21	32	14	17	19	7	29	6	0	22	26	14	18	4	26	33	31	15	27	32	38	23	29	41	10	7	35	37	31	43	1	6	21	33	34	16	39	33	37	12	42	14	38	12	43	22	1
41	25	12	29	13	15	37	2	15	15	18	15	32	35	22	17	7	14	11	40	24	33	15	43	28	31	38	23	2	15	6	18	26	7	30	13	7	32	20	5	28	43	9	22	15	28	33	39	5	8	10	39	5	15	22	5	37	31	6	12	20	1	0	16	35	35	17	7	15	21	17	40	1	33	39	13	33	25	12	16	20	33	24	24	26	10	34	1	26	35	22	20	30	28	36	1	39	37	4	27
1	36	7	35	42	41	8	17	35	35	7	35	35	24	20	41	5	12	40	37	24	18	13	32	23	6	3	43	22	32	24	13	8	7	5	31	17	26	27	20	41	16	17	8	41	20	25	11	9	9	34	29	21	14	34	18	21	21	16	38	37	6	26	0	37	29	38	6	17	31	43	35	9	14	4	34	3	35	38	5	30	36	1	37	5	19	10	20	14	1	16	1	13	35	23	2	3	42	34	2
7	15	7	25	5	41	31	27	32	28	25	21	15	40	14	13	6	10	2	38	25	4	2	40	4	12	36	5	30	43	9	34	9	43	22	23	19	11	12	2	11	22	26	19	39	33	4	17	38	9	26	14	8	32	17	8	36	13	2	34	2	9	11	35	0	20	24	15	11	10	27	23	1	25	39	43	38	6	11	18	29	28	34	4	5	13	23	6	4	8	14	32	12	10	22	9	38	9	28	2
31	11	40	36	37	38	19	9	16	19	10	35	11	11	38	33	9	43	16	12	3	42	2	25	10	36	33	3	28	21	10	34	9	17	10	32	10	7	28	13	4	41	33	23	12	43	2	10	43	39	29	12	19	23	14	15	15	36	43	20	35	34	36	42	8	0	36	25	31	16	22	2	18	40	14	33	4	2	39	13	12	9	26	11	3	9	40	13	2	15	12	32	15	29	35	19	22	9	20	22
12	23	28	21	11	8	23	24	32	38	33	40	1	33	13	19	19	31	2	22	36	35	23	24	34	22	11	30	7	14	36	27	14	18	33	35	37	31	42	15	22	6	6	6	12	21	31	22	12	23	23	9	41	6	16	1	35	3	41	40	1	36	14	17	39	10	0	8	19	43	13	16	35	20	8	26	27	5	22	30	22	28	18	42	27	37	4	25	19	7	42	38	5	18	30	31	3	5	33	22
22	40	31	39	25	3	16	23	9	9	42	42	43	31	42	35	4	6	23	39	34	31	25	42	6	22	18	17	39	24	10	25	12	30	43	12	35	30	22	21	20	6	25	31	30	37	13	12	21	9	34	16	9	26	8	5	42	11	22	24	19	18	37	6	26	2	32	0	17	32	40	40	32	7	3	10	26	17	3	6	41	21	2	14	43	13	43	33	28	32	19	35	7	40	35	9	14	2	11	1
28	2	38	43	12	35	20	15	14	2	1	34	19	5	39	21	36	24	34	20	35	2	30	26	13	12	40	2	12	13	28	37	9	1	24	16	19	13	10	28	19	42	4	6	29	35	32	19	27	8	15	28	39	10	2	37	3	32	2	31	22	36	29	33	3	25	35	33	0	13	31	40	15	25	20	13	31	41	23	43	35	3	16	22	40	11	8	26	40	4	10	17	18	9	32	6	17	36	31	13
24	20	35	30	41	26	24	25	21	34	39	35	2	14	5	14	36	10	25	33	7	3	37	18	32	41	11	36	43	34	15	6	24	28	43	23	4	15	7	14	1	15	21	40	6	8	19	2	18	21	6	24	9	11	36	43	18	40	33	22	41	21	33	16	40	13	7	40	24	0	3	35	30	34	20	16	22	25	1	20	29	5	31	3	29	21	34	33	8	19	13	25	4	20	5	13	16	15	43	10
12	30	29	36	26	27	39	29	24	16	31	5	4	6	33	25	12	4	26	1	16	5	34	33	21	40	18	36	30	9	13	18	12	43	6	43	9	4	19	7	3	36	36	26	24	28	17	16	26	16	35	19	2	23	26	14	21	20	6	42	42	3	28	15	40	17	18	19	35	41	0	32	30	31	1	5	18	38	33	11	8	39	40	18	5	9	17	39	38	34	34	31	32	27	39	32	22	14	4	24
22	16	21	31	32	1	3	32	6	43	34	27	29	36	6	9	37	16	1	42	27	21	35	30	4	37	18	17	35	22	27	32	27	43	12	2	35	20	19	6	22	10	15	12	22	35	21	26	7	5	5	6	14	10	41	41	42	26	26	17	20	15	37	42	4	14	5	41	1	36	42	0	12	28	7	27	42	6	19	12	14	25	42	30	25	19	5	16	8	18	27	25	27	15	24	20	18	14	38	7
34	1	26	3	25	16	43	39	26	30	22	36	17	24	12	1	3	19	32	12	30	9	22	42	5	22	22	43	13	5	9	11	23	16	13	3	7	41	25	8	2	14	18	15	38	43	33	34	39	43	5	11	38	27	10	21	32	43	19	29	29	21	14	33	20	12	33	32	22	30	2	21	0	14	43	3	31	4	38	18	37	20	23	9	20	3	29	42	29	14	7	35	6	10	29	36	18	30	21	7
17	39	16	23	37	6	8	4	28	23	23	25	23	33	15	14	42	42	7	1	16	29	28	18	23	40	28	36	21	11	35	35	23	39	24	25	20	18	11	26	12	24	40	22	38	11	33	4	1	22	2	12	39	10	9	19	36	4	35	41	36	2	6	37	41	32	43	1	26	2	15	30	31	0	42	33	7	11	34	20	34	27	18	7	27	14	3	20	40	13	40	39	29	38	31	17	7	23	19	25
22	22	12	13	38	26	14	40	1	10	36	40	21	42	14	30	4	35	17	36	36	27	36	2	26	15	41	25	39	22	30	20	40	12	31	26	15	36	40	29	34	30	28	1	9	39	7	43	38	43	11	27	22	5	35	38	17	32	3	23	6	5	43	34	20	42	26	42	22	33	13	4	32	42	0	20	2	2	40	39	1	30	9	3	7	30	4	3	42	15	12	21	3	10	22	37	30	16	12	21
2	38	40	29	9	15	26	34	28	42	27	7	3	24	41	8	42	10	33	13	39	24	42	13	36	5	20	26	27	29	39	18	21	8	12	28	10	31	27	37	31	33	4	42	29	25	42	22	32	19	18	41	34	24	27	8	38	33	43	39	31	31	29	10	34	9	9	27	33	30	4	11	29	10	3	0	43	28	6	29	33	33	26	7	29	39	40	9	6	8	20	5	37	17	41	22	28	23	31	12
1	37	22	18	16	32	4	9	41	37	11	30	15	14	42	10	6	1	34	41	2	29	24	29	25	19	11	11	26	24	5	4	41	43	42	31	12	16	41	41	10	2	28	30	17	34	29	8	5	35	31	9	7	18	10	38	15	21	6	18	29	30	23	37	6	43	6	9	4	13	2	31	32	3	12	38	0	38	21	8	10	14	36	39	37	40	6	10	41	37	24	6	37	7	19	10	10	31	34	42
3	5	35	24	4	3	13	33	18	19	21	34	14	12	39	24	38	36	37	20	21	8	26	10	22	28	20	30	43	7	41	9	2	8	14	25	18	40	6	40	41	27	16	28	12	35	35	4	2	22	28	43	14	15	24	11	22	25	7	38	31	22	39	10	38	18	1	7	16	38	19	2	5	40	28	11	9	0	27	11	40	35	33	24	16	11	1	28	9	17	41	23	6	38	26	34	28	5	17	24
4	10	37	16	13	40	21	14	29	12	26	17	30	32	28	18	5	33	40	15	2	26	34	22	42	24	21	16	29	22	41	4	23	2	17	23	38	18	9	19	32	41	12	9	22	42	26	6	19	8	15	38	4	10	10	23	28	22	15	35	31	10	27	7	25	40	18	37	10	18	38	16	32	22	35	12	25	23	0	1	10	41	17	27	5	23	4	19	7	1	3	26	37	40	16	8	43	29	37	4
31	3	4	43	3	39	24	35	12	8	27	35	33	36	11	28	2	12	24	14	2	36	6	6	11	20	3	20	11	35	35	23	4	39	39	19	20	2	33	1	19	6	12	23	11	1	5	3	43	6	7	7	28	36	34	33	2	24	11	3	6	7	19	27	15	18	13	32	2	35	40	25	7	12	41	17	28	28	26	0	43	24	27	6	16	38	10	36	22	10	23	21	23	27	23	15	41	9	6	3
23	21	24	37	21	37	33	13	16	19	2	10	38	19	38	19	42	21	21	36	34	6	33	24	13	11	42	5	25	6	1	3	5	6	25	24	14	19	4	4	8	21	23	33	38	10	40	2	22	7	26	33	6	16	30	15	32	33	26	39	28	30	18	25	39	39	14	5	22	34	3	36	12	30	1	33	12	9	9	10	0	32	13	19	21	30	7	42	40	25	21	9	11	31	26	43	26	15	20	12
6	11	33	40	14	39	18	14	31	21	5	20	9	37	33	35	2	31	39	31	14	39	25	26	27	13	5	36	1	18	30	40	40	18	21	8	31	1	18	11	29	40	34	27	42	22	34	9	38	36	19	42	5	31	25	26	17	3	34	38	19	6	4	19	39	36	2	17	22	1	4	30	37	6	20	38	25	20	23	9	28	0	27	23	41	23	14	7	30	29	2	20	7	11	1	24	39	14	42	20
35	10	36	11	17	21	39	22	19	18	16	12	9	1	4	38	29	18	26	14	4	3	37	4	8	6	29	39	41	26	25	17	7	28	9	15	18	23	24	25	35	21	34	26	18	11	42	34	39	25	23	34	15	20	13	39	20	20	32	42	6	15	36	35	33	10	37	2	16	32	27	8	31	38	8	3	23	40	6	24	42	32	0	26	5	40	13	41	24	43	29	2	34	22	11	12	14	6	30	37
19	34	37	34	2	7	27	25	37	8	35	14	15	33	31	9	33	17	36	16	11	17	41	30	11	30	18	26	20	14	7	22	22	10	25	35	6	26	21	7	36	18	19	24	17	23	21	40	10	37	22	14	3	37	23	24	6	38	7	16	38	22	34	13	28	1	32	37	15	32	43	25	26	2	22	36	36	31	26	9	40	26	35	0	15	26	35	3	42	31	39	7	22	16	5	37	41	43	22	43
11	18	29	9	1	43	30	43	39	8	24	22	36	3	12	12	29	38	11	18	19	20	8	19	19	8	39	23	10	28	42	23	21	39	37	18	40	41	34	17	15	5	20	38	3	4	32	14	6	39	14	37	3	32	33	26	11	19	22	33	41	25	43	36	31	6	21	25	33	7	14	8	2	24	10	14	26	36	34	43	9	35	25	43	0	6	32	11	14	31	3	35	7	31	4	17	2	36	24	15
11	32	37	42	27	17	31	42	37	22	20	13	3	4	29	33	37	34	19	42	36	21	26	20	40	41	35	39	8	40	17	17	27	25	12	43	38	16	31	41	7	11	37	20	10	25	5	8	36	30	25	36	40	25	40	26	33	40	25	9	10	35	41	39	22	26	2	21	22	17	5	25	39	1	41	16	28	6	43	27	11	9	3	1	2	0	18	31	25	28	5	41	41	29	36	33	29	25	16	37
23	7	16	35	11	9	18	12	29	9	41	25	23	40	13	22	20	1	17	4	1	28	33	9	31	20	27	2	2	38	27	3	21	3	34	23	37	14	17	4	18	14	32	1	10	18	27	5	1	7	21	13	36	22	33	5	18	30	31	38	29	13	22	38	2	15	4	24	12	1	32	42	4	32	39	19	14	9	4	40	36	31	37	6	12	7	0	22	7	21	4	32	40	22	12	17	13	25	38	43
26	38	8	35	5	33	2	31	12	31	34	38	18	19	23	31	29	28	37	1	1	30	3	40	21	23	33	22	1	19	12	33	1	9	27	38	42	11	8	10	5	19	39	18	17	6	37	27	15	37	14	36	37	23	37	2	4	24	15	13	21	42	22	2	19	42	20	13	37	39	22	21	37	16	15	20	15	21	5	17	35	33	6	43	7	25	39	0	27	40	25	18	42	19	15	33	15	9	12	40
36	35	16	20	9	25	31	39	24	43	9	10	26	3	13	28	5	19	5	36	25	43	21	25	13	21	17	17	32	18	6	12	26	15	37	9	18	18	5	6	11	14	1	27	31	6	28	20	25	16	6	8	38	17	4	28	11	40	40	2	27	27	42	8	25	11	21	35	14	26	25	15	15	42	10	37	42	34	36	35	39	41	40	33	20	39	38	10	0	41	11	29	20	43	29	1	8	21	11	30
30	14	24	1	24	40	6	38	22	42	36	12	40	12	21	29	14	28	6	13	35	35	10	7	34	40	29	6	27	18	42	19	5	12	27	38	28	41	27	40	7	7	35	11	43	15	16	40	20	12	40	20	36	8	39	17	15	38	7	11	41	31	35	35	10	21	30	43	19	41	2	37	7	15	3	7	12	38	17	15	13	38	11	2	10	18	13	1	20	0	39	22	21	22	33	37	30	39	3	37
32	32	16	7	14	4	38	43	41	6	32	41	11	14	38	20	1	12	26	36	18	23	43	24	20	34	25	23	25	10	2	13	26	42	14	17	16	17	31	13	12	13	23	28	23	28	13	37	28	11	10	1	8	19	3	39	21	12	6	13	37	4	18	22	41	6	37	9	10	1	6	41	35	1	33	7	18	34	10	25	5	21	40	22	34	13	30	12	4	9	0	36	12	10	5	40	18	33	8	17
17	37	42	2	6	5	31	15	16	8	36	34	38	32	15	34	33	19	15	23	36	15	1	24	8	6	43	14	11	20	4	16	43	15	43	30	16	2	22	27	18	23	10	10	39	36	19	13	34	13	6	34	9	10	9	39	4	42	3	35	5	5	40	21	31	26	40	18	38	26	31	31	37	30	14	14	13	5	10	15	38	29	23	10	38	13	19	41	33	8	7	0	13	28	43	27	18	1	42	25
27	36	25	25	25	40	40	17	19	8	41	34	13	40	42	26	15	11	13	31	29	42	33	3	30	29	43	30	4	30	19	9	31	8	1	11	14	14	10	40	23	3	40	9	25	21	42	22	35	21	35	36	21	6	3	8	3	28	23	23	23	31	11	13	17	23	41	24	33	26	26	38	21	11	34	36	40	39	18	6	26	9	6	15	37	16	32	10	38	18	19	18	0	23	3	5	4	37	6	21
25	12	38	34	38	23	20	27	24	35	21	1	24	11	20	1	18	21	43	1	28	11	19	32	10	22	18	9	30	23	19	35	15	2	11	7	29	38	36	26	33	4	11	28	1	1	28	42	33	26	25	12	18	12	11	30	30	31	38	11	24	18	42	4	12	23	35	3	7	22	32	7	15	24	17	14	9	43	17	24	17	16	35	10	38	18	21	31	28	9	28	9	34	0	9	43	41	27	25	27
20	32	36	34	11	11	31	12	19	34	27	21	43	34	43	15	11	9	18	17	5	2	41	31	40	37	8	7	3	19	24	20	15	23	11	20	22	32	9	35	17	26	32	4	11	35	28	32	21	41	29	27	29	10	32	40	27	3	33	13	1	43	8	6	35	20	37	36	21	25	28	8	26	19	35	10	37	8	35	40	24	20	16	19	37	14	29	15	15	27	2	37	32	31	0	20	23	31	4	29
20	27	18	2	8	6	3	27	29	27	25	35	23	38	17	41	23	22	13	6	4	36	14	8	34	5	27	18	37	29	17	12	33	25	17	33	25	29	11	16	29	2	37	34	16	32	43	29	6	14	41	39	31	34	36	42	13	1	37	17	7	38	1	31	18	4	20	7	17	41	33	39	6	34	36	43	29	38	20	34	17	33	35	13	7	40	36	43	24	39	10	11	13	17	40	0	11	35	9	4
41	30	9	38	1	21	8	31	28	5	6	31	23	23	21	36	2	14	16	18	38	16	14	8	34	36	31	35	4	12	36	27	8	9	10	28	33	31	15	20	7	22	17	18	12	36	31	3	3	18	6	19	12	42	14	35	40	36	29	40	21	9	16	30	3	10	11	23	34	40	33	19	38	3	33	27	27	21	14	27	22	43	34	25	28	42	1	43	3	4	10	32	36	15	25	9	0	20	25	19
33	42	36	41	24	42	34	33	33	22	37	34	36	17	27	34	17	20	1	3	41	20	12	17	4	18	16	28	40	8	2	39	33	21	10	14	31	1	3	33	36	41	40	24	25	26	23	40	9	18	40	24	2	15	4	10	10	19	27	29	4	34	1	29	11	13	21	3	7	28	17	21	36	39	6	22	42	1	13	4	41	18	22	22	25	5	17	7	8	20	29	14	24	21	5	4	3	0	35	15
41	14	13	28	39	2	26	31	19	40	42	14	33	5	34	24	34	30	32	30	17	2	41	2	23	42	27	21	27	28	28	40	36	24	12	14	9	14	11	12	31	37	7	24	1	31	11	11	12	2	7	4	8	38	9	14	9	4	12	25	5	22	15	4	16	3	1	35	22	40	3	19	32	30	19	27	30	1	29	12	10	14	31	34	42	12	37	19	40	32	16	31	36	19	30	28	38	39	0	10
40	25	19	25	31	2	32	1	15	29	7	39	25	39	27	23	20	20	20	32	39	28	31	43	18	39	32	37	26	32	21	14	26	41	33	26	26	43	37	30	4	42	24	29	19	12	37	10	33	23	32	30	12	12	36	37	30	15	15	36	34	24	14	39	40	38	36	19	25	11	39	14	27	32	31	32	26	12	29	13	13	42	32	32	37	7	27	16	40	39	27	41	43	19	36	15	18	28	29	0
