A	B	C	D	E	F	G	H	I	J	K	L	M	N	O	P	Q	R	S	T	U	V	W	X	Y	Z	AA	AB	AC	AD	AE	AF	AG	AH	AI	AJ	AK	AL	AM	AN	AO	AP	AQ	AR	AS	AT	AU	AV	AW	AX	AY	AZ	BA	BB	BC	BD	BE	BF	BG	BH	BI	BJ	BK	BL	BM	BN	BO	BP	BQ	BR	BS	BT	BU	BV	BW	BX	BY	BZ	CA	CB	CC	CD	CE	CF	CG	CH	CI	CJ	CK	CL	CM	CN	CO	CP	CQ	CR	CS	CT	CU	CV
0	96	470	567	185	306	105	97	4	166	170	507	442	348	592	115	402	390	45	140	308	131	311	177	62	383	269	560	611	399	441	269	283	461	3	245	21	211	98	313	54	512	17	551	539	508	317	435	117	573	615	267	278	609	528	314	489	457	231	479	439	15	494	500	332	448	583	628	621	9	629	513	250	410	272	282	253	253	327	270	488	456	538	461	263	179	253	353	560	311	567	369	307	333	167	476	521	272	427	33
346	0	309	48	250	269	529	596	324	597	256	521	357	585	458	356	66	518	324	273	490	84	137	476	410	351	384	467	484	456	123	560	496	415	473	334	439	460	181	397	284	363	243	264	242	305	398	204	64	500	560	154	235	457	465	151	302	508	349	327	254	122	526	359	347	183	86	316	64	314	484	395	40	523	452	268	111	442	396	270	510	197	20	219	266	42	265	365	183	525	250	566	52	539	383	223	183	165	388	131
221	483	0	234	485	450	94	488	485	483	147	578	199	135	590	600	569	466	62	345	421	274	89	249	11	381	245	50	441	533	614	24	608	277	56	624	463	26	588	252	619	494	218	119	421	31	540	527	348	570	25	473	545	339	18	615	295	50	74	101	459	373	545	327	500	577	263	588	172	157	248	602	519	622	527	443	392	546	622	444	66	437	218	546	119	319	544	68	269	339	519	552	34	582	12	411	610	330	119	10
383	44	384	0	108	509	153	373	450	347	256	240	231	599	167	199	56	407	29	269	392	48	426	22	419	239	563	342	399	560	137	332	16	339	538	450	417	214	213	388	384	136	112	238	298	60	393	395	488	125	338	77	116	456	11	445	612	455	124	326	117	87	534	384	265	95	467	237	76	580	523	464	187	441	5	236	469	172	445	501	493	19	455	478	87	108	162	186	124	358	457	492	204	611	506	372	391	136	459	391
328	326	252	101	0	387	356	118	340	385	79	594	393	251	448	149	23	571	517	573	353	7	324	454	272	441	487	170	475	3	554	296	234	294	44	58	624	110	441	8	504	190	455	241	266	66	139	267	409	289	209	7	548	158	469	203	421	70	485	415	148	474	173	293	359	318	5	60	548	285	468	72	409	459	213	182	380	332	567	227	609	367	92	596	314	414	486	176	106	567	505	267	429	220	312	144	202	318	334	509
308	420	614	191	142	0	416	305	529	40	26	489	291	187	530	96	165	201	517	353	23	36	49	288	292	47	593	607	92	124	226	160	319	237	525	427	57	593	73	500	577	321	573	103	162	615	26	566	134	233	244	323	239	331	242	69	609	83	443	624	578	51	508	406	308	225	514	245	378	627	438	408	21	445	529	476	158	517	274	137	193	488	5	331	548	80	319	124	280	268	436	240	510	611	231	135	531	26	219	480
507	308	55	269	607	62	0	363	102	374	483	497	247	406	553	2	249	426	195	597	325	112	565	565	491	470	540	210	325	99	235	56	291	192	152	401	432	582	265	116	233	604	41	225	203	570	371	150	131	430	555	316	455	103	544	386	567	614	257	186	379	517	295	523	420	583	569	94	169	21	610	529	464	600	451	222	607	352	625	147	5	211	298	6	445	601	536	614	474	591	188	111	22	544	30	92	8	318	319	124
605	336	432	285	18	402	529	0	551	204	24	149	178	288	161	300	194	314	391	396	320	47	490	285	604	88	222	396	385	444	365	59	546	360	285	187	4	448	330	62	36	222	345	228	231	439	192	610	260	427	70	250	550	84	174	261	364	512	203	521	185	173	106	508	157	461	402	614	175	107	222	200	511	578	513	13	545	220	512	449	436	525	181	406	368	25	502	484	206	189	557	115	416	275	224	297	440	215	470	502
98	172	113	256	306	511	561	620	0	145	561	38	445	532	456	387	72	431	210	267	618	592	591	545	413	600	514	239	258	28	620	349	448	460	90	172	457	455	143	71	495	124	170	312	370	7	399	52	516	432	10	185	490	524	604	390	10	520	294	480	152	10	277	278	430	626	271	536	254	70	534	410	81	383	57	389	541	440	419	359	152	498	68	562	128	183	229	627	192	413	530	520	273	577	65	66	224	468	569	344
261	220	601	628	313	117	148	315	526	0	426	162	391	558	243	133	274	354	291	477	239	529	201	377	383	517	477	76	298	484	381	213	424	6	369	251	146	466	39	122	167	436	558	426	564	418	361	614	497	231	623	74	486	482	99	498	242	160	293	411	180	37	570	628	22	390	181	254	305	335	128	609	288	337	155	568	130	579	507	331	320	617	435	25	384	101	134	264	279	458	116	64	350	485	560	497	402	105	171	447
451	266	157	338	590	153	285	220	459	340	0	599	525	420	244	118	581	243	90	303	529	608	477	158	628	499	473	119	34	159	356	358	6	386	23	450	459	454	403	323	123	176	2	25	265	122	132	18	53	234	75	454	369	321	299	335	318	553	410	530	471	475	401	574	629	230	227	210	259	192	39	416	262	343	624	432	561	501	319	245	417	618	446	84	367	26	514	364	371	262	144	389	514	193	165	480	432	155	123	150
368	357	116	597	151	80	191	317	264	15	332	0	605	439	47	476	52	231	141	187	426	327	166	313	488	290	540	197	495	499	372	46	373	253	215	99	159	28	77	343	218	267	149	111	217	405	176	42	367	250	221	428	347	454	485	296	343	187	575	559	222	341	306	339	508	115	440	571	91	304	150	1	152	178	559	268	581	284	557	34	543	58	309	278	378	155	581	150	183	24	367	350	191	244	503	229	248	628	295	103
490	446	65	8	321	386	615	291	276	630	122	614	0	37	483	428	173	459	621	545	627	610	144	43	77	509	588	143	349	441	455	406	604	458	389	34	428	186	308	26	225	447	73	330	580	390	548	73	115	436	553	228	405	451	39	311	305	604	315	508	299	180	600	388	116	573	305	128	206	168	199	152	527	232	115	253	5	78	628	553	341	410	377	593	446	492	460	79	94	555	368	134	143	128	213	599	457	422	405	312
552	479	137	192	578	120	540	95	318	345	335	191	591	0	156	510	553	225	213	362	203	548	81	194	317	239	392	157	93	364	501	16	70	496	407	550	567	336	498	565	376	125	257	212	337	346	593	474	621	243	420	630	386	467	494	450	86	615	545	514	619	314	327	580	191	277	547	413	587	65	377	590	502	214	525	289	167	439	133	361	373	139	542	165	106	207	411	258	471	352	511	3	374	469	348	312	355	430	130	409
42	436	332	608	403	233	338	447	83	290	1	200	320	216	0	35	269	449	334	585	599	491	500	77	158	241	551	258	7	219	28	159	9	43	200	138	392	587	530	542	418	86	327	184	94	35	9	12	191	47	131	616	285	173	184	489	538	278	523	61	443	399	521	10	172	180	209	608	223	162	424	562	76	494	301	517	600	513	616	282	418	397	66	443	293	269	326	244	224	432	20	230	6	9	337	109	480	324	285	261
140	213	111	24	132	352	619	241	382	302	424	128	347	57	430	0	472	433	47	391	208	27	577	199	10	350	489	69	498	4	423	503	238	506	562	282	181	62	535	344	582	367	102	425	441	461	594	559	21	88	166	56	585	250	602	140	613	607	614	205	414	543	348	427	429	328	291	478	80	372	340	584	264	547	505	190	351	167	512	173	268	274	121	582	140	400	551	124	534	83	154	436	177	352	81	30	266	168	505	617
65	579	305	37	583	586	35	326	148	260	606	516	252	217	541	389	0	149	95	185	601	521	241	629	269	245	547	416	269	422	550	101	452	584	168	587	563	140	597	359	330	439	252	83	331	266	387	396	458	491	618	371	64	297	476	622	175	73	518	98	600	293	426	103	469	278	212	347	454	161	63	371	403	387	18	561	26	395	113	345	523	454	388	87	486	103	561	398	98	71	82	274	419	109	445	517	160	43	64	460
201	58	527	76	195	599	66	330	481	594	128	257	445	211	60	72	109	0	557	59	331	87	628	122	374	477	423	396	464	132	521	52	323	541	352	492	405	188	47	192	63	486	300	295	162	460	320	85	233	45	192	524	95	67	318	317	418	361	252	250	503	391	228	360	66	429	299	566	210	174	8	424	457	244	449	454	465	475	3	535	56	7	153	263	289	529	573	425	259	164	353	89	299	489	225	453	3	103	567	156
415	22	558	125	337	355	616	459	170	548	355	52	323	497	145	473	312	456	0	486	310	37	61	308	162	598	613	362	423	572	232	357	314	311	111	476	465	415	204	596	31	55	371	365	3	237	563	285	220	325	178	205	407	572	95	508	333	194	508	48	135	265	207	507	181	419	245	549	526	18	264	406	43	234	349	499	179	361	484	627	188	257	292	527	272	383	549	75	428	394	163	558	439	622	314	394	499	45	27	342
481	85	69	607	162	214	147	618	528	97	168	20	147	629	516	513	1	251	365	0	42	39	76	213	116	273	573	574	189	609	32	58	281	7	28	538	630	628	461	392	416	417	328	20	259	199	53	110	431	566	137	279	273	135	298	7	98	288	539	302	562	337	117	317	442	237	599	491	275	218	592	120	446	511	433	542	104	316	587	189	625	568	126	403	480	317	322	21	337	282	440	48	281	261	283	540	156	546	388	38
60	220	288	69	131	38	110	162	216	451	464	115	193	507	385	325	342	326	627	82	0	348	59	624	463	195	569	609	169	20	522	125	178	354	570	150	476	610	498	383	267	266	319	413	606	111	432	105	549	608	161	55	491	402	559	220	480	292	344	375	475	549	214	551	172	582	331	473	129	286	219	213	250	421	236	444	362	202	532	57	69	306	482	378	479	261	312	572	528	177	424	69	530	600	213	335	566	615	38	445
92	622	520	188	205	298	403	486	249	15	218	445	157	333	87	22	578	442	231	109	530	0	148	136	209	550	342	399	159	402	66	330	236	192	463	325	44	354	513	211	310	65	64	224	560	285	359	78	217	103	366	192	503	357	152	137	256	277	94	563	238	129	289	534	266	461	173	375	165	146	146	223	326	174	339	158	228	214	419	414	27	74	384	628	86	316	610	355	259	73	251	471	583	545	550	408	196	276	485	331
566	31	99	473	484	477	459	573	334	503	407	111	598	242	523	499	247	451	338	322	555	257	0	58	139	117	204	230	451	274	553	138	120	621	263	213	91	531	132	431	106	462	222	19	74	381	67	516	23	13	439	463	371	131	501	257	571	264	87	272	601	613	553	429	397	192	363	133	624	309	152	317	99	549	208	368	118	338	186	278	112	203	256	217	620	359	362	544	125	393	323	371	522	200	317	366	515	244	480	455
79	252	280	518	395	559	400	616	312	570	543	159	568	401	305	295	370	413	105	582	47	331	483	0	146	387	220	308	11	192	273	51	133	63	331	311	209	352	465	93	388	177	49	52	450	307	304	190	162	555	39	504	117	423	280	199	49	435	228	428	351	490	570	309	96	613	586	119	505	115	73	189	201	522	90	115	595	78	489	524	98	602	55	552	229	19	476	581	157	623	573	29	13	530	252	560	222	11	614	115
180	221	472	420	396	119	573	383	127	297	336	12	562	440	335	37	601	246	206	105	380	271	517	370	0	603	79	499	584	484	412	450	66	434	270	37	79	437	375	570	50	465	609	159	236	125	54	323	190	223	43	383	75	365	626	74	336	456	148	270	452	234	23	99	547	222	108	183	251	456	418	196	489	602	334	8	61	450	104	404	416	596	443	367	493	50	55	270	470	536	447	563	292	359	248	457	366	113	410	271
301	235	128	181	25	516	164	36	242	180	308	428	500	342	414	101	333	521	339	134	453	148	242	292	143	0	585	84	38	606	171	172	619	310	18	279	368	118	29	83	121	348	219	270	373	566	19	306	572	85	44	181	74	421	475	538	192	418	124	248	81	148	288	533	334	612	561	417	65	517	487	365	78	433	299	617	61	429	337	494	311	328	325	348	554	94	11	617	301	189	521	254	607	211	198	531	437	585	175	46
66	510	43	351	166	373	582	374	477	245	466	220	130	410	7	31	65	220	607	23	293	498	445	301	175	615	0	119	368	487	486	287	517	569	444	72	429	293	348	503	22	307	408	277	238	363	238	109	469	211	393	486	248	437	615	557	526	82	208	383	4	25	539	208	134	461	90	549	616	182	135	325	447	394	626	627	513	588	319	349	317	416	334	407	141	590	25	494	160	599	58	261	621	494	553	93	144	625	180	92
325	480	99	469	140	483	361	399	397	613	552	77	289	334	30	256	355	309	75	611	46	304	154	88	175	109	592	0	214	509	11	211	375	383	586	21	538	173	264	110	544	89	122	275	269	536	362	560	286	144	390	566	359	349	412	159	518	387	429	499	398	349	207	571	3	232	552	66	330	90	258	516	45	505	235	447	381	157	451	51	75	391	42	279	72	483	478	293	292	264	74	135	432	545	140	377	253	138	554	598
112	539	247	462	573	314	229	600	542	18	10	488	451	441	572	264	362	260	289	99	186	511	629	507	319	539	531	333	0	163	343	549	141	107	206	394	241	553	244	544	197	37	434	516	212	300	564	174	280	156	235	405	327	591	570	201	562	188	277	330	105	437	212	430	495	53	6	312	414	430	203	175	627	592	237	67	627	531	335	242	260	507	4	93	440	192	5	107	404	278	612	76	454	292	236	355	600	323	85	615
256	305	15	440	237	61	321	258	200	382	413	3	426	508	437	433	197	360	151	282	358	370	314	490	203	3	402	194	274	0	565	271	135	149	619	593	475	491	93	578	504	260	339	69	41	268	61	319	474	605	222	82	186	214	283	460	41	278	346	430	305	271	99	55	536	439	478	584	220	355	580	157	409	285	432	520	480	57	294	46	621	2	297	112	389	560	235	288	566	499	96	540	545	260	550	19	29	602	475	157
611	27	494	221	489	296	37	380	544	254	252	239	142	530	481	581	580	124	138	400	444	538	187	524	73	92	489	160	530	441	0	579	355	26	228	495	430	22	286	497	255	368	333	604	410	372	78	168	59	392	107	398	585	134	485	193	347	96	376	143	251	205	630	105	511	583	215	433	627	394	139	438	510	426	50	518	529	150	271	245	456	20	259	440	367	419	293	175	83	18	549	113	106	298	494	325	290	105	358	416
153	221	582	259	572	545	95	107	236	74	42	227	460	176	611	225	191	503	32	171	353	150	265	426	74	262	314	509	175	309	432	0	497	357	306	130	219	477	570	179	310	583	93	544	422	416	131	620	516	376	505	565	333	540	326	415	353	36	267	134	369	312	20	65	538	564	55	539	372	185	4	482	562	52	117	106	196	111	454	1	68	567	469	159	284	551	354	493	368	622	274	249	104	595	274	52	487	11	95	354
311	366	40	129	172	600	407	140	145	169	65	234	374	533	79	577	613	105	125	617	584	423	522	257	369	501	82	199	240	242	15	71	0	553	593	443	549	127	36	476	357	511	295	260	177	553	386	173	102	107	99	134	568	202	182	593	438	108	608	514	591	231	95	140	349	231	19	25	415	311	330	117	321	51	514	535	508	478	617	106	285	606	268	190	227	26	534	546	341	154	313	209	294	333	446	253	193	49	89	311
474	60	169	278	88	242	495	364	221	282	497	450	569	301	352	88	266	349	450	155	542	2	134	574	599	267	237	151	89	547	114	230	247	0	373	26	232	288	488	461	454	20	15	503	445	398	410	563	328	64	145	358	29	209	522	459	432	87	611	183	594	481	301	337	549	95	599	473	61	565	363	466	19	266	348	232	611	11	469	126	474	38	175	435	85	545	460	38	388	381	107	462	207	113	305	179	417	206	39	263
509	250	245	59	333	21	539	347	380	563	395	610	378	415	54	48	460	57	252	505	599	335	601	204	566	241	292	147	184	366	315	461	628	389	0	609	172	262	367	223	540	8	423	428	293	130	129	479	525	289	446	380	25	127	331	499	235	620	438	66	624	91	323	259	539	48	501	24	180	79	238	148	561	256	608	154	483	316	498	186	164	246	153	281	203	347	150	411	86	571	484	434	545	429	12	255	599	596	398	436
361	576	238	159	16	394	386	552	211	583	31	203	105	290	564	163	484	82	570	504	287	250	160	248	129	607	528	621	148	553	475	178	418	391	251	0	73	83	294	420	225	2	469	563	424	505	97	20	562	54	8	394	78	32	116	255	493	597	39	519	427	494	596	170	402	144	268	455	5	566	329	108	312	549	201	546	616	83	215	523	157	32	97	293	131	437	174	225	256	415	310	32	85	315	590	158	509	285	593	230
597	449	61	552	334	380	112	201	218	33	262	22	157	504	302	26	325	477	339	535	565	336	125	154	79	535	109	582	613	430	392	442	466	369	135	455	0	495	41	236	71	170	532	602	134	392	613	193	241	32	8	557	516	273	20	33	282	132	265	503	411	472	564	511	338	313	208	491	571	212	496	334	523	244	420	269	493	473	591	570	181	486	585	108	65	350	293	218	231	564	556	460	136	382	413	118	146	305	338	381
101	609	123	425	596	390	435	276	618	458	160	55	563	143	341	256	217	514	569	583	458	376	22	66	58	63	326	597	585	608	280	571	449	468	215	257	396	0	125	482	328	5	577	322	32	401	479	19	461	506	235	2	563	132	439	246	411	52	74	26	120	346	468	483	433	98	108	36	608	381	59	233	441	327	427	458	328	606	144	449	55	519	274	298	412	265	412	296	580	56	46	173	280	202	350	310	316	128	22	127
460	412	225	236	203	366	292	222	52	174	539	76	322	328	190	306	20	65	141	21	479	379	235	50	234	23	253	32	214	148	605	181	513	333	402	241	371	210	0	274	536	623	272	605	215	508	142	517	119	616	111	465	197	591	581	527	555	541	174	9	493	569	356	55	290	535	247	429	458	34	31	576	574	439	299	340	197	275	501	589	319	446	433	616	70	539	323	116	252	157	306	291	117	618	157	529	545	126	153	82
8	461	350	270	162	495	214	191	166	320	333	423	552	362	286	207	257	7	156	202	482	138	360	256	230	461	403	475	189	472	406	396	69	402	345	388	325	466	364	0	590	32	16	606	360	514	240	256	216	583	560	591	158	388	156	233	583	310	131	590	433	617	390	612	109	311	114	49	7	214	227	100	572	61	387	371	59	88	524	400	515	47	222	39	165	72	232	238	550	628	285	31	254	169	308	218	568	408	541	154
534	279	37	506	371	130	64	319	366	620	488	553	517	335	105	226	183	34	210	82	341	454	443	322	434	494	539	233	487	238	92	335	472	364	34	612	251	535	378	506	0	429	309	471	529	611	357	153	117	499	342	263	484	203	609	163	246	330	154	433	442	223	417	160	430	32	15	241	50	179	133	358	507	7	383	572	2	62	403	561	607	201	580	613	529	19	18	96	102	322	358	369	471	374	630	448	280	432	575	530
588	204	167	267	585	313	472	206	402	494	513	186	386	61	618	345	83	51	88	510	88	110	184	392	433	361	177	127	358	347	43	560	211	381	240	390	565	88	100	618	32	0	237	608	16	605	428	171	494	554	85	17	372	145	466	217	211	297	551	455	206	443	445	452	541	320	403	477	612	280	108	373	534	20	573	14	226	594	158	344	210	178	210	437	260	446	306	56	24	151	486	609	274	153	438	346	630	75	600	462
618	568	152	319	584	201	371	408	371	317	426	620	530	295	210	511	159	501	429	102	357	573	285	542	559	449	495	484	240	454	519	347	170	402	135	462	609	625	170	21	476	569	0	21	623	352	295	62	502	587	31	245	512	444	317	463	519	267	515	511	133	515	41	449	204	486	612	341	270	153	47	411	283	291	456	167	560	58	538	542	31	584	14	226	149	119	475	435	583	454	145	623	411	547	520	493	27	144	321	191
65	369	92	297	114	85	12	385	408	134	629	169	409	351	615	310	560	379	156	382	454	172	204	584	420	272	404	565	200	156	330	78	182	160	265	191	400	474	204	609	340	288	532	0	597	8	269	267	177	400	115	498	391	136	360	354	569	87	472	26	155	250	345	111	325	510	32	240	606	333	481	462	305	81	158	335	32	365	558	322	592	336	207	578	2	344	157	261	529	602	479	179	328	188	281	564	247	386	477	425
385	194	239	69	42	166	379	47	177	456	62	373	234	382	263	325	276	288	154	558	449	395	374	405	585	499	183	27	365	105	323	496	418	230	104	20	479	382	309	336	176	365	85	457	0	174	388	620	147	491	19	580	104	246	378	470	593	619	597	450	624	283	318	155	170	275	185	195	59	61	507	183	465	181	480	89	285	371	144	8	197	281	218	360	96	197	31	522	312	175	19	287	376	567	281	411	236	412	620	245
221	393	50	68	377	159	200	360	45	92	464	239	498	500	113	195	317	197	177	68	205	181	1	247	422	518	9	543	584	324	312	211	584	166	267	519	30	179	628	439	368	115	50	88	372	0	366	35	627	512	161	599	616	105	106	528	625	195	603	397	373	51	86	50	126	293	458	495	274	82	589	94	28	365	146	537	118	475	425	38	117	331	624	565	453	236	351	190	294	202	72	213	516	563	60	25	512	404	375	587
521	228	358	148	212	59	484	425	2	536	358	365	151	52	382	287	386	59	370	432	246	263	558	274	270	558	627	53	342	407	314	364	310	377	512	610	193	83	67	12	85	120	17	363	118	239	0	377	356	248	354	384	433	250	328	530	172	375	574	233	581	392	417	56	620	595	527	249	442	580	579	354	224	197	496	323	551	153	159	521	58	379	545	184	462	572	575	32	61	556	72	192	10	134	407	417	529	344	137	451
204	349	371	113	408	6	271	402	603	135	430	590	479	103	394	187	340	311	369	232	318	191	482	181	56	618	541	343	310	150	581	90	282	445	345	90	131	106	65	233	96	271	343	79	392	124	250	0	600	437	461	257	66	368	296	28	229	275	399	394	60	549	110	342	562	193	301	623	282	119	275	377	447	333	291	440	143	429	398	32	615	39	178	488	354	450	71	262	115	506	117	481	442	431	518	100	91	263	381	266
452	584	336	551	548	2	44	577	25	605	486	165	607	587	466	628	505	572	518	436	615	490	393	366	414	532	391	589	179	493	32	248	130	51	33	144	599	145	13	550	496	70	328	329	322	503	261	585	0	422	179	520	504	277	546	387	123	333	543	380	104	290	462	506	576	426	575	392	192	478	558	318	442	398	64	339	358	321	294	350	169	579	44	114	196	308	259	371	123	438	168	543	371	563	41	350	316	629	581	465
65	585	320	137	71	12	8	525	194	384	157	555	68	468	418	229	335	205	58	172	227	577	616	270	276	573	582	584	618	378	310	421	113	409	616	411	458	499	431	303	332	10	422	502	201	132	324	73	197	0	607	236	21	123	3	129	619	76	578	63	453	252	456	535	151	285	457	112	7	603	89	217	433	444	54	324	506	124	346	87	94	561	288	488	401	413	413	110	237	4	27	518	524	247	401	209	184	123	373	575
232	216	406	431	379	316	580	545	355	559	415	61	511	301	239	363	64	16	82	300	451	79	267	330	354	254	456	110	505	106	531	471	314	598	506	270	336	438	176	533	401	510	257	512	6	295	181	606	162	391	0	172	513	524	383	478	209	580	465	25	353	176	581	185	55	445	74	259	69	495	218	265	335	330	71	442	187	241	302	449	35	537	116	315	25	566	319	542	501	486	351	162	619	229	191	573	462	432	101	135
83	569	35	489	460	401	424	144	170	494	522	489	601	194	407	319	616	581	624	183	513	462	473	591	510	372	309	292	548	7	518	146	83	152	95	608	65	52	273	357	137	489	529	134	362	218	488	258	92	216	134	0	382	552	36	366	488	563	91	225	207	576	104	227	307	311	488	143	350	144	515	34	532	123	508	267	124	332	421	38	175	299	355	411	331	247	362	25	350	388	73	545	312	313	386	309	64	50	4	40
23	253	268	168	63	1	321	479	268	454	147	383	415	572	118	498	393	56	567	393	349	150	359	284	168	319	34	418	270	529	250	591	347	469	357	533	456	84	277	484	388	369	417	96	199	281	17	174	73	415	285	464	0	133	442	330	357	604	300	323	359	282	369	534	103	187	583	54	522	617	427	525	263	264	627	437	369	189	352	286	603	547	601	387	183	619	152	195	415	576	50	174	246	574	400	541	555	158	398	99
60	101	194	256	514	209	53	211	213	26	475	482	97	169	628	482	442	298	136	496	422	77	484	611	573	110	323	156	174	604	13	558	446	496	290	352	177	119	525	594	487	241	169	553	78	599	46	226	544	294	425	447	431	0	219	443	384	494	201	73	355	183	201	537	480	212	76	75	75	4	65	370	357	453	5	510	309	103	287	334	516	400	277	178	390	220	57	115	186	378	551	366	114	150	18	446	48	349	364	538
288	333	485	221	1	17	540	487	349	12	513	317	466	556	578	102	339	281	163	547	408	207	137	195	424	42	244	450	630	347	498	148	528	113	376	365	623	510	450	5	164	36	403	282	9	103	569	34	113	539	403	521	201	226	0	596	31	323	42	370	243	17	244	164	322	556	282	487	298	501	40	319	354	385	231	599	157	458	20	531	287	211	349	461	419	457	278	61	341	171	143	511	412	615	272	404	278	184	378	286
438	261	10	304	309	356	561	103	314	111	167	384	423	183	296	595	539	311	25	569	440	244	381	179	604	423	349	548	475	344	151	486	192	488	390	125	547	237	622	609	21	391	566	243	514	364	160	210	453	385	229	160	285	585	613	0	287	133	131	414	352	338	275	225	612	468	275	3	475	568	44	512	318	359	394	386	375	226	347	557	540	171	91	270	279	96	302	414	532	241	354	263	113	209	601	234	65	547	86	606
568	626	371	172	450	202	458	489	574	442	96	126	496	31	50	626	257	538	370	575	249	108	506	393	404	577	294	537	100	547	408	161	483	352	303	588	390	117	274	579	59	469	97	563	215	31	544	163	552	624	135	122	208	441	24	129	0	372	460	511	489	194	121	338	108	281	366	626	502	383	410	556	308	555	150	387	566	501	129	306	117	36	293	458	471	48	365	458	227	266	371	151	547	510	487	193	71	504	351	331
59	546	154	5	421	371	254	56	538	427	521	516	614	184	557	269	58	593	530	621	259	246	134	306	443	87	451	379	224	450	47	80	392	541	455	158	350	20	45	148	172	71	582	572	182	522	346	334	157	163	183	131	61	569	267	499	48	0	97	60	426	34	170	173	332	328	231	527	468	210	117	346	376	554	261	186	525	547	210	208	134	35	625	361	162	358	480	77	529	103	447	383	24	110	400	445	41	27	245	507
335	224	362	567	274	324	417	69	556	103	547	135	499	329	240	590	409	212	97	243	507	204	461	347	567	61	629	113	349	162	233	3	341	62	87	20	86	543	292	584	454	430	324	49	150	211	47	202	140	209	554	603	184	31	505	456	572	84	0	564	246	233	365	499	344	227	105	377	485	80	121	486	324	127	17	242	229	146	529	177	377	338	58	606	415	334	224	448	561	68	479	490	536	498	30	564	460	395	522	514
444	130	584	13	550	267	121	109	342	81	588	323	5	619	553	89	509	453	564	244	257	77	298	278	96	372	614	122	78	398	33	30	127	179	130	274	500	27	424	108	130	447	193	299	165	149	165	74	454	117	136	373	560	488	112	45	243	58	355	0	121	260	180	434	125	100	263	114	366	556	586	245	171	300	489	513	447	359	19	178	403	345	20	214	225	102	541	311	232	96	93	431	266	322	425	459	419	451	499	254
31	308	369	75	424	181	493	303	609	374	61	594	228	629	24	309	145	415	350	74	8	310	15	568	268	188	43	363	499	238	314	183	539	304	32	567	260	432	475	350	132	396	419	165	544	357	379	502	137	589	450	593	373	618	35	552	571	412	15	496	0	603	346	283	467	17	406	238	225	341	220	466	82	77	270	115	166	163	566	181	211	172	369	169	32	181	545	432	18	234	464	83	603	588	591	455	540	310	477	369
463	394	93	543	234	114	386	290	187	311	500	257	116	168	11	165	327	357	428	275	58	206	352	594	54	89	418	349	604	11	627	394	189	465	29	511	526	378	577	14	583	523	463	198	436	550	271	222	159	399	306	242	428	537	157	93	159	463	596	291	293	0	381	317	415	524	302	344	377	174	377	171	570	215	130	400	239	507	164	616	448	90	600	123	144	3	167	513	75	312	492	132	76	398	81	50	266	401	460	332
183	230	434	109	329	296	83	47	581	189	29	525	487	539	422	165	420	322	207	305	605	564	151	493	8	606	529	98	184	77	75	123	333	262	426	438	341	461	513	31	320	356	455	334	96	376	94	537	503	205	505	243	170	472	152	295	140	201	485	403	351	254	0	468	11	407	215	260	607	273	3	277	409	95	435	224	74	235	43	558	250	222	472	124	179	250	94	43	395	316	129	323	468	1	151	242	187	141	364	300
264	217	147	360	248	86	118	465	303	457	593	245	46	554	593	196	285	573	198	203	72	498	2	628	585	450	80	433	196	71	463	35	285	106	170	172	344	103	233	218	439	565	119	517	624	359	119	188	482	607	435	602	40	127	396	425	436	351	381	101	504	39	461	0	163	280	316	611	148	101	311	293	197	144	124	571	548	57	343	371	440	114	303	524	14	309	66	18	279	230	562	481	464	130	539	369	209	355	102	485
613	217	555	130	87	489	171	77	446	101	407	427	455	325	189	353	215	275	321	516	541	449	576	1	269	504	514	378	127	543	148	93	240	516	43	223	4	441	397	348	521	78	479	288	48	70	112	361	74	142	629	521	207	406	211	595	330	69	33	274	479	346	273	313	0	445	120	375	15	310	354	302	18	323	363	481	550	556	540	590	400	337	333	55	591	427	161	187	354	508	555	419	76	304	401	162	245	229	437	137
500	120	622	583	236	251	54	363	622	57	578	526	593	167	225	563	208	20	43	378	111	271	148	351	13	317	280	328	459	165	218	124	589	618	299	426	131	488	136	156	228	548	594	281	341	113	510	331	109	500	231	510	110	272	288	606	336	496	387	490	307	170	542	554	598	0	405	108	52	133	501	171	497	318	22	437	479	273	425	293	612	340	623	135	534	278	457	255	78	50	108	612	379	141	238	164	438	415	181	145
5	422	400	273	102	511	9	169	381	310	226	306	140	381	116	404	58	54	442	506	478	365	77	297	494	5	189	57	276	224	8	413	599	334	55	383	540	349	482	112	599	579	524	320	220	541	160	600	92	510	315	67	129	369	215	300	168	479	454	550	575	210	357	548	486	601	0	546	549	85	622	34	463	477	572	32	53	491	627	276	50	303	201	34	163	420	109	369	578	467	130	443	319	190	449	183	339	87	472	41
63	84	584	7	108	418	451	264	468	49	208	283	326	144	589	113	258	107	135	24	178	301	408	316	509	197	218	259	390	314	468	43	405	130	459	586	362	72	41	458	24	355	528	446	55	357	338	362	262	471	250	348	15	52	140	295	482	47	284	335	93	516	57	376	336	467	466	0	549	466	610	143	492	592	273	60	618	294	373	598	594	201	25	271	144	23	207	577	547	172	27	81	66	323	21	472	260	31	41	224
252	453	13	120	599	595	582	242	195	446	242	420	393	214	604	563	38	140	545	36	518	612	141	456	254	359	225	144	626	428	274	343	322	379	36	364	193	436	624	364	312	73	586	419	25	489	454	511	400	28	155	3	584	611	175	416	102	530	150	353	206	349	607	213	415	97	80	99	0	93	131	500	266	153	556	137	90	582	311	162	125	423	65	507	423	134	303	89	69	62	269	581	257	245	315	452	329	212	533	231
504	64	532	491	150	3	572	34	552	613	371	5	381	276	460	420	350	509	67	523	340	492	327	171	312	12	195	630	154	284	131	533	79	595	143	353	500	619	594	378	471	530	142	152	557	569	472	175	135	155	443	30	28	365	395	444	104	264	443	48	29	105	471	140	139	477	173	486	311	0	382	158	232	193	348	381	59	609	243	312	630	326	491	625	140	32	502	1	344	605	195	368	210	287	304	141	518	408	210	575
621	452	382	370	92	610	115	322	555	18	112	69	606	160	500	503	192	38	7	256	125	240	516	412	514	461	318	282	238	365	147	206	176	12	212	419	482	628	11	445	452	630	405	402	611	437	255	543	476	518	4	146	472	97	363	274	593	344	330	258	145	456	627	471	68	192	333	169	246	466	0	38	609	387	453	386	107	502	114	606	324	408	6	277	80	257	615	567	207	419	226	551	385	570	494	66	178	93	298	110
191	231	173	246	242	307	548	456	13	74	359	92	286	303	67	268	138	513	627	603	180	280	68	148	345	475	457	320	217	389	280	406	20	292	38	383	97	109	142	528	83	191	422	534	289	115	321	174	113	25	66	472	46	405	419	310	253	231	316	130	623	247	526	170	485	186	445	10	3	498	320	0	401	582	171	234	419	466	312	414	291	534	609	592	605	131	291	1	381	266	565	612	587	288	453	176	96	225	354	141
384	46	164	533	452	167	353	253	284	335	196	6	309	622	297	270	517	12	322	411	59	147	512	10	145	90	30	79	405	527	127	251	383	624	251	424	151	471	422	453	80	480	425	140	99	518	500	567	581	475	577	357	374	365	348	345	316	488	230	431	64	129	219	270	511	245	292	75	114	15	480	374	0	155	592	47	603	430	277	428	191	96	377	237	303	537	358	570	417	324	86	472	24	254	493	555	151	70	280	610
42	36	228	557	463	409	100	423	410	283	242	363	623	7	321	431	232	626	321	128	358	537	103	19	616	259	433	510	581	86	544	315	527	495	344	598	517	255	107	328	7	333	340	186	440	264	557	1	98	336	506	328	461	486	496	202	290	79	459	359	128	499	105	460	44	184	528	576	571	187	573	318	80	0	536	76	509	309	458	410	36	122	374	108	320	504	127	158	486	181	386	170	150	7	293	310	222	145	350	512
487	517	269	63	170	93	611	112	469	541	272	369	384	53	219	214	430	74	160	612	16	342	596	164	596	491	265	203	377	415	579	309	136	570	21	347	556	410	545	462	427	626	268	436	587	333	476	133	191	475	492	77	344	448	139	328	474	107	353	426	359	372	603	217	323	485	485	303	593	354	344	429	11	243	0	355	135	11	45	309	92	112	4	332	454	345	588	580	478	328	432	419	354	324	251	300	77	77	241	152
32	86	447	239	58	253	319	47	613	400	362	154	611	304	431	161	353	309	67	363	209	126	613	579	79	445	413	479	305	406	165	437	271	280	487	207	369	409	248	69	73	336	586	207	324	486	102	362	410	377	69	48	517	286	308	197	327	418	432	464	524	18	524	434	385	127	416	268	519	243	566	279	161	596	541	0	251	10	378	587	562	559	307	28	321	252	557	563	27	191	498	573	532	381	358	537	386	216	479	292
212	538	417	543	84	516	151	76	119	230	115	447	136	615	124	535	543	264	451	76	526	183	612	481	573	478	299	293	338	529	591	618	115	33	285	475	587	217	505	179	615	379	156	417	549	207	407	84	537	595	124	433	157	373	383	572	574	151	333	16	311	121	13	626	621	462	121	474	536	621	556	483	214	9	333	236	0	538	287	621	464	105	464	555	53	85	243	203	106	512	542	410	165	470	571	442	489	590	250	320
177	43	264	326	572	619	353	327	204	274	133	428	589	227	322	239	248	354	106	322	421	609	568	348	619	227	93	278	60	77	561	226	8	386	84	434	261	584	17	99	121	435	302	505	164	477	74	137	137	384	205	348	252	41	222	398	336	409	274	75	351	110	601	246	296	156	242	333	478	98	510	147	345	222	406	454	34	0	157	383	375	131	108	79	321	358	179	337	147	24	70	217	488	233	429	287	338	56	365	135
343	444	162	230	609	43	175	271	373	320	529	114	160	295	202	257	393	329	215	247	299	360	464	375	157	518	207	254	520	367	44	471	617	280	167	582	254	111	591	505	507	99	137	88	504	32	298	450	370	516	133	208	365	602	266	520	448	534	296	602	222	311	316	327	601	451	577	485	480	70	130	124	477	308	92	187	197	345	0	585	389	282	41	82	61	528	364	116	562	38	463	355	601	83	151	405	434	466	532	366
325	518	226	248	253	452	601	342	333	40	438	250	63	83	409	540	47	369	589	261	57	16	605	259	589	443	170	62	14	532	254	626	382	390	431	447	271	250	184	50	365	557	542	487	302	470	244	564	212	348	150	261	125	416	93	419	411	323	609	111	516	527	477	392	368	344	350	408	389	225	57	529	536	536	627	70	406	176	474	0	291	567	357	270	546	272	411	310	186	463	337	404	401	565	346	605	426	569	510	175
43	539	276	488	36	56	304	434	9	562	514	549	383	376	460	204	76	231	190	67	347	59	146	149	179	559	424	227	342	132	471	180	414	330	301	567	47	215	279	408	615	394	384	289	236	42	279	510	582	27	278	228	131	607	421	392	37	572	166	72	469	563	134	611	435	392	105	508	36	595	359	102	492	408	624	82	13	12	424	436	0	314	546	483	191	284	332	69	557	11	113	170	426	106	201	401	366	582	380	335
164	402	296	380	15	446	505	376	27	160	346	564	49	294	395	111	435	426	470	398	528	347	192	12	99	452	324	238	574	62	291	280	581	183	588	366	461	505	246	221	360	503	365	489	451	363	284	589	93	322	515	300	613	198	56	107	49	103	6	560	605	565	226	431	53	228	13	327	520	388	284	532	145	384	175	17	102	390	375	40	251	0	267	182	529	413	292	493	361	93	609	541	176	8	513	16	545	614	130	497
528	223	277	36	411	276	468	589	598	471	515	394	338	534	329	271	414	238	597	337	193	492	446	49	394	201	551	335	146	139	193	222	382	591	601	340	213	510	116	333	127	560	551	577	505	460	441	510	506	605	576	151	86	305	432	86	450	164	527	258	580	213	335	509	137	597	434	33	465	337	432	360	623	208	516	540	537	203	401	87	606	521	0	195	399	309	510	108	628	372	51	159	327	372	231	18	622	50	553	235
574	373	402	582	512	128	40	295	428	596	231	123	363	571	350	311	558	98	49	434	73	162	477	572	250	440	430	489	381	476	161	122	229	300	21	257	112	615	467	147	476	505	360	49	288	233	340	231	394	255	18	166	408	53	165	206	391	371	216	322	4	310	626	485	150	236	308	555	465	604	453	53	25	401	255	130	280	521	233	208	66	396	422	0	291	169	390	398	368	507	423	400	100	244	516	185	387	235	111	260
411	118	205	371	340	181	437	456	63	385	16	628	91	325	223	78	571	599	82	127	488	13	130	27	368	508	577	250	334	379	111	250	1	208	356	629	605	210	441	350	571	193	622	486	157	245	306	371	563	205	93	167	427	369	266	8	247	397	139	516	80	567	20	328	98	242	123	94	220	72	129	99	479	478	81	589	622	541	611	169	87	341	224	449	0	370	272	311	524	216	453	349	594	390	423	181	285	421	202	197
609	103	546	288	3	568	103	33	226	29	529	412	409	35	200	255	172	187	192	474	109	7	324	422	522	191	96	371	289	157	60	476	130	92	610	561	220	76	605	177	314	75	494	182	66	486	573	365	13	557	585	450	627	236	157	135	437	569	134	409	98	398	514	329	600	601	128	40	146	14	619	161	94	112	179	558	561	383	165	452	4	340	164	300	219	0	3	496	80	482	545	563	250	171	57	558	554	276	201	174
136	604	26	74	585	527	321	418	209	117	413	609	220	379	487	630	143	410	534	594	233	212	475	400	283	156	421	478	298	385	93	195	456	526	24	554	182	575	159	394	240	73	271	594	76	134	336	90	102	594	190	481	454	447	156	448	614	289	495	100	106	528	252	113	51	176	313	215	258	148	470	489	495	315	300	393	125	380	319	24	596	318	458	522	569	368	0	415	117	373	94	64	576	33	428	422	65	77	382	541
539	217	339	236	226	376	23	434	621	188	337	154	328	89	411	74	428	33	447	131	408	485	221	585	140	468	400	255	453	596	367	121	477	512	289	32	517	251	49	282	306	126	159	199	543	544	243	127	357	559	378	382	531	556	82	372	444	211	537	478	522	245	541	204	375	457	46	327	391	157	435	180	498	309	486	43	93	6	118	126	29	435	128	331	628	162	565	0	208	329	582	551	412	158	490	15	232	156	355	174
620	100	250	121	380	231	209	211	49	107	437	412	224	393	528	58	208	237	222	557	603	628	305	507	375	425	389	449	15	165	103	354	414	345	155	291	560	230	601	332	501	34	196	412	288	212	579	589	326	500	592	133	104	372	136	485	160	165	259	369	232	282	606	90	284	146	493	433	549	197	326	131	454	191	579	388	24	492	402	622	583	140	256	286	265	205	62	581	0	78	538	183	331	40	195	51	114	551	59	547
280	319	277	165	81	203	468	145	355	256	617	322	407	451	146	26	87	608	128	125	228	394	578	499	87	630	343	407	479	607	442	151	558	542	627	272	403	164	182	291	545	277	615	171	441	133	488	484	333	302	228	319	463	183	349	447	332	528	25	38	145	405	230	84	443	245	440	45	611	48	153	220	419	199	455	566	269	152	387	540	549	508	41	365	129	116	630	104	531	0	536	21	90	327	494	557	602	89	596	591
233	320	17	99	153	244	28	599	127	291	473	320	428	377	2	427	50	579	547	405	257	544	105	280	555	30	395	60	395	236	133	488	294	20	280	493	437	246	295	526	282	443	176	416	390	620	402	322	383	197	373	5	20	242	99	558	133	533	224	585	175	218	508	74	194	427	550	172	176	86	606	92	374	79	26	363	327	115	445	218	12	421	217	74	322	489	566	576	346	106	0	508	128	66	339	201	544	620	419	25
546	474	490	154	497	567	469	199	581	2	215	168	477	494	67	34	11	567	555	448	559	376	136	508	259	398	281	381	272	40	442	281	539	586	425	458	171	496	294	68	51	575	551	28	297	28	475	73	471	528	526	603	107	59	537	228	431	113	224	356	374	287	368	211	298	562	553	370	483	329	144	62	487	497	425	564	253	168	402	94	405	2	151	336	407	393	502	201	518	189	624	0	286	376	536	62	328	182	506	576
100	592	303	540	585	561	544	626	348	20	246	306	102	439	281	132	522	325	3	474	627	116	557	24	271	385	78	533	386	10	596	91	276	628	20	185	616	46	627	61	150	519	134	624	585	6	574	457	408	174	615	9	606	188	559	366	101	478	341	414	511	140	110	603	321	585	500	80	508	227	339	194	476	489	492	554	554	113	330	414	99	143	587	186	452	183	612	154	475	101	180	129	0	64	457	422	525	350	539	611
111	407	556	543	484	212	570	545	180	223	456	79	88	592	146	453	352	141	247	343	615	108	363	123	59	217	283	511	536	528	153	591	92	496	360	41	462	476	451	386	436	151	76	346	480	509	321	186	470	324	69	38	305	544	212	586	517	531	172	206	505	348	334	60	280	375	22	96	85	212	328	450	358	16	27	222	124	142	568	211	256	345	156	551	611	596	198	456	99	19	160	295	337	0	501	386	280	621	336	540
56	326	533	504	145	418	377	308	332	250	387	205	294	576	518	596	514	212	263	443	315	334	231	54	171	279	120	134	42	497	282	16	33	347	278	298	469	88	538	565	599	518	300	76	529	270	249	497	331	590	7	268	300	5	48	81	564	218	532	409	215	167	144	81	452	348	70	548	473	213	447	514	274	228	225	130	492	264	530	312	559	202	52	201	523	501	376	608	591	392	190	461	196	370	0	489	176	31	219	321
161	234	171	300	485	112	438	547	472	270	32	32	387	55	204	142	378	367	427	161	122	252	24	496	444	372	472	536	564	30	625	302	84	572	183	118	115	527	287	459	264	368	454	629	243	155	111	180	507	90	139	419	317	500	475	438	413	246	44	350	365	607	197	217	529	26	524	11	628	299	316	105	158	609	519	431	66	9	41	567	371	149	60	401	562	221	287	44	301	367	78	44	447	16	534	0	66	625	442	152
399	558	277	268	352	138	521	543	3	254	329	251	533	272	609	307	295	271	73	547	350	240	137	476	9	227	271	42	428	240	333	499	327	288	365	275	22	14	38	8	620	278	255	208	32	429	591	95	14	625	520	592	434	1	265	595	33	520	536	508	576	311	350	574	259	19	330	486	402	456	361	232	571	232	329	247	233	492	98	371	155	532	10	312	580	561	39	529	485	392	136	168	297	293	353	566	0	369	99	516
512	66	260	249	143	590	264	234	169	446	288	624	577	114	54	429	550	103	320	64	93	184	619	479	160	283	439	549	74	47	427	90	97	557	371	253	90	172	60	436	131	617	452	384	534	551	390	528	81	550	579	161	588	519	29	334	570	493	273	28	451	491	328	384	367	220	85	331	371	624	313	246	297	505	381	109	343	188	69	236	265	63	10	521	372	531	463	500	23	170	352	350	503	84	72	348	263	0	311	307
235	43	620	425	124	151	479	227	574	574	6	71	584	321	73	3	457	520	456	269	410	260	283	460	445	368	485	159	625	190	415	46	608	59	53	147	384	221	304	539	427	447	125	525	1	463	212	132	36	324	547	167	124	336	309	600	264	471	385	171	253	150	1	288	571	558	171	390	173	321	3	384	474	470	366	192	172	417	384	324	100	173	305	542	220	49	368	555	332	571	135	521	41	552	233	538	63	116	0	572
126	262	490	546	22	262	345	551	94	83	29	374	361	511	335	199	524	224	201	229	330	439	79	277	518	432	592	428	55	172	125	447	176	113	558	210	280	495	416	189	290	56	376	418	337	616	358	493	446	554	41	32	231	64	223	246	584	11	167	432	234	371	521	331	367	128	196	49	456	484	370	157	4	426	376	202	474	101	198	252	190	358	85	106	63	405	61	496	501	352	235	549	383	299	559	16	415	280	388	0
