A	B	C	D	E	F	G	H	I	J	K	L	M	N	O	P	Q	R	S	T	U	V	W	X	Y	Z	AA	AB	AC	AD	AE	AF	AG	AH	AI	AJ	AK	AL	AM	AN	AO	AP	AQ	AR	AS	AT	AU	AV	AW	AX	AY	AZ	BA	BB	BC	BD	BE	BF	BG	BH	BI	BJ	BK	BL	BM	BN	BO	BP	BQ	BR	BS	BT	BU	BV	BW	BX	BY	BZ	CA	CB	CC	CD	CE	CF	CG	CH	CI	CJ	CK	CL	CM	CN	CO	CP	CQ	CR	CS	CT	CU	CV
0	527	287	325	878	224	657	214	593	222	223	88	251	180	304	281	599	636	436	497	814	686	131	766	22	101	779	430	283	850	856	216	78	888	926	554	915	346	774	187	414	637	482	401	312	626	879	708	527	434	11	71	735	849	224	726	770	405	487	571	436	741	576	845	616	261	112	120	577	872	140	446	538	283	648	82	471	909	421	760	146	482	630	397	567	512	607	777	588	80	888	866	773	36	478	909	533	656	377	890
288	0	887	16	341	818	28	113	436	530	680	412	660	510	545	913	740	651	684	787	703	156	640	838	836	82	515	287	394	770	909	844	854	135	675	255	208	389	903	38	102	138	600	94	756	912	260	321	410	51	33	712	8	180	176	190	286	75	848	348	228	706	150	832	228	559	633	246	280	460	526	482	570	832	411	555	211	402	820	532	793	691	399	153	719	899	136	797	677	746	872	238	852	643	150	630	764	344	797	158
292	199	0	66	43	272	807	384	13	439	469	488	675	515	213	882	198	39	395	745	187	828	302	43	559	824	175	223	181	116	206	71	918	468	355	888	420	520	257	235	503	487	857	6	222	499	910	685	603	330	801	398	611	143	515	610	532	541	24	899	556	233	409	510	645	468	458	364	494	197	221	54	188	871	13	866	621	74	62	144	222	156	65	71	685	889	878	466	399	765	355	269	441	250	823	262	398	868	794	276
94	564	563	0	682	892	265	291	23	834	789	636	374	330	1	537	773	71	339	242	277	481	489	894	783	379	299	352	872	735	890	108	210	898	503	893	122	229	640	573	273	303	396	529	715	801	563	110	4	403	568	785	328	331	715	932	530	693	192	805	352	668	445	897	841	353	169	255	641	359	248	373	301	257	518	318	805	820	196	134	72	67	431	432	461	915	405	15	373	812	80	360	351	101	669	17	16	221	538	898
623	897	615	673	0	81	575	434	257	219	10	301	552	57	437	869	579	632	913	217	251	134	376	64	597	201	800	134	179	373	544	207	182	86	930	378	557	113	90	843	842	169	88	741	20	595	663	566	86	236	880	597	271	62	561	229	100	166	759	631	717	132	150	639	650	198	297	752	852	800	145	659	116	781	880	44	15	222	228	393	871	153	389	57	381	932	358	483	544	688	244	418	223	626	774	425	754	48	722	856
308	810	246	623	714	0	816	620	931	565	766	465	389	584	456	351	215	763	688	737	475	171	187	291	391	673	697	461	892	893	561	552	295	851	76	382	528	46	709	341	336	561	782	703	649	340	172	719	411	642	328	916	696	896	644	612	609	566	90	874	416	879	331	559	222	570	357	698	444	86	85	393	559	225	407	402	79	282	703	873	605	144	877	129	411	581	74	692	276	141	667	210	449	118	274	141	98	189	416	766
454	818	4	293	36	607	0	848	305	65	801	342	790	393	132	131	912	501	86	857	778	299	297	82	221	259	84	763	807	923	309	512	739	601	376	212	513	547	336	361	25	78	909	785	4	755	730	472	935	598	661	368	343	372	412	336	802	615	660	23	302	632	182	585	62	407	23	666	109	228	448	805	211	928	237	841	871	262	217	646	653	160	868	603	257	127	414	558	526	585	111	651	833	549	928	460	889	670	118	851
255	790	204	797	139	690	278	0	329	630	404	839	468	446	316	865	735	626	120	608	235	20	237	680	764	830	935	455	405	908	758	824	523	598	165	441	733	776	79	691	331	146	155	675	263	57	33	203	302	184	547	863	132	927	463	915	46	57	589	76	98	902	431	817	515	911	805	670	381	377	700	480	777	894	705	189	471	346	137	396	357	280	693	601	896	394	691	133	197	837	482	880	423	760	385	542	478	503	146	278
548	792	705	622	607	285	707	187	0	818	208	308	148	25	15	886	658	865	567	921	368	797	657	746	335	235	68	834	18	446	211	282	44	395	94	646	367	312	854	934	735	362	534	740	154	680	731	615	401	409	4	730	536	135	256	532	14	645	130	191	678	39	225	93	636	833	120	277	640	240	735	118	309	899	10	936	407	250	638	713	685	401	878	802	608	203	913	354	382	187	522	819	924	541	88	368	592	184	928	378
832	679	351	883	147	197	416	817	460	0	280	88	477	467	810	593	433	720	452	886	590	795	870	668	541	211	124	89	244	299	498	865	72	223	103	926	135	266	527	476	150	138	231	878	253	125	583	774	443	551	508	106	692	590	624	518	343	794	521	921	580	684	136	508	192	504	168	442	145	288	538	463	893	464	609	811	407	802	725	618	633	764	212	862	528	179	17	554	367	707	732	96	702	462	98	633	481	517	33	477
752	126	149	335	215	294	50	22	826	926	0	305	881	189	271	580	448	572	125	515	45	457	662	738	589	936	783	130	174	602	818	104	312	936	56	173	748	3	111	121	434	532	223	373	230	12	438	386	381	576	665	770	771	261	199	527	293	630	639	873	292	6	319	930	236	824	461	861	289	114	664	743	607	148	730	742	729	72	542	427	244	248	171	863	627	745	131	695	509	929	201	316	314	351	804	193	522	806	95	223
573	537	77	596	96	816	429	196	780	649	874	0	788	625	434	139	334	146	516	555	31	902	651	80	888	736	153	401	894	290	286	424	132	413	929	695	463	234	756	850	371	383	795	739	220	181	85	414	156	913	102	175	241	848	882	722	418	728	315	693	481	529	82	252	782	866	740	787	729	119	132	387	348	558	301	463	775	365	415	4	363	887	113	873	78	297	733	57	726	685	99	866	111	849	492	656	34	510	754	802
438	72	205	279	880	95	316	791	153	221	71	720	0	310	225	158	608	181	866	310	48	65	2	885	417	581	330	264	86	854	586	45	229	544	673	390	17	136	927	81	934	253	85	34	40	658	555	277	761	502	684	42	637	324	117	776	332	55	722	429	194	164	311	692	711	826	110	496	118	607	278	270	240	861	20	811	107	434	887	265	113	578	677	57	527	612	201	420	902	742	235	376	118	344	553	114	308	723	183	879
414	749	616	704	680	328	296	547	481	561	659	782	621	0	683	925	722	157	716	80	698	593	368	430	893	71	848	92	38	368	306	132	816	273	541	110	408	775	412	776	291	685	146	730	183	490	874	239	699	173	684	118	399	907	257	199	352	676	322	25	603	60	743	673	452	439	642	552	634	374	636	240	886	271	186	771	285	674	860	932	320	632	808	574	724	623	120	709	819	620	536	544	278	318	850	221	327	832	185	421
359	411	525	271	701	556	936	349	202	453	362	911	21	192	0	765	817	439	334	55	285	834	130	244	474	316	509	495	744	834	926	477	604	583	438	674	553	430	277	542	219	65	468	504	22	838	309	76	44	574	61	777	278	256	236	164	31	477	775	509	296	861	422	650	219	3	21	320	719	695	83	623	628	907	919	480	163	512	431	215	194	151	803	831	582	722	153	748	662	543	43	682	428	253	856	608	486	572	669	461
6	130	415	349	265	266	622	121	403	237	930	532	5	516	745	0	188	332	878	788	597	912	901	628	693	745	509	269	143	935	107	829	104	81	217	263	726	369	178	530	59	393	504	733	46	339	22	106	691	190	448	82	234	110	745	496	67	258	884	226	516	789	495	628	699	576	232	892	400	732	421	431	64	113	418	562	757	836	84	660	892	927	141	111	212	466	319	766	892	784	136	683	451	12	184	335	748	609	909	391
806	429	752	541	885	54	497	221	796	529	885	208	736	144	321	251	0	553	263	153	488	913	901	442	435	106	154	355	130	538	27	715	445	431	7	831	887	253	173	280	706	898	335	654	557	170	744	389	738	485	696	447	634	388	128	217	352	16	918	704	776	476	287	643	108	8	97	592	712	855	765	657	560	799	621	831	558	537	723	146	745	516	514	909	748	374	913	30	738	57	494	356	648	578	577	734	613	561	717	353
502	260	391	639	259	530	685	302	483	655	237	593	555	610	564	722	217	0	197	584	877	355	235	653	871	584	736	564	860	156	538	603	504	623	82	885	353	786	836	299	645	304	909	178	495	59	133	683	917	343	837	399	559	368	89	893	496	706	416	923	195	460	897	503	120	427	215	53	713	233	466	389	678	672	460	77	395	756	145	915	126	371	876	357	16	447	437	496	314	350	322	409	578	931	449	718	687	328	561	621
714	49	382	57	348	628	878	671	638	358	650	486	363	59	627	652	410	715	0	663	41	224	516	49	301	718	268	506	846	42	403	749	130	605	832	387	72	486	447	53	874	907	586	902	885	165	716	911	478	342	316	656	730	599	55	462	254	195	844	586	883	329	63	345	136	495	234	357	274	514	217	625	575	903	875	338	548	384	62	475	656	120	361	24	490	326	388	442	830	660	118	315	388	532	645	510	647	377	643	334
283	255	30	837	673	928	249	916	137	853	436	228	329	291	377	186	650	486	692	0	266	85	149	87	115	259	216	320	749	513	563	605	244	648	231	714	200	247	500	901	268	920	510	617	78	143	901	103	209	12	854	914	20	604	216	562	629	164	103	765	860	843	448	554	595	432	467	372	501	673	285	76	373	732	620	468	670	585	918	472	59	22	764	264	897	208	144	15	405	513	464	408	125	217	602	25	216	33	449	298
719	725	253	184	890	671	344	67	104	236	598	563	373	604	345	372	23	835	600	37	0	838	513	47	904	364	698	108	483	396	887	506	51	370	66	98	465	233	565	252	293	663	316	418	453	750	206	722	734	529	281	427	196	912	473	889	107	299	360	292	817	849	336	780	691	411	665	860	276	504	52	875	194	324	521	884	91	724	859	117	131	298	173	904	672	701	693	551	570	792	683	919	178	681	758	630	811	101	261	845
308	833	624	498	542	349	809	260	762	886	558	690	145	312	198	813	743	371	291	448	614	0	866	763	936	498	264	208	273	132	415	417	858	896	634	805	114	267	347	901	787	800	430	870	522	151	261	245	120	803	409	353	268	72	888	299	926	937	49	375	830	325	107	208	923	215	676	456	597	7	524	649	71	778	706	833	793	890	771	826	478	436	700	299	550	428	291	290	222	150	218	452	686	549	349	659	125	818	391	215
425	171	841	760	279	937	378	367	579	243	387	453	647	225	866	923	881	777	901	458	373	103	0	632	315	547	11	200	748	377	637	540	459	817	407	515	663	167	817	521	821	471	486	404	895	820	677	867	838	153	882	531	135	46	765	723	343	401	738	744	720	76	58	144	599	422	590	208	308	923	766	709	163	81	278	915	438	304	143	162	431	114	924	526	244	282	771	608	811	721	206	526	880	616	365	587	673	364	372	174
406	186	629	230	543	91	833	104	156	188	576	394	817	687	745	333	676	191	335	289	773	501	131	0	851	791	723	903	510	693	42	31	118	895	114	174	453	309	226	358	738	845	356	229	433	756	390	424	27	62	869	333	253	664	643	160	145	704	63	342	592	414	409	264	459	561	101	434	19	61	842	717	533	167	355	188	778	554	136	404	183	642	642	622	603	838	594	158	305	296	727	582	314	653	237	505	863	806	130	10
609	275	429	388	682	807	925	579	402	8	798	647	146	355	815	623	524	473	305	641	174	265	65	45	0	828	345	385	337	398	344	759	495	444	433	394	255	663	278	900	798	438	743	431	17	305	350	786	37	94	381	586	520	218	841	783	372	169	312	109	760	759	885	915	51	458	738	73	149	202	576	821	73	902	779	371	307	576	755	411	82	257	182	414	324	275	329	202	754	790	599	913	482	121	314	343	631	254	383	807
73	449	225	311	882	634	341	210	420	26	135	125	772	70	907	936	313	146	829	912	136	745	444	103	576	0	744	185	297	198	418	560	121	802	591	46	370	667	5	252	1	548	912	617	538	245	479	269	78	123	399	474	697	576	10	585	766	410	57	751	813	80	92	645	89	251	808	882	738	839	119	99	347	805	128	248	707	866	70	272	533	195	261	390	642	743	365	239	832	777	450	890	723	128	93	234	808	693	604	84
728	569	496	743	254	787	76	897	228	1	290	412	175	304	319	779	821	848	605	520	518	696	157	192	624	172	0	123	525	631	531	366	681	222	831	401	770	778	284	815	383	643	110	790	43	592	464	725	33	830	24	756	12	509	155	608	159	442	744	484	267	65	635	66	141	914	780	23	333	840	621	232	687	184	650	467	600	76	716	42	378	175	145	928	870	261	479	736	788	797	187	848	844	832	902	414	537	249	568	395
751	293	80	323	35	356	20	52	529	67	278	173	56	457	914	355	413	254	505	2	148	233	318	748	452	474	177	0	761	542	887	829	224	226	757	91	471	114	711	759	392	23	740	603	555	361	358	35	600	200	279	419	563	767	406	339	17	285	101	38	470	98	704	323	768	98	714	825	17	45	204	419	779	429	321	602	208	642	355	414	901	516	774	216	484	635	67	244	239	586	118	919	795	30	195	840	250	715	212	424
898	817	707	930	730	199	307	698	676	92	532	777	660	581	190	894	780	349	490	587	75	571	602	431	595	804	9	911	0	819	345	169	692	430	430	890	697	712	569	477	43	266	885	61	533	234	372	216	480	574	536	272	837	352	330	547	53	191	32	519	183	352	463	37	596	581	804	766	738	431	854	851	898	341	21	74	350	781	905	745	167	430	899	587	864	80	760	603	753	741	849	429	751	22	325	408	393	23	23	155
214	205	50	650	775	649	741	509	521	70	316	702	518	812	383	818	127	777	787	135	601	670	32	154	870	353	160	305	719	0	444	23	46	98	79	396	917	630	170	224	497	668	471	591	794	556	474	686	420	720	12	331	445	835	455	527	505	594	223	388	457	403	672	228	452	192	140	124	279	558	791	457	204	200	554	553	575	930	802	612	608	240	664	799	62	401	307	303	31	417	481	390	141	734	382	467	83	821	101	787
281	341	890	515	29	344	703	336	566	258	539	65	361	380	130	516	413	439	522	342	594	440	292	887	702	38	241	343	48	739	0	914	68	803	776	508	544	458	185	16	284	484	124	646	619	80	778	331	914	32	39	332	616	495	853	218	472	332	84	310	146	275	37	831	146	293	509	911	655	27	183	634	580	705	855	370	772	411	673	819	174	703	562	527	925	185	209	902	423	120	310	617	135	735	898	592	306	332	766	695
106	626	848	119	881	883	550	684	390	737	138	779	160	769	144	127	626	68	453	264	848	527	887	878	925	290	405	227	471	307	450	0	825	473	831	662	750	690	217	524	82	584	219	640	428	270	629	91	467	237	562	878	26	298	751	756	508	356	852	574	766	689	537	515	355	354	795	828	295	568	421	534	37	53	854	548	768	57	610	231	558	84	143	175	137	186	235	294	63	66	926	197	409	540	276	790	602	731	254	312
101	325	122	808	909	83	770	796	275	746	125	838	172	258	785	57	810	510	7	71	559	404	209	201	450	881	852	711	354	877	601	119	0	227	162	493	739	6	522	620	805	935	454	586	557	72	389	558	539	451	356	223	742	173	154	557	188	925	640	72	85	30	699	833	704	100	297	711	545	475	50	930	587	448	916	289	931	282	459	647	402	808	889	867	840	250	659	343	712	586	235	797	768	593	443	70	798	652	520	478
449	715	645	812	610	818	857	554	643	251	471	266	136	627	726	747	882	841	599	610	880	274	488	723	873	383	664	822	327	759	836	721	863	0	266	362	820	495	678	596	126	347	186	550	410	485	903	848	184	666	259	448	175	201	313	843	533	166	775	557	194	754	278	900	355	271	509	283	787	855	425	748	234	335	13	162	937	315	771	670	833	236	867	9	362	162	415	539	261	538	410	827	423	263	439	769	874	256	523	912
425	72	375	712	873	799	326	808	130	871	769	534	230	469	674	489	470	876	300	519	762	804	771	110	748	702	891	936	238	890	133	919	33	128	0	630	373	355	674	253	376	20	672	410	626	687	142	243	135	325	178	467	701	5	513	923	744	294	636	232	208	86	422	104	665	3	702	88	880	69	835	396	425	771	88	594	437	877	392	870	549	15	238	454	52	660	69	337	525	474	221	738	46	490	837	682	363	909	424	800
451	367	691	901	237	842	163	269	626	793	742	65	166	682	772	426	712	761	418	64	494	394	175	117	927	791	137	16	383	917	851	582	796	835	528	0	615	848	798	480	838	759	317	173	894	739	454	772	563	261	350	577	800	844	915	769	692	385	797	792	134	572	422	806	274	106	714	627	466	746	852	128	928	591	463	229	357	260	17	810	661	155	648	494	454	5	749	775	872	431	513	750	481	265	529	621	501	236	714	98
134	520	42	861	773	677	679	348	812	529	188	929	449	559	634	108	573	666	430	307	219	429	777	334	797	512	120	571	130	301	103	114	202	608	112	842	0	551	356	393	83	153	130	504	447	757	804	877	319	364	261	327	495	98	295	248	205	668	425	452	560	185	55	29	124	162	932	503	125	386	98	891	49	299	6	32	623	619	601	467	631	354	414	916	904	267	755	188	903	457	363	27	868	123	713	708	210	431	670	743
429	373	266	451	421	511	58	883	633	41	759	61	543	296	759	41	620	735	468	88	426	25	357	420	929	517	505	21	671	219	315	115	64	169	45	574	283	0	864	229	279	51	738	848	473	196	710	143	562	816	840	721	549	667	525	894	214	63	141	323	294	79	475	665	800	254	689	624	442	839	39	913	222	208	404	904	204	567	707	412	771	233	877	891	342	573	784	629	410	239	394	714	270	310	497	115	204	504	909	444
668	374	408	238	135	788	398	838	14	904	137	774	457	101	90	221	458	89	67	751	503	311	604	915	822	224	176	618	776	41	833	866	181	564	231	363	349	569	0	390	731	372	922	114	176	40	372	398	467	696	317	301	808	204	907	280	304	850	557	465	437	342	711	882	216	354	608	285	641	83	298	368	201	421	932	48	485	788	458	425	375	61	287	68	782	137	14	241	182	906	21	779	737	116	453	655	800	303	600	222
855	340	416	231	316	12	123	343	670	886	480	666	216	747	508	883	919	853	739	275	841	285	133	687	500	269	38	598	936	151	375	554	750	545	633	270	452	772	11	0	603	312	877	551	879	597	55	796	731	72	865	797	725	380	62	154	747	665	607	574	735	358	134	339	168	377	644	834	527	595	701	412	45	905	104	178	383	438	381	489	770	906	293	656	874	409	217	48	705	299	106	877	710	620	51	890	634	871	148	453
58	668	684	172	512	26	193	442	514	264	545	87	310	508	451	677	650	540	819	155	442	51	855	238	558	610	485	153	700	669	577	654	198	827	385	339	60	757	50	38	0	900	873	220	797	157	284	739	362	270	43	519	905	198	521	13	773	539	693	485	373	77	273	844	657	735	281	579	107	517	418	318	285	101	694	209	266	281	282	866	176	678	870	291	137	655	700	898	612	7	36	784	708	90	221	273	933	909	500	776
712	288	53	322	664	219	715	108	730	723	259	168	630	554	702	501	695	492	786	398	640	340	567	934	210	926	589	333	35	526	112	727	207	789	511	541	830	722	264	139	465	0	784	535	520	375	9	244	925	272	910	877	150	276	17	781	158	373	824	683	727	291	423	322	598	679	681	171	92	801	715	600	278	821	881	11	732	321	481	621	814	911	621	241	541	879	191	901	570	172	375	873	775	891	815	916	54	161	215	287
409	880	472	263	728	610	842	289	151	117	516	92	903	563	322	78	785	553	717	43	594	292	868	799	598	782	331	475	243	366	551	473	865	496	914	391	266	118	81	748	639	302	0	770	311	184	694	582	280	907	483	583	174	423	699	405	315	573	413	245	17	60	402	502	781	731	179	935	517	173	165	569	452	563	319	190	120	151	457	457	41	329	770	804	594	657	732	215	555	181	25	824	560	96	339	123	863	281	447	841
82	138	13	430	629	841	931	704	768	736	665	606	521	462	720	90	912	577	535	406	395	194	798	250	54	241	83	138	809	285	446	720	644	461	708	768	633	109	523	339	77	708	863	0	54	342	889	274	328	674	675	590	112	71	407	936	225	383	225	357	756	904	214	783	51	221	661	736	278	150	382	192	791	751	327	537	900	505	591	628	546	35	387	307	595	856	114	162	388	587	34	895	401	666	99	607	55	67	515	190
310	481	558	581	473	518	826	423	375	484	755	590	223	482	215	225	874	594	769	893	245	832	535	897	87	313	545	671	429	306	775	694	413	910	235	190	882	252	403	898	341	457	203	638	0	646	179	118	721	123	428	497	820	437	81	879	252	804	130	685	96	859	266	643	878	167	293	516	382	465	54	889	469	44	799	698	152	268	364	777	599	906	580	26	57	377	140	813	910	555	892	657	401	581	110	386	277	295	258	665
149	768	354	809	499	898	646	428	120	209	568	205	201	241	579	27	379	674	670	452	317	916	417	478	319	293	112	909	86	635	508	756	636	700	475	222	95	190	24	705	388	809	248	25	928	0	392	401	621	518	767	914	726	320	276	823	132	767	267	264	762	316	723	220	549	748	638	779	206	2	7	732	748	578	786	631	303	520	694	164	370	455	201	277	608	694	118	2	236	361	334	19	505	505	825	809	173	536	816	853
763	512	886	330	710	733	625	550	442	387	257	572	741	638	810	630	726	848	629	848	54	224	476	442	197	921	591	865	712	632	423	163	466	3	626	665	642	588	321	589	874	553	228	448	727	306	0	692	298	317	630	115	225	597	607	493	366	479	905	95	762	146	495	891	917	757	703	451	756	925	660	610	215	364	547	607	280	881	463	155	679	105	911	199	803	484	391	24	521	582	879	531	700	571	166	240	511	835	841	99
23	690	113	136	280	114	811	308	644	498	368	168	4	214	753	919	295	698	548	789	675	70	767	878	83	465	23	274	825	53	834	496	643	506	299	644	485	408	101	319	176	363	295	206	118	573	359	0	856	531	173	528	580	695	597	368	561	326	143	928	705	498	757	536	831	597	432	899	157	171	417	642	372	810	167	62	216	174	880	739	722	459	337	603	139	730	685	619	358	357	450	378	713	858	851	298	674	68	612	445
181	512	573	112	253	362	488	535	847	388	120	230	338	700	566	813	597	851	690	862	299	616	747	585	76	425	94	1	789	800	645	744	469	506	886	537	45	60	151	746	39	35	707	683	426	262	810	791	0	359	331	231	66	18	890	588	218	109	166	57	193	498	528	457	666	426	506	742	526	434	226	352	752	486	145	75	90	489	7	925	530	687	99	251	834	625	74	297	785	444	889	374	732	511	700	763	211	843	611	42
934	44	248	799	766	778	354	828	767	269	796	528	169	879	258	739	8	458	434	892	238	313	275	224	255	160	877	61	268	683	525	299	586	156	246	174	618	609	79	899	99	165	274	194	38	586	168	99	669	0	254	264	664	103	810	404	718	862	94	562	494	383	556	130	14	328	914	190	502	281	781	176	681	359	467	631	7	512	877	527	639	593	118	727	282	82	923	453	469	270	363	297	293	412	414	713	651	873	668	395
843	859	640	807	642	854	558	700	890	789	584	869	191	824	127	689	936	449	627	914	555	191	856	332	271	482	44	918	308	491	737	176	719	701	732	139	154	25	834	666	857	529	90	368	131	679	783	540	203	528	0	89	141	539	788	729	458	522	314	238	279	463	499	855	131	932	906	132	732	732	193	37	52	220	876	534	201	820	145	762	348	811	597	543	685	657	221	918	599	686	48	895	191	919	439	157	230	661	71	405
518	908	540	312	311	506	548	177	287	170	51	910	814	625	523	504	439	569	894	246	273	247	338	765	280	228	882	446	788	888	208	85	88	869	224	523	460	889	555	930	619	902	492	550	829	436	570	759	134	792	342	0	747	180	857	93	205	827	520	905	657	707	825	635	72	268	639	698	292	654	159	64	647	696	833	529	484	560	223	74	92	682	871	847	629	928	193	416	764	3	212	218	894	442	384	692	421	621	528	335
893	909	162	829	901	327	578	867	848	794	149	449	309	661	387	477	134	901	763	705	761	157	493	471	540	883	395	694	85	175	137	819	257	447	931	461	256	858	264	5	866	755	617	462	418	594	228	809	775	884	493	1	0	306	716	89	269	618	328	613	725	114	910	317	592	829	396	840	318	686	823	489	182	587	907	478	401	598	753	16	140	470	5	705	280	878	34	645	375	675	886	12	189	360	567	207	881	115	864	417
792	87	548	422	80	300	504	766	397	369	550	22	137	217	469	385	189	526	877	127	500	736	563	464	607	209	411	834	362	96	860	205	292	762	401	623	416	693	266	108	55	813	582	153	802	848	629	802	650	926	364	369	547	0	82	927	60	712	359	484	225	918	694	694	52	817	505	745	227	121	455	97	126	645	2	570	837	32	753	658	658	342	531	54	142	778	385	227	709	394	246	310	174	322	319	575	110	921	389	338
273	784	784	451	373	317	206	269	586	507	854	348	33	904	689	672	768	95	937	650	123	598	698	671	428	761	388	753	384	519	61	727	187	16	286	429	619	639	369	132	343	427	490	643	461	114	159	764	266	932	525	362	141	19	0	295	668	43	529	727	428	700	695	690	494	24	453	723	97	27	95	70	226	91	710	38	38	620	818	449	240	595	914	303	316	281	885	403	446	343	450	431	236	692	140	905	701	660	676	54
686	135	245	257	437	24	743	697	416	98	841	358	714	897	118	656	118	874	266	158	762	619	637	7	496	913	124	41	538	881	429	715	551	488	407	225	245	447	65	569	644	931	162	393	684	76	138	1	800	592	90	555	732	607	211	0	889	57	324	777	57	861	219	293	375	514	830	576	305	119	515	784	20	127	157	553	522	53	180	120	360	261	438	92	226	730	769	167	732	142	199	126	914	647	37	70	800	525	407	763
776	450	51	569	493	760	652	150	139	8	790	1	642	262	593	489	810	573	139	771	277	811	76	413	916	503	639	822	76	604	738	783	374	763	449	494	140	776	182	305	491	246	76	52	225	374	647	259	629	499	210	236	248	544	764	402	0	89	350	329	94	915	491	470	213	495	221	88	252	572	470	933	346	211	931	588	250	903	441	661	524	760	20	863	385	91	87	304	87	273	387	181	304	831	234	560	810	595	845	871
464	164	287	696	71	302	42	698	868	223	925	744	138	772	401	161	820	369	410	428	491	388	697	785	444	598	883	189	552	527	477	927	155	607	662	589	400	817	101	534	101	9	909	271	244	307	810	676	779	899	919	373	59	221	756	97	462	0	488	742	433	761	21	905	826	620	891	916	193	883	144	389	884	517	157	349	896	233	84	514	499	560	403	883	785	760	159	523	40	412	342	113	12	707	796	768	420	400	168	443
783	865	650	573	481	511	252	47	710	112	69	107	299	861	931	477	673	424	524	172	291	669	651	428	554	303	49	34	667	318	599	386	444	40	157	262	665	765	322	759	662	54	932	344	572	566	292	84	223	115	528	430	143	909	412	174	831	435	0	918	471	102	352	496	780	601	235	10	766	639	247	882	120	473	177	918	291	221	681	31	717	194	822	204	557	421	6	473	567	292	907	82	464	711	822	109	271	310	703	264
146	497	499	878	357	678	542	375	257	899	532	336	349	906	162	532	472	713	414	589	285	526	834	744	927	888	815	584	173	197	627	388	277	261	349	594	413	675	864	818	933	150	666	408	372	724	125	321	181	528	899	316	812	549	567	759	179	103	633	0	294	786	667	639	429	149	125	241	141	388	822	701	575	429	774	47	643	622	815	780	105	88	417	181	864	131	729	718	322	589	759	23	593	931	367	799	607	322	581	258
459	371	689	242	783	171	344	356	356	638	68	575	32	820	582	625	452	311	428	26	144	897	400	270	40	780	712	627	585	416	780	374	712	762	486	922	917	283	644	407	343	114	530	749	860	161	804	618	336	29	510	226	6	282	80	752	744	213	854	272	0	806	619	720	849	321	292	441	14	150	24	380	615	579	321	733	879	11	654	468	581	210	342	819	628	383	124	877	40	750	349	435	708	41	891	363	170	407	598	265
499	466	309	335	488	162	405	483	836	44	578	775	738	247	794	909	888	696	527	340	349	270	402	2	321	779	276	343	824	488	473	137	871	606	504	256	43	194	330	280	695	541	13	890	807	244	743	417	904	381	612	301	444	495	676	861	510	742	578	186	237	0	103	279	347	103	531	908	480	478	520	893	412	900	152	602	247	128	498	730	385	593	164	194	399	797	826	802	435	505	257	104	743	544	104	103	271	108	827	877
447	779	781	161	121	451	587	857	323	68	683	254	363	59	646	294	257	146	427	931	83	547	737	779	521	443	615	803	385	214	889	96	757	43	738	800	725	438	835	52	70	805	386	122	487	611	490	309	880	290	429	164	177	336	12	752	370	326	97	613	350	863	0	372	778	651	835	235	271	881	309	859	127	375	909	740	727	856	782	195	472	847	643	462	320	465	604	86	122	702	121	51	761	534	396	496	186	852	918	350
790	347	353	158	887	413	498	127	464	745	287	435	217	688	240	506	626	395	530	728	604	608	541	913	791	407	656	80	535	624	640	450	268	356	207	383	669	159	518	187	173	705	309	228	620	709	189	698	712	76	102	465	689	268	108	396	371	358	349	543	616	21	881	0	479	678	510	632	411	410	184	658	778	546	303	188	675	401	257	900	504	809	333	780	426	850	521	888	329	744	170	880	197	769	707	245	827	39	1	859
870	793	522	621	593	536	515	596	352	423	838	64	282	320	734	418	592	199	884	852	753	497	82	862	327	833	81	710	648	462	566	604	777	2	331	507	244	932	599	846	328	659	812	696	379	213	69	407	696	132	158	468	517	749	538	767	740	895	378	171	37	135	600	735	0	141	794	595	800	222	259	503	284	13	179	30	277	136	86	587	45	798	397	95	29	928	452	806	811	76	32	138	323	187	167	254	362	489	783	465
673	366	456	844	390	586	242	526	629	156	572	558	631	547	50	903	782	886	743	829	412	926	185	922	48	444	324	565	763	122	453	613	298	531	67	492	540	27	174	698	490	409	178	321	179	632	286	820	517	251	391	742	512	492	411	353	714	199	93	163	224	609	527	366	232	0	786	228	199	269	745	306	904	572	234	726	802	423	194	795	184	655	449	221	802	181	892	670	2	168	239	785	71	288	104	467	725	400	129	343
65	648	37	416	615	444	349	95	751	125	535	798	291	683	363	579	169	882	91	258	256	823	760	52	840	674	627	674	490	696	686	21	141	2	884	78	740	29	204	754	858	418	670	59	579	651	55	836	892	398	424	539	450	682	151	204	12	784	925	878	842	503	250	765	28	580	0	78	571	814	235	353	247	548	813	264	666	495	571	835	819	589	850	835	469	384	65	682	64	527	95	555	657	230	240	146	513	883	194	936
206	335	31	376	681	567	689	841	778	39	622	844	395	22	378	528	600	106	819	682	510	552	712	774	529	414	749	604	710	4	394	764	294	827	235	350	216	63	701	173	186	229	708	930	713	729	496	264	739	786	623	872	257	388	518	421	508	884	182	451	866	817	587	927	266	900	921	0	799	340	276	679	262	350	206	827	522	358	923	784	76	78	357	140	183	355	625	764	843	679	768	337	791	323	374	536	283	537	392	597
145	508	63	115	494	143	479	848	410	213	650	170	62	334	163	874	913	467	493	672	185	485	862	762	668	283	704	757	830	322	562	904	895	23	458	424	868	546	279	406	516	377	468	340	872	299	457	818	627	46	503	765	787	820	122	494	883	191	59	591	571	241	403	411	475	685	118	759	0	224	91	599	37	449	834	662	886	657	649	416	512	721	9	870	502	874	344	894	690	384	337	611	782	108	498	528	597	274	432	182
439	132	203	801	152	500	896	615	934	582	409	114	70	119	735	562	704	171	565	27	780	368	511	572	862	918	397	695	891	382	726	809	835	589	144	87	935	166	27	254	62	279	648	635	134	639	484	634	430	861	456	61	812	108	237	55	218	323	783	187	643	110	259	672	349	460	807	629	490	0	785	445	378	25	917	521	889	112	927	369	5	534	399	699	492	738	383	220	923	221	485	638	98	325	593	528	64	85	551	214
419	328	566	431	569	221	131	750	499	140	439	352	605	91	136	25	497	624	235	935	917	45	798	834	880	390	876	215	46	482	115	215	361	473	444	287	456	835	20	818	277	411	64	144	264	159	848	361	911	245	826	212	886	797	254	604	761	545	532	440	707	245	404	826	720	242	15	72	242	87	0	405	432	885	259	21	55	916	44	327	485	653	117	647	485	854	98	229	423	395	268	434	362	425	382	85	547	280	504	743
69	330	105	213	849	172	333	389	861	180	71	760	665	654	730	46	854	432	207	5	650	547	507	749	134	916	89	485	408	251	518	141	734	381	87	407	247	798	925	369	343	774	666	894	303	530	470	316	365	836	797	512	226	242	713	139	187	381	870	80	783	125	870	836	898	533	673	417	188	526	893	0	173	418	162	398	406	682	639	420	736	418	511	657	321	636	477	42	63	285	88	146	819	893	508	761	862	831	404	235
191	105	262	388	519	238	705	906	510	861	411	32	923	278	128	547	840	262	565	21	675	349	317	547	690	92	721	193	777	275	11	373	741	24	583	506	200	154	333	583	838	457	599	246	433	361	450	547	440	901	100	487	12	388	831	428	32	575	115	715	27	707	460	251	416	342	566	758	183	232	66	864	0	846	75	931	771	471	84	110	626	298	168	298	297	366	472	590	461	908	36	754	137	371	887	281	812	81	716	266
272	482	639	62	28	55	630	388	514	509	854	743	870	89	588	776	283	658	406	667	10	791	369	914	247	280	580	713	719	863	417	760	903	8	713	532	208	815	3	448	922	569	144	497	72	705	305	137	261	593	72	105	243	790	46	887	697	526	550	737	195	321	266	830	84	865	467	623	114	891	750	82	517	0	887	457	788	495	455	207	475	156	352	92	182	583	700	912	541	552	655	50	205	762	413	386	491	892	23	766
807	935	349	448	572	638	427	501	929	669	82	522	606	47	809	650	843	61	657	461	499	348	454	627	401	256	180	67	718	110	909	775	482	340	450	659	579	96	510	67	487	582	774	918	266	29	842	394	932	109	866	171	844	339	243	581	787	478	330	479	128	124	745	836	139	158	159	521	927	184	125	563	288	714	0	487	892	792	239	118	690	58	532	537	108	267	513	478	64	17	693	696	355	366	178	714	878	742	297	227
879	586	928	379	900	200	227	76	45	275	409	511	779	775	415	722	228	565	289	687	169	101	199	350	477	260	679	265	603	249	112	537	68	799	279	148	465	670	248	545	175	683	343	678	193	430	228	701	384	331	225	19	789	812	9	248	646	373	57	113	903	646	843	640	834	893	503	657	754	313	793	514	706	786	117	0	624	876	456	558	823	121	912	171	740	688	43	681	229	523	703	227	584	57	890	264	396	408	863	915
874	163	552	298	207	268	580	558	407	416	806	328	575	882	901	195	700	805	640	387	96	311	761	379	72	354	520	684	167	786	612	693	293	150	539	300	120	155	72	203	244	928	258	357	117	221	171	847	733	613	159	498	928	241	522	349	846	208	154	851	370	702	652	325	631	391	92	707	265	503	165	42	161	204	204	839	0	463	906	892	900	59	464	769	295	866	145	564	610	268	665	88	399	201	75	582	875	138	721	720
317	309	358	349	919	435	474	346	771	146	7	78	123	328	560	297	466	380	776	305	558	833	184	481	839	204	709	733	372	637	415	266	265	128	866	254	636	611	61	67	77	111	246	75	454	654	594	725	457	337	323	373	716	363	128	936	603	310	451	83	262	758	139	688	667	810	201	685	586	882	516	799	496	463	826	685	212	0	437	3	541	276	458	831	419	32	318	801	336	490	712	751	599	36	672	200	563	406	375	903
97	666	67	705	610	345	778	886	756	70	615	593	373	458	913	872	306	520	931	524	53	306	374	760	169	559	32	63	915	490	450	84	341	833	20	352	650	818	6	581	922	823	584	439	259	415	160	900	897	366	668	878	331	647	395	870	341	323	742	198	179	34	122	48	649	368	595	648	481	501	846	352	775	894	32	71	924	473	0	312	77	307	925	88	346	308	559	504	571	809	401	559	877	43	103	197	41	390	290	245
291	488	148	925	496	675	776	713	310	450	704	272	233	132	248	149	469	613	645	49	233	5	475	117	807	733	827	427	38	483	434	819	817	522	544	597	82	577	382	167	509	336	466	703	44	862	508	855	716	866	354	92	559	497	393	208	617	172	841	62	453	803	193	102	695	683	763	702	77	672	769	304	19	471	82	745	864	221	371	0	332	368	645	168	381	872	285	599	223	330	623	369	878	919	675	11	714	615	375	664
136	13	820	766	17	887	196	150	299	185	161	634	51	243	242	157	40	403	334	632	2	552	709	883	586	513	335	316	237	183	639	156	592	771	182	541	782	666	328	360	871	699	2	915	474	136	719	905	742	186	352	183	530	109	587	873	446	129	680	62	245	657	727	701	387	360	847	721	557	865	254	248	221	86	451	219	872	152	595	332	0	891	800	855	375	718	269	620	447	428	345	514	461	312	656	499	237	80	53	78
10	423	275	890	137	155	535	142	356	380	209	540	353	529	83	365	377	628	768	161	38	224	872	877	337	85	22	255	115	610	173	343	338	417	377	602	86	72	667	855	762	801	41	443	542	204	590	921	787	390	717	928	82	71	736	710	896	56	366	246	338	621	319	218	720	655	434	438	300	822	245	208	650	67	463	455	84	682	135	911	12	0	636	441	807	129	916	633	424	825	756	626	732	58	20	935	394	269	398	804
64	735	820	430	759	534	224	846	717	32	142	919	936	62	926	242	44	483	177	401	141	310	109	722	816	238	221	421	129	244	231	795	137	556	572	909	689	786	275	505	147	546	859	696	527	745	746	292	482	4	365	566	348	741	476	379	812	650	538	509	435	619	429	312	247	547	821	577	635	104	204	741	734	767	76	776	331	806	306	832	689	780	0	609	912	63	143	715	496	426	794	133	711	217	841	323	937	130	41	125
935	477	405	121	512	568	670	251	821	858	327	627	234	253	565	860	647	642	228	636	160	714	471	325	336	356	618	198	112	537	445	90	255	613	128	200	706	778	370	177	732	92	323	335	375	609	408	23	163	320	132	92	341	903	504	860	144	325	121	9	790	849	329	390	48	469	739	755	252	171	876	351	251	76	764	91	806	165	923	232	47	923	309	0	441	215	665	358	77	529	691	438	481	181	549	6	822	919	599	707
915	301	612	317	250	348	325	96	582	393	84	444	619	937	409	345	402	903	603	454	909	839	348	747	366	607	124	263	917	846	790	379	819	726	60	659	818	316	257	187	256	737	175	880	251	89	273	848	845	17	702	419	625	273	370	915	142	157	616	923	444	161	481	429	521	249	453	451	401	639	237	287	448	644	15	768	610	277	51	745	640	759	230	211	0	453	404	495	846	913	279	463	206	559	524	138	917	493	716	384
149	554	646	70	126	195	314	457	140	554	677	759	904	745	210	189	450	594	228	920	326	293	549	105	578	279	814	870	442	647	754	682	515	733	34	585	260	610	817	650	655	440	777	727	441	335	377	729	616	158	58	930	68	254	889	453	351	121	297	332	702	435	765	623	195	116	932	457	111	686	354	403	196	70	662	273	63	456	777	530	112	767	843	27	202	0	292	65	223	295	661	582	67	496	581	334	377	238	286	821
591	155	577	376	815	585	37	491	559	829	789	427	399	937	340	424	646	830	639	22	203	50	622	558	891	502	392	541	301	871	461	854	546	271	913	745	3	560	896	252	926	125	298	889	924	430	132	717	181	451	58	279	579	328	805	899	144	26	213	44	252	561	332	96	130	95	891	556	180	506	684	308	917	524	770	689	830	831	443	758	811	284	246	765	5	310	0	501	646	381	177	18	825	32	605	316	265	774	903	141
76	113	601	401	179	863	185	641	909	647	63	174	624	547	931	202	295	886	627	178	756	431	413	594	169	121	449	676	368	929	602	666	898	25	197	726	50	639	922	351	827	734	456	729	159	250	705	781	832	482	24	447	184	419	306	297	273	725	251	222	360	750	884	549	789	550	791	126	338	348	429	697	375	94	461	57	918	181	866	880	887	259	523	657	781	916	899	0	703	386	706	437	613	856	222	568	795	720	121	214
925	244	120	163	89	466	883	658	27	798	108	440	387	586	694	193	905	45	587	145	604	802	665	830	74	234	112	749	99	122	531	657	491	112	308	583	26	514	690	244	119	720	308	150	1	495	834	774	832	805	776	444	212	698	869	870	281	375	530	7	478	126	214	254	262	620	801	18	5	339	41	270	444	399	64	867	707	83	711	452	779	713	248	684	668	155	351	892	0	398	725	211	330	711	135	920	130	622	54	345
824	813	412	357	103	380	205	14	263	324	681	526	141	287	683	489	190	115	58	34	528	821	208	298	863	27	727	267	830	661	28	161	644	654	244	235	690	617	774	690	269	660	156	374	928	55	273	178	801	704	676	185	164	655	745	342	543	848	588	386	466	620	120	908	726	843	835	832	899	475	33	449	244	380	891	339	505	290	431	766	892	785	446	373	66	8	614	272	910	0	376	128	879	434	569	292	314	460	484	5
676	589	713	440	264	189	1	368	165	510	586	421	475	117	353	912	261	290	516	22	904	160	777	144	695	791	244	308	817	539	528	96	91	284	75	520	508	352	371	152	793	412	769	756	225	343	335	2	451	348	131	365	509	167	65	213	112	663	929	613	96	237	497	317	735	331	669	693	711	122	844	516	245	520	801	406	224	303	661	35	400	112	207	362	595	272	278	842	52	800	0	109	276	719	238	488	55	145	884	495
392	466	152	580	603	537	528	39	193	227	170	913	642	96	806	900	304	38	220	770	524	126	355	158	148	690	391	633	344	112	391	745	736	819	928	643	259	325	323	127	452	162	619	654	916	307	599	564	127	606	350	887	719	896	367	791	309	893	145	82	309	636	658	28	353	480	286	164	865	478	340	574	84	70	839	333	485	14	186	337	552	783	195	12	150	163	160	682	400	776	897	0	903	703	491	157	696	567	130	3
876	699	3	298	894	15	237	892	355	844	593	343	181	273	936	253	738	911	85	555	251	29	436	20	433	187	596	14	136	196	610	605	530	525	54	761	418	155	786	144	531	540	449	800	497	819	244	162	657	32	137	519	579	733	150	265	429	831	39	868	469	488	460	624	657	353	132	644	514	465	884	614	547	742	300	55	368	803	567	248	423	117	924	689	83	403	713	193	478	291	619	469	0	531	209	739	247	456	915	515
381	285	604	796	316	262	215	75	486	129	330	815	440	860	322	840	498	897	231	241	507	38	777	61	386	409	450	548	601	270	884	653	130	763	611	565	810	719	325	867	461	836	302	69	478	545	547	380	198	620	757	36	127	349	104	195	409	573	246	555	530	795	521	705	108	296	434	570	614	622	608	1	412	226	442	185	932	896	85	237	535	791	780	325	172	749	200	230	860	3	922	908	546	0	163	468	906	28	653	709
21	191	154	461	332	631	140	888	136	274	368	575	758	581	673	532	222	904	621	309	485	168	715	889	537	787	439	444	70	448	68	155	264	332	32	369	552	421	521	227	503	409	59	922	499	647	379	369	419	242	284	245	862	219	463	571	333	706	518	776	673	454	648	819	634	400	470	104	127	333	285	110	680	275	422	125	80	771	16	736	212	696	157	494	119	493	499	843	538	763	557	633	177	547	0	831	71	360	119	849
303	69	196	300	741	509	670	102	798	237	690	268	259	157	334	118	183	474	551	448	737	44	542	264	532	126	166	308	386	881	519	417	734	826	439	370	852	830	470	405	707	238	93	249	90	562	838	917	840	591	650	816	619	308	856	532	168	58	914	39	865	464	220	588	510	512	495	362	359	295	251	577	548	184	356	182	547	2	139	558	149	599	364	832	48	727	685	72	240	552	733	583	37	294	29	0	858	898	305	717
32	550	601	899	686	110	776	371	446	53	487	897	9	332	389	78	415	617	830	693	194	49	778	409	50	190	443	139	594	367	117	289	595	713	600	66	866	134	731	694	346	795	765	774	868	494	237	285	727	687	508	473	702	397	361	704	625	824	860	317	825	205	123	202	122	605	144	564	599	457	808	381	756	582	186	689	865	616	528	726	294	160	769	893	738	542	18	55	435	73	10	172	555	339	871	280	0	688	234	675
762	446	760	531	234	634	325	491	274	349	549	716	543	320	248	816	538	80	118	278	419	283	405	876	859	599	720	471	306	429	142	657	100	707	278	401	657	905	233	768	894	218	252	573	359	101	488	671	785	840	570	660	273	736	458	415	924	871	467	707	647	484	645	443	77	587	765	204	609	24	598	677	256	280	159	478	456	449	765	929	510	859	389	888	781	657	447	209	471	766	512	676	868	160	262	445	191	0	597	203
648	36	138	376	801	248	702	643	817	353	176	785	101	263	332	230	387	696	682	308	913	798	593	53	272	150	495	715	60	654	463	849	265	657	463	309	635	689	749	422	368	891	288	376	318	295	414	35	843	463	507	331	548	727	216	867	672	740	226	507	539	327	131	690	830	791	291	293	429	401	36	339	320	549	187	499	644	808	768	469	194	473	388	160	424	758	54	35	856	524	690	549	432	328	575	728	890	285	0	59
102	158	384	238	693	204	138	80	569	440	53	689	27	458	887	366	451	233	447	525	103	255	885	571	317	738	484	158	283	44	700	131	264	239	254	61	502	887	339	513	632	528	894	653	359	276	833	684	5	486	579	626	94	517	287	129	20	130	186	937	678	786	622	574	387	535	64	383	826	146	780	3	372	812	738	241	886	693	631	539	183	902	157	522	4	388	288	762	561	68	670	879	540	59	844	599	784	858	411	0
