A	B	C	D	E	F	G	H	I	J	K	L	M	N	O	P	Q	R	S	T	U	V	W	X	Y	Z	AA	AB	AC	AD	AE	AF	AG	AH	AI	AJ	AK	AL	AM	AN	AO	AP	AQ	AR	AS	AT	AU	AV	AW	AX	AY	AZ	BA	BB	BC	BD	BE	BF	BG	BH	BI	BJ	BK	BL	BM	BN	BO	BP	BQ	BR	BS	BT	BU	BV	BW	BX	BY	BZ	CA	CB	CC	CD	CE	CF	CG	CH	CI	CJ	CK	CL	CM	CN	CO	CP	CQ	CR	CS	CT	CU	CV
0	261	348	100	356	151	267	406	272	228	6	428	135	338	69	345	380	310	72	356	137	79	66	11	385	46	387	397	139	203	428	356	71	189	8	69	306	354	125	206	312	26	415	373	119	235	385	25	368	143	314	313	185	98	198	426	396	27	76	228	338	380	212	9	27	335	158	107	289	98	178	385	256	170	409	1	133	190	43	172	183	20	49	186	279	249	62	333	220	92	86	131	250	407	91	230	382	35	191	110
251	0	49	296	189	182	386	385	394	313	223	135	333	161	149	338	91	171	208	76	91	361	358	308	117	382	95	22	277	286	42	291	1	49	229	87	94	280	43	26	340	148	417	384	24	248	232	242	264	166	289	32	90	423	63	156	395	336	398	278	113	409	282	70	98	88	139	109	140	376	386	241	107	2	107	28	415	189	276	182	84	256	57	312	275	330	262	326	413	360	345	160	360	24	85	345	314	155	390	248
153	277	0	405	407	368	3	153	36	64	25	418	145	352	92	5	381	239	139	72	263	301	317	265	6	379	103	278	327	333	234	33	84	115	421	297	187	334	351	233	372	3	421	272	199	348	211	172	295	43	39	132	191	50	327	278	401	348	314	67	113	175	240	421	205	398	134	411	420	33	421	291	124	29	211	311	323	261	338	146	358	60	428	61	72	301	101	61	36	42	371	380	412	251	133	247	271	317	326	322
290	361	49	0	352	102	361	48	352	261	12	70	283	206	97	325	170	55	83	124	340	61	284	360	366	72	345	258	46	81	322	160	367	148	129	383	398	159	84	88	176	111	363	76	33	355	101	86	7	222	56	85	220	413	80	165	61	205	398	150	244	195	312	334	401	93	266	266	191	350	147	416	25	120	429	92	383	25	385	111	414	245	78	215	131	425	25	262	187	210	309	362	126	37	269	273	337	208	137	190
179	43	112	268	0	93	428	429	41	14	103	134	37	307	341	403	274	93	180	161	219	13	214	413	16	297	244	421	226	103	15	305	127	345	181	167	308	25	113	316	344	99	177	257	351	330	95	268	51	371	288	344	135	22	226	59	73	303	215	228	311	268	417	122	15	202	33	251	69	280	428	103	55	144	184	396	351	3	407	87	56	57	130	235	135	242	34	383	357	157	126	257	344	369	239	417	210	423	39	381
187	323	41	36	59	0	103	378	18	18	149	189	114	168	311	81	2	135	207	258	389	148	180	200	133	405	166	170	353	202	272	150	412	342	169	188	403	185	288	189	397	232	281	155	224	288	320	411	167	377	299	291	279	154	361	277	79	101	68	358	217	150	344	105	303	154	295	300	79	77	204	353	131	58	327	260	48	147	86	58	13	209	334	222	93	267	38	30	360	167	261	416	315	235	100	34	310	272	194	225
115	303	98	76	64	349	0	187	403	119	138	409	134	35	9	109	386	160	106	384	229	39	111	157	418	62	260	393	30	386	406	419	282	89	327	118	233	127	387	331	168	173	160	196	115	239	404	346	406	32	117	119	131	264	117	405	62	118	265	267	14	118	86	187	142	181	109	94	180	411	216	269	252	227	331	257	358	106	425	73	190	266	284	400	203	429	306	395	277	273	332	417	399	317	398	277	405	361	71	108
172	137	18	157	57	45	185	0	392	42	219	156	343	93	309	264	313	159	322	81	371	293	81	101	337	285	111	183	277	242	87	175	114	110	423	110	302	54	5	261	114	187	96	157	250	85	117	2	322	351	407	397	80	118	426	230	280	5	145	316	40	14	349	106	319	228	420	210	403	61	29	125	344	84	277	131	176	97	201	159	205	334	270	174	412	12	89	392	342	219	247	146	273	195	400	265	84	215	266	121
152	9	162	354	243	149	212	278	0	3	282	294	241	294	82	165	268	402	60	99	296	273	394	137	230	260	367	310	425	165	6	398	40	114	307	218	306	113	113	60	389	243	263	190	41	79	225	226	279	202	286	175	100	262	299	4	325	386	323	58	316	69	22	231	36	274	226	30	401	399	151	147	397	249	108	281	324	420	42	3	51	384	109	296	406	117	82	268	216	75	392	389	86	158	216	109	295	13	427	247
302	267	95	406	15	370	273	315	239	0	53	365	357	95	170	312	341	178	212	21	99	383	294	210	70	374	276	187	303	160	302	347	64	71	384	215	281	251	90	289	27	203	60	340	152	141	429	151	23	266	274	393	241	219	88	41	212	326	46	178	381	389	6	38	336	252	273	256	290	124	115	426	429	398	418	27	208	289	111	56	321	278	64	216	171	340	90	382	93	349	44	134	361	66	108	310	57	297	197	157
105	49	26	249	86	267	207	344	131	228	0	345	64	53	155	237	223	7	365	311	387	395	225	424	387	48	361	368	421	162	147	421	357	150	351	261	207	357	392	53	1	378	151	13	178	149	28	222	279	105	168	408	173	327	24	315	247	218	208	268	185	169	94	88	251	155	239	204	101	237	368	275	390	391	203	122	116	345	399	221	26	108	278	393	92	28	156	135	255	108	348	286	132	394	244	429	398	254	227	267
327	311	128	258	291	147	90	178	322	205	285	0	220	94	44	223	263	202	251	244	89	221	3	209	209	107	12	78	301	429	232	85	146	427	389	360	223	84	421	366	79	304	258	365	212	178	99	7	361	315	148	361	163	205	259	139	341	136	389	332	1	352	160	171	273	412	414	396	78	376	198	96	280	228	272	234	17	306	414	137	33	212	198	241	311	15	62	179	339	144	201	112	341	68	254	353	23	294	166	399
361	400	65	355	400	397	139	16	397	91	125	279	0	415	378	264	296	366	48	148	113	181	268	244	148	125	201	413	372	22	179	422	411	365	308	336	360	352	61	216	79	8	185	275	3	146	57	41	248	7	102	370	427	384	108	15	135	377	314	35	186	12	349	312	276	108	246	81	401	285	139	188	167	390	97	204	39	274	321	353	328	297	351	303	141	350	141	117	185	415	371	272	307	112	424	94	79	104	244	145
331	316	377	40	5	410	169	3	229	401	158	118	310	0	238	93	75	281	17	50	221	269	96	104	418	156	323	399	218	350	315	411	428	289	428	307	21	139	405	186	112	358	408	356	344	320	341	141	196	345	254	185	121	166	235	234	183	305	422	111	132	245	126	22	335	81	242	86	50	94	32	204	84	197	107	93	27	286	92	23	43	78	211	343	317	117	311	118	172	47	377	103	29	10	44	289	376	405	235	166
389	416	277	276	210	330	351	176	112	254	409	114	128	330	0	376	24	349	404	58	113	147	370	177	254	300	356	202	396	256	349	364	274	97	301	148	116	23	227	243	114	105	406	382	302	171	360	309	292	150	367	420	103	362	96	385	174	225	296	354	203	123	270	300	37	365	173	255	137	146	100	343	278	339	68	72	249	297	245	191	225	299	92	225	3	36	69	293	377	308	412	202	311	299	220	254	300	66	163	234
375	303	9	212	317	29	375	44	288	334	86	316	254	200	241	0	352	56	222	232	224	31	28	88	155	359	303	255	294	270	310	238	131	127	216	173	139	381	351	406	80	103	297	3	208	284	40	327	110	352	141	103	265	69	407	202	253	422	190	273	23	308	29	168	328	304	356	113	81	123	99	233	160	44	52	387	286	145	265	341	68	73	190	310	101	55	147	253	268	1	27	37	26	209	289	225	416	56	161	89
331	318	171	222	285	192	20	359	360	270	215	277	215	234	177	64	0	412	233	68	213	348	158	277	322	120	296	13	138	154	50	45	308	243	366	148	83	289	68	417	65	290	248	207	93	175	250	89	160	369	88	89	52	309	171	331	269	205	355	189	355	286	413	176	244	339	354	115	216	193	71	174	11	126	242	163	37	408	108	204	279	188	389	177	87	279	33	366	108	312	322	137	21	389	183	182	137	341	249	84
213	404	210	122	62	368	73	127	316	287	271	238	247	396	233	297	242	0	24	287	347	323	42	366	418	205	66	38	393	211	203	226	128	154	300	121	249	21	127	157	150	239	328	252	201	331	250	196	343	177	264	8	408	281	416	324	58	366	59	145	24	244	310	230	85	200	354	103	278	325	415	55	160	95	207	143	54	368	281	56	364	402	95	54	248	274	284	46	380	61	339	335	206	211	246	310	261	152	258	65
351	193	287	173	43	271	366	56	94	143	258	258	255	232	276	161	122	115	0	355	165	62	371	81	50	260	392	391	420	12	349	396	104	106	387	291	299	307	140	71	150	339	65	392	130	188	323	340	157	99	207	123	242	162	420	362	67	362	130	360	427	416	208	143	137	156	295	110	248	138	390	42	385	113	332	242	331	427	178	110	325	259	304	163	371	213	100	9	71	168	115	76	313	297	338	386	297	329	62	31
19	304	409	144	143	154	253	380	227	33	134	342	386	358	370	359	300	12	310	0	93	411	9	76	218	318	429	364	270	247	120	383	4	29	57	234	412	370	197	70	310	335	286	16	18	142	267	30	54	85	29	114	281	320	288	176	403	375	103	214	227	25	212	400	223	208	287	219	318	375	73	301	88	230	354	284	283	395	229	363	272	52	391	246	147	44	304	102	175	258	18	371	280	59	426	410	158	129	420	352
110	362	191	307	114	275	397	420	90	72	210	211	419	192	236	55	388	325	20	9	0	357	187	189	301	47	401	300	224	284	44	327	29	387	38	324	225	309	112	183	3	251	43	99	9	28	182	66	121	410	280	405	198	409	302	178	39	267	424	207	211	319	248	191	321	75	401	193	34	2	84	372	105	384	122	358	74	235	303	28	130	71	222	376	144	406	409	133	87	52	65	319	123	154	37	127	409	339	322	257
350	308	211	61	183	117	248	234	18	165	174	160	20	344	84	121	383	99	4	28	217	0	387	16	345	270	229	289	104	256	238	384	171	313	378	32	389	333	56	171	395	185	165	284	94	10	14	187	241	421	326	357	29	315	86	255	39	129	136	341	84	300	423	171	172	69	200	269	200	23	150	418	223	390	34	164	261	249	299	306	127	245	52	40	163	238	173	6	224	409	359	105	381	75	7	343	379	170	341	361
311	266	29	341	192	51	368	180	292	334	45	53	158	204	329	358	242	278	21	111	148	75	0	121	154	186	220	248	414	349	36	387	56	385	310	14	133	310	29	21	113	53	116	419	361	214	220	294	21	350	318	137	202	18	20	176	222	372	260	320	25	407	233	37	20	184	78	80	13	270	37	409	205	160	276	406	214	134	157	224	83	409	138	280	108	240	332	125	212	9	428	147	11	19	398	76	106	8	292	150
253	171	95	208	381	229	186	283	405	386	47	258	233	417	180	106	240	372	87	352	130	5	312	0	300	57	34	131	420	32	181	35	295	309	105	354	56	303	149	102	381	245	177	33	184	197	140	153	428	292	259	132	340	367	50	53	285	355	348	136	223	319	373	428	42	256	176	312	205	324	187	78	211	420	21	336	55	314	403	219	364	395	4	179	365	331	194	288	40	317	253	229	226	370	190	379	20	242	289	216
342	113	260	149	395	368	74	297	111	374	221	79	87	128	378	63	280	166	73	285	86	318	121	251	0	421	95	1	415	254	355	304	118	51	206	61	255	116	149	397	151	159	315	362	190	115	259	158	125	279	68	174	140	419	81	364	145	213	177	181	255	315	226	178	116	153	203	189	229	126	126	11	365	188	26	49	307	183	14	212	86	374	176	255	343	297	49	304	337	138	201	203	306	126	343	408	82	242	33	245
180	275	170	119	312	87	146	98	91	146	131	375	153	407	397	244	209	236	81	163	396	366	297	8	417	0	284	178	254	136	160	13	119	191	379	180	397	66	211	346	206	80	333	241	18	87	58	238	25	161	122	269	52	308	135	38	116	169	143	367	69	365	220	342	65	421	369	414	400	243	16	424	270	164	406	115	263	324	144	279	359	92	114	391	61	152	187	259	235	80	265	93	193	306	314	144	402	372	153	106
304	200	150	375	363	368	198	20	362	48	380	151	268	412	426	206	6	308	332	291	117	41	210	210	119	92	0	389	91	181	112	32	377	344	300	97	365	273	38	413	121	426	389	137	200	392	13	211	371	292	418	361	104	67	335	327	102	66	408	348	10	16	419	206	199	381	168	150	410	299	281	108	390	269	134	150	248	117	28	354	298	49	284	200	242	411	200	429	288	423	409	77	370	332	105	160	25	288	276	202
206	141	289	285	220	239	143	417	308	245	150	19	142	391	173	182	144	133	54	92	152	392	427	57	101	181	264	0	43	172	266	73	98	128	49	84	288	339	209	234	374	315	190	288	215	342	213	228	414	226	269	67	283	106	395	228	282	110	126	61	319	397	178	423	188	124	191	297	38	96	189	142	273	304	148	139	83	350	200	171	15	106	392	308	99	133	306	116	327	206	182	144	310	1	416	365	150	128	168	83
5	364	114	140	110	263	81	74	34	36	48	179	121	262	169	312	357	339	36	159	297	138	127	380	366	360	385	7	0	410	36	333	43	48	389	345	42	300	394	25	197	239	390	101	126	75	218	329	110	10	205	420	286	149	125	424	135	67	209	54	144	40	230	199	73	379	297	341	62	133	272	388	385	32	208	317	402	257	235	3	109	22	398	261	173	26	126	93	191	114	283	179	232	376	31	377	270	248	184	244
338	67	335	325	197	269	79	72	306	337	265	264	390	25	254	379	40	353	178	340	411	325	153	185	242	154	347	181	222	0	153	149	257	378	382	273	77	171	420	372	213	307	93	211	133	35	221	376	187	412	419	247	398	275	126	241	208	333	209	174	416	405	283	161	405	141	25	189	80	243	392	30	333	357	103	166	301	216	210	4	74	221	271	310	54	118	233	306	300	149	233	50	404	198	141	100	80	424	409	152
195	228	422	260	8	71	281	129	35	373	228	235	274	399	128	90	413	236	47	220	183	129	414	335	227	123	215	203	280	409	0	357	338	290	309	5	409	274	154	11	162	351	168	211	85	303	22	279	302	329	399	339	75	149	47	240	91	390	14	142	194	317	309	191	337	165	194	229	37	384	7	51	14	178	297	182	385	320	269	16	341	389	127	192	410	183	296	11	13	329	385	391	425	215	147	281	365	75	79	68
147	83	26	72	268	35	290	416	107	372	7	77	344	328	392	84	282	177	280	51	168	122	155	343	260	391	172	120	284	133	3	0	169	301	107	307	73	130	364	18	381	338	108	92	191	186	410	95	308	29	215	141	118	9	175	370	206	317	221	257	157	315	259	328	409	92	159	22	66	16	268	104	159	390	15	216	81	356	280	68	74	120	348	279	65	19	87	15	46	258	314	403	58	104	95	336	367	421	223	399
410	82	65	50	65	173	264	339	377	415	61	397	59	412	123	101	251	69	21	307	124	98	361	129	61	7	144	237	98	263	122	110	0	45	269	261	242	323	351	213	403	277	289	135	242	333	336	131	299	168	318	428	147	105	211	311	298	333	180	363	134	78	95	313	202	33	100	322	75	412	404	127	236	284	230	384	63	187	230	429	316	408	271	220	71	188	28	368	75	366	6	347	140	119	366	200	253	115	105	401
161	135	174	62	337	324	200	156	398	406	99	280	28	291	397	190	103	75	352	303	172	360	91	270	213	155	197	293	225	83	355	281	383	0	413	154	404	155	39	199	20	351	48	270	387	267	194	173	259	220	28	419	192	407	224	81	346	306	231	248	243	361	70	110	268	211	426	209	339	19	358	426	347	322	147	206	19	197	414	10	128	314	42	158	386	168	372	260	11	285	309	402	125	362	211	50	136	54	108	138
188	136	166	236	158	188	114	269	174	406	419	332	46	104	232	43	151	422	19	71	267	149	9	105	66	426	359	167	45	222	161	106	330	60	0	97	67	179	138	167	233	119	355	268	14	18	48	103	212	297	246	160	204	137	240	401	92	174	85	308	293	35	248	355	4	283	341	244	260	28	280	238	275	144	151	280	326	268	138	165	274	382	166	237	94	276	385	396	295	26	406	162	208	113	12	412	230	44	368	387
381	241	333	274	275	214	81	166	74	301	278	186	267	184	110	166	386	63	142	328	365	194	297	78	5	175	286	126	181	320	390	23	51	267	169	0	318	72	422	383	212	20	314	48	331	139	402	416	244	363	186	244	109	91	104	6	195	179	263	254	323	307	13	174	366	356	298	199	325	268	350	317	310	63	335	66	419	295	312	81	64	381	339	360	374	417	259	25	246	166	292	214	267	143	238	388	318	340	273	334
226	48	66	166	338	54	156	174	60	162	168	246	338	253	425	142	242	266	427	49	63	214	401	202	138	152	201	228	215	186	286	261	330	356	357	381	0	274	106	245	259	134	133	417	30	253	390	219	143	73	414	359	134	20	178	243	321	153	305	353	369	387	346	169	34	351	402	345	327	160	117	265	386	170	323	395	334	99	173	418	37	146	429	108	180	230	160	72	171	111	342	158	411	264	167	276	300	110	232	112
257	427	330	12	317	365	204	153	275	393	51	358	293	423	163	172	106	172	262	270	379	368	8	322	200	2	326	199	205	404	90	87	60	200	298	190	63	0	396	248	410	229	322	24	15	285	208	132	1	98	310	129	1	87	117	53	122	371	325	2	345	319	34	397	165	36	149	267	50	180	237	308	257	221	328	269	33	107	274	423	262	216	297	127	163	240	88	100	201	13	12	69	362	235	245	421	176	220	212	48
265	399	371	39	43	315	185	199	378	275	197	127	310	334	310	102	110	354	138	420	428	294	194	169	36	106	426	272	182	127	137	24	56	161	13	306	371	396	0	234	106	49	385	127	300	282	248	298	174	235	122	312	68	361	47	43	71	422	201	45	284	47	208	16	267	413	412	264	113	77	327	236	413	231	240	414	230	25	119	373	171	72	149	152	150	292	224	268	325	40	30	262	306	355	325	44	248	404	337	205
39	243	305	427	234	22	219	347	344	318	275	116	366	319	197	394	301	297	373	96	366	158	115	113	52	210	210	67	352	359	285	163	230	60	82	216	61	33	283	0	255	305	15	144	313	45	177	136	291	149	302	199	177	311	288	27	239	66	38	129	82	57	177	166	175	366	398	143	107	271	49	66	212	188	420	186	332	293	405	384	208	67	218	34	160	363	119	392	99	40	316	85	424	352	301	426	314	31	401	85
129	397	363	84	298	119	350	402	35	155	82	398	94	53	167	342	223	375	404	249	349	120	209	220	8	108	177	341	53	209	288	260	158	66	382	67	40	121	158	144	0	335	133	267	322	359	87	427	368	377	354	14	196	91	366	248	219	239	288	373	251	35	384	356	195	337	31	122	293	305	176	236	192	51	373	95	340	353	380	193	342	91	397	147	349	143	124	334	124	151	262	407	332	57	400	333	397	47	172	385
114	235	248	83	301	49	417	280	53	260	305	357	128	295	334	47	119	154	373	261	156	339	54	130	143	273	257	50	116	153	421	256	220	193	245	71	157	57	103	362	176	0	344	206	151	124	178	111	98	117	324	344	160	392	331	425	17	405	256	330	196	285	104	167	391	8	359	232	250	59	258	297	365	245	336	14	404	143	266	61	123	140	10	331	4	408	50	372	393	365	3	128	317	413	282	123	363	391	344	254
235	219	46	399	65	33	343	362	400	388	405	94	160	5	291	129	418	385	43	127	109	167	388	115	34	58	392	330	42	296	124	170	21	360	89	412	211	338	421	129	331	33	0	21	156	425	352	379	283	2	170	253	201	16	121	332	89	107	56	8	113	228	205	94	129	293	426	209	132	34	252	12	394	165	263	18	129	399	96	193	202	56	256	266	308	22	211	75	190	163	79	419	335	302	268	125	143	269	362	405
321	191	369	118	282	180	386	352	75	365	162	21	4	233	294	4	31	401	274	427	80	79	242	269	41	220	10	35	161	261	203	114	275	416	39	324	269	222	388	294	187	32	117	0	143	138	260	279	406	242	318	94	310	286	248	383	152	184	109	278	90	279	220	26	103	270	405	271	267	191	148	7	85	228	421	328	291	386	375	312	342	424	61	255	92	1	419	262	44	137	230	20	19	368	350	265	142	136	350	374
85	52	104	106	59	292	18	307	420	400	309	223	25	192	336	214	113	100	422	302	243	366	345	285	144	54	318	147	161	129	218	169	130	148	97	253	177	327	318	14	272	58	409	209	0	118	247	101	1	193	151	209	37	151	289	236	318	350	4	368	153	234	333	344	400	129	194	276	180	365	184	198	198	227	317	122	15	270	215	46	225	24	357	142	362	180	193	95	255	120	318	40	187	234	412	318	239	295	167	232
174	261	117	369	175	28	172	54	349	379	14	274	69	164	283	67	317	391	103	2	14	5	243	208	23	205	126	117	393	144	172	132	69	171	193	407	280	190	122	274	229	125	58	274	366	0	235	338	152	396	319	39	320	54	344	349	284	34	281	411	406	121	290	94	259	322	71	367	61	185	156	22	368	214	293	345	411	309	137	245	327	366	180	263	355	213	172	74	258	112	199	390	335	325	190	246	228	58	77	141
421	118	81	323	119	327	313	159	163	79	243	22	269	39	5	112	260	13	262	413	195	282	282	146	87	96	256	141	55	146	268	185	355	284	318	254	29	203	334	413	387	169	409	255	38	27	0	144	53	162	28	15	264	201	207	265	100	371	421	370	308	370	310	376	126	110	90	331	398	129	11	103	283	326	420	89	325	417	292	247	221	221	372	21	349	402	51	39	354	352	202	266	204	79	63	221	168	91	327	199
427	245	53	122	76	415	66	223	214	52	315	108	304	208	166	131	239	332	124	356	166	171	234	128	18	148	178	413	55	196	246	29	296	325	48	312	354	412	397	251	168	289	330	231	358	399	401	0	320	399	233	414	234	162	412	347	107	329	11	119	81	76	53	178	313	126	59	20	97	81	317	324	149	332	271	99	376	422	381	5	113	162	288	75	170	127	331	274	31	17	272	43	79	149	145	304	209	200	161	383
250	286	228	209	267	257	378	153	238	109	97	45	146	24	306	132	200	375	198	282	125	332	183	279	112	383	63	293	160	58	164	361	51	328	243	245	281	422	292	91	146	427	236	84	211	321	427	394	0	237	103	317	50	409	46	251	354	18	139	422	290	331	305	65	156	185	220	356	98	403	270	424	140	119	353	269	160	119	29	49	119	99	328	12	45	305	227	292	287	424	83	350	42	356	297	105	402	126	243	101
200	138	310	305	36	397	395	248	423	228	186	306	229	17	428	74	419	280	342	39	173	359	173	203	296	86	425	127	244	156	365	246	119	94	306	161	300	9	228	78	369	217	278	129	46	389	106	100	334	0	415	143	352	83	85	368	23	154	289	364	7	161	139	188	127	11	102	102	266	30	398	210	142	149	389	327	359	66	245	208	144	186	8	182	337	246	78	51	138	96	146	204	258	129	29	176	274	118	311	392
308	294	240	216	151	143	34	220	6	301	41	383	254	346	407	23	174	258	348	221	125	271	220	247	237	251	71	127	336	379	290	425	38	253	368	248	60	142	184	177	14	11	331	105	374	404	397	424	61	373	0	184	229	132	386	114	290	137	307	190	246	329	401	389	221	261	373	98	105	228	415	347	182	27	259	267	287	190	116	65	279	16	393	158	102	321	159	141	86	247	346	407	185	78	172	7	59	125	408	10
358	121	236	64	359	271	42	13	263	289	269	5	203	223	177	189	303	151	85	55	226	293	39	254	197	65	282	45	202	87	77	411	376	132	98	150	283	44	271	164	1	243	342	99	385	124	84	337	362	272	236	0	164	74	254	242	371	281	161	215	333	222	43	355	352	174	71	386	79	211	423	339	232	361	172	181	130	10	226	420	425	229	418	303	326	267	367	226	251	388	67	274	47	291	345	363	112	261	298	134
294	293	245	211	49	385	152	329	273	180	60	118	426	295	355	217	349	288	181	8	45	339	405	350	133	37	84	85	404	348	354	421	143	94	147	219	172	280	362	360	251	21	88	29	159	382	261	246	259	264	272	163	0	115	176	259	324	110	342	87	210	356	143	369	128	310	329	275	330	390	126	279	280	180	378	245	11	215	388	192	9	177	415	204	202	235	173	132	83	428	207	274	15	1	53	199	30	259	191	313
197	153	331	162	243	260	52	415	279	396	325	222	417	346	340	60	339	1	212	81	294	263	97	219	101	88	326	315	286	424	150	60	49	5	28	263	382	298	349	105	282	53	78	102	93	101	23	165	32	213	119	248	327	0	132	110	130	249	167	313	103	210	76	41	10	424	205	75	15	270	382	131	199	339	20	234	78	424	13	39	421	122	15	73	42	174	57	120	294	300	72	424	176	188	318	62	66	306	406	173
163	141	343	272	402	320	254	345	346	290	256	191	10	421	127	86	361	272	397	128	89	252	375	272	285	249	316	93	120	376	93	11	127	182	23	384	105	47	190	28	332	306	168	21	157	168	414	277	209	360	329	1	189	261	0	280	399	188	300	170	258	36	159	221	274	177	53	230	315	420	250	211	284	361	224	107	357	214	315	59	103	348	181	251	416	54	7	5	202	281	217	128	154	133	278	59	132	169	320	10
13	429	429	253	49	141	89	113	144	366	251	111	2	194	71	3	293	381	290	236	99	335	11	168	263	158	308	56	17	80	323	369	47	34	75	175	300	109	158	80	275	12	335	49	156	287	320	9	259	308	263	159	368	68	204	0	20	298	43	270	24	248	97	88	69	126	329	304	129	125	195	138	282	297	401	390	87	331	166	93	48	259	253	145	85	30	410	278	402	323	203	109	210	266	183	396	283	170	378	134
306	162	194	180	103	53	339	402	181	349	334	254	4	32	185	72	148	9	211	380	16	126	269	99	279	329	10	275	157	147	144	399	317	182	125	335	176	364	221	208	288	280	189	97	228	255	279	354	96	175	234	396	279	178	166	394	0	24	109	263	318	403	392	331	92	61	128	34	224	97	198	18	164	141	127	30	255	153	129	260	8	371	263	92	222	188	379	371	292	61	4	260	241	274	87	101	151	217	162	100
239	263	150	408	85	164	407	299	307	226	399	182	206	365	73	49	318	221	327	45	408	386	159	34	386	129	99	118	12	428	86	326	235	277	397	83	19	417	98	103	195	89	95	406	157	8	400	122	163	291	388	147	112	6	84	367	52	0	116	33	328	94	173	342	64	142	277	354	94	378	8	370	379	70	367	315	277	245	172	42	166	327	55	171	49	379	12	209	346	136	260	327	289	294	95	81	229	224	410	395
143	264	408	153	221	349	283	335	224	362	382	367	23	201	366	159	53	249	27	55	258	341	164	151	45	386	295	266	126	17	228	78	100	5	393	7	43	246	341	301	261	316	173	163	257	320	423	60	365	32	35	154	10	140	344	229	317	177	0	238	280	428	358	341	376	247	298	323	3	96	198	56	383	42	423	211	25	105	209	274	73	170	311	327	425	101	370	156	325	272	257	267	126	247	198	286	197	31	383	285
420	123	241	351	199	293	185	342	380	300	333	400	404	216	21	230	82	136	43	98	132	199	103	302	122	389	113	299	371	160	133	150	208	282	41	143	353	230	219	111	365	66	386	161	358	106	386	359	312	303	404	369	226	410	324	379	355	33	149	0	26	17	54	333	243	311	377	419	53	149	81	263	315	298	185	90	297	372	49	102	262	234	256	50	41	400	105	159	198	411	79	309	56	117	101	101	310	193	134	203
308	194	96	424	333	415	340	361	154	238	374	33	98	262	225	230	67	225	298	379	184	185	411	264	398	82	177	10	61	290	41	309	341	209	179	414	405	117	309	132	216	21	391	187	119	315	329	345	84	329	67	33	232	399	237	329	304	373	218	376	0	135	76	292	152	276	75	414	30	212	252	216	258	115	373	361	207	287	331	124	303	82	261	152	71	138	192	119	250	118	98	299	250	315	190	367	36	95	215	274
75	31	22	270	73	42	78	170	286	229	92	371	36	63	318	306	318	94	202	182	304	393	332	334	253	300	85	106	153	53	1	83	419	157	117	331	80	170	164	294	91	51	325	10	16	352	199	140	140	161	74	214	262	263	385	117	290	270	104	9	89	0	417	93	260	44	244	84	313	36	255	53	179	326	68	404	383	265	308	366	274	180	387	226	218	26	165	341	376	257	26	384	152	368	297	214	60	340	413	329
197	153	394	252	22	18	131	55	39	267	216	318	263	150	358	234	235	390	288	179	355	415	11	415	329	129	60	228	317	15	136	423	195	386	229	214	369	316	234	359	3	176	420	207	408	319	427	262	310	287	244	159	288	31	354	185	327	149	22	291	121	282	0	70	347	120	279	198	414	41	46	47	84	318	163	138	399	80	299	178	429	386	389	4	25	223	368	111	168	283	419	124	135	374	101	192	336	315	411	404
134	152	27	324	49	293	309	160	115	369	83	159	220	84	167	232	387	226	240	302	232	146	295	351	361	245	226	126	167	395	22	13	393	8	95	152	193	199	64	43	60	35	407	23	295	332	369	326	383	300	352	181	230	69	38	128	250	357	180	420	213	28	267	0	341	201	376	115	68	21	55	127	406	198	384	120	19	222	160	41	76	349	147	62	47	249	196	284	309	7	309	13	143	109	198	63	122	179	397	147
218	21	284	424	160	211	43	1	196	317	177	206	249	217	359	201	144	71	313	159	255	23	303	188	361	279	129	393	338	322	190	372	202	249	268	108	212	332	157	93	118	245	255	251	144	227	116	58	255	62	183	262	75	29	305	24	290	265	44	104	298	104	48	391	0	278	93	319	429	304	117	95	266	98	283	19	130	407	6	195	233	47	35	65	14	6	169	105	90	278	46	131	158	322	341	201	425	81	84	291
86	176	424	26	396	236	297	361	78	69	9	225	242	6	343	366	365	388	64	63	382	44	42	242	137	324	390	423	265	136	178	98	1	200	159	232	403	236	227	116	248	43	47	295	58	221	305	186	132	115	153	422	53	234	278	30	350	79	382	413	18	113	391	2	25	0	239	20	310	6	113	106	247	285	355	215	53	274	382	15	78	12	192	147	50	418	343	180	333	295	373	315	99	411	29	429	40	169	32	354
127	234	322	273	283	207	283	159	5	153	380	133	255	68	412	318	414	207	5	168	69	22	8	124	420	56	68	22	151	105	260	224	1	118	417	72	110	106	385	94	22	402	307	83	106	28	151	398	66	347	250	17	206	374	268	275	417	389	189	89	58	150	291	198	176	388	0	4	10	232	99	342	44	319	237	47	289	321	406	287	180	364	244	357	51	345	26	191	183	109	415	201	87	170	33	339	393	67	383	279
250	101	37	241	119	260	344	148	142	253	391	107	151	160	232	387	344	81	86	215	274	160	309	119	397	231	416	53	270	207	314	389	311	378	85	377	72	316	144	417	267	332	113	169	195	394	121	62	306	11	70	311	208	81	416	136	233	240	297	200	21	372	359	298	324	237	55	0	60	353	11	184	134	197	333	111	62	115	415	365	135	409	298	173	422	49	358	145	391	428	298	21	12	163	304	392	308	252	91	159
132	338	300	154	120	173	332	223	220	406	11	57	129	271	156	390	356	352	225	53	424	378	278	390	282	57	13	237	20	6	200	63	71	232	21	348	176	158	364	270	382	117	145	302	336	333	264	66	415	34	82	405	172	159	77	127	369	418	161	36	367	167	170	201	144	197	338	90	0	263	101	337	177	204	369	309	58	71	106	345	155	141	335	134	148	84	298	232	258	189	414	182	156	27	203	153	112	349	391	40
421	242	171	372	254	204	339	194	279	52	223	42	146	413	351	189	2	128	391	126	49	192	179	73	174	240	323	279	195	315	313	189	21	2	144	23	274	286	76	151	240	66	23	318	270	65	132	89	92	379	281	282	269	309	209	96	245	312	194	211	125	177	184	36	41	58	379	154	109	0	234	153	269	370	199	136	29	247	133	334	289	36	80	429	400	213	397	370	162	269	381	24	53	44	18	350	31	126	9	111
214	391	402	57	101	65	398	317	166	419	380	280	106	294	295	136	264	99	392	292	63	365	121	334	71	19	20	193	59	383	211	14	368	268	86	235	292	426	341	377	48	206	58	9	426	251	410	85	186	265	216	90	408	344	264	371	288	152	102	229	282	419	205	331	84	375	319	247	420	31	0	8	302	205	382	110	237	368	152	228	340	12	16	254	307	262	362	308	207	353	167	133	315	307	11	49	317	371	184	399
279	216	391	198	219	406	326	22	153	65	225	359	354	36	176	370	27	397	310	13	96	148	361	295	132	179	104	254	408	217	26	94	287	212	291	283	120	214	13	226	346	80	57	22	154	287	166	72	224	218	186	399	98	367	212	195	359	111	129	279	232	154	179	49	139	337	356	195	24	242	301	0	236	27	272	426	51	242	252	249	189	119	3	404	74	298	125	423	64	247	74	321	413	147	101	398	64	11	43	251
136	122	232	76	124	339	157	17	400	118	426	382	62	401	425	306	325	364	173	31	22	60	72	142	317	20	69	418	339	63	398	115	355	217	324	308	280	259	118	177	150	375	276	209	327	279	412	312	48	358	428	89	279	328	347	235	8	335	417	173	17	204	370	83	111	182	20	399	225	152	100	232	0	36	228	307	292	368	364	142	18	40	32	140	173	293	385	17	284	80	110	209	255	355	353	17	59	259	159	128
236	324	38	177	162	318	241	155	426	243	62	298	233	285	336	326	423	209	5	24	365	1	123	100	131	138	381	374	271	273	171	34	379	253	92	101	212	217	31	141	417	283	427	115	208	333	245	317	83	208	205	58	385	359	150	283	275	38	285	366	137	386	159	51	150	392	278	8	148	178	252	259	289	0	3	278	212	384	275	291	121	289	212	62	54	237	8	400	302	207	106	352	198	260	19	330	142	185	147	206
382	245	74	301	423	15	137	55	201	21	429	147	18	146	405	19	74	3	168	302	243	193	16	291	230	207	403	268	310	294	116	361	215	107	196	380	259	119	147	304	323	352	160	379	183	374	103	239	199	393	190	334	173	298	62	38	393	278	297	361	393	325	73	8	88	358	2	164	380	304	408	379	208	46	0	360	277	152	57	57	70	294	305	307	113	116	33	154	48	315	429	395	391	342	192	306	241	6	403	316
362	183	2	285	145	9	311	106	52	413	378	5	163	339	200	43	148	325	118	68	83	321	150	212	206	18	314	427	349	236	67	404	390	56	424	337	394	106	133	16	428	388	32	292	142	308	383	426	165	91	297	152	273	273	26	349	422	61	423	105	51	290	332	205	37	44	368	264	352	205	62	147	429	270	186	0	343	113	224	279	89	217	363	3	61	93	115	165	235	154	97	209	325	427	268	124	44	330	242	62
4	224	337	11	78	425	411	337	414	224	115	217	424	395	272	181	19	254	191	356	293	131	20	236	429	4	10	381	165	266	134	244	256	277	274	78	59	376	17	95	130	270	359	14	196	233	27	383	247	22	82	171	371	368	228	180	298	103	309	137	405	314	371	136	225	405	61	145	398	235	64	129	82	108	406	388	0	204	8	239	183	85	255	220	15	339	341	363	271	242	139	125	167	416	202	378	154	263	302	214
180	345	302	292	55	105	233	261	419	142	144	108	178	241	378	248	44	324	153	349	375	25	220	230	240	123	355	357	342	358	304	75	266	193	337	65	339	18	401	95	197	257	82	175	22	29	26	240	72	212	265	244	229	384	114	412	325	248	124	334	322	112	326	331	305	425	50	177	187	4	385	238	48	194	25	369	333	0	378	428	391	127	134	85	405	63	273	301	315	182	22	270	281	68	388	31	385	164	272	216
369	81	142	408	100	209	75	236	187	42	365	119	292	353	341	12	179	235	426	355	319	212	287	321	338	134	195	393	258	347	280	285	158	331	37	35	60	83	246	241	185	179	204	385	133	236	394	282	270	256	14	213	283	338	68	64	328	408	46	385	268	101	128	392	274	282	356	164	379	273	160	156	106	419	117	82	22	36	0	40	348	287	187	281	265	365	175	383	351	256	28	345	416	82	77	239	217	348	153	106
321	145	354	16	61	121	139	196	56	45	211	117	172	202	207	190	279	247	194	390	6	166	44	313	99	220	311	350	67	263	344	344	75	378	274	55	251	109	394	335	298	336	95	235	66	17	363	340	258	252	194	29	258	376	70	62	264	53	86	297	363	136	45	400	197	185	99	113	326	263	385	44	168	293	26	186	411	376	179	0	347	275	95	383	58	118	323	136	118	371	372	302	141	398	282	307	84	125	145	133
116	354	25	273	240	280	357	351	22	325	110	88	225	317	245	66	10	235	267	136	232	188	403	284	214	207	328	405	387	216	36	70	154	281	178	43	299	102	80	56	297	224	425	293	28	210	42	338	137	281	152	19	95	296	367	174	194	154	124	320	57	7	86	337	182	68	39	375	153	43	342	83	146	327	392	388	168	162	362	229	0	55	30	243	216	334	78	62	162	168	247	296	241	89	361	219	311	175	402	374
294	406	164	391	399	192	408	414	97	79	127	313	202	258	405	172	318	162	266	1	276	272	170	149	51	107	229	6	277	316	179	56	102	48	192	224	41	224	342	191	58	429	12	240	147	317	287	371	389	57	203	44	307	391	301	187	312	119	114	65	217	106	372	421	164	132	405	427	227	160	5	174	250	84	418	39	272	308	243	360	379	0	274	215	372	38	204	208	19	129	141	37	428	295	429	415	256	328	399	185
172	62	289	413	152	269	170	165	219	307	334	380	233	75	380	311	47	210	36	245	394	185	266	221	187	97	129	130	9	99	343	241	237	294	89	300	413	193	305	224	221	215	288	75	413	41	118	222	261	351	311	180	363	263	191	284	401	401	262	329	128	221	326	144	396	222	89	271	170	5	176	80	246	324	237	391	111	245	422	66	422	202	0	41	69	33	166	396	210	294	115	119	226	261	1	379	59	346	214	129
357	41	50	146	17	77	420	111	398	392	24	204	261	206	7	315	122	54	25	119	81	135	288	103	367	306	222	63	379	208	10	357	386	368	55	353	298	61	199	242	386	129	354	186	32	257	42	188	62	8	11	24	392	55	20	353	295	416	23	199	279	396	168	301	397	194	341	44	199	37	159	10	19	156	201	149	254	401	341	213	35	249	263	0	188	79	135	177	416	50	111	102	138	121	8	340	412	172	244	62
320	187	114	30	310	104	415	10	33	268	313	287	113	407	288	374	375	239	109	219	47	67	253	137	53	350	121	206	33	317	47	171	80	139	128	194	376	61	43	429	403	158	274	82	355	402	345	376	121	217	232	411	95	103	19	15	195	260	257	328	304	98	67	284	300	188	178	194	26	349	364	248	161	307	85	50	221	23	90	383	361	1	378	57	0	127	323	75	249	131	92	102	169	371	353	100	214	228	172	413
419	395	205	396	132	14	319	403	200	217	219	420	337	256	3	127	153	359	125	218	49	37	374	416	86	28	132	280	403	166	221	186	98	65	165	334	380	22	337	226	26	198	380	159	387	248	205	45	216	72	50	163	5	160	294	139	79	286	257	257	282	289	28	64	6	82	407	121	424	73	385	64	294	166	209	269	81	387	305	192	299	132	242	244	399	0	16	76	321	168	218	363	411	207	134	96	94	237	265	414
182	18	20	374	71	184	89	379	256	78	377	102	220	60	65	241	280	122	180	385	100	82	48	272	382	372	132	178	292	388	331	71	287	3	261	314	105	264	309	220	387	338	34	94	202	55	48	333	344	352	64	216	415	289	200	197	74	228	391	13	305	422	407	336	300	221	31	5	412	119	75	36	137	120	294	267	8	115	237	303	119	7	237	42	116	135	0	57	277	225	41	238	263	230	63	51	424	325	189	333
60	184	304	306	234	177	259	135	223	36	91	256	2	145	131	369	83	53	321	35	248	281	72	314	359	100	16	171	380	10	410	231	393	389	21	249	249	252	307	388	204	177	243	59	341	331	79	41	272	292	292	148	341	203	202	115	369	147	174	258	423	334	115	197	112	422	119	65	88	415	192	43	186	109	184	381	40	356	310	2	423	172	131	336	257	280	97	0	60	35	225	197	217	2	314	261	127	271	97	312
418	135	337	346	251	361	406	233	324	272	253	198	69	209	276	364	131	339	337	299	266	238	351	19	183	86	345	428	39	104	302	20	181	95	108	44	213	58	25	321	415	16	390	325	37	410	342	348	347	136	74	255	158	111	265	320	56	88	306	196	423	401	84	399	140	206	274	84	47	316	337	94	268	110	150	101	269	202	18	303	270	130	341	180	155	136	124	257	0	223	392	45	227	415	410	142	197	377	420	364
381	254	44	223	202	403	223	179	192	384	41	426	351	234	357	306	11	358	126	54	265	88	17	331	95	155	260	207	401	365	214	110	276	105	71	195	409	163	192	187	138	370	292	9	213	42	68	195	65	405	263	372	9	342	302	153	110	233	333	204	107	293	156	410	47	365	66	398	76	306	267	144	91	262	220	292	423	282	157	349	8	298	231	311	360	360	230	10	353	0	88	276	106	365	52	20	247	45	411	69
256	301	118	413	44	358	368	123	196	82	299	241	272	226	218	371	409	69	332	426	48	109	15	287	346	356	48	51	110	14	121	346	240	366	28	123	221	97	88	64	266	271	344	318	132	214	355	339	144	43	165	222	129	200	278	402	257	134	238	152	293	158	64	199	276	323	78	345	28	114	64	377	31	86	294	406	348	34	92	160	2	359	349	154	75	217	299	163	38	324	0	401	423	250	194	327	296	56	224	393
181	238	376	358	321	27	192	97	91	179	168	39	60	145	345	120	356	59	174	167	9	222	121	265	195	292	205	183	12	16	44	205	296	423	113	24	290	282	272	91	18	208	96	355	367	335	381	380	266	109	404	59	119	39	330	10	284	390	79	411	45	322	389	255	287	317	116	116	94	222	65	111	326	173	214	106	398	113	390	225	318	64	321	265	372	57	196	409	280	89	227	0	69	305	133	6	229	46	244	80
418	62	411	294	132	348	402	79	204	383	204	114	279	356	82	94	9	270	167	418	114	6	421	244	162	361	56	170	100	230	401	71	190	251	159	132	15	139	213	317	134	344	396	422	376	195	403	149	382	292	267	273	414	405	221	12	225	331	11	372	402	256	414	35	208	74	195	262	299	1	410	205	173	269	240	239	414	413	405	179	136	355	62	224	238	187	428	17	58	232	359	370	0	94	205	304	233	126	422	400
218	51	415	223	62	335	100	206	416	97	98	318	164	166	283	318	192	306	4	135	299	368	333	147	89	321	1	246	35	21	189	30	347	66	194	387	96	322	132	335	89	348	93	145	22	252	427	344	285	352	215	319	179	169	415	99	395	108	402	366	260	38	400	365	55	359	382	69	7	410	216	198	376	115	9	154	43	28	151	410	56	346	30	52	233	337	48	253	287	333	265	316	45	0	252	425	324	405	422	300
398	302	107	209	291	202	12	109	66	216	408	102	269	44	191	198	419	204	332	323	208	251	282	92	374	244	44	22	240	429	335	194	15	78	282	37	293	369	254	97	40	256	393	350	61	354	374	418	257	72	324	127	89	258	369	96	197	276	207	194	313	188	169	22	329	207	131	199	335	331	32	32	248	78	104	428	217	236	340	202	179	394	392	171	205	375	399	168	41	70	255	353	53	412	0	406	166	109	118	240
379	346	265	418	166	44	253	421	289	316	233	290	315	98	207	253	320	384	283	344	250	261	320	143	276	66	195	187	264	324	309	355	247	419	192	141	130	66	376	209	93	236	43	232	15	232	53	363	204	60	359	145	114	29	183	298	74	361	381	59	128	311	289	96	118	171	303	292	290	17	391	261	404	286	299	385	84	377	210	41	66	421	172	268	408	215	54	208	20	120	418	87	330	325	23	0	360	147	380	22
376	274	6	250	375	278	119	79	72	247	82	52	177	213	322	136	386	332	252	351	61	219	104	302	210	160	144	274	389	316	260	330	418	118	408	408	170	101	327	171	384	121	428	376	368	211	202	124	244	356	382	46	144	116	328	82	152	216	113	422	295	51	376	163	376	33	256	6	223	44	106	43	283	212	186	80	127	418	348	211	8	135	200	333	56	158	27	157	180	51	132	171	59	403	376	69	0	93	269	328
300	193	400	318	312	149	281	15	144	93	201	323	165	105	257	419	177	131	318	329	302	113	276	137	190	210	42	310	69	123	122	105	422	114	161	74	119	216	422	209	128	424	99	193	399	210	210	211	33	278	170	59	282	258	182	290	85	130	114	22	272	189	65	316	211	145	363	37	30	361	182	149	161	56	262	55	204	362	89	32	194	216	237	102	195	143	140	175	264	209	206	61	123	246	283	26	313	0	26	387
138	368	424	137	197	104	183	160	383	15	331	405	402	231	220	428	145	249	143	162	323	406	411	329	201	380	236	94	399	109	179	286	114	261	127	205	39	5	91	412	177	284	207	181	261	337	272	272	19	179	417	80	218	302	281	43	323	265	341	254	360	287	411	301	54	245	337	123	335	346	157	267	92	89	148	354	351	323	316	308	180	217	285	205	208	125	249	123	125	127	205	246	140	169	274	369	334	225	0	424
376	110	268	383	343	323	112	40	365	94	362	312	224	161	108	206	324	287	171	14	380	299	353	4	385	106	255	170	112	323	60	47	185	251	315	337	43	425	97	44	187	280	84	144	36	67	395	137	276	178	269	270	308	120	423	103	37	81	266	375	299	74	342	76	302	319	33	259	299	104	66	382	171	286	231	135	275	204	259	415	354	109	3	277	120	254	324	331	236	344	130	366	349	137	130	175	217	101	15	0
