A	B	C	D	E	F	G	H	I	J	K	L	M	N	O	P	Q	R	S	T	U	V	W	X	Y	Z	AA	AB	AC	AD	AE	AF	AG	AH	AI	AJ	AK	AL	AM	AN	AO	AP	AQ	AR	AS	AT	AU	AV	AW	AX	AY	AZ	BA	BB	BC	BD	BE	BF	BG	BH	BI	BJ	BK	BL	BM	BN	BO	BP	BQ	BR	BS	BT	BU	BV	BW	BX	BY	BZ	CA	CB	CC	CD	CE	CF	CG	CH	CI	CJ	CK	CL	CM	CN	CO	CP	CQ	CR	CS	CT	CU	CV
0	565	800	249	318	535	148	356	824	577	125	129	373	770	375	153	532	510	72	702	593	758	21	839	288	706	125	282	140	722	269	343	308	790	551	268	40	218	272	393	242	399	367	250	522	769	587	858	74	95	832	429	452	569	328	156	578	637	513	797	366	515	654	216	26	470	49	295	380	659	699	300	117	146	276	61	273	306	226	557	360	263	735	247	786	427	676	53	350	810	84	599	761	861	867	277	673	481	750	239
606	0	33	288	113	103	592	109	840	769	669	211	343	96	834	218	526	281	309	53	305	707	240	696	861	126	695	123	620	698	357	576	146	56	554	324	664	349	672	784	428	808	143	115	615	431	271	300	671	32	267	534	137	1	636	31	28	133	758	408	529	327	556	634	445	70	473	816	633	585	427	179	90	661	712	800	75	135	487	617	554	151	793	610	529	103	452	319	367	438	266	722	664	260	485	730	759	734	55	276
124	557	0	52	679	497	682	94	64	633	63	297	546	291	283	213	689	292	363	174	443	530	800	170	153	330	244	838	90	701	318	520	388	828	88	90	522	301	110	283	457	284	568	308	378	131	208	427	119	757	287	189	874	337	112	673	725	192	826	361	237	441	382	882	672	220	60	365	263	776	735	502	559	551	527	737	198	717	589	142	284	630	626	453	731	607	712	819	789	657	697	230	372	76	493	521	460	621	691	131
257	116	798	0	131	377	399	422	408	875	478	356	808	297	827	269	507	648	721	846	647	648	764	737	857	464	151	227	65	16	248	879	271	496	636	553	467	744	167	657	361	510	293	193	615	444	757	117	840	583	77	638	567	628	341	519	514	693	492	111	840	154	317	585	801	229	542	393	36	401	49	406	20	138	849	389	61	811	419	226	719	56	229	425	600	217	700	584	590	688	832	622	573	212	784	701	362	418	559	43
466	567	687	830	0	387	534	367	339	260	647	825	635	57	11	153	46	113	504	846	770	37	118	321	48	871	178	234	105	295	102	510	757	594	843	110	860	520	814	241	521	271	539	519	664	496	112	422	753	726	749	246	852	321	637	596	647	824	626	718	102	725	568	415	452	307	491	564	682	548	399	202	403	104	221	553	628	370	278	331	430	542	714	67	139	648	405	632	879	553	393	397	70	311	284	685	418	208	582	189
804	635	497	805	586	0	624	34	603	764	98	578	186	857	727	447	503	427	247	393	132	129	20	290	509	126	572	832	480	209	704	533	10	374	239	379	98	815	764	824	716	629	123	661	339	294	116	536	27	198	267	745	127	530	609	443	601	133	639	32	837	751	175	515	861	635	831	534	619	768	510	683	53	520	494	640	543	644	125	556	781	505	140	295	855	96	171	47	850	423	143	574	194	104	662	726	81	210	486	329
262	259	338	12	412	197	0	731	391	152	493	521	253	337	498	430	22	33	128	376	630	144	700	875	591	646	296	436	675	229	864	490	140	475	430	617	742	236	494	386	537	589	467	833	419	645	844	542	768	84	318	464	847	175	184	323	174	849	854	723	712	573	10	801	22	403	74	811	34	650	41	851	168	266	651	811	837	655	491	503	352	846	429	729	116	424	863	54	573	131	746	404	623	28	559	603	471	167	123	748
166	727	408	168	370	721	500	0	104	702	628	206	481	823	522	93	535	592	527	59	777	827	86	444	113	735	634	876	557	576	413	419	503	754	478	700	475	198	473	267	484	536	361	77	72	81	484	200	594	845	375	306	19	398	867	128	679	205	97	124	848	366	391	423	22	10	832	266	531	267	15	152	859	842	787	353	51	162	12	185	61	191	773	667	360	384	163	26	133	880	121	334	88	43	358	93	189	694	408	801
27	459	635	337	825	231	557	854	0	757	500	819	58	92	428	381	863	242	808	648	169	629	185	852	503	523	99	324	105	391	29	387	389	549	865	240	627	738	62	612	528	122	598	222	240	653	624	456	135	756	298	167	482	453	414	615	265	12	583	549	375	344	544	577	324	662	601	838	65	245	149	708	695	86	286	24	252	637	469	198	139	240	270	123	661	687	589	781	90	253	77	713	104	22	156	125	719	556	463	610
426	141	342	82	753	609	347	825	221	0	186	90	207	635	825	737	561	349	360	350	737	101	587	246	854	851	772	2	563	638	391	123	147	761	313	816	862	14	361	599	265	582	112	807	259	386	130	162	850	595	6	430	235	636	390	114	519	633	475	635	154	527	794	594	422	783	677	136	428	80	552	144	424	474	827	247	793	733	387	99	412	710	227	786	455	374	221	372	751	605	729	204	27	34	397	367	851	23	870	288
440	527	856	264	675	683	873	774	783	804	0	879	455	404	221	875	9	587	560	86	854	525	8	251	757	594	874	398	111	324	290	727	487	306	791	790	113	825	265	754	819	337	873	155	830	219	258	853	743	437	140	375	177	607	484	701	859	508	600	59	465	70	70	760	44	259	553	17	296	785	595	365	309	171	8	734	408	400	46	145	466	27	166	747	65	197	740	536	68	559	764	165	151	205	73	318	859	868	109	87
405	323	676	576	556	84	171	147	795	199	542	0	574	804	771	42	244	539	751	110	547	290	49	562	269	15	751	131	746	405	776	722	616	504	96	837	173	431	674	48	869	867	205	879	336	256	13	486	463	392	306	760	830	199	876	410	132	451	728	176	436	209	24	689	190	138	333	715	312	804	29	768	484	672	129	399	854	37	531	425	880	117	203	808	507	751	139	378	796	17	676	149	10	451	87	201	331	567	372	488
652	491	230	101	393	668	544	548	102	129	630	107	0	47	831	154	788	780	712	458	313	755	742	652	66	253	647	526	768	170	640	837	325	835	429	739	517	744	22	488	761	530	194	431	403	377	374	742	776	436	846	434	224	822	195	97	591	41	801	34	416	660	596	516	138	593	490	146	847	306	773	77	166	816	129	779	738	553	161	199	371	743	156	314	397	204	338	476	623	557	685	346	763	389	115	433	837	387	117	388
172	572	783	255	137	435	879	656	337	680	717	661	216	0	197	562	875	477	755	312	806	852	425	293	532	616	720	702	435	724	523	818	487	182	536	696	808	460	608	170	369	807	268	12	333	40	148	483	861	271	811	762	525	488	317	114	358	698	746	268	826	718	495	683	792	777	296	304	343	58	643	111	211	356	679	147	445	288	555	649	430	88	665	392	550	553	133	822	505	534	316	820	450	416	638	26	39	422	751	480
423	672	546	651	280	94	89	786	634	575	468	171	111	784	0	709	481	683	716	634	291	760	364	245	709	188	735	241	705	118	639	353	148	503	824	325	58	52	125	59	98	209	819	854	814	762	219	545	126	380	691	427	258	570	492	168	456	581	33	683	271	250	13	489	150	99	668	223	310	254	29	511	568	360	378	76	60	130	683	442	346	167	605	768	722	636	876	881	263	263	877	671	85	235	17	271	493	830	271	269
874	816	626	857	338	304	641	428	873	497	143	615	799	682	389	0	528	229	14	539	703	882	836	816	713	384	734	85	56	151	822	251	72	586	871	718	474	605	244	389	429	687	504	246	488	136	690	106	163	63	313	77	444	629	743	289	653	146	277	429	152	300	268	306	531	266	331	408	870	150	347	440	834	14	483	736	761	353	599	378	372	584	546	566	833	90	761	299	262	439	330	79	225	37	138	761	792	264	358	214
692	138	568	791	684	369	688	631	849	423	684	371	166	453	701	341	0	171	231	356	483	26	413	854	255	445	241	692	561	800	856	268	276	533	428	863	316	51	810	639	578	15	355	842	296	274	504	596	604	279	769	61	57	514	190	268	445	63	139	334	132	799	753	16	752	578	242	656	26	528	812	221	659	409	795	669	124	698	393	705	392	541	492	518	269	32	730	402	280	861	824	280	513	708	731	874	50	731	52	201
234	686	800	259	564	101	872	380	769	807	295	441	505	164	164	873	32	0	858	219	270	341	113	66	404	703	808	177	845	481	237	359	346	195	94	572	414	135	799	92	2	64	554	608	708	114	881	490	344	181	598	146	584	47	519	696	472	477	688	544	544	29	45	487	324	46	102	788	844	751	158	527	78	9	317	777	716	690	436	297	133	779	585	867	658	784	882	249	704	855	826	879	571	545	352	762	123	220	542	90
144	187	759	760	706	267	536	32	310	89	833	640	332	455	306	329	745	245	0	573	516	610	202	361	442	528	847	39	563	810	717	376	27	417	184	810	308	464	584	707	841	498	286	323	360	466	82	485	689	342	716	850	480	618	856	332	281	851	53	590	359	546	503	765	461	394	186	218	245	213	317	95	801	680	50	575	412	251	6	407	526	367	327	369	551	131	342	850	235	247	458	64	640	268	251	417	204	425	529	571
59	318	154	333	378	622	24	605	351	751	302	311	139	142	659	519	173	756	524	0	71	185	39	474	852	150	418	775	562	463	33	849	78	682	306	572	411	4	507	110	467	292	48	245	541	815	192	112	838	427	452	25	228	241	881	755	748	693	19	78	335	838	188	257	208	323	511	819	712	16	145	151	820	798	693	603	569	562	449	221	732	349	550	709	415	742	194	188	172	837	232	645	154	390	733	335	426	339	225	557
245	870	357	639	663	431	19	198	714	741	485	392	492	632	308	800	282	583	870	665	0	102	810	446	470	683	17	404	337	570	380	466	602	450	397	456	401	872	401	166	90	728	786	651	779	210	830	164	283	424	165	2	210	788	520	40	704	705	222	753	25	163	374	475	48	136	462	512	636	270	296	393	607	716	25	556	599	122	629	124	265	197	619	318	488	169	533	443	230	247	764	487	609	57	880	328	565	799	387	726
9	566	228	319	113	11	675	705	207	668	577	205	860	361	25	126	432	601	129	397	37	0	603	538	746	52	593	407	589	304	58	313	795	746	761	57	197	735	567	80	873	642	872	333	768	544	250	732	332	625	211	6	511	722	282	723	71	768	316	123	839	190	360	108	737	595	713	267	629	330	642	28	830	383	640	734	21	306	793	107	29	323	659	183	657	846	282	635	109	782	405	735	647	79	400	815	629	186	827	775
495	447	349	139	346	500	521	537	359	186	846	152	361	384	488	743	412	663	676	124	832	76	0	257	245	641	264	688	252	672	823	304	55	660	833	194	707	279	59	114	42	710	711	180	212	575	807	63	740	46	221	1	833	381	269	416	344	482	721	384	353	122	672	226	774	445	456	720	84	617	251	798	129	482	770	691	200	68	275	832	292	354	197	511	368	659	822	269	841	446	469	88	45	154	667	535	467	233	825	443
808	583	720	442	326	246	375	878	766	195	313	432	689	694	835	36	506	130	776	116	223	842	824	0	872	787	698	9	281	243	385	428	304	333	259	356	167	514	791	227	381	435	131	703	720	121	135	803	269	218	530	253	353	673	33	448	556	208	364	182	845	733	277	746	628	782	772	414	124	115	118	614	181	733	835	749	513	839	351	810	301	723	808	175	225	429	245	160	578	140	856	14	477	459	618	546	456	733	661	290
42	740	872	624	582	343	572	638	227	760	392	370	234	515	40	315	759	209	382	485	587	643	248	442	0	236	165	761	66	329	487	519	357	99	267	132	752	880	637	806	597	16	15	832	698	198	70	61	243	137	229	382	501	577	263	745	389	741	640	68	275	313	753	474	447	649	96	293	24	748	463	816	314	132	871	467	374	684	813	141	361	807	611	224	89	490	507	241	690	48	613	684	363	138	695	267	263	617	747	186
58	228	117	480	283	226	748	738	659	692	567	203	800	877	562	157	302	637	546	294	754	252	811	578	173	0	577	33	663	830	266	801	576	228	166	208	629	568	106	358	595	408	873	578	578	824	71	542	428	649	318	609	642	185	720	439	250	466	103	344	678	616	411	368	640	87	187	813	123	577	760	228	772	641	759	709	363	266	222	809	642	433	817	189	487	420	497	120	18	244	320	2	639	134	588	243	191	792	265	200
807	522	200	246	116	399	394	515	263	688	369	306	835	721	199	219	37	587	154	381	361	671	212	842	543	182	0	112	751	459	438	224	374	805	772	410	638	101	174	520	875	279	34	560	736	32	259	435	833	600	290	459	634	231	752	789	587	89	259	158	301	710	604	564	807	211	564	268	333	622	369	413	824	527	473	363	764	765	762	201	217	340	472	672	580	547	483	739	293	865	512	456	642	413	75	813	732	201	861	5
460	434	390	600	344	88	452	145	671	26	860	473	699	213	183	566	139	678	722	93	670	1	110	46	374	566	88	0	836	496	761	69	282	158	404	224	342	200	226	652	700	249	422	549	722	689	318	441	765	483	378	129	481	354	377	493	714	201	514	4	14	19	598	125	552	87	456	423	665	748	783	3	271	101	513	598	530	401	325	335	573	387	420	541	710	259	784	381	486	668	381	793	240	82	319	750	650	278	107	707
631	737	679	284	783	197	854	175	243	9	498	674	810	816	852	310	101	826	62	739	101	868	567	60	652	132	488	813	0	306	659	280	162	509	540	589	226	439	593	600	209	209	869	409	736	262	528	62	298	744	819	769	845	108	85	677	46	98	281	829	766	644	550	291	233	588	743	791	634	203	582	785	583	314	320	53	815	155	435	124	568	217	720	619	871	826	540	805	187	539	166	748	616	681	86	362	811	881	318	804
803	280	149	753	752	505	640	852	337	252	103	476	32	391	638	42	24	195	424	585	611	159	330	700	537	573	774	435	8	0	694	514	261	393	368	193	862	288	633	224	733	651	619	211	627	526	331	828	808	24	225	829	564	38	304	416	447	326	676	731	485	570	149	108	668	772	548	744	387	608	192	310	242	233	153	54	811	70	832	34	352	423	335	572	318	463	577	809	882	797	54	706	439	796	551	360	455	833	69	727
809	277	68	190	377	250	76	634	499	620	476	643	828	434	399	39	615	634	610	386	781	769	711	218	15	389	646	284	521	494	0	241	173	727	595	719	685	265	176	834	500	656	351	808	723	644	69	577	881	716	339	528	685	190	201	827	383	486	293	633	91	275	296	456	22	536	843	101	385	268	721	499	714	532	804	447	332	434	155	33	842	492	156	445	82	6	882	655	422	439	75	11	784	173	128	628	792	637	694	284
209	142	11	38	812	431	788	316	636	843	471	28	89	332	803	830	606	535	134	859	164	872	170	528	820	540	214	838	10	156	303	0	815	799	594	82	875	403	291	265	322	847	414	859	352	695	495	735	414	361	5	81	307	278	736	421	551	882	698	320	489	682	68	7	619	813	60	546	132	2	239	669	462	47	706	871	478	761	795	218	486	666	461	679	817	345	651	822	529	791	571	176	587	727	871	499	448	201	223	222
715	185	344	175	138	429	569	754	72	442	72	48	590	727	403	306	79	131	254	447	54	110	501	830	90	780	225	697	664	682	69	53	0	710	259	25	642	81	706	228	43	152	676	422	85	713	775	643	492	6	353	87	533	748	871	413	267	693	402	848	356	450	479	15	659	331	625	137	313	279	781	603	601	751	103	865	457	30	70	779	234	368	835	339	502	224	119	714	345	721	312	186	130	209	319	41	496	746	482	423
802	252	301	707	204	389	665	701	606	679	473	850	32	248	433	299	488	350	677	542	468	630	789	50	473	464	696	469	359	475	246	593	495	0	784	728	722	529	735	469	829	365	10	783	596	428	643	241	709	539	173	111	118	735	476	462	677	85	521	723	69	727	223	274	566	421	827	673	33	610	259	586	329	394	292	755	684	873	542	399	346	718	438	278	167	870	693	365	838	857	310	638	391	467	738	370	281	299	842	224
542	466	517	726	839	755	703	8	811	366	584	218	22	748	474	140	754	764	582	739	139	764	114	760	372	305	822	244	75	803	706	761	582	589	0	768	787	824	340	295	372	701	51	456	271	821	212	826	370	295	262	229	371	507	224	753	530	259	514	154	203	487	438	698	6	483	1	593	16	636	480	537	217	852	830	628	237	113	794	254	841	145	89	83	678	379	90	491	235	655	109	272	875	75	288	110	11	448	254	805
725	487	334	742	792	410	758	69	214	302	673	529	747	139	627	96	357	6	481	339	423	610	649	762	535	759	805	853	23	256	394	441	114	302	564	0	751	569	114	635	688	634	770	840	392	866	175	41	683	474	820	868	230	136	276	854	654	182	809	481	811	780	314	223	279	296	337	431	460	739	790	318	840	705	399	696	767	288	750	610	493	508	178	172	203	759	227	632	524	266	119	175	594	162	769	59	681	284	877	393
27	392	177	133	470	478	128	789	658	587	650	374	521	830	40	428	672	484	562	188	395	344	325	662	513	592	528	632	87	183	844	435	666	464	878	679	0	127	157	213	30	457	214	322	357	748	799	603	646	141	207	751	257	140	173	481	73	270	636	630	869	24	645	846	767	428	732	388	429	391	255	616	309	879	568	494	571	449	483	850	777	212	344	19	217	98	670	633	858	54	262	14	426	547	454	207	384	372	748	809
813	346	692	690	24	874	651	882	825	188	90	243	8	789	384	485	255	212	71	637	708	209	575	358	817	308	126	343	34	819	286	413	719	471	365	683	798	0	394	619	754	231	647	416	436	837	317	748	877	823	655	280	136	863	562	252	628	479	384	364	870	422	204	400	626	117	539	159	48	640	117	538	659	705	197	799	38	124	880	494	510	490	208	104	263	165	354	84	856	768	157	190	811	351	306	201	353	52	877	778
674	188	680	521	104	673	819	838	632	152	73	352	370	155	486	157	835	531	655	511	864	193	683	646	98	309	610	295	553	114	632	207	781	469	515	855	61	627	0	615	836	659	870	97	210	129	772	697	823	703	871	535	339	201	175	579	540	264	40	620	8	351	117	682	30	659	289	521	331	97	662	78	315	632	361	371	238	783	294	796	442	740	320	844	877	438	284	296	488	529	241	429	244	773	256	169	547	89	714	481
731	411	599	659	171	705	65	713	477	866	496	500	505	878	222	416	699	132	4	209	842	788	299	699	358	522	711	730	136	595	76	441	449	513	617	480	807	391	104	0	384	331	268	83	196	33	115	276	79	395	103	265	612	518	228	295	710	21	560	802	393	838	247	243	383	699	777	523	346	44	258	315	48	780	87	843	187	601	615	449	21	227	138	639	789	266	621	13	853	104	352	652	585	540	405	437	95	436	257	310
116	148	86	384	798	660	483	826	358	706	722	171	6	72	657	770	217	397	596	423	26	27	689	276	305	169	257	62	522	625	450	255	234	870	502	841	650	273	195	535	0	383	848	637	3	727	233	497	198	672	373	522	792	676	525	157	726	323	372	522	263	483	309	335	279	541	785	549	174	451	412	135	19	18	100	341	377	598	697	117	238	729	570	251	171	650	665	875	143	501	584	18	472	633	54	674	684	731	463	747
32	62	260	141	324	378	242	865	229	373	79	297	481	462	510	626	193	538	188	174	37	799	284	548	74	169	772	535	420	875	778	717	221	758	717	383	65	825	438	286	219	0	688	492	320	96	269	339	241	142	466	612	437	595	564	437	59	519	707	485	769	240	229	305	229	812	835	544	841	600	538	424	8	236	545	853	795	469	45	746	453	566	143	476	431	573	502	714	484	679	853	334	557	603	459	830	777	874	753	637
831	595	487	385	259	237	806	645	244	484	160	316	585	818	429	81	855	618	5	468	809	534	532	431	535	497	456	436	155	695	757	685	580	671	112	178	8	615	141	509	798	839	0	201	195	586	711	466	564	252	735	77	507	310	176	274	451	854	248	391	419	585	143	211	337	386	830	833	31	537	524	677	504	751	841	514	506	853	718	748	70	92	284	430	92	515	114	447	110	326	685	840	137	88	167	340	461	782	391	407
282	368	814	668	540	693	1	657	403	593	471	683	713	545	179	603	459	217	814	48	675	596	590	658	748	661	242	412	242	358	564	269	160	383	76	782	593	462	646	205	356	677	448	0	26	625	618	438	867	795	66	341	188	857	723	159	429	698	38	224	818	239	780	631	360	460	860	465	680	240	660	132	287	484	548	622	98	619	617	859	336	673	731	276	251	415	186	69	745	245	309	869	425	301	28	862	786	149	641	669
124	287	784	699	52	286	549	521	95	847	59	262	409	459	848	66	493	843	504	779	173	461	221	729	55	543	298	161	668	77	879	435	84	373	830	489	764	824	374	354	832	770	611	473	0	437	26	366	131	747	406	787	45	418	567	627	361	632	861	335	254	622	134	840	851	183	820	749	597	687	582	707	195	883	246	514	6	27	446	401	171	101	231	775	168	466	553	500	20	278	677	361	108	765	670	289	461	227	122	314
682	199	126	618	367	296	137	545	363	153	789	660	62	64	450	762	522	505	184	186	110	374	549	790	631	62	718	12	804	18	87	309	289	256	170	785	783	255	274	691	570	588	632	799	396	0	298	356	738	150	4	300	460	581	760	443	521	492	568	405	271	830	389	825	778	166	99	203	113	44	368	175	149	365	259	412	354	846	733	759	33	5	36	49	668	682	108	390	524	548	110	454	864	661	384	657	592	526	35	706
500	681	549	388	253	455	780	601	723	407	339	445	540	268	524	815	225	235	788	127	104	439	400	469	505	726	292	608	600	309	749	228	172	84	463	678	478	821	506	222	299	530	63	36	621	565	0	622	449	795	695	851	750	486	188	456	790	181	463	414	32	138	584	392	523	594	276	881	744	235	336	696	101	753	387	368	768	72	665	394	255	603	824	124	416	384	185	247	573	448	210	252	830	395	571	195	299	442	678	604
556	152	86	187	739	761	256	40	703	16	663	475	598	98	751	286	435	279	864	438	823	37	806	31	418	552	371	83	712	658	157	495	48	601	530	86	809	14	529	795	512	722	120	748	504	123	175	0	82	790	677	780	704	641	812	296	503	811	826	80	259	202	390	795	433	87	787	190	223	571	98	472	160	827	41	614	142	26	208	434	883	472	344	65	800	29	274	394	77	802	670	556	375	43	719	240	551	466	181	216
208	877	125	440	384	650	538	851	179	881	684	494	402	142	668	873	740	64	545	296	826	840	264	638	222	362	305	349	482	570	408	362	272	193	352	752	204	792	53	250	763	659	49	501	695	209	756	136	0	28	285	508	38	401	791	845	147	168	517	651	480	182	817	615	241	312	496	246	255	481	198	450	750	766	705	817	713	269	644	116	667	852	343	795	477	744	702	841	548	558	250	817	488	708	813	96	236	359	379	525
861	110	29	489	208	209	823	482	43	632	8	379	578	290	141	631	658	484	239	344	540	437	658	595	67	727	311	689	458	707	267	666	255	782	339	266	430	399	588	342	444	785	157	79	206	16	690	153	293	0	236	301	192	341	147	475	69	830	167	287	641	268	857	478	656	369	292	343	117	606	524	723	457	561	554	533	272	841	810	7	20	818	194	622	205	449	809	294	788	311	375	719	662	210	443	570	393	164	85	703
194	694	748	780	511	217	706	528	739	180	664	559	765	464	31	851	125	44	67	90	734	548	64	176	257	626	627	381	389	426	843	434	788	178	197	520	860	250	22	727	474	262	145	271	121	297	42	563	65	118	0	312	520	250	536	106	257	310	766	69	574	828	874	341	597	353	347	300	523	663	106	346	187	432	155	161	47	207	57	141	205	148	400	185	538	246	62	95	850	28	469	10	368	151	319	738	662	133	116	875
655	400	596	532	28	538	499	220	439	369	119	456	761	653	376	500	463	764	596	662	282	31	139	455	621	860	533	125	829	134	512	114	569	65	387	132	463	180	561	813	627	372	737	834	63	730	512	316	647	118	548	0	358	406	286	521	680	284	641	408	327	788	831	124	465	636	22	235	79	730	830	574	213	623	170	789	572	176	88	97	49	854	470	263	714	873	608	881	823	284	226	694	274	506	847	192	704	655	81	241
378	450	358	71	447	108	451	424	618	43	581	510	468	406	807	713	858	650	330	424	771	189	80	48	434	420	609	541	738	345	810	583	200	274	473	875	381	532	280	269	578	880	154	448	688	491	256	186	287	149	193	322	0	526	680	734	655	6	565	572	646	376	706	228	588	671	639	860	634	122	498	562	170	352	577	94	587	9	615	817	799	819	164	215	808	557	848	557	565	248	542	154	11	529	411	267	537	33	377	315
197	423	275	583	842	357	486	138	174	330	588	606	270	236	24	82	38	102	148	171	517	144	390	322	54	866	329	862	288	208	691	198	555	288	510	332	753	333	511	648	830	100	858	450	189	857	316	266	255	865	56	772	555	0	20	387	42	195	71	834	181	752	248	598	778	755	429	729	90	285	196	120	408	9	22	330	859	554	354	294	116	118	229	406	638	66	551	858	518	238	108	13	279	45	201	21	255	31	762	341
562	759	849	430	544	76	356	229	431	571	83	666	382	479	169	345	246	358	617	239	193	435	361	21	706	121	291	38	187	587	208	220	46	71	660	36	658	521	837	119	667	205	104	494	257	686	202	362	132	14	441	495	580	510	0	263	221	529	574	405	130	103	329	179	751	876	817	80	412	406	1	27	192	797	297	406	189	838	572	236	229	724	126	702	671	261	719	401	779	547	625	164	715	664	305	641	494	871	120	83
359	810	725	641	144	345	324	858	540	690	800	725	356	148	104	411	664	750	866	358	839	781	782	781	74	563	240	256	74	849	698	700	714	543	664	438	368	737	663	663	780	125	591	181	10	572	87	745	35	179	211	72	391	379	711	0	258	391	232	732	498	556	584	695	578	653	808	773	89	371	740	720	147	776	679	453	357	292	787	785	304	829	487	333	453	775	803	72	351	673	150	832	4	235	68	816	583	277	12	279
1	208	691	32	872	487	798	72	23	851	481	300	291	618	308	818	859	516	262	604	489	509	844	695	684	757	527	702	364	438	661	282	462	544	240	459	646	470	691	552	746	368	870	830	134	45	355	347	246	279	358	226	696	96	573	252	0	867	533	57	29	787	175	7	213	833	866	330	250	384	509	185	752	790	837	719	500	299	88	408	190	322	383	850	524	503	100	341	423	776	6	147	531	708	879	148	372	152	305	346
714	97	520	233	35	495	574	826	691	179	574	118	93	871	46	529	856	734	120	225	353	207	222	357	261	380	71	486	279	70	745	257	92	641	857	347	492	350	234	469	549	576	616	54	703	701	202	395	326	313	94	442	852	382	679	281	198	0	683	491	182	344	115	816	253	378	874	208	37	751	738	255	428	52	34	31	607	860	724	272	785	192	104	482	542	256	266	695	742	734	640	655	140	635	550	303	692	323	476	743
347	429	841	745	249	429	704	279	149	630	166	628	597	350	512	373	590	465	193	684	28	755	418	32	828	229	65	198	387	424	366	424	103	72	8	480	754	330	70	12	286	597	618	359	271	509	677	859	389	247	358	758	200	764	745	199	12	137	0	774	640	451	312	287	388	561	410	665	152	17	66	196	530	366	847	197	333	197	229	713	793	858	27	703	309	111	155	833	506	97	428	563	862	280	49	229	238	757	475	731
842	53	710	245	356	741	489	202	12	170	503	530	210	441	209	327	294	555	613	595	487	500	557	455	778	698	86	257	376	552	239	121	787	648	724	249	192	445	307	626	334	58	782	647	159	769	657	19	285	511	200	338	619	14	393	573	817	4	804	0	434	620	817	610	537	350	862	702	815	114	696	135	688	237	709	447	782	578	326	745	880	525	671	104	703	479	268	52	840	624	118	69	16	698	495	705	413	494	496	699
478	740	5	758	422	179	322	25	296	795	369	619	756	304	823	147	291	827	112	181	815	607	562	116	597	775	21	422	168	639	313	11	519	91	637	727	104	713	433	581	483	348	95	849	845	320	619	425	733	759	670	139	366	248	351	804	192	298	365	655	0	29	264	494	534	674	234	688	340	535	52	248	72	511	750	197	423	160	373	821	422	713	731	395	660	215	188	668	541	745	793	208	213	222	788	779	804	639	369	654
338	59	518	558	224	306	775	883	834	756	456	662	574	88	50	723	580	623	637	295	489	9	872	261	484	690	513	851	730	774	260	658	455	196	457	495	754	754	691	299	288	688	744	568	472	458	137	737	109	439	878	430	755	355	807	571	729	74	329	629	311	0	406	735	347	428	218	855	693	122	533	103	441	736	598	682	773	299	712	343	85	877	626	399	674	184	478	757	469	343	549	781	149	463	103	210	199	666	473	55
163	112	424	325	855	158	619	322	181	39	376	483	197	632	196	136	797	547	766	868	748	413	479	126	99	705	372	505	598	206	396	828	684	328	775	28	277	710	423	310	252	342	549	810	273	179	695	702	547	78	207	776	260	378	762	226	442	191	577	365	302	720	0	504	646	336	780	812	660	171	487	272	576	178	247	347	436	395	557	316	580	666	510	55	588	797	719	378	495	282	94	541	18	641	624	489	155	678	42	761
813	122	147	631	806	800	748	298	701	201	176	223	312	662	564	175	332	211	36	307	437	547	448	359	761	124	358	429	109	503	823	206	13	446	362	190	624	706	653	341	236	492	725	816	112	492	306	184	108	238	437	142	757	20	213	30	173	221	33	343	446	68	373	0	435	722	153	106	18	446	640	755	397	555	559	848	562	4	612	740	672	250	114	74	717	330	161	448	209	671	640	696	380	746	524	362	322	709	435	718
294	493	227	343	71	827	768	7	130	531	403	766	864	492	780	104	850	683	132	642	394	44	404	749	266	300	259	736	481	46	288	89	689	687	125	783	116	151	575	694	785	164	235	661	494	533	10	640	828	720	332	490	90	409	629	39	416	685	209	187	710	511	532	657	0	488	12	310	342	271	390	684	387	771	620	142	626	641	632	852	391	135	340	420	82	204	638	219	811	608	252	261	740	70	604	650	97	152	120	732
659	753	222	238	576	229	259	379	775	540	371	834	220	404	370	246	395	583	346	694	704	611	149	599	368	758	495	92	380	264	166	121	15	777	133	349	382	171	138	470	168	404	778	265	670	29	95	663	359	312	126	409	429	127	347	702	822	743	453	815	657	109	300	505	858	0	293	638	826	604	15	690	108	183	89	634	869	548	462	156	453	48	734	451	180	821	865	564	335	306	386	330	727	128	242	259	509	464	778	464
867	349	321	324	648	171	841	225	485	153	434	753	252	508	552	11	649	621	415	876	336	337	686	211	69	848	403	261	233	607	712	508	292	214	458	864	10	254	420	790	182	182	87	492	261	462	281	716	689	278	865	8	464	341	568	7	438	638	438	254	115	698	619	7	253	365	0	668	13	762	384	333	370	318	91	695	463	482	143	437	157	620	882	279	173	402	676	808	814	220	524	631	730	498	862	536	514	470	694	306
519	334	853	787	83	874	762	875	639	792	55	242	67	338	715	189	127	105	65	524	106	446	279	319	55	583	865	29	852	841	286	675	332	665	126	758	724	54	32	412	834	46	465	104	314	448	493	489	305	183	443	631	453	404	183	155	45	630	50	730	671	138	111	201	242	11	861	0	167	565	771	410	30	522	514	624	579	429	340	30	595	51	123	521	198	258	556	706	57	467	58	551	324	89	332	747	324	90	126	200
712	860	684	428	526	712	301	751	404	212	508	395	497	704	401	458	508	61	475	695	94	489	313	452	874	795	129	748	205	306	294	213	456	682	13	156	827	161	393	37	511	811	80	104	869	319	160	441	230	605	224	509	715	545	699	881	623	491	853	479	860	338	105	150	450	805	845	175	0	616	835	17	684	192	93	171	206	494	794	36	293	57	127	74	701	368	212	202	86	75	220	492	473	748	298	538	859	389	663	246
716	53	597	139	312	270	442	267	136	526	116	350	124	116	840	865	311	351	782	552	497	395	539	836	448	43	315	815	555	482	663	406	17	541	170	760	66	103	710	286	622	534	113	283	690	623	95	174	141	600	810	776	29	542	401	290	771	231	48	71	411	820	311	33	854	105	89	434	69	0	429	702	706	184	383	451	485	602	789	121	77	604	831	131	826	802	68	705	180	420	340	803	98	637	231	643	57	76	408	538
695	477	52	500	412	208	179	63	568	491	230	739	147	709	196	137	871	686	753	43	697	298	174	52	705	5	172	793	157	307	826	670	769	736	359	797	83	771	138	268	319	607	305	216	307	879	3	761	717	796	539	412	638	302	452	51	101	532	823	15	315	842	578	306	700	155	354	852	573	662	0	645	603	30	277	402	506	376	500	795	54	317	774	174	224	255	368	249	376	356	607	16	164	515	513	848	133	682	537	318
442	769	804	224	289	661	327	529	223	227	182	34	554	314	19	678	252	454	653	329	156	659	531	83	337	307	430	478	210	515	676	26	385	666	29	91	38	410	236	174	338	835	496	296	870	837	845	879	511	865	711	637	316	702	129	637	412	715	189	227	274	20	176	787	41	705	525	30	415	599	715	0	798	548	409	60	537	29	240	691	748	495	239	497	314	501	532	114	149	727	771	356	783	882	698	672	714	133	620	645
193	128	643	825	134	519	531	762	666	814	846	123	147	195	71	610	421	783	16	434	726	261	73	421	185	723	47	468	278	735	863	472	47	420	113	139	606	71	861	102	592	700	672	566	556	84	487	857	236	352	534	10	853	324	131	345	482	384	468	424	785	876	864	501	816	344	738	118	742	704	407	623	0	298	681	339	418	473	873	595	29	506	452	851	706	183	788	593	510	544	726	579	147	314	624	744	774	29	474	79
702	463	170	769	130	4	596	631	708	406	611	878	130	878	100	817	708	168	125	270	874	446	515	225	300	707	565	120	843	524	812	362	455	580	63	12	26	28	119	776	175	395	510	353	100	675	535	45	47	359	680	417	70	459	432	517	557	108	420	65	352	488	855	858	298	271	606	554	414	486	272	434	128	0	426	294	627	836	515	498	449	828	5	677	142	18	462	205	739	762	840	721	149	683	811	223	864	14	653	287
874	572	77	716	221	598	774	706	654	225	117	58	11	427	337	537	156	526	394	864	809	605	700	116	485	26	52	705	461	340	472	669	48	168	108	673	114	624	54	845	597	66	546	875	479	33	231	708	749	688	147	400	168	663	863	767	579	180	616	79	234	676	798	260	233	31	437	702	32	346	32	200	400	758	0	420	21	74	668	474	707	834	854	246	682	759	156	207	866	58	666	585	88	255	72	710	164	57	703	719
658	520	54	303	711	322	168	485	295	281	750	100	834	380	543	360	174	293	63	704	779	433	448	506	743	552	680	679	431	417	394	59	305	357	197	499	321	507	30	560	857	69	290	632	576	50	416	762	608	423	26	295	544	220	508	860	182	419	325	383	655	142	14	855	742	665	3	649	346	524	658	273	683	710	345	0	834	776	857	697	382	276	105	191	355	710	74	164	550	855	757	256	171	436	660	659	484	734	102	763
778	341	833	16	205	405	155	68	508	400	713	652	371	503	503	515	56	325	609	532	769	537	794	215	697	641	607	118	195	674	385	13	572	401	401	455	169	171	692	824	31	880	753	782	579	846	347	374	537	793	213	557	616	326	787	131	266	855	200	834	460	3	148	560	659	473	674	224	280	342	690	874	186	259	856	262	0	513	315	321	771	510	55	683	131	419	28	753	491	111	595	203	136	223	561	295	730	55	754	125
7	531	607	154	112	131	663	532	377	412	434	293	626	654	833	691	14	608	155	773	41	583	462	248	524	78	726	424	418	705	52	309	837	460	365	195	827	82	103	90	448	548	121	525	823	9	353	568	761	621	527	729	115	269	278	760	863	221	209	549	594	233	475	226	90	52	752	395	69	565	42	807	548	66	836	840	339	0	550	532	436	638	532	44	539	55	21	531	155	20	410	785	572	287	153	619	137	120	554	352
275	325	852	760	331	481	656	656	306	844	796	28	271	294	553	511	65	205	624	871	632	539	86	352	841	76	853	344	60	34	401	222	457	79	436	88	823	121	603	466	676	284	734	693	670	704	63	268	677	335	576	169	681	378	301	282	678	638	726	245	178	665	364	872	134	669	398	301	732	53	835	121	503	141	577	183	274	732	0	800	216	324	420	431	4	129	209	367	28	266	562	465	158	851	575	842	804	284	680	15
403	44	714	787	282	582	60	250	268	713	512	174	63	339	353	426	423	210	877	55	697	152	322	75	413	289	592	623	870	572	764	256	208	789	281	600	584	197	451	349	153	75	317	273	629	86	299	533	343	618	37	20	454	755	593	335	60	729	177	97	146	405	62	239	554	864	818	165	575	608	493	209	607	76	218	868	267	460	28	0	777	850	97	795	197	638	654	297	100	763	205	751	402	348	507	520	808	718	200	525
325	826	222	174	144	751	840	644	266	9	133	227	177	738	740	719	883	810	576	380	298	757	178	439	859	612	245	871	237	293	774	473	563	85	478	453	542	363	870	653	786	377	581	16	179	471	316	401	96	65	514	558	376	730	830	492	645	652	344	624	497	832	402	692	81	95	222	432	636	264	449	493	374	745	379	403	10	514	350	363	0	259	481	784	653	850	422	18	114	115	737	831	317	184	643	534	465	548	724	570
70	327	673	772	378	176	469	834	467	531	248	191	177	414	243	243	492	154	62	445	329	394	342	461	368	469	171	44	18	459	65	615	243	772	77	720	660	873	389	353	753	575	330	335	375	391	452	362	566	607	750	347	200	160	810	435	451	495	664	179	612	443	345	16	207	319	170	301	480	592	37	631	234	801	695	509	544	267	151	362	523	0	755	852	780	728	321	733	395	496	592	348	28	562	775	82	716	661	490	10
71	69	626	488	325	638	741	308	97	137	299	625	139	735	255	451	402	507	272	413	516	768	542	64	50	555	347	285	192	245	645	858	238	19	481	666	241	620	565	828	70	182	137	787	644	117	40	769	464	143	73	423	98	154	593	19	392	458	233	244	409	164	783	378	78	816	723	660	808	810	759	495	268	755	787	143	800	650	12	710	505	555	0	714	823	500	253	780	582	213	538	579	531	620	701	831	875	350	315	851
446	30	772	193	127	449	446	372	247	792	420	422	590	850	88	300	127	5	573	387	113	124	648	120	401	651	660	277	777	13	223	733	62	168	641	189	76	579	290	440	356	96	244	788	719	697	51	205	340	358	577	578	316	147	426	813	769	202	351	622	334	408	27	169	383	754	426	658	799	682	177	244	572	183	181	643	91	411	68	645	202	332	122	0	127	860	826	443	883	439	515	439	120	495	364	312	109	520	220	181
179	556	117	193	9	457	700	501	496	855	104	295	418	376	290	52	736	127	605	26	310	146	419	478	750	591	343	868	300	216	567	152	522	711	138	567	304	721	507	362	492	746	512	627	774	157	649	338	526	205	683	239	458	319	424	510	694	794	482	510	180	142	263	756	30	763	862	22	554	670	238	441	329	664	505	133	4	797	497	233	126	597	538	785	0	89	547	277	165	828	487	251	683	161	305	688	172	439	275	272
829	53	253	743	666	56	650	628	386	201	59	348	805	858	714	728	460	714	710	182	407	750	436	485	577	712	267	386	118	70	597	720	143	455	214	754	542	542	530	208	344	808	613	187	573	342	526	402	292	526	234	849	189	388	115	395	426	535	401	90	534	679	245	108	213	313	510	244	680	371	506	394	248	660	104	183	637	442	73	8	804	865	203	190	642	0	306	374	260	319	186	339	527	639	280	300	230	783	744	433
586	640	310	509	506	724	591	730	747	465	629	784	105	156	694	603	403	441	496	737	721	5	311	565	343	381	796	86	871	48	357	134	172	479	801	202	471	883	725	690	552	136	243	589	731	809	104	796	283	344	103	599	157	577	86	798	373	39	688	543	516	180	98	211	139	160	151	101	301	580	698	318	793	498	188	654	439	662	636	207	24	430	296	407	486	575	0	232	750	879	847	794	133	443	174	235	208	190	490	363
872	172	533	303	674	217	130	353	845	434	702	344	727	712	533	347	203	716	786	664	631	801	319	689	802	37	243	120	767	113	495	526	469	503	112	667	557	242	230	574	835	243	761	323	730	138	758	864	786	360	751	759	697	607	793	235	677	147	400	802	653	580	430	584	785	306	127	434	359	214	750	577	275	592	330	287	388	630	358	639	245	77	30	4	761	406	723	0	705	833	534	78	763	801	830	676	823	848	337	42
775	449	413	736	587	111	293	703	852	569	424	798	596	167	732	462	524	662	512	319	794	370	465	441	812	776	477	379	525	319	146	316	430	819	501	861	710	545	832	624	64	777	659	291	479	28	288	545	286	616	356	825	858	369	245	637	839	646	740	579	260	449	88	668	345	740	798	716	28	39	336	219	129	717	189	508	300	630	535	212	370	116	5	470	259	390	21	757	0	460	855	92	110	650	231	516	704	608	257	60
375	389	537	777	179	40	856	576	461	651	366	600	33	686	145	142	660	830	792	492	667	43	810	815	470	17	24	319	780	563	825	456	856	608	35	667	638	405	296	206	800	703	750	589	525	145	815	784	720	109	584	164	812	787	203	849	232	755	67	347	212	85	467	683	203	158	125	546	170	371	314	370	31	687	814	811	263	29	652	82	587	429	464	182	476	154	762	611	79	0	332	200	702	431	671	61	482	96	461	449
710	47	148	630	849	855	275	530	810	19	155	41	756	750	393	226	426	688	840	532	81	495	277	250	497	683	265	372	679	396	783	336	737	174	161	772	473	467	776	286	607	149	340	599	263	229	214	619	307	480	164	222	442	748	207	347	35	558	825	736	752	505	41	569	232	360	151	226	131	623	174	458	255	362	205	21	139	468	734	277	822	158	821	198	823	587	717	655	404	522	0	458	646	295	159	212	829	17	481	874
373	503	546	873	757	879	312	698	190	488	641	231	878	730	813	160	259	563	124	837	326	625	504	780	538	50	352	876	142	531	283	298	416	199	220	357	31	150	466	510	505	441	131	327	227	660	318	595	25	50	759	545	272	741	156	783	386	396	318	635	451	600	818	409	476	283	819	426	427	871	224	608	434	392	749	602	58	82	439	423	336	217	614	326	791	876	186	763	121	449	859	0	547	131	465	813	86	253	455	235
775	881	883	244	696	346	336	493	247	322	559	677	853	344	817	769	459	514	388	783	622	759	53	485	522	156	128	536	810	72	164	486	254	585	311	569	170	485	865	388	458	444	550	44	599	697	635	455	616	603	476	684	570	264	473	810	105	425	440	299	186	348	864	277	88	110	97	68	650	716	482	538	805	765	657	451	277	691	51	160	322	768	622	386	251	683	466	153	612	680	160	99	0	614	245	694	402	545	498	371
447	313	249	803	681	283	789	711	565	353	527	219	879	600	745	212	177	221	182	385	312	838	659	856	409	273	226	70	784	612	578	418	117	469	158	556	835	506	14	30	847	171	208	822	618	652	625	772	850	615	821	466	727	388	779	882	832	177	33	34	11	818	198	466	165	324	553	507	455	663	623	363	699	164	310	757	394	351	636	103	721	322	25	878	760	191	179	816	208	704	140	175	606	0	883	781	527	453	745	306
510	112	793	279	324	357	725	336	362	507	437	355	195	28	748	73	11	788	837	303	141	381	441	154	294	145	204	704	602	264	721	155	47	872	682	656	773	311	430	486	442	713	660	484	200	641	355	453	246	424	502	279	123	134	472	208	129	398	593	10	634	187	711	578	386	303	637	32	756	454	395	54	793	828	699	546	759	642	309	202	451	788	883	430	646	88	301	406	114	311	308	455	607	648	0	295	678	95	153	609
322	243	871	300	314	104	376	378	812	850	770	543	617	293	411	524	489	817	117	860	257	492	561	578	775	372	515	811	45	138	825	516	131	822	657	208	198	476	876	137	592	363	620	329	678	325	46	844	842	686	47	713	371	459	182	433	467	670	746	136	748	456	855	654	54	102	857	845	821	608	434	781	228	727	827	800	631	313	708	883	298	219	551	35	180	112	370	625	696	651	61	271	871	480	266	0	636	629	843	645
722	326	708	234	728	79	146	513	695	819	385	388	797	232	754	651	342	149	664	158	154	834	108	304	449	638	812	590	246	330	324	677	245	506	522	98	436	121	19	293	832	170	348	283	149	804	181	10	822	713	423	446	460	465	447	713	608	778	104	278	384	306	710	31	99	87	605	379	689	599	836	126	663	878	56	666	126	174	412	508	550	427	273	665	414	375	279	521	600	597	544	118	799	73	872	370	0	179	812	322
310	210	353	348	610	441	631	783	869	424	343	669	465	436	740	546	676	877	250	745	803	868	654	204	663	453	595	518	626	675	348	597	270	438	782	718	341	304	183	61	785	195	266	712	851	743	706	529	22	313	755	434	389	778	183	620	39	27	659	80	560	190	141	672	332	855	325	624	186	161	80	111	616	569	607	651	329	652	610	216	264	824	191	87	261	699	810	834	818	212	168	251	323	612	414	213	607	0	118	609
549	176	66	630	689	10	734	486	474	251	871	541	322	143	264	767	278	871	261	300	871	342	325	64	433	172	335	693	119	194	378	245	113	636	235	683	274	174	362	451	166	580	506	162	772	555	180	366	746	325	226	311	733	731	75	424	58	679	699	552	356	249	288	258	492	675	653	525	552	180	56	398	782	462	187	831	314	499	774	34	556	543	719	284	19	259	119	34	79	773	589	213	564	625	396	29	597	189	0	732
82	853	281	115	508	865	271	745	142	50	498	724	347	176	200	880	578	709	103	520	300	717	564	295	470	879	514	201	777	586	544	84	625	555	91	148	291	853	128	552	703	814	714	1	244	515	125	268	630	449	876	97	668	100	116	342	857	593	513	685	879	194	489	75	762	312	357	776	167	545	261	318	259	667	36	705	819	507	561	162	305	736	442	224	243	819	1	419	670	694	614	51	299	764	692	846	520	854	700	0
