A	B	C	D	E	F	G	H	I	J	K	L	M	N	O	P	Q	R	S	T	U	V	W	X	Y	Z	AA	AB	AC	AD	AE	AF	AG	AH	AI	AJ	AK	AL	AM	AN	AO	AP	AQ	AR	AS	AT	AU	AV	AW	AX	AY	AZ	BA	BB	BC	BD	BE	BF	BG	BH	BI	BJ	BK	BL	BM	BN	BO	BP	BQ	BR	BS	BT	BU	BV	BW	BX	BY	BZ	CA	CB	CC	CD	CE	CF	CG	CH	CI	CJ	CK	CL	CM	CN	CO	CP	CQ	CR	CS	CT	CU	CV
0	351	675	357	170	618	722	18	478	173	115	377	296	533	296	429	850	332	560	292	69	350	38	21	535	127	71	136	169	73	308	478	600	253	41	217	763	265	693	380	506	533	504	811	287	266	409	75	460	136	282	568	73	727	844	697	270	763	625	505	582	774	271	593	434	421	366	674	516	277	173	262	711	19	254	574	164	110	372	358	565	298	225	99	331	69	451	290	627	473	769	309	645	862	793	271	602	421	406	114
512	0	194	243	691	555	376	531	168	482	631	835	304	232	58	842	207	500	185	786	623	511	371	202	404	509	155	820	498	24	535	400	854	530	708	309	153	181	582	497	448	308	642	172	558	170	800	282	589	314	573	415	457	58	360	633	680	369	751	245	143	138	715	595	592	237	438	66	583	33	781	636	573	669	836	804	41	635	654	598	68	172	575	173	823	28	721	528	397	84	652	446	517	7	822	643	286	435	48	113
327	137	0	221	580	572	129	832	840	725	154	220	151	254	96	197	92	400	312	520	133	42	310	690	9	38	799	664	473	799	828	548	197	392	702	104	197	257	115	421	57	147	461	762	209	785	95	688	442	77	293	819	81	407	720	247	654	224	552	166	71	739	706	63	43	378	753	299	289	423	660	177	817	381	264	186	60	616	433	307	724	33	757	517	279	155	96	366	164	642	294	436	715	727	265	54	497	800	646	753
148	829	402	0	518	646	799	268	256	356	591	287	221	419	415	362	513	742	37	275	739	500	618	563	555	491	92	455	634	758	150	792	66	94	602	558	538	740	247	349	424	559	196	452	175	526	398	781	670	806	384	93	680	205	34	162	739	303	644	164	570	173	407	242	861	48	732	757	405	68	194	822	315	95	757	374	156	7	298	838	86	456	503	187	394	156	168	8	254	790	817	226	780	400	683	682	181	798	544	601
632	432	749	382	0	128	706	600	522	184	166	736	356	484	847	207	426	252	748	705	10	598	137	243	49	79	806	763	381	684	616	179	348	280	139	132	288	342	503	674	352	60	489	761	648	328	271	638	230	373	276	535	125	68	348	836	384	370	272	52	550	771	130	172	46	429	330	61	736	378	801	530	386	602	695	1	536	778	224	114	309	434	135	268	358	400	282	793	700	565	501	75	656	273	444	48	345	94	313	18
740	284	787	546	595	0	833	713	209	748	471	485	319	350	105	828	743	299	712	456	805	423	844	351	566	525	514	405	768	153	854	283	115	513	718	650	818	321	386	797	212	753	821	491	268	54	666	801	698	782	152	349	372	395	585	762	813	609	215	246	152	124	529	334	235	780	780	831	768	753	458	212	331	373	149	288	828	512	183	136	23	674	502	597	480	623	105	626	459	311	796	143	196	838	138	210	345	392	291	327
591	625	857	462	843	418	0	341	773	8	352	384	12	457	584	528	252	15	130	183	855	565	526	479	619	615	184	312	157	497	608	474	804	288	540	338	133	674	199	456	263	543	861	91	738	848	120	663	771	363	477	766	843	96	675	398	384	409	155	730	526	197	637	816	343	4	175	631	384	51	663	472	181	783	644	340	8	515	511	566	131	107	269	33	177	543	374	261	440	195	732	532	303	543	766	661	840	572	844	131
826	64	791	558	169	722	446	0	308	748	650	179	630	120	133	695	256	192	438	816	110	821	747	589	382	477	80	340	491	428	560	665	58	655	682	530	492	260	613	405	815	20	107	647	829	794	827	337	686	851	275	261	129	785	250	572	675	78	343	551	3	610	148	592	312	636	236	755	776	266	840	162	211	806	103	591	335	403	672	824	363	205	226	313	753	86	301	705	755	757	525	329	90	462	63	361	650	62	66	853
216	61	13	128	85	179	23	40	0	449	106	603	178	567	190	21	515	71	144	586	39	826	575	28	383	446	449	527	600	579	292	180	680	256	448	522	800	337	843	352	11	149	136	750	295	166	189	270	111	591	595	512	693	427	189	257	571	133	453	173	617	601	409	39	446	464	534	220	191	30	331	793	494	85	189	518	197	423	77	4	288	655	124	368	213	293	364	722	371	616	235	151	254	28	711	17	499	749	463	573
658	37	572	295	743	713	797	502	41	0	520	355	199	751	433	115	415	455	816	778	751	359	747	517	47	438	256	762	170	306	404	267	318	647	169	850	310	368	171	270	603	535	258	77	19	206	739	521	550	728	654	321	237	777	379	504	756	565	257	447	621	247	436	342	305	322	534	199	499	205	342	433	735	816	417	296	307	720	136	14	260	340	102	383	834	288	232	859	207	83	442	358	483	689	586	779	236	234	73	586
68	65	593	161	448	738	578	568	240	662	0	477	158	727	66	731	198	588	780	686	600	161	551	125	278	778	682	804	2	268	671	136	94	184	784	264	772	627	660	253	686	767	469	606	37	225	433	56	118	417	566	93	862	186	725	141	175	631	9	795	416	38	253	258	779	145	128	146	612	745	780	363	766	93	4	225	589	24	694	480	595	267	44	659	262	319	51	214	162	272	579	508	718	229	642	776	225	216	252	845
766	35	683	711	176	141	66	478	192	195	573	0	690	430	395	528	405	273	570	816	460	521	218	157	571	288	568	402	717	62	112	769	180	531	584	222	697	85	42	607	289	534	754	800	612	841	264	32	795	791	388	619	709	157	712	558	135	139	5	763	801	562	516	22	166	729	663	225	614	856	685	715	463	756	179	81	742	282	729	87	590	278	359	97	562	303	617	31	421	410	369	246	386	35	322	362	774	526	640	311
379	82	335	627	673	529	96	64	642	282	496	812	0	618	376	326	184	653	31	727	298	689	444	386	699	572	424	702	278	433	467	503	700	21	548	592	758	819	788	124	58	180	288	360	447	825	513	470	657	284	64	695	505	75	728	844	295	291	570	215	284	799	297	823	359	714	60	258	5	652	801	184	89	587	23	669	367	455	297	502	280	148	337	224	372	173	641	706	486	530	404	10	479	478	437	678	286	62	364	473
343	210	835	437	658	740	744	765	462	189	519	115	816	0	291	844	387	576	225	104	760	815	472	393	18	132	596	530	469	508	109	347	749	256	718	736	20	413	386	349	435	726	733	485	448	621	58	695	125	769	308	289	797	137	419	563	428	200	496	273	266	145	773	554	172	69	757	193	82	231	329	56	93	395	124	427	485	138	65	672	318	488	61	597	642	90	283	92	663	149	64	270	591	302	853	621	227	33	696	168
77	18	260	262	646	827	854	664	651	828	858	12	702	11	0	165	388	704	667	758	293	431	497	679	629	818	172	163	703	148	720	758	348	439	481	842	149	641	522	440	84	191	256	201	700	749	779	232	340	749	295	179	758	544	695	470	490	352	384	794	194	813	570	388	466	40	114	440	324	58	460	537	368	661	237	712	66	88	740	36	57	324	264	750	452	327	434	268	668	311	853	463	98	278	823	780	100	98	42	290
605	470	521	119	763	764	323	321	206	309	367	25	572	771	515	0	586	17	679	597	464	281	161	361	537	463	254	356	593	283	589	725	184	753	161	232	58	373	57	102	393	70	800	169	279	309	41	752	367	709	785	422	653	436	584	162	593	13	272	684	507	160	238	757	285	169	150	326	646	282	725	84	26	682	516	477	648	691	588	344	736	819	706	287	153	358	716	265	162	663	226	581	568	857	562	739	547	599	379	189
730	119	672	8	215	199	533	404	781	206	521	483	841	666	303	8	0	649	60	525	617	399	801	312	434	65	465	121	790	532	578	168	789	756	112	345	57	505	558	601	782	360	488	493	91	712	266	696	687	340	360	51	412	812	747	173	640	775	808	708	271	158	770	434	221	622	23	338	863	797	12	445	654	390	157	38	346	113	790	211	620	512	803	340	554	94	66	66	363	612	530	517	618	415	454	284	110	523	373	309
407	527	156	570	799	740	93	513	658	740	660	179	861	402	661	673	707	0	348	500	103	751	771	45	249	678	518	489	752	574	553	774	602	495	410	435	861	307	368	614	76	342	469	405	829	109	303	315	834	496	411	45	23	635	383	590	614	735	72	206	484	479	390	424	183	684	759	828	188	479	63	770	690	348	667	420	841	749	385	319	415	459	227	19	481	278	525	432	417	801	519	681	79	73	284	145	233	757	137	665
105	664	363	525	620	840	444	11	105	856	655	336	520	184	233	722	758	572	0	664	508	558	170	804	318	660	429	84	747	683	629	750	815	391	630	391	665	277	605	813	89	403	835	407	439	272	151	620	631	673	552	475	138	155	412	628	41	259	756	132	722	599	40	333	159	21	748	100	554	595	595	777	148	742	506	272	198	721	250	530	402	800	760	100	591	32	441	441	704	141	623	545	863	593	555	539	184	452	422	782
471	524	723	552	291	62	454	378	43	846	475	321	790	96	70	396	512	729	67	0	557	88	617	698	788	96	261	152	24	38	833	515	295	355	71	5	358	772	383	148	295	335	160	419	747	342	622	725	327	848	3	297	443	222	132	693	171	653	745	698	435	662	442	38	487	154	57	328	106	417	470	509	106	762	417	765	76	828	18	131	263	301	169	617	446	541	625	479	244	322	378	196	646	166	408	551	551	851	501	570
160	651	749	687	289	15	540	64	185	28	792	248	44	424	91	782	258	799	770	751	0	668	316	85	497	565	710	707	220	179	525	315	618	797	279	535	152	433	434	598	54	53	108	528	82	388	351	624	765	168	173	341	365	364	313	327	239	48	428	413	264	267	655	776	541	727	212	10	490	371	859	398	445	287	744	99	42	104	695	765	356	37	274	106	94	139	388	649	443	44	243	630	189	175	372	318	291	720	105	128
200	400	840	628	117	304	566	472	731	404	480	720	276	38	697	861	339	675	779	744	760	0	571	516	380	585	461	847	20	582	451	209	184	568	606	541	61	100	474	748	736	644	162	119	848	183	277	154	528	96	120	215	308	160	847	45	634	16	444	581	258	161	737	411	424	287	286	649	382	404	708	344	412	309	799	139	283	817	622	671	570	465	705	163	476	391	648	442	831	619	572	602	593	305	408	96	856	333	334	2
394	474	34	704	485	97	639	658	434	770	856	811	243	812	25	856	713	802	598	732	137	653	0	372	107	205	624	396	381	739	460	731	689	441	317	389	858	629	304	124	745	331	810	515	677	540	177	161	732	421	777	758	330	499	338	168	146	204	414	853	506	154	178	597	186	557	607	333	278	859	606	726	200	164	241	429	386	383	330	649	711	375	248	81	729	663	374	389	584	337	494	795	412	709	85	292	474	611	556	355
727	70	700	813	860	786	848	391	702	142	665	706	164	61	608	637	687	840	76	748	371	146	799	0	506	667	56	85	437	386	380	780	848	786	555	413	2	771	266	562	822	382	743	820	437	796	5	304	798	651	464	105	63	241	108	630	400	500	179	694	496	292	669	462	482	255	796	524	27	69	821	761	236	735	119	132	33	733	861	8	788	376	605	68	51	255	26	406	423	526	504	489	595	550	723	426	307	528	302	349
843	342	79	4	103	208	220	834	553	425	714	96	307	592	30	461	546	392	701	88	14	405	767	833	0	748	422	11	60	544	622	375	837	500	805	478	213	840	709	819	292	432	749	31	735	607	136	560	635	84	602	207	729	642	237	675	71	469	408	534	431	813	334	102	5	525	81	318	694	621	812	159	327	627	517	853	129	141	104	622	281	494	751	848	537	484	643	296	255	254	343	446	17	596	798	58	87	690	850	501
597	188	621	129	381	390	274	796	5	670	395	403	214	166	237	235	56	152	83	794	690	10	422	96	821	0	51	320	271	799	722	830	852	717	122	152	135	512	276	663	697	656	197	677	329	818	741	19	123	78	236	633	689	32	325	281	495	3	585	408	249	798	267	279	331	464	327	699	193	173	686	27	439	671	827	683	608	718	440	636	135	249	581	388	18	680	556	176	242	75	434	458	83	50	699	461	267	765	177	91
792	780	475	51	530	642	14	798	531	119	644	264	247	504	210	281	678	355	790	585	375	667	298	562	115	249	0	754	121	273	431	118	650	480	775	58	258	383	475	773	809	22	176	462	689	382	298	30	796	700	207	734	26	634	132	38	263	324	54	438	16	719	110	119	857	136	187	856	65	658	784	52	135	122	588	598	49	405	5	239	390	165	95	465	129	354	588	595	49	682	86	24	81	792	69	405	799	840	161	326
305	527	838	688	800	72	414	466	265	185	126	643	687	369	12	404	836	565	299	520	359	733	280	335	378	126	43	0	141	806	140	363	353	581	756	183	355	26	194	5	811	615	55	841	243	477	843	745	17	800	427	781	515	532	758	148	324	794	251	447	288	52	253	638	614	782	114	94	850	550	88	214	34	342	445	820	103	675	171	228	862	594	691	259	810	513	21	636	310	514	803	84	639	354	51	739	67	39	571	499
786	573	587	803	175	310	677	174	85	409	807	234	100	56	104	171	310	520	80	182	501	669	414	423	322	97	615	309	0	493	531	651	474	655	487	459	729	508	562	189	156	649	535	671	364	112	524	721	231	559	819	409	715	427	163	753	858	853	531	411	646	370	768	326	253	566	546	432	579	535	573	196	17	194	758	817	36	120	354	674	67	672	252	361	413	26	71	393	723	313	356	248	757	573	235	709	771	134	272	840
318	701	395	265	803	1	627	179	589	723	513	7	316	725	56	656	57	587	509	283	706	253	851	28	687	177	494	854	653	0	586	413	391	188	840	493	433	463	118	652	658	393	49	370	581	850	122	845	591	301	144	665	139	627	756	158	69	480	732	705	634	763	534	768	492	772	454	362	589	125	735	187	34	563	815	861	113	83	613	69	510	770	119	497	148	605	585	176	647	426	651	783	476	411	211	715	587	46	154	91
798	399	653	604	263	647	555	247	483	843	470	530	373	192	566	593	370	230	118	749	102	115	652	538	851	746	545	211	610	256	0	765	163	852	119	640	810	450	692	572	817	311	201	503	185	100	428	371	275	436	673	378	360	21	247	602	99	624	839	835	563	588	789	531	26	397	101	781	797	211	670	841	673	297	276	515	342	28	54	758	198	591	171	215	752	64	842	150	728	116	436	138	496	63	119	607	365	476	588	158
436	230	835	734	652	444	746	238	572	199	393	74	431	479	644	793	244	841	26	23	682	679	164	303	152	93	409	532	91	227	794	0	147	668	133	457	501	215	111	74	42	308	682	764	751	323	782	202	202	584	166	300	703	856	373	685	370	452	661	341	186	314	634	343	260	233	464	776	88	761	775	416	591	679	395	829	824	764	455	236	484	723	88	522	844	750	357	604	766	355	630	645	511	78	439	721	83	846	669	760
16	409	46	252	701	630	599	548	719	618	499	269	409	181	173	180	789	575	303	681	651	330	459	320	597	61	618	133	142	535	766	397	0	744	403	282	750	462	493	716	81	352	401	164	255	482	22	403	216	454	418	375	443	585	309	523	182	118	536	411	645	40	840	72	378	830	600	655	707	357	759	130	308	458	228	861	669	779	572	843	110	819	351	132	438	804	147	222	413	494	787	566	46	858	429	745	787	452	556	725
3	275	692	656	815	43	486	699	337	708	579	460	607	125	815	859	525	206	246	197	218	130	225	30	162	345	480	82	322	277	130	755	588	0	519	767	719	849	496	341	570	373	539	438	492	595	122	90	740	534	769	141	816	781	466	63	117	847	115	149	780	756	855	642	857	51	23	43	320	206	285	174	71	744	573	137	334	684	193	466	806	40	59	424	738	115	804	74	301	538	282	166	296	717	236	445	347	845	374	541
63	718	576	510	753	642	450	770	279	224	806	292	588	278	500	218	554	110	513	161	828	755	395	156	505	827	402	747	237	701	501	634	445	514	0	397	595	237	426	676	147	688	847	126	418	576	51	565	68	842	10	367	743	91	649	6	159	289	536	315	729	154	522	176	153	452	262	756	298	615	194	454	841	56	189	235	234	114	61	652	425	638	237	853	386	839	185	278	816	722	138	167	132	383	357	828	444	332	582	10
374	644	294	372	28	669	612	5	814	824	626	784	526	424	554	249	253	240	691	607	611	730	19	202	468	273	165	579	412	405	622	302	158	101	502	0	229	129	285	486	351	115	220	362	115	345	186	55	588	463	72	27	732	476	676	379	811	291	628	321	161	518	556	154	787	496	793	132	161	458	135	351	424	214	689	751	292	598	460	808	316	549	94	191	859	479	5	730	80	413	320	637	698	762	174	50	39	521	532	133
839	113	287	275	351	461	667	714	794	298	85	259	194	407	755	749	92	746	640	479	830	159	289	311	419	531	567	734	39	688	107	574	843	681	25	504	0	233	219	753	370	424	568	476	259	680	96	208	426	261	105	755	856	782	424	485	336	343	294	652	350	467	478	671	813	719	193	532	397	60	747	610	690	486	30	214	777	581	250	313	4	6	520	589	698	605	808	747	442	620	308	67	791	5	450	117	850	343	533	715
722	664	537	268	685	334	591	441	379	747	392	501	734	445	70	744	272	412	662	817	247	108	723	636	297	847	313	503	639	762	101	107	825	180	484	652	858	0	110	23	653	64	60	177	280	290	117	85	199	327	225	310	419	276	778	388	200	170	824	222	366	851	318	381	254	253	289	164	439	534	794	171	274	752	750	671	67	233	355	296	581	721	287	95	417	824	681	538	152	530	124	30	529	174	437	803	354	530	446	164
61	658	119	21	579	37	191	269	739	221	458	801	54	767	181	15	361	578	521	854	678	630	589	89	20	333	149	64	354	637	93	365	507	783	368	143	118	353	0	470	151	402	413	71	467	580	332	249	541	141	132	429	776	748	603	426	797	170	761	373	144	570	853	11	295	643	226	318	30	797	793	744	510	760	162	163	687	242	809	617	367	345	526	573	107	491	382	821	75	264	149	93	355	748	291	228	413	476	461	92
19	229	501	282	593	505	406	648	784	309	455	626	404	697	849	271	741	563	72	201	712	111	666	278	853	548	216	561	148	108	102	755	18	111	778	408	643	844	660	0	159	108	795	642	6	650	824	229	806	388	839	549	465	277	533	672	272	446	182	185	655	359	464	179	522	555	499	409	764	229	853	184	728	139	645	358	256	680	79	579	118	705	101	704	430	766	551	616	276	842	142	434	198	313	738	161	364	585	17	579
168	449	316	503	427	529	383	187	535	304	388	835	160	111	611	125	322	330	198	605	273	222	708	271	771	442	488	18	505	151	603	533	785	775	408	202	96	794	350	516	0	654	277	737	476	135	331	279	822	789	468	511	489	291	599	770	184	833	572	60	14	290	86	316	306	43	376	846	682	8	703	397	311	228	589	328	159	642	824	331	400	357	195	313	661	621	699	224	683	804	637	145	95	39	701	670	153	582	487	436
402	148	379	29	699	400	669	266	586	205	333	56	263	243	367	195	599	82	178	144	818	237	670	839	275	698	72	171	375	818	572	130	154	233	169	79	765	215	154	182	197	0	181	700	21	810	767	346	8	858	516	196	96	750	194	396	617	743	547	745	388	441	134	746	124	613	443	804	30	408	528	262	340	227	526	343	496	128	458	311	661	329	134	261	775	805	846	193	315	762	124	116	665	381	561	91	5	83	593	392
83	449	673	133	351	478	132	365	341	327	531	165	523	451	425	557	339	624	500	715	91	700	794	110	429	717	700	28	231	416	640	400	653	234	715	731	68	802	640	770	429	856	0	396	273	35	225	581	725	368	596	544	607	446	735	397	204	276	778	128	264	429	780	814	771	68	13	348	827	734	473	698	543	378	71	349	628	484	36	620	334	489	75	477	51	41	546	855	303	593	510	137	67	178	28	555	636	626	807	675
553	456	837	837	852	778	223	62	592	198	494	698	645	575	478	467	223	726	862	657	378	436	626	565	737	275	174	809	379	638	636	282	214	817	233	216	676	515	281	626	280	535	326	0	247	173	362	257	352	115	664	463	274	848	368	241	354	842	714	303	749	214	224	244	1	170	550	495	46	452	774	745	414	844	364	32	109	20	664	650	670	667	44	531	302	861	64	150	320	742	387	463	417	250	335	627	317	130	713	178
314	605	393	278	624	174	76	453	193	644	609	110	374	863	821	427	267	542	164	94	66	707	13	622	815	861	685	768	497	660	44	590	309	346	84	3	796	595	255	135	660	233	390	847	0	603	316	101	815	598	733	91	518	707	772	282	408	388	539	796	169	830	840	806	254	741	247	602	831	356	632	159	683	131	335	848	777	355	396	298	391	183	194	185	509	794	31	759	33	32	727	432	833	469	657	567	769	565	629	416
320	685	609	42	594	288	9	290	622	541	364	431	481	412	166	81	292	519	204	190	606	564	400	51	68	309	539	778	182	746	312	369	127	841	538	778	572	582	223	560	848	321	333	103	493	0	390	676	472	171	62	299	343	564	407	561	467	361	134	652	78	817	325	853	598	743	692	803	131	725	383	150	431	194	578	327	384	164	445	431	391	592	253	582	357	608	146	784	73	754	563	211	787	54	70	457	594	510	162	518
286	738	580	443	694	541	55	850	229	254	85	266	356	770	2	841	659	852	807	122	90	250	158	143	250	677	330	392	813	626	12	622	282	82	296	646	470	452	621	92	382	63	184	607	502	136	0	548	684	335	447	775	174	41	402	233	625	288	646	703	552	98	789	439	222	59	622	724	495	116	196	315	775	736	702	94	681	409	835	116	277	858	184	648	843	15	371	517	489	657	279	800	592	535	111	94	29	557	313	627
207	532	19	627	274	432	282	23	681	473	280	234	508	274	197	442	342	471	352	849	808	390	125	652	34	11	754	508	657	339	153	200	32	585	312	511	189	353	307	756	258	583	18	728	248	356	450	0	216	657	843	849	659	204	190	785	324	265	546	828	859	853	17	740	196	645	56	325	127	207	459	754	785	410	715	390	571	835	123	129	685	89	502	296	14	794	434	17	216	130	36	722	515	73	99	624	770	719	594	253
598	86	21	460	663	358	684	638	365	218	659	82	746	537	691	758	645	194	324	818	760	75	178	74	337	679	686	97	142	541	584	641	142	729	697	158	711	160	461	91	30	738	429	237	33	317	265	202	0	533	350	657	574	229	631	83	632	505	81	850	276	357	397	831	313	832	163	409	343	102	147	357	416	348	247	181	2	36	327	736	447	274	832	111	273	639	730	419	596	789	578	681	574	78	79	39	560	321	699	636
188	636	503	390	619	746	635	301	469	504	267	489	361	93	214	674	713	674	216	95	135	351	850	315	369	150	762	749	417	547	116	67	670	283	161	345	207	579	87	492	659	290	748	2	554	479	644	421	221	0	834	647	267	14	84	183	410	94	791	564	628	31	799	427	683	211	719	479	143	138	708	642	804	690	441	704	567	35	635	403	363	594	439	638	37	738	484	131	16	376	195	260	287	855	113	480	675	841	250	359
356	179	828	616	119	408	79	832	109	324	217	566	103	227	795	803	220	307	680	769	451	559	558	351	572	249	814	213	457	589	796	527	620	330	117	276	543	237	76	191	587	352	751	349	463	397	665	287	737	647	0	800	654	630	187	706	826	285	820	546	833	62	373	153	626	418	320	172	707	716	318	273	356	52	80	52	223	378	769	647	768	261	721	688	580	21	149	486	642	31	43	740	547	619	140	65	835	658	526	66
697	387	802	145	216	858	9	506	823	40	683	815	298	393	129	500	338	748	852	793	703	619	439	445	774	42	696	402	59	304	771	462	507	729	770	217	178	322	18	809	801	71	553	340	808	844	697	688	589	859	334	0	560	45	497	705	492	683	51	454	797	708	609	580	266	126	578	99	11	398	632	533	520	580	762	482	660	611	837	36	620	101	736	458	390	258	762	12	142	5	384	143	292	333	93	472	647	728	437	264
559	160	127	383	704	246	377	6	330	688	224	98	534	160	143	89	188	472	41	435	225	129	208	69	597	437	251	367	255	330	266	481	689	348	53	531	637	597	795	628	644	450	467	647	660	643	612	269	559	115	540	329	0	733	411	62	391	273	428	839	334	192	588	836	210	762	18	496	616	786	624	25	51	395	432	1	529	626	686	533	464	749	39	852	155	461	1	812	100	232	656	164	547	229	127	250	537	822	538	244
554	5	195	309	77	211	186	164	653	35	548	426	124	288	257	300	61	684	461	325	332	455	168	447	383	853	743	275	98	816	335	354	826	142	843	380	484	202	689	335	489	831	621	99	685	643	639	362	472	390	152	395	262	0	601	83	397	420	25	712	19	166	78	844	203	124	455	415	525	665	171	834	319	698	152	790	687	837	493	107	547	569	724	532	701	22	736	764	162	290	302	341	384	26	211	737	482	333	855	514
205	852	792	149	847	394	413	408	393	757	124	404	77	232	238	481	633	208	705	659	4	166	780	128	819	367	620	810	602	107	637	161	549	526	290	70	371	213	512	102	19	430	457	484	228	578	59	482	233	16	588	518	315	792	0	585	255	121	11	551	130	448	716	443	240	591	704	751	456	216	622	753	135	297	215	432	26	222	13	63	795	481	420	475	237	215	304	444	527	319	212	82	491	13	18	297	549	148	35	593
366	199	502	519	207	595	739	791	349	500	751	483	735	367	353	604	344	669	811	416	837	13	580	172	499	513	16	136	397	112	217	465	299	599	20	478	721	689	287	298	717	193	789	671	95	353	830	519	630	666	798	665	146	365	246	0	616	746	580	582	678	27	346	610	155	818	78	7	696	686	432	551	125	693	226	208	244	383	427	165	623	740	830	344	381	527	211	126	858	256	333	385	13	517	649	766	487	474	43	282
464	222	408	65	671	502	125	28	436	715	229	695	860	72	421	458	273	17	246	552	425	435	94	476	393	35	819	193	364	228	457	22	606	387	394	790	483	687	854	487	506	835	1	94	69	5	392	768	41	47	409	692	464	98	381	391	0	271	464	338	113	97	19	179	77	419	434	180	238	31	80	84	467	729	33	259	458	320	366	458	638	123	537	348	244	223	761	127	606	633	4	374	286	818	57	616	624	553	656	448
389	704	39	204	315	860	286	385	121	142	601	282	432	761	520	259	561	388	264	591	358	562	734	734	614	568	646	433	791	755	117	710	3	362	477	65	162	200	684	387	211	289	627	766	489	259	610	313	688	128	392	647	671	342	791	597	154	0	563	773	358	707	668	286	222	679	168	513	122	28	520	819	220	460	251	469	280	429	856	677	728	197	132	172	807	613	55	20	402	743	421	499	671	728	53	1	672	541	300	850
271	205	762	244	546	450	553	634	742	374	595	249	803	480	58	516	42	743	323	414	167	827	77	338	662	678	372	362	106	283	259	327	543	334	343	475	137	229	424	490	736	429	621	60	33	211	531	380	748	372	559	448	807	294	667	248	224	622	0	647	660	223	122	738	3	515	350	99	371	71	381	265	572	592	138	759	753	366	616	763	210	76	459	417	316	624	283	428	411	439	614	452	809	557	553	610	372	457	592	292
194	831	174	834	681	521	773	505	174	432	702	297	42	67	91	412	3	280	117	219	714	183	319	337	215	853	340	810	476	262	17	379	319	149	498	583	461	762	101	359	422	122	539	285	674	519	525	208	3	82	11	646	199	197	605	749	124	330	623	0	510	525	383	561	301	123	63	82	409	705	421	766	274	17	115	164	45	482	721	147	499	467	238	190	679	274	233	185	400	694	203	520	183	41	773	574	203	143	754	820
303	58	330	251	150	828	615	65	493	132	142	386	514	654	322	589	482	397	715	243	501	702	742	76	687	242	208	327	304	562	821	719	441	101	16	356	523	245	458	599	111	70	774	310	300	685	180	443	801	85	653	647	380	318	358	557	115	18	769	530	0	701	114	47	219	107	271	537	334	12	583	608	116	366	140	445	41	94	520	562	793	22	174	653	221	670	703	716	668	230	623	337	186	286	246	334	618	298	90	824
543	733	521	88	222	506	69	507	74	135	667	84	464	303	474	342	503	330	689	565	493	77	802	596	292	180	450	258	629	518	156	182	711	547	617	252	586	407	443	386	402	854	368	503	451	58	207	562	96	208	364	653	435	738	653	119	780	860	708	243	225	0	693	556	410	714	416	48	6	423	812	267	643	653	755	429	70	316	543	107	499	595	496	640	45	730	715	166	199	120	543	725	140	57	376	91	68	179	145	93
860	484	521	470	819	159	42	200	355	237	446	513	811	424	586	14	588	770	458	836	634	298	441	72	589	755	849	650	186	624	409	696	689	675	758	256	746	62	358	25	523	746	317	439	132	38	90	338	394	676	605	660	822	467	160	591	221	119	553	302	627	474	0	858	556	760	72	8	124	292	819	619	682	51	79	416	407	64	172	702	307	96	190	631	741	665	498	734	752	411	515	480	187	16	401	811	578	745	477	291
280	503	526	367	113	193	843	244	2	353	497	70	83	397	131	821	624	777	624	220	861	620	521	198	513	176	446	442	322	717	273	114	56	686	35	767	785	2	446	186	94	269	632	281	425	736	135	846	474	315	740	212	138	130	514	80	591	363	570	698	363	319	769	0	316	823	388	701	525	155	815	818	15	331	652	88	74	334	678	658	375	101	30	852	376	421	527	438	347	132	12	394	211	427	522	509	658	275	529	441
313	588	84	224	665	147	45	814	260	643	92	161	69	25	28	337	608	548	255	452	559	440	185	851	446	177	645	452	372	75	12	51	697	114	411	118	665	319	343	69	331	657	713	362	459	135	506	10	677	102	721	671	404	637	751	437	828	303	349	610	421	818	785	103	0	107	194	47	557	557	723	520	491	696	470	25	341	605	351	386	389	633	73	264	576	632	347	835	524	681	796	135	164	117	785	824	219	162	662	173
282	225	54	755	149	696	462	593	175	441	369	861	358	50	395	620	365	660	368	369	53	649	722	578	59	833	760	408	537	333	677	114	732	335	510	171	425	519	845	465	738	348	216	291	436	317	130	528	733	268	76	848	62	32	609	259	386	340	847	486	704	605	252	685	136	0	7	567	111	415	760	42	557	66	113	43	698	578	492	600	620	507	636	796	648	662	749	563	462	603	529	496	557	21	67	658	170	495	519	24
313	392	558	683	689	460	62	254	600	611	141	740	573	220	383	641	126	739	405	20	137	459	770	133	382	57	80	127	270	186	655	273	744	771	696	195	187	798	603	568	40	168	521	454	341	677	12	103	650	24	392	677	2	733	358	483	278	792	644	7	724	171	450	418	828	86	0	702	276	420	102	694	752	158	302	850	755	411	233	79	168	794	181	407	242	848	722	744	1	294	479	837	75	149	124	88	254	339	117	513
717	518	2	705	402	125	504	637	121	91	695	79	131	163	125	845	191	712	611	122	857	530	434	681	75	251	578	739	838	520	611	329	306	450	312	135	333	78	742	768	715	408	250	42	677	784	718	612	385	368	59	1	169	354	688	716	543	228	484	10	394	612	429	374	450	612	93	0	267	634	807	211	417	658	596	127	426	757	353	792	367	722	552	676	126	345	562	464	255	29	397	181	155	260	761	735	580	861	773	807
816	623	55	750	228	224	54	603	496	76	175	225	821	45	140	647	420	303	236	35	427	672	855	525	172	327	354	774	199	64	798	593	677	205	517	672	713	393	662	707	265	537	244	859	458	771	180	702	279	649	225	608	36	63	407	643	76	806	314	77	233	77	525	451	346	53	573	773	0	766	170	648	398	108	633	158	535	187	669	139	687	72	415	349	810	287	440	840	842	205	668	197	415	607	717	768	184	682	529	803
496	279	314	164	833	652	280	753	604	35	267	295	709	174	844	712	642	209	462	414	824	66	182	558	495	501	607	228	693	234	460	389	63	167	535	477	772	433	509	668	181	555	157	376	382	157	141	377	738	468	390	646	316	659	59	799	75	366	217	854	46	517	798	434	318	770	138	267	440	0	322	576	298	75	357	545	141	547	128	341	823	761	815	726	313	532	298	683	467	563	768	463	108	416	62	496	648	69	37	471
772	687	779	734	74	171	560	562	715	764	136	679	321	268	301	201	598	182	265	200	674	802	552	40	223	137	805	336	46	111	807	233	75	165	661	240	778	297	661	130	224	859	329	711	63	190	320	109	193	369	501	793	785	582	517	398	406	505	768	352	504	195	591	62	235	534	19	155	91	801	0	572	600	430	240	125	71	752	206	510	687	131	273	160	719	451	418	297	661	478	610	29	263	558	362	453	16	304	391	693
591	176	474	398	421	49	42	382	260	694	36	580	164	602	250	72	168	770	547	755	414	496	467	840	527	701	293	130	622	106	366	176	796	244	825	524	718	133	671	180	213	550	340	125	676	580	342	337	605	264	595	66	182	364	539	708	190	820	398	89	163	642	296	814	57	93	849	632	778	472	21	0	795	138	528	345	114	466	645	417	258	570	635	480	48	754	712	246	735	642	112	834	848	436	186	783	608	419	135	588
187	77	437	3	618	522	271	532	288	819	407	343	35	134	400	276	701	98	839	711	14	660	791	701	707	764	94	209	753	493	658	317	88	782	219	391	305	800	451	516	234	708	615	319	114	333	765	508	848	182	693	495	646	268	31	629	437	243	426	491	26	117	420	104	234	830	739	635	496	599	571	773	0	653	404	159	279	234	678	857	475	503	757	258	586	214	256	184	400	678	448	751	321	400	28	199	574	508	639	547
810	525	808	803	225	626	660	396	570	596	682	177	309	270	726	795	407	685	72	504	837	739	395	499	248	735	428	13	77	859	191	378	594	729	170	306	22	521	621	345	460	286	177	664	317	2	742	403	510	431	717	344	531	224	11	699	215	106	475	726	498	435	332	307	55	383	22	526	727	268	123	781	410	0	642	31	442	415	75	602	834	13	12	834	270	709	860	185	196	758	773	600	214	150	40	148	685	654	577	821
152	67	30	743	848	295	704	647	751	534	694	346	274	258	801	713	703	831	316	279	744	44	240	1	847	498	737	710	447	312	815	591	55	423	828	116	791	58	617	387	425	678	45	314	26	498	538	654	602	463	112	418	442	41	657	612	33	510	459	600	276	33	377	142	299	257	391	49	43	753	58	314	323	217	0	100	381	122	299	519	400	579	612	277	562	658	191	174	133	361	308	856	327	410	816	340	494	786	539	43
861	146	151	347	288	298	45	25	128	478	246	785	648	49	679	857	537	23	490	408	122	855	753	623	22	85	637	321	180	385	211	474	334	190	756	475	399	111	536	113	459	228	652	146	538	632	840	559	82	519	153	323	86	316	256	472	219	33	684	716	717	10	99	195	557	469	344	40	468	306	668	434	183	714	638	0	296	169	100	528	371	578	609	679	346	415	793	813	784	647	661	152	528	652	216	13	832	293	428	641
513	159	377	713	314	460	262	529	211	598	723	431	275	135	19	510	151	75	137	322	432	831	784	737	607	636	263	124	590	596	294	168	656	525	750	58	59	454	538	256	505	585	370	677	662	567	702	411	494	75	104	58	348	275	279	740	372	259	7	674	57	661	471	599	338	138	290	584	520	700	688	494	613	369	659	177	0	148	216	84	583	339	535	216	5	707	379	664	15	768	137	354	509	283	641	403	677	135	863	820
670	89	782	646	239	683	347	646	340	474	418	510	127	711	70	700	313	45	825	336	315	523	151	761	579	391	484	149	392	724	136	554	394	129	43	87	167	483	18	400	251	94	590	342	214	239	637	6	816	699	718	279	122	543	143	759	318	192	794	171	67	834	550	331	729	677	573	43	78	608	496	540	694	420	587	96	731	0	149	383	848	331	92	334	283	352	585	172	798	576	354	462	389	109	763	483	92	824	429	313
737	609	755	220	552	495	542	248	345	200	262	42	382	495	616	502	287	97	576	625	506	117	462	799	858	50	421	207	471	345	411	122	353	5	103	90	176	826	469	110	619	771	207	481	193	486	108	61	442	82	502	749	245	762	269	74	238	625	108	435	65	274	24	841	294	325	273	159	678	478	209	812	103	186	3	597	754	141	0	102	128	58	53	492	166	81	48	791	224	415	492	500	115	13	225	624	628	755	691	628
517	437	655	7	776	820	9	321	838	513	537	618	654	8	27	190	192	253	577	293	140	704	186	600	90	18	199	801	120	818	201	753	610	470	622	583	794	650	413	466	93	236	140	73	718	228	249	800	5	544	674	282	581	501	356	502	597	447	351	453	80	650	102	173	840	159	362	147	665	109	708	778	717	2	370	200	12	282	348	0	218	752	819	236	839	623	164	349	714	355	730	72	654	703	773	344	760	830	50	577
151	617	194	192	631	721	347	481	92	58	440	632	763	862	2	385	619	301	290	607	715	188	371	319	255	847	227	438	40	26	81	605	626	146	311	633	421	337	812	274	680	750	115	402	276	149	510	733	76	659	673	717	308	418	452	313	593	348	577	555	154	128	575	269	232	788	7	653	321	567	104	720	846	365	537	757	39	473	52	694	0	16	118	291	420	769	711	554	162	579	477	497	322	741	78	746	793	98	697	820
757	214	377	323	727	2	644	84	423	284	210	533	67	475	470	818	176	548	769	764	570	155	507	197	756	671	9	196	118	726	659	245	441	691	376	51	325	637	133	98	731	385	750	715	244	407	608	845	336	839	259	297	298	828	563	263	368	104	453	530	848	797	226	133	648	241	160	737	469	440	41	648	517	36	551	352	709	299	320	282	532	0	198	631	751	335	118	781	278	690	110	121	155	437	477	722	776	131	814	840
637	748	563	610	605	688	413	605	772	639	321	607	276	479	163	132	409	113	67	312	683	829	488	260	143	133	617	339	640	225	181	368	571	504	56	93	113	591	226	855	332	577	712	283	777	815	499	364	414	690	407	772	45	214	730	304	556	151	399	146	41	507	468	718	842	411	807	533	240	170	324	420	731	399	316	591	342	553	385	685	751	488	0	833	468	83	231	560	457	616	451	643	156	508	208	241	658	44	542	807
574	686	824	774	779	185	478	15	299	519	375	135	643	833	522	372	725	336	314	441	730	493	498	115	445	8	181	685	149	662	286	764	616	795	718	128	843	493	62	135	374	56	323	176	29	840	432	670	9	504	68	816	786	700	241	266	823	342	439	633	535	9	534	104	642	304	68	322	6	514	613	372	5	562	351	304	343	600	815	845	678	792	52	0	417	214	450	90	686	163	583	41	132	183	796	433	667	572	59	360
722	741	851	293	302	220	277	731	271	488	544	731	575	583	147	574	631	774	657	608	598	149	732	644	764	735	398	673	303	12	16	525	167	308	812	429	209	565	630	824	256	167	482	654	365	206	622	55	483	62	5	483	581	788	830	665	712	22	797	467	778	396	84	154	757	110	754	116	541	675	809	773	708	648	305	630	581	417	468	17	762	4	76	319	0	102	681	566	696	143	432	222	734	511	596	234	350	80	109	158
590	647	278	180	583	251	401	102	350	338	758	464	311	518	339	534	793	87	844	43	264	62	55	832	441	242	37	113	642	823	139	602	140	591	406	219	122	274	502	77	705	85	264	732	203	779	475	387	611	349	428	469	505	140	412	62	811	427	857	860	62	61	437	771	202	42	51	189	809	151	822	424	634	283	582	358	482	808	95	178	273	109	723	447	843	0	329	58	147	249	856	744	272	377	772	396	759	398	651	644
718	161	87	415	706	490	35	406	517	573	69	845	705	379	353	744	68	748	186	534	25	365	623	815	106	741	314	762	589	395	32	267	676	390	356	802	459	269	29	169	57	724	177	24	399	25	661	295	19	266	589	171	814	570	483	15	64	384	650	20	228	103	777	180	62	770	32	509	299	204	714	392	599	574	637	282	567	435	663	15	329	701	196	647	519	571	0	654	625	225	825	241	666	676	84	92	410	234	464	241
167	604	85	216	205	258	225	699	578	170	576	215	754	484	130	55	280	221	550	681	759	365	433	769	439	613	151	505	822	78	34	237	40	470	842	512	301	71	429	328	754	86	368	213	770	49	828	586	313	4	249	725	501	633	660	38	403	127	377	624	661	181	6	417	650	395	294	325	209	346	657	327	413	278	490	534	119	207	464	340	219	400	592	558	156	181	55	0	181	538	831	311	700	316	548	619	214	484	716	259
363	514	21	412	530	643	170	651	285	475	579	828	20	116	670	250	114	67	673	671	259	212	832	170	604	450	449	166	105	648	797	731	35	711	208	527	149	336	801	622	700	347	352	510	771	476	575	89	122	421	142	444	849	43	99	26	656	827	685	63	210	580	567	361	382	743	17	564	151	693	446	191	5	740	67	449	60	507	295	607	395	321	48	852	684	700	788	194	0	640	175	284	529	858	123	190	237	14	722	382
142	764	643	119	777	5	626	504	462	727	135	559	383	71	143	843	831	367	257	64	285	186	619	489	103	326	758	11	643	150	654	788	856	692	479	259	456	12	477	471	583	97	610	54	330	381	332	636	760	85	103	825	674	376	243	662	515	739	862	763	161	467	215	471	619	7	632	664	289	275	171	501	6	736	539	754	797	307	377	834	539	58	665	612	564	166	616	565	305	0	44	275	719	628	795	544	644	495	472	378
313	189	693	128	702	240	120	126	20	307	860	51	652	281	135	527	771	800	9	145	601	94	686	373	334	379	821	794	37	797	610	187	720	208	177	660	9	22	144	798	795	494	845	676	76	258	504	260	144	754	93	728	718	399	349	669	220	253	661	786	831	605	193	328	563	594	683	614	417	767	186	374	593	824	18	380	556	582	572	438	207	850	605	419	445	829	565	755	235	780	0	609	68	97	356	642	326	608	221	465
706	681	63	789	134	829	481	191	665	166	821	435	757	368	216	191	264	332	385	94	830	29	141	324	563	782	244	485	522	637	756	117	360	700	162	5	216	406	626	332	44	54	811	237	117	771	383	203	541	40	230	520	138	681	139	624	448	520	698	545	849	324	530	571	606	568	347	573	296	723	232	267	84	649	349	747	188	831	802	177	826	85	846	243	348	560	797	380	505	367	533	0	110	704	71	637	320	124	232	521
778	303	851	789	551	134	114	343	239	862	511	662	531	544	668	568	247	5	719	426	287	538	221	332	250	704	551	606	301	611	25	284	535	325	122	716	438	686	747	146	750	405	412	31	126	784	416	555	298	505	108	402	454	352	406	134	826	238	696	804	649	317	670	305	518	442	207	395	533	777	531	735	454	608	553	13	264	619	430	584	98	194	144	360	215	815	567	212	158	814	150	195	0	482	220	513	447	13	375	660
301	398	318	374	60	479	160	293	517	206	778	528	738	729	182	666	680	172	708	150	583	189	448	665	843	855	554	625	755	528	175	692	820	206	142	63	198	762	268	588	189	792	476	300	439	484	159	416	21	346	379	762	42	473	422	302	498	100	500	81	734	728	418	501	60	353	720	818	159	75	683	732	713	382	794	239	701	229	556	268	668	318	153	620	158	641	568	445	750	851	106	779	48	0	205	817	90	121	208	496
428	540	591	71	782	743	14	431	261	99	18	449	206	635	459	83	288	645	448	264	703	330	318	486	346	7	683	238	579	626	720	58	709	734	722	289	630	51	323	300	472	432	295	244	755	353	248	35	362	552	325	515	506	82	763	398	68	333	266	170	177	744	598	557	607	349	835	65	536	655	811	179	149	91	434	355	833	616	445	289	527	558	536	170	95	216	13	477	152	134	35	288	400	406	0	687	557	95	48	462
469	211	690	272	234	194	125	753	202	364	657	458	124	584	565	212	131	696	809	191	801	397	371	754	148	141	560	207	138	803	810	270	369	680	705	502	500	25	166	72	684	12	263	842	565	594	528	112	137	731	465	235	309	416	204	491	186	423	673	344	583	754	411	507	481	648	316	526	422	75	630	488	60	589	328	51	305	475	12	551	623	383	433	604	789	851	43	207	447	319	394	349	524	720	7	0	108	738	302	747
257	739	271	728	110	596	235	148	582	737	15	727	478	346	35	762	846	302	463	494	79	271	788	704	159	685	747	345	502	554	267	655	235	136	802	774	140	125	742	494	603	850	493	118	710	485	253	206	661	351	723	304	506	741	584	211	611	475	726	603	694	816	409	562	317	855	239	804	184	811	773	199	737	47	108	501	395	237	679	223	754	361	462	178	454	4	707	46	444	346	611	859	471	53	646	717	0	240	336	210
277	457	627	113	501	36	454	206	860	39	365	710	482	423	195	85	794	368	195	324	633	78	835	735	818	571	296	371	465	144	820	843	745	172	472	27	225	523	699	139	818	333	260	615	563	666	324	52	47	395	415	488	655	353	603	628	319	846	722	37	403	178	448	47	321	641	765	726	37	640	859	692	287	674	331	204	439	351	62	814	82	606	359	647	95	175	184	170	52	490	56	855	569	359	1	782	326	0	225	721
259	643	412	742	373	358	825	848	355	578	73	579	603	384	291	705	352	126	269	699	554	99	420	450	741	827	719	794	397	175	820	605	486	440	57	342	694	583	790	362	518	83	369	433	251	143	505	402	624	97	644	159	85	188	693	416	89	317	534	55	422	764	381	548	131	397	161	295	343	851	248	370	389	635	737	756	12	51	187	810	856	591	451	298	430	155	580	194	782	91	792	110	44	689	586	170	638	128	0	309
155	550	162	312	712	235	91	525	710	737	776	792	603	845	828	150	297	163	754	678	441	345	488	293	491	520	396	819	93	375	747	507	420	844	438	304	786	119	528	545	483	774	607	733	738	313	858	786	657	94	832	120	99	413	483	713	500	70	125	203	306	26	189	523	485	241	235	792	238	126	640	429	309	578	261	749	153	364	805	655	40	88	62	560	87	783	426	210	381	633	115	70	307	703	5	592	16	9	343	0
