A	B	C	D	E	F	G	H	I	J	K	L	M	N	O	P	Q	R	S	T	U	V	W	X	Y	Z	AA	AB	AC	AD	AE	AF	AG	AH	AI	AJ	AK	AL	AM	AN	AO	AP	AQ	AR	AS	AT	AU	AV	AW	AX	AY	AZ	BA	BB	BC	BD	BE	BF	BG	BH	BI	BJ	BK	BL	BM	BN	BO	BP	BQ	BR	BS	BT	BU	BV	BW	BX	BY	BZ	CA	CB	CC	CD	CE	CF	CG	CH	CI	CJ	CK	CL	CM	CN	CO	CP	CQ	CR	CS	CT	CU	CV
0	682	369	110	606	677	592	191	662	145	757	467	782	114	282	152	280	555	184	448	372	479	23	685	313	662	309	273	477	707	125	273	477	280	226	375	252	448	637	157	19	94	282	399	674	564	31	516	140	359	177	503	790	594	20	418	546	115	246	389	54	155	258	50	654	835	789	546	712	174	272	773	765	8	314	772	549	627	516	656	257	489	808	45	290	290	77	648	110	52	145	644	369	600	84	564	294	330	63	367
821	0	224	500	304	548	580	112	310	843	696	226	734	785	659	131	87	592	268	360	197	18	329	131	346	40	226	584	832	515	215	181	36	707	551	185	833	530	859	407	295	576	260	421	126	37	401	493	239	331	310	18	621	830	738	16	475	823	86	104	363	36	764	828	143	234	755	29	597	836	602	205	7	8	177	635	595	521	557	390	865	558	34	192	318	588	421	735	162	855	131	400	392	210	227	8	647	364	14	246
761	72	0	687	710	760	362	267	71	773	646	144	2	240	175	222	119	483	716	288	83	259	808	257	792	362	607	610	217	38	769	268	863	335	815	193	564	396	235	764	322	348	405	285	154	312	169	577	859	555	211	826	83	614	825	574	545	590	836	135	574	272	225	551	187	458	775	601	212	826	678	357	764	212	247	424	587	352	320	819	202	99	857	581	749	519	865	201	240	289	738	18	662	802	712	754	521	456	543	146
615	503	719	0	441	202	461	31	199	747	848	23	416	441	675	576	223	760	436	672	519	440	725	172	265	331	670	416	411	628	517	276	302	18	278	726	98	139	315	401	359	260	365	244	466	208	256	492	221	374	305	54	180	425	496	697	65	131	732	96	208	307	842	274	437	394	705	445	443	316	589	434	140	824	229	756	398	203	723	296	345	429	113	848	665	759	563	96	330	23	705	144	231	131	606	181	664	507	635	262
707	116	783	40	0	111	440	362	848	766	86	659	155	205	471	101	300	330	353	179	371	647	556	731	26	211	161	269	518	165	417	365	721	526	443	276	519	78	399	17	396	539	160	241	71	826	640	464	40	117	702	741	476	576	794	294	54	228	191	313	36	157	278	95	385	307	220	204	306	822	228	652	467	183	13	289	775	583	287	307	431	222	409	753	437	413	325	325	749	444	774	251	602	121	143	523	164	656	363	400
688	110	813	22	603	0	244	574	62	796	7	460	843	334	411	284	442	115	715	736	738	851	764	188	280	465	799	383	385	797	605	78	52	723	91	542	101	619	295	284	733	659	374	16	525	624	612	590	505	383	25	544	689	774	357	773	381	679	703	623	320	780	546	228	67	211	39	238	263	618	372	274	12	686	682	181	622	196	311	218	354	805	764	283	569	472	815	857	508	167	739	144	145	514	115	860	50	346	694	27
150	650	199	597	852	849	0	516	12	81	649	638	420	698	297	420	662	828	74	472	677	427	689	602	405	105	408	154	617	602	425	720	687	613	454	288	420	435	255	158	661	81	298	211	375	607	676	796	461	562	144	132	655	226	389	126	323	285	538	138	115	170	721	466	441	472	499	392	684	852	238	296	222	472	740	450	754	577	299	621	141	833	376	24	124	833	15	309	857	597	811	235	633	595	195	856	456	144	19	278
711	478	545	175	217	622	674	0	377	367	195	814	426	851	371	104	852	778	681	94	22	790	490	806	297	442	803	740	213	845	191	484	821	656	513	297	709	132	139	731	807	576	270	769	231	496	656	125	576	667	618	210	144	300	688	792	675	220	221	188	512	543	409	162	327	685	364	724	863	508	359	19	452	669	690	78	763	140	384	121	398	196	39	798	809	607	21	358	456	207	194	824	575	754	581	444	735	112	291	447
118	138	272	105	527	716	819	7	0	323	284	614	330	129	520	190	536	637	49	136	329	350	830	42	483	316	692	68	451	229	117	816	559	18	262	537	505	70	565	616	296	662	551	77	538	394	348	604	814	462	9	325	101	789	700	688	744	123	409	441	487	94	145	841	583	450	685	824	454	86	830	300	509	160	4	699	266	35	216	274	22	636	441	688	851	66	814	22	624	34	686	89	810	705	71	802	242	5	557	130
688	266	583	404	295	491	343	111	480	0	247	284	1	188	723	426	840	777	4	490	349	475	205	509	475	603	371	57	670	52	625	75	337	160	516	606	579	437	588	198	449	190	426	515	198	853	610	499	94	577	318	37	434	60	126	22	605	402	619	692	616	545	215	300	334	78	762	167	702	282	530	737	784	822	37	461	297	111	744	709	67	459	853	275	109	754	797	536	211	462	77	618	305	234	188	162	430	571	782	436
59	227	459	129	373	440	576	76	773	687	0	601	577	844	171	820	539	773	465	441	684	519	210	296	291	749	305	281	413	312	619	151	249	862	153	240	690	160	243	842	798	610	210	223	94	212	202	569	855	220	611	335	692	724	523	48	638	802	146	592	702	610	422	432	779	151	101	545	168	196	330	292	648	296	290	120	134	815	583	375	86	235	359	232	53	85	653	220	423	439	528	762	849	651	727	404	2	551	693	287
200	251	443	180	598	610	88	217	242	111	612	0	450	339	162	721	589	45	19	478	52	117	462	453	135	370	66	188	721	12	492	269	199	18	304	170	185	83	120	283	600	47	496	711	264	467	163	275	484	209	844	19	682	797	496	449	7	446	242	490	469	389	478	427	416	792	313	30	694	259	219	84	367	19	20	630	741	616	615	134	662	218	776	300	766	781	713	848	245	812	509	67	440	640	709	152	798	660	597	569
112	199	5	230	277	196	86	784	744	11	310	42	0	855	666	365	17	432	64	440	225	238	355	545	577	125	475	751	779	444	816	827	350	712	789	601	330	482	607	841	65	768	246	322	587	313	804	269	578	466	94	831	220	774	209	655	421	813	228	324	555	79	406	517	686	170	465	461	664	388	530	764	101	127	130	205	178	148	559	524	859	227	44	10	505	225	704	490	663	696	37	66	54	71	445	456	682	479	357	25
856	387	256	160	604	508	528	79	424	593	444	281	594	0	373	835	703	140	794	297	621	232	489	408	256	373	712	94	337	513	50	857	12	857	601	658	68	231	109	72	505	29	187	286	857	90	390	351	656	512	114	801	270	835	221	727	652	714	301	53	446	854	648	342	28	722	536	276	534	232	231	160	381	155	79	55	173	787	817	335	190	829	174	156	236	759	521	678	657	841	832	244	370	17	538	155	781	187	477	94
75	644	838	282	579	782	100	560	693	757	481	200	575	641	0	206	633	351	218	161	22	792	842	78	432	627	348	761	508	627	528	845	799	381	851	51	361	198	455	87	673	554	445	603	494	224	184	635	730	452	381	567	59	256	235	455	266	295	397	248	207	789	292	34	470	764	683	68	231	463	767	828	746	229	471	588	794	850	385	542	803	781	83	816	30	552	648	795	708	603	580	566	460	244	328	240	470	583	680	389
801	685	739	836	654	315	610	494	212	480	397	771	270	497	82	0	772	143	405	789	652	411	733	241	434	719	197	561	74	5	800	107	109	306	175	698	227	13	684	612	836	701	8	426	384	602	192	551	452	718	476	220	260	819	831	395	36	204	848	8	374	67	163	841	645	321	601	304	87	507	392	818	622	208	179	628	236	689	677	779	396	129	754	246	767	166	255	331	488	257	13	862	112	569	353	759	410	128	159	707
707	492	309	294	259	793	816	739	398	759	830	659	434	520	11	104	0	278	185	420	214	559	76	285	282	656	725	49	31	259	479	23	774	779	683	542	471	201	324	194	258	722	718	42	476	27	223	71	44	613	571	861	573	43	360	215	847	243	562	561	389	753	478	39	312	826	339	312	738	682	747	802	472	91	305	386	524	160	60	580	233	249	358	361	106	326	770	646	262	579	452	407	284	84	439	529	315	547	11	209
724	362	78	407	395	247	46	347	255	173	256	138	700	149	99	517	8	0	137	697	742	589	11	12	233	857	436	686	807	38	23	786	26	841	367	63	848	159	33	760	287	485	605	324	774	375	7	624	458	511	748	827	854	39	390	169	537	437	104	635	27	261	400	125	672	765	379	160	746	10	716	694	443	39	460	420	525	304	337	143	309	687	38	553	195	74	685	307	406	820	249	467	240	682	259	44	535	278	327	291
489	547	399	34	794	87	532	275	247	177	756	399	9	510	679	679	632	478	0	126	515	567	854	610	386	299	99	703	106	573	49	77	800	820	524	679	145	34	693	21	86	718	172	588	76	834	502	58	549	628	330	171	746	854	64	777	823	593	233	107	311	303	632	23	681	504	499	640	781	229	810	763	505	261	762	513	318	713	588	668	695	390	813	544	454	763	305	271	553	461	299	41	11	644	124	373	458	491	627	114
361	410	813	741	824	184	657	847	633	378	161	543	199	132	490	511	347	572	420	0	144	31	606	309	608	723	554	616	731	535	499	611	540	114	97	810	169	30	536	274	200	444	744	131	461	363	446	836	363	761	862	691	746	590	78	80	634	376	94	297	774	323	616	682	725	436	444	391	166	714	808	586	499	147	240	141	60	405	28	264	837	530	202	473	477	86	419	527	640	323	125	300	135	863	737	84	833	829	610	852
194	141	702	23	769	643	688	476	266	843	440	499	538	301	17	472	638	579	484	203	0	359	507	494	737	282	408	442	857	313	610	44	865	661	578	422	78	379	571	381	767	799	499	124	664	815	241	399	326	172	109	30	279	654	268	670	343	305	722	248	208	557	657	245	578	223	688	85	7	231	777	655	177	582	565	321	197	736	263	754	605	179	341	64	762	763	358	847	693	317	653	283	835	776	13	183	13	282	797	116
160	304	504	240	308	823	318	760	391	758	744	79	450	570	734	485	21	780	342	615	6	0	141	480	232	689	320	394	474	785	246	844	657	255	389	477	218	155	119	574	159	444	37	725	427	532	293	48	610	757	204	496	685	352	494	572	663	405	566	126	372	571	165	212	358	515	136	526	808	604	511	716	520	184	698	177	346	804	70	368	505	643	556	122	234	398	464	273	240	193	648	163	250	249	765	42	535	840	771	766
170	79	37	831	77	586	566	354	699	821	192	380	830	437	597	285	641	109	215	806	301	197	0	491	177	442	828	646	396	137	582	708	91	347	538	793	842	188	779	671	45	711	36	710	498	141	98	700	322	648	815	734	304	144	122	258	590	196	53	167	264	476	421	864	417	624	444	32	276	327	349	78	1	550	641	167	208	576	853	183	20	599	249	75	268	29	860	535	77	315	812	564	406	277	123	756	594	411	725	321
796	299	337	37	610	485	470	37	338	141	377	125	787	176	578	335	386	563	518	582	345	784	673	0	507	248	609	864	162	759	535	273	68	613	797	772	809	151	249	727	651	367	207	230	86	699	424	285	353	773	594	25	146	617	267	600	761	778	161	533	490	603	502	199	490	595	653	427	784	213	67	295	626	185	733	761	140	676	70	597	21	742	142	623	478	515	835	320	198	852	677	65	571	522	94	845	789	663	69	363
758	314	123	89	529	831	224	354	436	642	634	1	126	599	440	826	290	429	554	320	705	757	551	9	0	323	337	113	96	118	250	136	740	494	554	361	142	750	704	122	726	775	504	587	672	255	224	856	247	816	732	680	535	769	173	83	531	307	470	31	726	77	830	244	376	659	640	459	764	581	749	238	470	117	406	435	456	432	729	447	489	654	554	404	708	841	374	723	520	514	409	399	790	718	524	489	613	785	434	319
697	144	28	758	626	474	381	278	229	450	490	103	135	790	576	527	223	530	405	74	604	67	797	715	732	0	753	357	406	607	60	180	16	21	339	730	718	636	204	534	668	243	842	763	328	768	93	607	620	855	8	523	810	26	610	731	203	102	554	189	417	429	477	501	62	574	181	609	852	496	672	627	844	374	391	246	666	471	579	374	327	460	788	212	280	812	2	357	95	204	27	103	50	676	490	631	346	600	497	687
316	588	813	847	169	374	140	478	849	518	833	502	575	577	780	335	178	414	472	167	526	575	415	40	619	536	0	772	45	418	174	64	578	397	461	337	395	857	185	225	103	608	664	554	201	340	442	293	17	802	293	476	260	268	800	325	113	265	254	490	404	638	82	421	541	821	48	354	245	500	433	241	141	2	204	313	655	130	816	741	494	853	294	195	532	171	451	73	182	241	638	806	314	470	597	69	700	538	805	717
747	476	787	20	56	335	513	753	735	260	134	248	764	227	766	304	543	422	474	2	102	463	456	836	865	102	19	0	118	325	193	856	800	165	635	448	348	629	140	20	50	388	177	232	75	409	798	338	422	550	667	455	508	797	646	460	673	837	321	854	404	526	74	325	316	11	724	245	550	527	682	400	29	709	454	68	553	337	154	385	352	320	728	849	215	682	391	712	784	417	710	374	181	471	540	384	330	747	703	811
453	462	112	294	432	728	426	487	212	391	514	615	804	371	669	688	425	833	314	22	183	418	201	193	251	98	528	379	0	415	63	582	458	93	538	217	228	401	191	654	663	75	218	273	300	823	269	132	744	405	779	94	172	194	623	197	448	440	860	442	852	800	284	55	294	739	780	60	439	364	209	761	36	41	41	218	820	446	557	275	851	503	543	566	236	680	417	464	361	332	76	208	165	71	228	694	164	256	684	72
405	162	606	670	758	356	522	861	702	341	276	757	668	434	33	1	33	647	88	696	835	731	582	182	273	495	690	675	555	0	64	594	470	329	192	73	282	569	51	760	62	110	614	679	833	445	197	109	696	802	220	557	562	708	181	3	742	710	402	441	270	97	395	250	435	272	77	822	391	184	809	620	107	705	108	106	744	76	708	825	554	260	60	491	830	287	770	467	758	811	136	762	124	160	548	533	458	255	28	582
578	561	396	143	322	687	395	684	133	383	448	332	294	556	341	467	855	737	540	107	406	765	4	510	751	702	781	650	494	163	0	522	607	770	562	575	238	81	364	850	527	632	19	158	809	81	244	548	394	109	770	72	131	861	523	773	753	239	83	695	494	612	853	698	717	350	692	411	295	414	752	857	703	433	90	243	825	316	78	717	432	302	131	379	468	461	214	796	621	607	104	505	76	700	707	257	55	189	634	369
419	306	351	586	51	516	252	621	650	856	835	11	34	550	206	807	40	543	672	54	334	207	542	195	191	403	299	339	619	516	488	0	147	386	176	547	766	270	683	650	178	617	58	528	27	140	554	787	333	517	793	788	452	92	258	73	12	75	24	816	772	741	134	514	25	30	856	521	30	122	421	820	553	52	65	207	728	383	208	45	820	375	157	399	631	347	810	579	668	418	173	220	497	772	203	292	817	845	554	856
203	117	662	854	506	814	677	53	268	783	342	165	293	501	652	780	175	513	591	20	454	138	569	430	861	263	25	810	492	273	331	183	0	819	287	372	393	605	388	652	248	89	94	110	541	383	852	209	129	207	507	558	19	497	689	489	27	575	451	420	803	860	287	740	516	281	408	215	609	860	16	801	331	400	342	444	32	434	505	80	455	786	680	581	829	798	175	185	828	315	812	569	690	60	779	664	157	521	460	671
288	234	584	21	758	508	151	416	412	713	546	851	758	68	811	785	159	255	422	398	526	382	498	84	633	144	476	305	851	274	499	414	511	0	766	528	49	187	295	534	56	600	153	196	415	76	769	841	481	336	328	850	484	210	688	390	187	184	743	323	785	188	250	217	690	367	72	865	269	56	34	313	760	662	623	861	705	776	107	60	378	287	13	474	134	59	663	803	507	560	99	313	178	191	171	779	801	17	449	233
546	650	793	362	211	861	7	495	709	770	260	256	162	91	622	864	821	752	168	172	3	522	703	798	626	116	170	363	668	796	586	430	356	116	0	114	718	254	180	188	247	105	550	682	643	653	122	675	375	234	634	523	195	637	761	417	334	158	34	793	397	720	733	491	273	208	2	53	602	656	64	351	212	455	22	812	634	516	708	280	860	398	409	191	716	182	335	331	475	170	738	641	106	602	125	783	469	581	740	181
846	592	855	444	832	212	164	614	827	383	852	343	448	180	668	454	684	190	294	42	374	607	346	685	322	262	835	246	476	157	497	270	402	518	625	0	606	380	679	109	18	677	641	551	384	596	719	641	421	1	839	649	820	142	599	603	484	725	329	599	694	104	97	433	121	438	253	484	858	156	729	386	400	639	126	334	579	846	808	200	758	403	471	606	670	676	542	731	782	329	39	828	171	271	57	849	716	73	598	208
563	489	260	697	648	835	168	675	299	522	288	64	345	356	320	373	372	327	803	408	239	289	315	731	250	149	536	271	708	639	139	86	843	423	721	186	0	250	799	302	54	697	781	766	758	69	503	325	58	810	352	448	749	186	572	222	707	801	280	594	27	96	222	758	483	704	97	657	833	732	711	794	844	188	279	166	23	466	695	433	36	541	706	561	337	532	503	18	663	476	19	352	419	851	538	383	455	292	471	780
116	530	667	162	162	89	40	402	539	155	635	69	249	655	849	795	55	69	586	391	712	392	114	343	541	298	225	87	623	21	864	684	287	856	586	471	772	0	240	179	678	390	184	259	203	752	535	383	838	205	104	228	680	357	208	146	705	179	236	840	282	827	725	465	598	320	824	495	24	302	492	296	240	660	688	651	779	219	623	175	527	817	851	718	649	540	132	865	613	118	75	665	552	720	676	815	614	422	297	741
245	633	10	244	44	317	843	528	374	488	729	683	384	572	522	610	784	160	206	325	623	597	548	290	15	465	473	757	665	516	213	568	553	701	725	638	341	183	0	571	600	159	496	610	669	227	519	548	363	452	360	474	225	616	66	244	543	783	463	305	138	286	97	141	520	512	531	357	90	71	845	714	283	857	833	552	699	120	355	422	288	437	342	184	787	862	537	571	319	15	736	526	347	75	763	290	422	222	794	270
353	162	209	561	208	440	79	211	92	468	458	528	58	112	167	58	524	251	69	712	11	573	225	496	551	93	816	667	60	59	147	820	129	182	312	130	653	669	856	0	596	727	286	861	462	3	221	567	575	810	223	169	563	623	65	221	625	620	471	321	509	219	727	398	426	782	679	115	582	704	52	310	644	861	520	354	50	278	684	133	605	234	152	174	163	655	799	824	553	255	382	169	811	422	692	243	189	324	723	171
413	643	678	502	213	773	348	196	744	753	609	496	232	484	181	466	654	345	152	471	650	173	242	262	627	407	460	361	85	572	645	422	266	92	847	32	459	692	821	411	0	436	145	220	761	332	2	768	195	251	740	818	722	428	342	576	638	200	593	830	783	802	412	596	688	540	556	857	116	74	12	100	221	619	178	343	91	441	607	696	473	545	454	557	101	118	471	615	811	775	133	271	442	706	802	48	341	30	483	130
560	118	772	489	9	107	299	781	737	814	286	488	838	480	829	466	223	169	111	349	294	751	46	528	476	784	382	713	801	476	269	74	806	312	104	388	292	254	847	480	177	0	661	292	56	417	644	278	186	627	297	386	251	141	228	17	862	240	332	257	681	54	49	32	274	850	251	561	679	248	519	823	538	222	646	303	234	249	755	680	508	407	489	637	225	680	619	22	9	11	293	412	7	668	739	100	515	758	177	688
489	847	457	252	697	58	578	88	249	383	363	579	365	96	507	628	88	74	692	205	756	794	132	680	804	813	465	865	779	561	295	211	860	536	401	67	488	820	863	259	185	226	0	468	854	804	699	809	553	230	665	686	825	550	491	141	419	484	773	512	38	669	532	332	314	573	487	145	385	382	708	241	151	477	296	194	63	200	799	764	476	444	131	332	779	422	14	146	401	837	156	566	383	489	839	788	433	240	758	89
810	850	521	299	768	150	80	536	458	489	368	745	274	367	806	384	462	155	19	220	422	387	267	139	341	311	66	461	645	749	32	817	850	168	696	806	628	540	405	801	505	195	240	0	413	403	557	512	126	848	295	90	418	551	823	120	117	472	655	858	143	223	32	392	747	368	811	261	787	735	357	380	789	2	132	11	187	597	106	230	154	647	427	322	674	459	101	1	46	613	478	472	419	175	469	844	217	176	506	718
712	458	649	456	458	452	291	27	203	513	716	373	779	771	510	90	779	840	392	218	286	758	773	807	128	775	281	58	426	514	207	551	140	407	453	493	213	481	520	455	559	546	168	685	0	294	610	260	357	825	804	401	201	565	285	218	705	311	514	802	700	39	284	631	521	217	790	372	155	470	690	615	348	849	14	726	409	13	354	83	615	212	201	639	497	263	222	343	236	3	68	373	664	139	796	251	816	401	121	685
91	178	166	504	92	30	85	275	524	170	310	26	439	849	563	596	25	614	727	222	372	275	821	378	25	388	198	133	251	50	592	167	441	602	718	776	533	394	587	438	102	309	470	463	97	0	705	542	33	402	490	772	625	662	284	132	697	380	400	675	591	533	119	779	575	601	351	174	130	690	203	769	496	480	845	314	648	327	160	469	614	284	62	154	180	796	641	87	54	87	143	593	741	582	430	752	468	138	388	278
538	796	432	481	479	113	365	213	15	261	173	411	661	351	236	451	163	427	631	388	245	398	222	599	452	365	215	776	407	72	102	61	478	209	794	28	625	695	14	63	248	48	423	304	685	345	0	516	125	15	79	716	770	751	668	260	246	756	150	703	411	369	249	658	51	609	698	363	635	245	206	390	435	112	488	428	323	17	54	828	5	684	859	162	238	162	616	403	592	622	462	398	780	664	833	57	863	850	484	723
505	594	745	296	401	345	432	244	537	589	200	15	351	780	824	694	744	695	367	473	679	330	826	187	767	287	194	591	771	823	91	534	519	345	727	172	652	303	351	861	577	711	393	108	805	690	216	0	796	424	486	14	621	216	600	171	526	751	33	142	683	423	131	302	855	474	267	732	214	344	52	218	326	649	8	631	488	479	754	284	200	353	250	116	274	526	660	833	498	797	780	86	607	826	142	518	81	541	194	677
754	656	724	511	833	849	643	529	851	214	275	208	846	166	306	793	251	569	1	322	722	428	312	291	690	825	616	326	53	545	549	253	701	381	715	342	539	371	236	576	291	786	464	86	388	838	785	356	0	779	102	530	100	580	257	629	119	864	532	384	416	675	710	549	55	144	487	292	459	205	517	31	477	48	307	691	528	109	597	551	72	714	59	63	782	448	786	432	170	94	592	719	76	791	698	769	416	340	125	52
329	164	242	659	5	517	204	84	140	554	264	689	606	484	669	417	212	528	458	244	496	260	716	584	858	579	19	332	832	286	681	321	475	398	722	687	285	426	468	830	169	193	444	776	531	48	234	575	433	0	80	17	436	296	226	757	750	432	383	327	677	708	777	551	168	49	701	121	769	127	216	808	602	240	453	436	238	470	25	96	8	534	65	21	384	813	283	491	109	226	559	148	646	403	71	818	113	614	530	693
779	337	564	313	275	440	353	139	254	822	730	391	63	672	603	578	638	14	93	840	531	169	385	127	259	429	167	183	202	734	198	575	139	793	729	293	224	725	220	776	745	452	2	101	107	718	333	72	721	176	0	778	53	460	555	491	242	407	503	40	49	649	341	363	674	71	359	435	280	554	332	268	721	495	559	307	445	682	127	598	252	746	492	560	348	671	366	749	413	812	65	462	200	683	480	545	172	864	797	367
643	412	809	713	68	151	225	810	726	467	99	404	325	461	186	729	26	292	463	688	516	767	295	766	238	30	148	314	733	650	15	16	677	715	841	330	759	303	611	544	231	622	127	732	149	606	73	602	713	120	836	0	15	543	858	486	615	623	243	146	456	865	318	86	173	530	415	647	667	757	301	789	182	813	787	547	769	697	85	233	221	317	595	239	627	36	205	644	504	433	620	621	668	314	864	264	741	178	522	839
490	344	601	491	204	492	54	339	799	769	213	472	390	841	352	350	676	845	302	275	842	160	684	617	57	683	278	668	189	20	133	729	51	416	391	568	219	208	170	272	489	99	652	620	814	608	712	37	161	138	355	727	0	96	681	286	714	635	182	703	467	148	247	390	87	612	615	846	472	533	308	41	297	635	585	44	220	424	852	317	595	175	324	59	845	227	276	305	70	736	12	384	204	122	864	784	854	10	213	529
383	262	449	57	717	421	188	62	79	776	577	533	566	684	218	860	787	761	787	367	285	374	341	279	796	330	302	357	54	366	658	383	629	23	451	599	170	774	825	850	374	477	320	95	101	113	623	281	424	740	543	377	9	0	507	753	787	52	158	856	865	375	559	754	817	573	615	303	56	39	303	659	232	769	645	751	232	516	78	145	380	47	453	300	675	824	625	478	246	242	453	167	338	359	740	419	553	560	682	501
140	721	746	111	180	437	690	22	130	473	18	534	421	429	100	854	314	572	320	605	332	450	180	171	422	761	270	497	242	554	583	801	829	644	845	442	292	272	275	501	342	666	547	404	260	57	696	244	279	593	659	601	275	443	0	766	332	204	688	15	777	59	847	332	392	271	124	162	150	378	640	835	684	53	290	87	755	613	781	196	318	733	627	213	172	300	538	112	30	123	10	71	332	44	350	246	178	485	729	651
318	721	541	153	441	720	608	221	153	163	361	219	727	519	252	625	101	402	27	395	220	327	401	204	332	77	309	436	234	456	23	295	817	686	300	397	17	95	699	695	735	548	562	842	484	774	330	102	278	790	380	287	690	787	861	0	213	559	196	259	77	481	672	106	140	468	415	38	543	38	167	85	275	230	208	641	654	319	503	45	501	680	582	398	855	441	62	144	104	844	833	141	380	25	622	411	263	708	107	393
712	797	114	827	182	162	587	533	675	383	786	99	563	853	34	448	396	823	477	447	522	657	67	94	155	486	342	84	501	529	552	570	80	750	376	189	157	497	648	799	772	293	642	859	178	675	487	507	292	580	841	585	558	267	855	23	0	141	658	616	235	696	857	274	53	817	332	158	21	512	630	502	776	303	329	516	42	461	706	146	325	277	242	286	721	451	477	572	646	12	3	601	341	641	759	541	224	33	641	58
834	167	370	446	488	537	366	140	332	429	378	311	414	302	173	497	680	36	678	438	530	435	724	195	130	155	437	217	156	543	581	152	665	754	761	662	547	151	133	585	739	827	357	270	575	69	773	298	188	462	676	804	187	57	794	384	768	0	242	217	583	54	624	136	469	400	479	407	468	337	333	169	747	389	605	600	510	23	484	758	216	748	665	608	557	661	653	352	373	784	39	780	146	744	229	828	352	701	106	388
823	727	229	264	442	835	651	49	276	98	829	34	361	116	217	843	349	215	137	625	325	672	798	162	753	188	368	695	413	187	839	512	266	129	708	190	783	19	483	629	99	767	785	34	176	30	215	513	644	50	611	727	338	299	525	159	271	132	0	507	543	235	643	145	534	459	185	347	648	441	449	590	474	100	52	574	262	84	199	863	581	42	242	435	717	105	457	487	559	649	195	863	824	534	4	497	385	478	538	735
415	219	292	656	663	27	700	709	452	186	362	833	337	104	594	838	418	717	280	329	512	233	43	647	130	631	201	466	268	293	45	433	704	129	864	378	408	570	224	581	790	739	242	740	518	592	736	644	60	222	843	528	204	719	315	684	85	618	852	0	683	221	818	718	599	10	112	341	477	588	164	643	101	554	476	51	383	3	332	268	474	124	619	129	605	189	410	144	675	104	45	279	92	5	790	350	199	128	745	334
289	239	315	801	385	2	505	416	8	143	707	502	499	214	267	274	577	125	742	450	646	845	248	132	185	586	678	751	749	117	739	408	815	534	861	444	216	627	463	37	748	253	95	131	715	750	62	811	777	522	625	130	441	204	570	310	387	708	121	719	0	790	231	147	106	575	342	222	83	791	57	281	171	148	736	469	384	190	121	749	644	489	856	324	839	19	68	557	535	361	379	231	553	152	660	139	653	589	194	593
711	145	611	212	294	518	495	5	62	151	397	353	87	688	648	415	356	613	627	229	11	639	371	650	407	129	83	812	30	777	585	59	405	176	657	304	858	35	371	838	672	629	700	605	526	745	335	81	190	706	388	398	762	398	292	291	743	676	300	310	623	0	819	12	711	857	745	784	651	620	410	521	434	661	257	679	344	711	57	633	129	700	789	460	374	787	148	393	114	595	499	270	110	286	778	663	347	339	141	455
138	750	709	621	340	139	635	849	24	790	819	852	729	86	172	93	606	831	112	299	771	527	499	336	536	740	514	102	84	376	609	778	519	289	865	794	125	786	398	82	361	374	703	449	334	4	320	755	182	525	455	401	386	775	763	475	256	217	132	500	109	589	0	400	273	408	82	222	565	755	44	8	203	239	160	361	816	836	589	238	456	66	847	112	399	845	711	29	465	385	242	109	33	796	615	387	352	688	127	635
352	648	619	153	531	282	723	582	587	197	113	518	491	463	505	494	630	565	361	190	526	160	348	524	30	740	472	325	757	349	446	549	511	129	242	211	385	247	618	738	763	618	18	316	585	749	180	61	334	266	786	342	29	8	641	566	88	291	126	78	260	629	739	0	358	186	274	413	325	175	207	167	70	508	513	306	715	639	590	571	367	167	755	203	512	636	414	750	420	45	540	374	96	431	197	468	606	516	197	485
3	606	332	565	493	45	817	448	675	150	802	784	746	62	29	441	300	446	712	369	3	635	747	466	102	534	337	33	131	181	695	737	221	185	717	2	57	470	584	859	118	770	861	204	790	552	732	669	607	162	368	576	573	179	257	320	572	652	215	764	69	244	173	68	0	514	699	322	834	387	667	741	785	707	605	367	831	573	180	112	391	95	173	272	791	642	779	65	120	158	319	250	262	490	639	346	575	457	373	640
807	574	423	743	358	23	320	466	36	207	450	847	272	475	640	67	730	352	425	130	568	655	526	631	704	344	510	102	684	260	36	472	799	208	169	846	758	33	804	642	372	230	346	52	542	304	560	621	398	527	279	219	43	159	228	94	409	194	833	90	681	734	263	801	534	0	533	789	195	562	209	289	412	525	297	114	718	241	138	608	352	293	350	748	605	249	63	238	213	139	150	383	188	355	729	380	484	774	219	787
795	239	207	473	786	217	456	115	716	264	263	240	45	746	27	56	849	764	470	19	165	559	197	176	843	235	100	55	250	75	235	550	779	660	187	704	115	226	388	278	768	824	394	75	556	336	818	717	73	325	834	52	572	195	537	657	120	449	239	267	745	538	26	577	501	264	0	1	562	337	562	18	573	190	793	137	751	24	784	169	512	814	794	285	513	237	40	283	329	854	859	592	436	247	552	598	34	345	20	75
788	502	531	124	853	304	687	494	717	544	47	624	604	251	135	824	817	773	162	460	420	145	316	343	643	380	24	505	421	655	106	31	789	579	798	363	38	424	695	54	633	444	720	694	721	57	254	368	149	402	359	32	275	475	700	213	569	609	133	107	851	406	795	245	332	800	588	0	57	478	512	701	442	855	642	390	611	666	104	417	674	824	783	72	578	74	100	23	400	123	498	635	593	350	371	782	137	5	522	29
661	306	250	768	719	61	393	251	174	45	166	818	815	125	296	312	339	826	359	411	283	763	858	537	105	116	225	698	529	174	827	754	381	247	516	271	32	71	212	272	28	223	241	672	744	165	771	150	251	120	163	308	588	519	863	540	173	623	848	570	75	703	766	324	758	328	691	226	0	546	278	520	563	538	353	852	250	216	639	134	422	132	225	750	100	262	135	400	776	79	259	819	718	327	583	809	211	466	384	82
47	480	528	762	170	776	681	472	639	523	306	262	253	576	241	63	641	115	713	788	17	281	629	337	708	448	418	644	535	96	313	435	665	372	555	760	243	695	865	415	298	500	496	4	352	851	528	323	227	625	502	150	849	100	659	583	545	488	566	582	313	246	174	229	261	85	278	736	228	0	510	635	315	354	849	520	785	624	3	769	76	617	373	715	843	549	22	374	514	687	73	588	729	563	685	351	763	473	547	767
673	491	131	188	153	418	549	760	138	643	305	495	445	692	20	334	98	104	734	745	491	173	376	534	746	575	499	377	313	624	651	673	474	468	780	465	30	763	630	663	79	806	98	531	632	726	810	464	91	863	717	693	77	547	29	439	403	162	184	749	344	688	742	535	536	567	755	452	524	127	0	728	269	295	782	645	786	573	852	677	589	683	378	273	815	147	221	854	377	689	461	67	497	472	844	270	310	470	400	734
553	172	221	223	303	797	161	41	649	372	584	180	58	355	350	565	856	533	233	154	628	802	282	614	851	352	725	143	14	92	789	487	819	827	108	471	212	504	46	834	274	748	6	120	545	263	797	70	643	516	825	564	115	424	841	306	636	813	88	632	541	794	34	422	515	345	816	121	412	101	827	0	20	601	695	664	445	212	596	856	442	816	856	503	317	362	313	858	549	654	731	323	49	31	514	456	774	307	337	219
383	853	626	192	521	544	736	10	719	793	380	498	30	60	379	112	31	387	164	392	135	611	136	146	722	349	685	339	429	652	386	686	203	542	410	12	344	207	672	603	724	261	118	34	16	722	171	645	184	257	53	810	374	779	42	352	401	613	199	677	463	860	783	831	665	681	450	176	564	31	324	43	0	366	759	251	392	78	662	68	549	45	355	605	797	156	360	472	613	93	367	304	35	831	830	246	584	22	192	817
101	481	210	104	769	48	168	8	797	804	727	346	648	86	718	366	568	587	773	562	805	828	559	93	133	682	324	66	320	167	560	65	638	123	428	788	796	95	839	435	586	452	425	593	600	267	145	261	409	727	684	291	694	295	794	673	562	405	770	152	839	116	455	340	17	358	594	204	58	129	745	507	189	0	565	427	509	125	784	435	776	493	674	672	286	94	843	153	404	433	45	146	107	289	166	268	231	165	161	520
641	170	612	16	79	379	132	155	555	83	96	601	697	174	214	754	687	845	56	548	511	492	520	740	248	665	753	766	76	41	22	78	1	621	288	260	253	654	444	572	351	826	286	864	393	14	782	708	570	668	389	224	519	254	789	629	825	57	780	753	801	171	366	264	620	228	796	411	835	422	523	557	1	249	0	391	590	60	757	36	579	261	730	469	323	68	107	323	138	811	190	788	505	655	327	519	578	451	98	28
667	595	663	837	635	818	389	212	800	533	141	785	71	691	275	266	540	283	156	200	627	666	224	705	585	296	786	680	631	380	649	719	645	835	602	844	548	829	821	401	599	688	54	820	523	136	735	360	473	181	536	702	491	584	670	543	415	597	659	189	64	402	710	597	556	80	827	260	416	371	378	846	617	763	771	0	48	73	536	827	290	37	467	86	758	510	480	32	383	709	865	298	459	653	116	312	560	188	289	505
199	718	225	511	417	724	157	115	496	506	410	17	735	236	47	850	145	135	58	391	69	756	104	421	138	131	569	100	730	855	306	305	533	247	349	791	428	141	42	353	18	207	683	837	765	197	455	535	852	767	107	439	467	571	738	278	543	1	772	409	405	450	548	54	749	197	756	286	691	449	663	43	414	421	466	681	0	677	524	7	207	833	288	663	370	562	569	333	190	58	821	38	52	600	373	702	664	863	823	302
119	535	592	807	684	324	283	766	418	790	716	372	716	158	562	656	253	809	543	198	797	290	855	861	726	604	491	77	635	859	283	516	301	147	524	487	95	52	53	5	706	838	817	244	643	633	44	334	161	265	550	323	51	45	713	30	21	380	471	810	213	68	451	48	587	31	781	716	100	750	524	269	324	98	721	241	553	0	133	782	31	747	838	715	507	323	240	170	585	260	865	458	365	147	286	269	797	161	386	216
491	581	674	821	484	693	703	605	531	158	851	817	90	865	601	22	486	808	334	850	514	793	650	500	667	252	680	81	629	603	74	330	814	462	219	629	161	47	256	115	428	167	19	262	475	131	20	825	41	744	831	386	55	221	525	59	436	26	610	846	671	32	122	686	253	487	785	102	597	619	379	369	78	67	644	121	235	486	0	146	9	632	123	368	265	371	205	105	702	357	19	506	300	593	311	659	864	518	146	7
444	85	746	66	94	620	792	24	255	101	100	259	111	154	757	89	737	486	335	849	496	271	300	451	198	534	750	519	831	615	595	259	770	700	156	2	138	272	141	628	107	318	760	198	744	702	813	173	521	181	447	633	516	551	191	286	511	707	441	47	372	71	449	237	746	761	11	158	53	322	413	584	120	238	616	408	749	582	512	0	842	759	89	564	404	678	2	73	668	821	714	291	108	110	718	858	176	530	210	569
390	343	252	277	621	287	56	820	177	663	37	548	563	861	645	55	599	89	142	663	17	682	281	573	214	417	841	244	498	570	578	137	627	563	775	854	536	649	318	400	108	404	189	624	268	559	345	335	365	825	460	387	333	442	796	315	501	535	704	162	116	516	685	664	840	862	676	85	306	732	52	294	305	172	322	93	590	274	149	823	0	546	50	49	521	495	41	407	782	262	631	561	276	505	865	242	179	665	130	120
269	390	839	392	270	261	812	678	731	581	414	530	314	340	279	127	336	626	686	434	521	133	661	352	458	316	515	282	339	361	569	718	673	44	861	172	137	306	429	798	56	487	491	528	706	566	167	41	838	128	675	288	649	94	603	716	239	210	430	463	484	398	752	700	655	202	3	272	365	712	124	265	65	310	861	680	541	532	848	373	711	0	418	314	759	295	71	469	486	789	597	350	262	651	837	754	3	89	266	148
140	86	504	570	389	198	312	161	605	773	557	243	784	194	21	649	571	385	548	473	234	363	262	510	582	413	381	304	490	601	236	857	833	481	113	146	784	142	857	226	770	90	156	358	725	526	137	862	700	44	404	58	5	171	437	625	801	832	704	625	796	33	51	128	257	123	62	324	160	367	28	354	351	397	290	669	603	398	735	554	181	14	0	493	612	551	298	46	219	643	707	155	373	716	90	591	778	67	290	780
181	582	188	551	59	311	294	230	717	144	401	477	718	409	65	86	116	232	258	153	775	16	557	285	780	783	31	211	812	460	165	228	192	407	273	606	245	457	14	51	400	825	860	732	539	476	441	808	559	757	57	793	416	178	418	449	738	113	784	9	51	395	128	859	217	630	209	410	502	842	691	860	350	46	642	316	251	740	24	41	182	118	586	0	238	32	817	333	834	208	254	548	108	615	136	297	292	749	366	391
309	295	264	346	617	805	865	76	320	632	835	465	467	745	453	293	733	332	678	94	670	566	257	239	541	171	708	622	251	671	647	128	689	139	745	174	286	82	588	175	200	416	453	217	110	761	667	179	678	421	628	763	748	250	567	613	150	44	117	650	153	5	262	694	226	647	443	864	64	602	528	298	593	701	849	390	436	523	353	627	218	657	714	833	0	55	540	625	208	520	173	532	756	644	56	231	139	826	343	840
29	588	282	146	752	697	501	366	2	633	365	490	597	309	283	802	424	456	387	342	542	832	189	491	521	228	181	774	759	54	682	411	710	676	343	648	793	424	300	833	696	831	282	690	794	137	58	407	760	422	749	311	776	429	636	385	724	317	25	331	851	663	258	865	571	421	594	82	540	407	786	625	601	474	223	784	714	764	422	75	723	347	651	488	802	0	689	170	84	481	734	220	128	548	261	437	371	498	642	147
378	463	679	848	645	304	799	138	120	674	724	240	766	305	804	431	616	354	74	609	441	52	499	762	226	121	693	186	1	23	13	109	842	333	207	369	817	790	661	741	645	403	208	322	446	150	850	622	201	763	582	440	815	79	839	527	648	49	63	352	728	325	601	148	81	573	778	574	723	46	699	704	6	736	79	861	363	292	634	365	193	734	513	553	506	55	0	328	723	354	401	649	282	496	651	236	399	179	841	499
561	366	142	285	651	567	689	75	75	340	837	745	785	817	72	855	443	525	846	35	813	393	305	156	809	563	393	295	485	635	281	123	257	59	786	139	149	404	194	402	46	417	14	464	632	335	685	683	75	578	287	281	389	498	489	512	196	546	726	347	328	607	408	347	480	265	787	523	543	165	590	616	400	305	634	191	471	614	741	710	803	105	773	29	691	347	39	0	585	671	311	300	198	258	551	410	59	753	231	2
736	357	447	645	676	754	102	85	168	616	547	239	588	591	812	241	717	858	688	560	828	190	812	523	490	450	338	95	470	470	301	67	738	84	405	637	715	711	192	474	762	316	683	163	720	130	621	552	96	210	772	521	40	152	272	786	311	134	778	517	830	320	708	581	701	112	387	179	476	395	548	453	409	379	559	58	109	22	173	484	58	365	278	427	859	334	6	418	0	183	840	356	838	459	606	689	863	8	551	452
273	575	680	781	632	178	258	752	1	134	157	585	566	118	742	345	563	655	23	316	457	8	234	10	735	613	532	246	150	273	658	323	431	807	453	639	742	603	360	437	112	693	350	728	137	683	72	776	170	239	420	88	691	486	385	196	569	319	742	622	218	605	793	576	236	708	121	312	739	862	410	65	604	813	190	523	521	230	485	585	584	792	772	222	675	595	804	316	582	0	596	274	486	569	831	564	592	579	156	133
131	700	340	635	421	615	338	641	493	209	645	195	277	794	839	401	673	398	700	351	203	198	372	380	378	651	264	141	657	15	93	246	32	691	145	293	338	255	607	234	4	58	751	92	301	328	810	340	244	524	121	742	158	667	73	756	538	848	619	1	567	603	387	572	120	289	95	432	807	700	786	663	242	755	319	851	722	202	25	599	81	571	592	58	285	376	737	730	341	161	0	338	813	65	558	251	522	797	71	499
9	415	809	233	821	566	591	263	421	863	543	606	817	184	470	404	254	417	538	679	831	862	106	391	164	270	557	766	118	759	71	548	262	725	67	632	543	280	606	570	776	219	433	327	383	629	40	670	317	141	131	462	180	838	56	579	509	540	109	632	637	168	744	773	707	708	823	404	291	629	424	809	696	84	626	435	757	800	574	57	789	178	300	169	842	302	735	755	12	850	698	0	541	356	630	297	417	666	278	56
273	248	173	456	496	13	468	798	238	117	470	95	641	34	639	644	453	777	54	393	417	837	164	218	340	686	408	286	143	846	96	506	41	422	170	840	838	240	104	516	294	78	808	371	282	506	653	250	631	19	534	84	55	510	134	668	64	407	631	542	145	744	129	159	828	143	760	650	480	173	448	39	563	106	836	573	528	582	765	578	86	42	600	301	685	338	784	355	556	451	440	31	0	803	534	376	697	6	313	345
485	495	598	440	518	567	303	825	704	315	786	637	423	109	364	579	653	37	725	345	855	744	448	232	291	282	810	287	244	156	222	345	380	800	348	641	240	726	210	727	675	854	359	340	41	721	86	458	190	286	32	853	663	442	284	23	705	804	153	779	694	736	116	187	442	752	416	810	40	824	760	798	98	594	363	831	569	515	478	234	124	351	505	521	547	380	480	852	59	845	495	494	14	0	413	407	487	380	628	669
280	783	85	418	118	353	71	538	777	525	64	551	233	705	583	392	55	148	683	253	693	490	131	354	79	226	664	603	338	859	145	640	340	198	581	246	489	608	690	73	185	501	265	395	822	732	569	290	333	681	200	466	670	24	13	496	378	503	310	691	553	416	500	756	726	498	230	274	401	109	854	158	766	525	481	803	655	429	792	94	286	484	357	707	453	616	199	603	462	368	236	321	531	341	0	165	112	572	353	848
124	836	776	689	494	573	257	263	221	634	51	374	848	451	670	272	775	47	587	382	519	17	793	205	343	742	375	360	466	53	621	229	250	254	403	424	821	594	850	646	63	599	378	142	167	729	564	563	150	252	823	287	501	365	774	401	610	658	423	531	301	367	556	342	519	339	576	172	205	429	263	679	393	766	389	92	535	570	389	302	257	303	24	28	712	7	206	693	461	711	378	857	580	619	236	0	449	778	203	722
152	683	110	435	223	434	735	443	410	32	395	127	753	236	550	588	216	525	732	554	451	619	788	723	846	104	440	842	39	708	838	383	190	613	1	18	4	548	430	601	395	548	583	580	50	725	368	827	468	25	121	724	317	783	77	571	715	487	423	695	732	754	226	633	72	514	787	609	242	832	292	174	505	458	703	253	233	326	724	213	479	397	126	393	585	238	328	447	768	601	860	852	361	292	510	531	0	788	755	670
60	823	780	348	211	600	456	246	291	771	792	541	666	516	811	685	758	18	620	722	161	806	613	831	56	272	572	180	374	461	809	169	594	812	689	827	141	74	265	724	227	343	155	862	91	698	229	87	360	241	495	138	852	292	115	137	222	703	431	241	176	194	418	454	180	12	555	797	512	850	305	254	323	64	355	444	344	156	385	677	763	397	306	595	114	550	382	413	284	794	204	590	228	805	666	857	768	0	788	707
263	400	73	836	214	474	213	74	457	845	800	214	697	515	130	163	824	815	97	783	742	275	726	482	524	720	455	160	357	410	595	238	708	225	116	854	192	499	639	850	269	451	150	79	523	518	270	832	445	173	759	367	29	836	37	698	56	650	514	472	706	170	309	248	482	732	548	352	718	10	378	315	18	666	720	373	682	281	401	538	17	125	458	797	150	240	834	194	28	323	525	704	621	387	681	762	561	418	0	289
768	309	103	773	542	512	294	621	504	257	243	44	74	849	277	303	603	833	865	255	844	310	643	312	56	507	206	509	114	510	230	293	522	689	28	675	20	601	284	464	739	212	154	123	151	339	854	60	180	23	371	263	725	591	697	244	280	434	112	224	59	193	222	107	740	750	84	172	245	859	131	850	202	361	696	779	334	750	429	771	331	855	536	65	109	600	293	221	60	564	849	330	599	440	775	817	619	510	846	0
