A	B	C	D	E	F	G	H	I	J	K	L	M	N	O	P	Q	R	S	T	U	V	W	X	Y	Z	AA	AB	AC	AD	AE	AF	AG	AH	AI	AJ	AK	AL	AM	AN	AO	AP	AQ	AR	AS	AT	AU	AV	AW	AX	AY	AZ	BA	BB	BC	BD	BE	BF	BG	BH	BI	BJ	BK	BL	BM	BN	BO	BP	BQ	BR	BS	BT	BU	BV	BW	BX	BY	BZ	CA	CB	CC	CD	CE	CF	CG	CH	CI	CJ	CK	CL	CM	CN	CO	CP	CQ	CR	CS	CT	CU	CV
0	512	388	414	9	532	274	25	30	264	656	302	259	387	309	664	39	506	390	317	518	558	53	578	305	716	698	618	714	181	594	307	621	390	46	304	416	570	568	563	210	408	547	446	634	495	515	157	475	451	375	673	278	405	56	83	15	16	580	432	124	299	460	177	495	313	594	235	197	326	36	272	578	551	320	594	87	17	637	317	356	145	135	150	59	147	191	335	351	407	204	462	174	3	273	615	479	491	616	360
136	0	453	490	346	142	78	306	163	15	292	422	52	210	334	446	630	226	343	333	480	488	343	497	248	508	379	191	567	663	470	318	630	258	527	116	442	476	575	252	34	654	152	90	136	403	629	285	426	643	668	344	671	141	415	416	677	23	372	418	365	640	603	303	203	469	425	376	594	54	359	28	115	569	561	308	178	33	280	505	689	270	223	703	685	507	644	590	331	488	241	158	532	207	719	277	127	330	265	657
554	468	0	311	641	573	722	565	80	525	305	497	604	425	573	472	224	131	691	409	359	485	720	306	109	27	224	423	660	686	91	126	229	257	381	420	671	2	145	548	473	63	458	354	19	191	683	519	323	717	41	168	211	521	566	222	185	196	412	686	654	506	173	722	115	623	50	211	468	708	417	602	688	244	360	455	108	458	513	541	382	267	409	675	242	501	97	240	420	666	599	19	475	237	187	418	49	348	640	94
231	609	562	0	505	401	442	471	426	484	24	557	654	473	455	657	152	417	650	426	285	227	147	270	591	422	688	375	683	597	76	160	217	357	229	423	227	207	82	45	232	274	199	241	683	120	590	715	629	247	492	569	66	331	66	97	563	206	182	659	709	549	574	107	202	32	521	472	167	638	299	307	569	380	444	441	527	150	124	266	132	5	122	207	18	654	630	256	251	107	148	121	692	209	52	257	392	628	421	333
258	114	117	710	0	194	631	316	272	251	375	233	474	128	267	697	380	174	309	434	417	273	568	151	722	162	48	337	226	682	304	104	459	436	405	262	302	150	699	52	100	240	306	565	601	593	678	128	721	360	669	206	610	680	624	585	312	475	284	330	213	184	599	656	434	437	689	313	445	255	428	657	609	14	215	411	354	338	619	697	519	441	650	539	267	491	103	142	215	685	155	715	120	599	9	194	79	96	597	223
607	471	219	609	627	0	206	111	708	133	457	248	330	383	196	451	312	58	347	223	110	56	2	397	415	661	211	133	331	151	576	16	568	86	329	207	675	454	9	160	331	295	420	443	155	184	202	503	442	411	407	280	262	610	201	51	556	613	396	215	347	35	532	45	701	42	370	94	690	270	640	198	521	463	435	546	677	252	419	330	84	110	607	695	361	560	546	141	479	608	336	539	155	636	707	649	347	399	309	664
100	530	596	451	701	490	0	272	401	53	279	508	27	623	353	695	2	85	453	90	537	91	145	165	496	215	102	472	544	296	259	405	190	418	653	24	263	131	109	552	455	132	539	29	261	77	143	548	666	663	692	356	493	129	496	78	518	664	211	481	340	533	147	253	524	227	113	39	690	172	247	496	635	357	104	412	558	122	284	660	11	394	539	714	586	607	197	57	472	534	77	519	371	688	213	501	57	4	402	712
112	431	220	108	98	585	411	0	490	325	462	665	701	97	153	40	322	464	539	453	290	612	378	535	265	573	593	350	667	178	102	149	18	711	326	510	191	577	234	181	387	498	189	443	593	559	539	254	656	374	502	623	254	658	389	524	34	384	360	185	365	83	172	168	79	398	365	675	95	236	140	180	106	86	621	574	424	270	557	261	529	146	12	237	549	6	518	658	25	187	458	424	249	378	30	81	649	338	568	207
517	120	431	186	206	430	283	359	0	176	361	279	629	692	71	512	504	534	46	212	389	202	177	521	109	107	415	554	519	239	282	405	522	65	331	289	657	15	369	719	652	625	69	188	589	308	9	704	674	687	51	33	394	217	693	338	495	384	213	553	27	607	142	530	659	126	667	222	183	535	511	503	640	128	512	692	627	140	310	109	344	353	172	5	4	271	249	99	11	442	495	100	191	575	586	660	714	542	233	712
270	265	589	509	424	491	173	298	539	0	190	159	253	232	323	506	567	6	523	682	537	574	514	342	505	164	334	236	603	469	14	186	189	293	413	115	131	420	438	609	166	421	654	692	147	206	202	523	695	333	67	16	586	241	116	711	297	416	644	103	250	219	525	628	669	134	97	552	580	396	313	68	342	127	513	212	560	567	667	586	660	74	206	87	607	264	15	682	118	649	72	653	517	708	216	606	336	465	378	8
357	484	54	548	605	167	406	332	713	626	0	284	10	300	279	365	225	255	691	706	350	341	561	670	145	320	641	283	564	108	637	426	408	333	207	136	40	7	197	665	626	85	485	103	544	703	281	627	401	526	303	466	211	439	438	570	640	179	438	275	155	506	160	684	85	27	554	574	612	535	680	213	442	388	708	64	234	300	539	434	481	571	214	542	66	446	174	114	703	174	506	581	563	710	25	505	413	164	19	211
273	629	499	147	286	481	587	710	155	420	389	0	244	617	492	153	467	549	683	677	721	341	161	575	183	415	233	420	322	712	47	468	551	159	629	284	661	473	285	641	81	705	646	623	247	542	662	557	66	151	356	688	498	309	610	718	683	156	54	539	397	415	633	189	499	36	111	196	238	399	195	235	408	254	262	231	260	39	121	245	578	338	388	46	150	89	195	497	98	722	148	511	150	246	218	377	159	251	648	531
42	256	587	269	313	14	153	648	319	254	527	526	0	72	708	452	15	190	309	8	323	88	225	722	120	56	396	406	419	680	370	429	7	112	559	124	426	468	159	236	587	310	65	244	652	6	539	34	548	390	186	426	450	635	568	485	704	392	270	388	438	565	186	178	54	34	655	122	395	30	566	52	613	191	565	576	355	525	6	147	529	636	551	210	129	363	686	713	584	672	72	233	544	594	477	212	59	162	718	665
122	577	18	71	534	613	699	399	663	196	714	509	74	0	451	351	39	627	87	560	194	639	474	423	38	353	5	242	50	484	670	246	382	428	168	628	87	265	674	719	714	207	342	457	649	593	636	21	281	471	491	299	7	39	136	384	148	330	21	688	105	690	23	4	426	32	59	659	494	109	309	350	258	6	472	72	468	131	1	138	348	487	397	161	237	87	498	487	102	216	47	335	300	103	11	1	485	310	573	584
11	413	184	310	383	23	716	269	313	718	125	618	327	183	0	717	505	363	413	282	496	295	31	303	484	666	526	429	682	162	44	28	87	455	82	117	243	19	505	662	635	588	630	199	20	649	147	575	63	258	396	486	707	302	498	682	293	177	574	533	640	422	86	440	573	26	592	88	29	451	401	259	388	389	629	100	326	521	502	405	235	140	692	463	710	631	80	365	34	371	107	352	718	530	289	449	656	44	561	184
221	426	670	157	43	493	75	527	304	96	570	451	671	436	76	0	156	364	153	629	209	40	643	277	403	16	683	389	480	336	112	710	149	364	169	139	135	620	83	227	428	163	441	616	204	651	118	343	258	495	722	34	459	251	309	324	39	178	210	27	240	315	272	684	121	663	400	125	363	401	434	338	446	84	549	561	299	6	416	690	450	379	587	498	503	186	529	5	124	234	352	624	323	331	372	105	535	17	554	18
550	201	596	381	310	29	14	114	236	712	380	256	538	224	281	443	0	365	245	121	478	39	157	599	353	81	175	87	111	398	471	702	193	374	410	253	382	391	336	567	562	503	481	625	510	237	497	112	342	449	155	533	264	95	356	441	222	664	558	677	112	198	593	63	626	22	39	64	497	640	573	494	275	226	272	643	508	184	566	347	465	15	37	291	564	620	672	123	109	282	636	555	65	36	639	429	210	90	191	351
270	634	514	426	146	273	156	213	56	129	230	68	472	20	661	380	713	0	9	47	252	603	585	222	357	687	221	423	223	396	692	219	189	3	569	232	376	459	56	250	601	249	490	280	639	714	301	225	606	694	178	629	667	203	89	631	188	364	248	358	174	345	316	371	685	478	35	438	548	243	694	501	260	17	111	715	178	571	390	545	282	121	241	511	529	283	387	298	410	714	511	541	464	141	150	317	296	691	230	285
359	389	358	77	76	577	125	64	454	464	29	601	427	525	648	499	469	522	0	603	339	391	553	338	48	704	479	622	430	667	654	477	257	172	270	142	629	680	279	137	721	626	66	469	493	692	214	440	678	109	479	85	298	1	13	599	146	97	620	361	490	395	467	183	9	188	570	512	411	683	405	303	138	97	427	366	694	197	482	298	202	464	142	519	440	128	112	508	305	266	401	219	273	535	379	263	632	270	557	162
575	631	466	160	255	636	484	373	44	283	637	44	97	203	383	658	472	29	214	0	100	332	257	214	371	17	411	180	539	264	431	680	608	29	643	307	337	517	591	216	487	247	137	491	629	210	131	91	372	107	130	324	648	435	665	485	692	66	493	516	79	561	238	568	248	93	618	215	451	112	695	30	531	392	473	225	522	495	661	237	48	214	230	703	54	607	349	143	598	629	153	690	285	686	393	338	324	227	356	529
217	241	559	682	566	687	55	143	277	377	634	429	668	451	662	417	440	649	294	653	0	410	254	92	225	683	692	87	101	142	11	428	162	272	559	683	416	166	1	645	425	221	587	353	683	452	256	674	370	155	622	112	76	577	374	326	620	581	233	625	247	488	303	102	47	290	474	638	162	593	647	155	203	455	509	22	1	512	620	715	537	520	437	173	428	685	301	251	195	416	415	403	328	508	119	555	715	643	387	480
555	263	509	538	611	118	314	315	463	511	386	232	389	121	466	460	254	273	57	31	331	0	191	498	127	482	265	632	680	698	252	390	669	122	329	685	691	685	585	632	612	118	664	499	60	251	311	653	487	54	341	551	174	553	132	19	236	349	209	117	703	282	344	338	110	400	260	206	324	437	171	225	76	282	508	505	147	75	25	315	570	445	54	558	533	454	7	223	77	314	346	129	576	222	185	299	103	190	170	518
338	193	581	135	533	544	542	347	675	262	120	627	401	308	549	352	533	617	366	352	119	492	0	210	541	412	340	155	383	387	596	545	195	411	663	249	434	183	61	267	382	573	9	609	148	69	632	291	12	65	178	275	586	407	535	587	369	231	144	620	496	695	111	565	451	711	508	80	98	194	625	99	624	438	523	38	562	64	625	523	335	705	380	456	579	575	602	698	341	286	293	230	407	301	475	626	599	145	216	347
9	426	395	182	463	371	480	356	478	481	612	157	13	359	642	564	495	635	708	432	456	261	244	0	24	436	524	719	356	342	280	626	679	675	569	191	350	645	329	652	54	323	230	71	544	235	257	387	415	263	636	208	576	214	98	499	363	444	293	158	172	339	424	30	647	219	120	149	715	535	472	227	160	217	327	261	479	340	480	142	79	483	342	515	283	546	682	474	176	380	596	124	296	291	244	152	282	613	384	417
581	561	439	225	395	2	33	149	87	512	397	650	138	247	47	481	373	34	452	352	351	721	234	512	0	64	300	110	561	97	323	226	291	642	317	495	281	54	99	171	494	600	635	565	92	381	127	342	175	272	705	675	380	387	606	177	324	255	536	102	360	586	509	394	62	522	719	68	89	340	406	419	456	663	372	141	165	263	536	123	459	475	498	519	613	287	130	181	562	663	643	157	694	580	229	297	685	177	47	186
476	44	291	382	145	378	66	315	449	525	173	622	55	415	111	157	306	366	155	203	312	198	297	250	690	0	442	153	554	397	434	169	436	503	218	697	462	251	55	29	625	80	379	276	77	106	86	491	79	166	472	600	271	102	351	322	720	10	12	460	502	215	97	81	418	168	97	95	445	505	594	204	594	623	466	409	496	452	8	444	266	315	252	639	557	401	304	271	597	550	446	593	13	15	216	250	356	497	175	503
625	118	448	637	591	378	44	68	183	596	270	1	188	435	154	603	655	251	225	652	28	436	616	401	585	361	0	451	503	50	684	583	157	643	192	52	638	248	188	676	406	324	80	45	343	106	273	133	626	434	136	363	414	375	572	140	659	325	300	469	481	446	367	467	173	646	19	583	233	16	603	503	697	571	618	242	463	424	418	212	95	249	269	17	113	422	41	496	548	34	145	633	314	182	266	164	297	526	384	376
241	382	74	714	271	331	720	54	240	490	177	349	9	397	31	670	349	205	172	580	485	186	18	601	322	625	352	0	490	126	181	666	581	109	236	28	624	414	529	679	567	407	118	520	688	5	601	153	169	170	310	195	37	481	68	248	300	681	589	400	543	143	241	637	458	588	83	332	135	232	161	223	271	202	202	232	278	281	74	511	582	561	699	486	297	646	380	94	401	495	309	258	601	51	60	74	658	259	442	628
615	431	618	459	654	653	417	532	653	657	292	375	629	163	618	69	215	542	702	308	318	12	653	414	404	286	388	358	0	465	289	630	87	330	390	661	629	104	207	179	651	58	388	379	385	312	605	447	66	1	202	439	708	616	399	518	311	438	377	293	662	579	67	628	35	686	518	190	631	376	434	85	550	645	350	423	88	524	563	240	655	543	664	385	628	687	151	401	9	225	103	154	64	452	591	59	582	58	48	221
481	491	84	278	406	354	699	265	57	655	601	442	341	661	35	664	473	403	483	509	418	368	477	582	96	712	60	600	271	0	48	525	172	672	89	219	485	161	434	662	162	40	216	601	157	174	718	657	672	284	529	312	719	368	534	626	28	240	251	177	345	122	283	99	295	180	587	145	460	76	477	39	54	576	272	456	713	658	125	718	508	426	17	654	5	165	376	153	180	92	196	113	521	322	371	439	397	410	263	719
366	591	25	329	579	530	623	468	516	416	308	358	197	139	73	383	107	36	535	257	191	138	55	82	173	617	678	634	284	714	0	320	20	494	599	617	640	98	533	604	155	73	460	544	35	350	640	569	413	381	579	654	107	440	103	527	633	484	554	703	118	682	633	341	292	511	513	428	423	17	622	436	58	626	291	447	548	459	586	552	644	33	620	330	235	457	357	61	704	418	706	385	497	219	701	283	688	584	71	87
510	82	407	665	20	551	28	248	223	282	56	372	660	719	400	4	168	81	647	707	365	481	146	615	605	602	416	714	662	613	11	0	604	375	298	390	146	541	138	6	656	508	212	257	292	446	368	32	679	240	321	275	71	135	395	3	443	414	349	650	358	670	156	343	599	544	90	314	181	234	699	633	69	598	599	23	44	562	271	249	109	135	486	195	75	283	420	391	713	195	353	43	373	427	652	651	537	323	638	146
680	130	341	430	653	663	55	406	468	392	621	589	8	446	575	290	45	522	361	99	354	399	670	702	567	458	421	683	449	4	657	347	0	602	651	441	426	201	631	469	591	593	67	442	496	686	32	424	46	221	597	83	441	78	103	627	234	120	566	154	218	262	414	20	397	257	326	286	601	555	54	451	402	172	297	90	364	650	666	467	24	73	488	594	576	104	380	151	682	164	478	654	256	533	649	327	377	695	141	643
498	317	668	274	457	49	588	25	74	307	147	571	85	529	709	197	221	629	207	443	345	649	496	126	547	75	664	696	487	548	344	648	195	0	175	407	680	602	194	53	21	110	722	403	486	266	240	293	265	89	625	273	494	174	451	474	180	619	59	545	170	503	103	461	236	70	71	294	1	561	551	68	81	682	665	76	142	554	456	662	720	682	344	263	459	196	363	626	363	470	160	41	601	473	152	449	223	49	483	220
134	659	613	301	435	501	163	435	567	563	236	85	419	412	591	502	300	298	640	236	411	400	668	525	630	393	624	703	681	456	126	652	324	235	0	561	594	214	326	293	17	629	296	430	80	22	38	125	664	675	148	230	612	131	507	150	599	305	601	523	269	511	718	563	285	272	148	439	93	197	664	40	234	718	268	552	542	198	245	66	38	596	280	171	370	527	7	633	696	17	12	293	172	574	606	424	212	451	116	249
101	283	197	156	158	529	526	87	598	143	469	721	479	172	565	58	295	113	51	667	60	219	231	232	591	117	254	166	580	91	304	292	72	27	218	0	324	718	44	50	658	553	442	367	46	367	649	594	542	707	460	218	696	629	315	660	133	63	693	510	102	600	550	255	713	180	140	372	324	263	352	674	465	553	205	31	676	101	110	343	543	222	406	431	660	275	238	574	39	432	722	685	373	504	121	181	415	248	443	198
706	197	370	525	91	602	338	236	460	603	166	335	642	261	442	255	280	567	319	481	468	413	630	451	580	518	203	320	339	577	227	427	99	411	411	90	0	366	354	645	627	512	222	27	584	127	220	559	72	71	236	343	15	20	167	20	446	496	428	540	72	238	460	670	503	84	501	472	17	8	161	706	357	128	185	66	109	669	3	474	354	421	44	670	135	278	451	140	239	640	289	543	638	715	15	576	362	159	665	231
180	362	154	601	7	7	657	57	486	57	439	577	605	275	401	262	435	651	610	532	14	404	401	663	404	46	453	318	217	459	401	363	668	508	332	628	245	0	170	164	9	91	383	649	676	194	453	279	24	659	165	523	244	338	504	6	392	576	341	348	521	597	137	543	116	590	494	673	169	84	155	197	55	324	551	584	575	222	429	536	672	660	590	369	43	123	224	454	464	665	181	69	396	88	656	682	371	652	660	495
691	166	629	104	75	268	597	317	67	322	519	694	229	424	285	560	153	59	193	360	33	203	333	357	337	299	148	327	219	674	529	150	208	618	645	226	526	658	0	496	201	526	72	495	533	102	494	352	168	205	600	455	694	169	233	371	21	59	460	685	600	686	406	349	403	562	83	507	41	106	23	235	552	11	339	287	317	251	162	557	553	719	404	223	269	146	459	366	199	648	274	558	633	244	269	364	555	498	312	361
673	692	662	388	714	660	677	454	685	438	605	573	197	229	427	581	620	272	602	188	495	615	680	421	667	184	438	158	316	62	240	233	644	657	208	7	86	343	165	0	595	204	410	167	371	196	541	480	240	685	694	564	95	11	244	507	433	423	390	560	334	422	227	475	151	525	387	282	469	149	81	85	682	635	98	545	158	117	528	633	22	49	107	274	471	195	681	447	442	579	350	433	251	665	304	10	426	620	184	637
157	687	152	403	86	292	82	701	571	499	547	526	198	412	374	347	142	148	118	616	156	199	83	367	712	458	389	555	461	554	175	520	583	526	125	436	618	40	476	189	0	421	53	82	457	717	33	525	55	86	331	422	204	382	360	143	204	702	267	94	447	632	653	593	358	604	18	328	451	667	626	472	603	600	558	464	478	120	365	193	172	252	161	385	568	709	576	438	507	304	630	266	31	526	301	643	279	299	676	238
398	668	291	450	584	456	227	670	14	722	351	397	415	116	262	632	184	390	216	220	518	530	458	115	21	220	315	419	187	363	476	320	678	373	706	711	368	678	26	311	289	0	494	282	645	607	214	488	646	703	367	402	399	4	615	20	170	398	92	243	43	232	497	274	410	580	275	623	673	414	661	77	82	241	562	717	578	300	604	616	571	232	447	668	683	510	562	43	616	687	299	269	598	417	437	388	49	371	485	336
317	79	285	407	241	83	533	422	343	418	221	152	699	488	469	149	482	368	593	160	618	140	68	158	402	345	336	376	376	241	608	414	578	576	615	615	588	187	520	566	175	169	0	91	30	483	549	26	5	381	79	262	426	678	225	706	500	276	140	295	126	294	40	682	371	195	153	716	326	601	716	484	107	160	82	526	537	502	396	459	431	205	487	390	402	398	118	67	474	414	295	702	409	290	116	67	658	318	165	153
386	433	487	442	651	77	652	301	658	342	190	621	85	37	565	173	673	215	484	427	553	491	710	424	705	497	35	16	671	484	297	100	29	128	92	540	417	170	471	716	507	230	608	0	176	403	291	546	188	491	440	198	66	610	450	317	108	485	630	94	516	641	302	674	329	399	650	687	281	505	468	524	482	7	270	17	407	701	667	435	263	267	253	707	66	274	426	323	266	640	427	358	628	135	438	408	628	203	364	259
494	370	182	160	444	504	600	303	253	140	82	449	660	482	77	698	309	403	596	363	437	232	1	297	352	433	413	530	214	435	268	73	152	538	322	167	188	333	73	87	648	550	571	512	0	217	671	25	153	231	435	123	691	26	280	109	347	347	316	248	711	565	247	92	567	520	603	480	56	421	257	693	465	64	645	155	488	283	115	99	495	464	261	27	141	598	105	4	98	307	595	473	441	183	344	561	716	216	305	516
717	125	251	133	541	43	415	355	519	565	231	486	47	454	584	574	46	467	333	584	473	610	350	481	716	648	679	558	647	289	145	34	275	567	154	468	404	395	344	163	478	114	378	205	583	0	82	159	490	365	131	252	599	399	433	282	250	541	245	305	717	399	657	498	120	509	386	468	389	582	443	231	588	59	276	318	245	701	145	337	200	334	159	578	691	638	439	367	654	478	41	539	492	272	423	572	711	709	716	454
534	49	230	575	705	82	486	367	527	594	98	120	628	284	600	138	340	496	669	215	426	193	352	107	672	701	211	203	693	33	562	78	287	123	28	611	419	516	108	283	303	121	646	670	312	293	0	533	429	57	183	56	190	291	712	607	354	77	675	84	685	447	65	340	545	455	620	481	677	426	132	442	599	703	104	596	581	54	233	706	180	547	683	624	672	606	190	415	229	676	670	130	295	547	289	34	301	238	139	385
504	480	217	544	108	446	226	445	412	137	520	72	587	569	368	124	189	302	671	16	710	14	663	320	358	676	478	127	253	714	565	623	432	209	2	383	359	391	269	204	510	86	88	668	51	7	252	0	660	352	7	714	528	36	648	420	259	456	671	214	541	306	391	485	17	556	417	686	446	99	388	595	234	226	179	650	330	577	490	294	455	487	438	508	403	476	494	49	489	212	293	692	269	703	130	39	279	143	658	512
103	305	592	374	395	411	570	202	215	4	356	86	638	514	701	98	58	350	637	601	98	423	156	656	205	67	231	132	650	531	348	702	339	67	708	91	23	93	418	512	57	303	443	178	91	290	421	128	0	537	50	78	408	641	149	239	83	506	302	644	223	486	300	418	162	295	431	213	79	695	399	165	203	505	558	388	657	373	287	653	84	465	609	652	225	379	152	393	571	578	511	261	143	144	206	686	9	146	51	537
478	90	669	457	531	644	565	306	129	321	635	599	284	180	616	12	243	721	495	538	54	220	110	349	681	75	417	292	722	718	647	678	646	410	395	668	228	261	610	273	719	520	109	652	308	131	196	307	527	0	331	370	273	130	429	485	35	280	33	450	600	601	440	17	218	351	410	130	385	159	169	614	51	127	675	470	333	204	454	78	303	295	197	192	540	575	366	358	360	704	202	562	223	44	96	243	96	637	101	529
658	633	516	50	148	599	563	326	377	691	425	530	572	492	584	133	611	592	330	681	584	718	240	9	167	654	23	284	403	502	67	343	486	390	233	419	547	165	687	510	560	583	299	600	335	102	693	261	597	137	0	337	49	691	116	281	444	550	311	623	58	176	458	376	296	489	422	156	530	405	683	718	581	556	336	202	703	302	580	563	566	321	313	90	442	534	462	254	270	429	684	185	287	224	586	437	322	677	374	322
222	129	241	648	290	381	389	290	420	405	110	561	497	362	414	562	386	26	714	232	164	595	631	309	619	635	344	503	301	233	312	709	244	16	75	190	585	429	419	293	195	351	611	282	594	312	179	206	105	682	50	0	486	315	323	143	262	568	624	374	692	33	46	196	639	625	279	73	112	229	583	534	117	2	666	482	513	100	543	481	653	203	35	22	386	596	328	396	618	29	300	219	644	232	568	178	331	130	244	497
660	613	233	17	574	402	392	282	252	704	311	166	1	528	397	300	154	682	642	713	525	573	309	158	228	532	414	530	566	241	606	535	488	123	532	371	611	492	87	83	665	380	175	411	93	4	692	68	325	47	717	247	0	307	119	8	93	387	3	345	26	321	376	647	622	527	43	492	424	380	3	598	436	327	330	552	278	123	170	438	156	248	568	261	361	426	522	526	223	479	27	96	722	377	365	720	70	330	201	60
46	528	692	378	2	602	597	434	60	622	61	233	181	586	287	70	80	202	35	384	79	558	63	365	427	288	675	563	188	215	678	205	642	174	529	251	203	158	651	7	459	374	588	98	61	601	380	93	444	341	353	411	169	0	663	103	421	657	468	535	395	56	81	618	498	3	402	337	604	57	337	197	437	10	402	419	253	231	291	683	256	291	140	88	54	477	356	355	353	435	436	327	650	385	391	241	42	205	580	169
474	12	315	417	307	246	28	518	554	494	595	430	250	633	441	601	414	606	330	101	663	156	352	451	108	204	232	410	414	376	181	344	409	415	24	296	287	593	32	27	718	654	587	84	613	259	183	576	555	506	350	659	652	544	0	402	711	128	39	616	499	53	443	246	7	112	39	176	164	522	295	340	106	91	236	361	102	205	76	566	232	54	222	39	296	46	10	592	230	199	273	228	331	613	115	575	216	600	42	567
635	381	349	656	464	102	351	607	478	582	388	293	245	694	130	284	291	690	439	519	645	659	663	556	657	98	390	547	71	30	506	183	336	308	19	183	14	174	135	376	501	259	643	120	575	24	618	12	346	353	629	220	405	688	286	0	600	548	446	553	408	367	303	451	643	137	351	498	550	598	197	210	674	200	71	633	661	615	29	339	142	93	692	105	463	487	222	55	29	26	187	611	400	324	279	610	138	670	267	628
627	582	350	514	199	146	608	316	389	525	153	693	393	231	249	56	113	719	187	376	557	530	163	619	97	580	386	39	586	203	19	598	405	63	618	425	712	325	140	642	230	189	77	214	317	31	373	617	298	654	685	607	10	346	580	79	0	656	716	260	444	53	508	425	677	117	284	621	417	718	54	437	296	431	152	161	676	478	496	80	44	139	453	128	397	55	464	472	605	180	632	284	657	123	670	87	237	587	708	488
496	478	629	194	433	102	722	651	641	572	341	613	230	657	690	704	338	610	631	144	584	213	604	8	46	360	182	519	448	94	243	254	9	400	624	309	312	111	637	711	619	677	127	563	584	34	234	374	555	608	53	98	133	235	15	292	235	0	223	183	167	46	290	235	90	497	695	481	444	294	593	352	453	283	409	707	527	111	252	506	38	141	364	109	642	399	518	650	713	156	502	437	646	210	635	393	253	519	653	319
417	151	413	658	219	224	63	160	65	626	613	670	261	305	23	462	681	473	62	629	108	463	618	567	543	247	338	239	548	119	463	87	20	175	556	716	683	206	171	263	697	486	616	387	682	92	509	596	648	716	438	176	387	589	157	371	242	384	0	645	404	202	634	406	185	54	254	428	10	69	628	14	369	243	460	394	246	351	437	335	533	312	613	440	394	138	350	423	307	417	647	552	162	494	116	302	159	681	256	504
376	226	118	531	605	19	536	566	85	544	560	83	518	672	382	35	538	364	254	421	386	362	232	575	564	87	620	511	97	468	631	232	11	469	704	307	315	712	373	95	701	434	67	453	419	172	111	681	450	117	371	470	301	387	216	672	113	582	715	0	668	254	296	165	658	404	28	613	190	201	80	437	330	424	517	256	303	525	248	380	555	418	86	232	261	624	198	455	190	388	113	418	314	416	672	401	333	345	527	273
368	418	616	201	711	331	17	125	615	369	280	352	7	615	185	706	579	170	393	169	606	513	43	693	391	280	54	43	132	598	101	218	451	131	180	442	271	144	522	207	448	430	31	642	479	456	500	488	459	633	690	281	201	463	631	661	561	88	386	95	0	411	177	329	608	292	494	688	678	165	80	216	695	271	642	312	398	573	487	403	379	249	543	660	46	1	497	344	76	215	143	535	43	705	41	40	375	224	114	484
550	683	615	553	189	239	61	686	455	513	239	478	252	20	390	552	465	239	696	655	304	325	253	556	561	652	633	211	307	237	579	388	77	368	87	412	46	177	25	74	103	555	396	208	624	321	523	624	174	714	40	205	498	488	701	249	400	48	428	407	89	0	29	362	380	48	480	504	129	418	363	434	477	5	277	4	66	51	665	544	191	409	116	64	75	576	483	303	380	253	346	147	642	366	16	165	262	363	560	298
345	489	405	600	134	147	175	443	267	202	460	442	289	416	538	632	27	274	1	497	197	614	368	498	555	27	687	411	590	519	86	136	156	141	86	395	595	498	285	34	497	483	349	716	374	601	46	16	114	177	624	302	655	340	163	250	298	618	244	563	478	489	0	253	99	479	45	57	486	332	354	9	85	331	554	517	81	2	204	233	452	468	627	27	32	366	62	22	456	569	503	278	265	517	255	75	9	149	627	52
700	32	329	405	238	466	507	211	349	281	535	391	566	56	513	700	17	20	623	217	484	392	283	520	631	64	11	435	644	651	401	44	480	125	446	444	50	478	237	622	91	68	235	34	539	384	22	510	382	210	16	433	703	662	625	354	646	590	59	312	500	257	365	0	661	347	392	230	113	683	59	178	599	41	169	453	72	485	622	87	345	88	263	176	120	528	138	266	81	414	411	125	645	379	386	595	158	283	661	671
544	532	32	517	238	605	97	336	711	603	270	200	401	414	130	438	49	81	162	70	141	321	596	179	151	51	145	237	687	128	688	651	316	260	466	40	308	305	281	640	13	396	203	632	276	640	528	161	720	464	669	95	520	375	542	317	411	499	269	241	389	446	708	259	0	428	43	620	306	368	117	571	635	341	606	694	224	168	631	306	595	615	577	552	501	492	44	600	312	229	547	435	569	160	621	125	363	283	569	149
606	314	507	581	578	180	290	52	462	598	70	654	345	283	266	344	155	709	72	80	431	660	642	523	308	338	154	116	681	229	126	213	416	693	167	581	483	63	155	668	69	575	545	523	586	645	162	637	37	720	308	248	130	616	693	719	255	96	50	28	605	47	303	246	321	0	186	553	673	240	717	145	276	163	65	8	692	173	78	137	171	480	297	525	246	293	701	330	685	332	111	70	301	306	68	590	129	454	268	223
138	76	301	473	123	273	585	357	29	237	587	323	75	518	180	122	247	343	36	601	231	162	688	256	305	1	48	696	674	450	585	228	623	283	629	105	555	682	327	82	352	66	448	322	77	1	173	114	295	199	649	78	148	715	578	358	127	331	197	356	25	107	306	494	85	606	0	533	525	148	636	369	154	347	139	458	555	134	307	219	410	656	338	264	166	49	393	173	550	566	588	649	400	246	152	98	461	435	361	389
426	324	471	3	49	595	250	578	456	556	363	625	5	285	716	436	295	270	23	230	545	453	636	484	445	153	674	148	124	241	214	429	649	151	455	437	685	20	187	83	47	434	151	23	317	395	317	400	85	492	282	34	422	579	484	253	649	404	507	345	4	566	318	220	561	205	224	0	279	450	389	353	25	55	221	474	300	407	650	691	65	118	304	297	122	136	162	592	302	445	171	301	296	59	566	239	410	43	525	6
545	366	572	677	179	137	381	107	568	51	209	579	371	578	567	634	595	157	215	16	580	282	329	629	514	460	413	282	189	145	444	108	297	496	549	132	711	714	35	472	549	716	551	230	376	554	272	687	133	218	53	399	451	677	692	630	401	711	419	4	131	626	392	100	222	625	503	230	0	684	613	369	158	18	231	174	709	311	292	563	702	483	2	276	95	253	259	461	548	181	617	281	677	336	478	77	539	173	677	473
498	97	446	593	309	32	449	182	650	561	130	169	154	329	530	92	579	156	634	223	353	417	36	228	235	642	225	613	244	42	394	544	271	226	137	52	373	652	588	364	98	368	179	221	449	59	241	181	422	505	421	12	317	622	508	80	518	81	487	649	231	378	443	298	521	340	516	104	5	0	218	584	240	507	146	601	620	347	80	17	483	477	355	313	417	719	604	38	320	621	646	696	567	68	151	376	423	393	464	242
322	284	239	335	381	307	650	353	374	609	139	598	382	610	121	653	324	562	207	601	489	538	585	674	675	672	617	397	500	109	237	204	155	713	614	693	12	474	75	609	212	23	388	660	58	252	404	515	719	622	440	60	260	72	386	368	342	270	404	668	527	180	522	125	206	215	97	100	587	196	0	415	92	636	157	466	461	698	593	699	17	445	224	47	491	327	213	272	664	405	658	51	199	314	335	271	531	549	392	543
15	139	613	497	40	444	580	110	237	664	164	344	581	639	185	356	364	485	439	203	263	282	599	51	613	218	268	265	37	175	186	681	638	712	33	691	101	247	520	425	340	554	722	528	407	525	289	535	716	581	358	302	102	465	149	539	562	168	277	524	192	438	497	577	442	518	349	42	177	58	721	0	39	225	141	493	657	125	193	523	179	336	486	626	594	558	97	256	662	549	108	667	518	568	382	702	519	420	675	280
342	588	580	9	591	247	75	508	98	587	110	550	38	521	254	669	448	711	551	567	123	602	501	431	678	143	439	113	213	696	409	157	685	634	683	441	183	636	395	236	90	67	205	483	589	332	263	418	500	301	651	133	33	199	573	651	624	154	171	124	356	226	351	591	117	714	375	208	517	494	623	35	0	433	456	79	648	181	146	289	264	462	352	156	425	316	700	599	269	102	126	699	75	144	483	92	194	668	686	518
16	226	58	461	497	645	475	136	77	474	665	393	240	519	1	667	113	464	177	63	482	210	564	234	715	678	98	145	136	534	550	228	152	577	373	181	318	448	298	596	326	151	232	625	128	202	623	420	612	56	39	497	308	422	709	709	219	313	2	524	206	397	675	572	499	457	485	525	574	404	199	381	303	0	617	428	718	564	167	633	496	599	84	55	468	670	4	307	560	316	391	318	173	43	448	650	69	263	585	226
160	210	635	601	27	47	450	286	474	483	712	547	330	170	260	544	349	174	456	79	364	508	525	104	187	508	238	516	662	157	149	2	94	34	433	534	222	369	356	246	154	95	305	249	152	264	522	698	717	573	618	667	314	658	394	4	235	498	137	266	211	145	515	721	575	87	370	517	85	721	140	43	721	224	0	184	679	470	543	585	83	497	645	368	87	140	297	260	39	538	505	411	469	704	178	589	672	70	714	303
229	32	524	230	682	585	30	530	177	369	383	461	61	156	271	106	721	604	437	580	174	632	56	398	193	334	475	686	570	323	397	446	333	413	344	429	512	521	387	615	444	332	532	100	683	217	528	323	135	5	299	120	305	305	693	717	250	518	96	392	472	331	17	588	304	443	333	583	304	539	264	646	102	108	100	0	38	71	162	425	245	531	212	507	73	276	328	339	258	116	572	329	52	268	118	260	207	484	561	627
370	119	238	504	372	126	313	706	170	190	701	539	181	475	413	519	231	353	114	476	77	380	272	207	388	35	47	439	259	376	526	647	117	160	582	463	452	659	335	110	717	22	626	614	589	126	692	153	5	17	14	99	66	27	359	145	673	474	379	484	569	217	677	536	570	136	324	464	416	313	665	593	140	265	178	582	0	6	716	253	619	635	564	409	560	385	321	532	698	280	710	357	654	549	448	579	518	204	286	659
620	406	633	666	521	634	333	137	610	127	177	452	623	320	573	384	109	663	132	180	238	367	138	391	284	172	703	215	615	125	215	134	376	536	213	118	512	75	527	227	538	318	207	172	549	268	257	340	319	454	527	3	699	284	425	682	22	460	608	394	18	617	664	544	699	227	408	345	361	609	491	168	27	85	348	53	470	0	42	488	407	514	581	607	458	134	259	51	172	14	269	487	680	378	137	433	410	413	550	140
209	648	646	93	458	78	302	501	213	274	171	267	638	180	16	156	570	62	34	702	139	300	303	177	161	116	677	24	441	54	367	107	169	714	466	249	459	122	605	237	411	210	201	656	247	416	301	99	254	30	604	24	163	405	369	458	164	294	255	558	103	293	13	433	126	195	442	474	453	488	366	330	695	691	677	508	671	302	0	512	444	125	359	17	417	116	535	476	437	563	532	598	709	596	287	530	136	403	264	414
272	658	597	250	555	382	559	6	103	524	130	663	543	627	168	707	458	606	140	674	146	95	515	30	29	692	9	109	713	533	531	510	268	524	693	263	437	9	40	40	466	122	607	496	178	698	139	107	210	210	367	376	94	526	403	79	327	244	129	707	220	234	136	295	633	180	113	348	492	108	417	167	250	328	205	607	622	290	376	0	399	52	433	47	597	646	176	292	658	138	372	501	413	479	603	211	138	699	216	314
235	29	640	28	648	302	480	430	608	695	605	70	409	363	627	705	208	20	141	132	419	615	309	664	448	284	110	627	472	81	354	417	655	456	579	438	455	14	310	587	483	126	592	492	205	440	117	279	447	285	581	534	278	171	261	277	202	149	422	133	263	284	682	150	499	289	302	679	43	106	556	47	440	34	198	154	352	23	721	462	0	722	373	381	467	243	392	692	448	167	14	273	681	355	163	550	498	349	720	673
95	110	542	52	199	416	119	660	513	493	293	611	37	143	517	630	67	287	100	315	83	526	518	261	456	487	559	135	59	715	540	514	126	255	310	614	141	14	679	276	100	135	443	653	381	567	27	454	434	176	177	343	166	25	499	477	377	333	453	488	53	252	591	345	666	392	343	158	639	343	59	458	194	124	689	615	503	535	393	80	602	0	170	617	569	256	678	150	661	394	181	276	652	581	412	540	584	367	683	182
321	571	33	56	356	180	212	320	687	615	657	234	713	91	121	115	95	382	605	305	401	539	449	640	69	514	157	207	541	153	495	217	314	480	461	703	635	106	166	428	104	554	426	550	423	300	545	258	133	416	98	265	34	563	516	516	720	97	301	498	85	223	70	81	471	701	402	157	184	326	556	136	432	271	377	398	148	153	413	653	210	434	0	79	21	230	331	313	43	398	471	340	365	12	376	158	347	346	172	370
450	718	218	637	206	454	469	645	494	287	78	450	627	436	440	386	517	665	350	713	497	228	462	286	109	666	662	555	4	109	53	232	45	359	4	547	550	415	275	653	241	157	656	583	196	521	145	397	56	652	88	681	176	663	632	641	377	568	575	335	247	591	120	252	56	29	96	223	528	282	281	593	103	239	674	192	231	516	640	477	587	449	530	0	162	575	709	496	473	21	418	453	481	471	515	582	74	295	468	302
607	411	3	588	233	331	425	80	66	408	221	320	351	59	703	611	429	235	429	647	530	7	118	415	655	287	671	720	526	108	79	113	19	408	102	60	617	558	93	658	585	689	153	565	398	281	54	515	592	61	418	171	391	331	225	684	154	676	337	527	183	484	706	363	421	438	64	577	186	80	179	661	721	576	427	217	106	151	55	651	90	370	36	503	0	471	179	445	557	91	563	455	17	120	312	381	663	178	710	247
278	666	484	20	95	517	107	701	129	483	397	525	537	304	189	231	184	515	519	54	10	89	139	685	397	650	282	213	707	511	465	399	83	271	100	348	272	465	679	347	668	91	495	711	403	55	703	188	88	226	205	19	405	208	530	238	422	217	91	460	231	356	549	454	117	433	604	18	353	423	263	697	461	103	173	331	220	650	467	516	364	699	550	600	44	0	358	713	255	234	60	524	139	148	713	632	397	407	499	584
209	213	286	307	73	104	661	482	485	12	621	622	49	125	27	659	227	273	464	452	481	490	10	577	405	710	284	322	492	35	12	708	55	112	575	464	538	527	413	207	676	321	596	712	312	420	338	288	602	281	461	317	52	466	134	631	435	628	510	66	516	313	706	683	606	244	366	391	217	253	230	698	687	401	624	252	561	276	132	419	249	433	351	637	501	391	0	335	158	524	280	95	506	502	391	342	711	652	498	314
506	518	101	441	516	267	62	626	711	131	699	182	489	309	218	507	209	456	6	167	139	112	360	252	276	648	89	101	252	118	324	55	701	224	275	89	6	228	31	241	197	216	204	287	527	383	575	58	607	56	363	254	58	673	154	222	488	147	643	542	554	526	572	124	471	172	11	688	489	414	528	174	244	86	142	583	237	25	213	647	190	718	420	190	71	721	333	0	131	40	327	9	77	28	679	213	240	555	263	357
696	347	56	338	265	392	200	717	5	266	171	359	556	686	453	304	257	521	344	68	646	216	556	578	676	684	675	344	481	497	715	146	102	346	443	409	216	74	345	218	419	693	512	545	709	547	140	707	20	127	427	561	43	517	541	491	333	473	118	315	543	518	127	538	681	332	377	546	281	430	359	399	107	700	564	95	474	190	633	303	167	537	463	494	718	672	172	664	0	628	158	445	546	91	129	362	384	561	223	125
129	83	167	547	140	36	388	464	367	530	580	331	147	157	554	293	45	191	453	150	138	20	524	407	443	369	482	683	77	196	503	464	602	291	269	102	604	51	250	239	186	283	275	63	515	318	89	114	235	168	494	269	681	140	273	301	648	514	110	488	510	271	358	353	10	426	240	555	338	559	611	91	13	529	194	673	696	605	688	346	364	250	12	604	664	279	391	145	599	0	220	189	277	574	481	124	15	189	522	469
575	505	249	540	22	603	195	531	127	216	59	251	92	621	109	145	282	104	268	278	649	484	438	577	119	581	702	137	21	480	690	156	645	631	42	514	638	593	342	309	628	545	576	201	182	266	663	583	562	605	78	226	645	582	170	679	675	303	36	16	279	595	237	544	664	533	695	539	198	619	228	134	44	332	462	593	576	160	490	34	584	160	476	421	445	99	227	500	19	51	0	110	102	543	10	593	269	348	159	570
390	564	663	249	136	631	477	279	346	315	361	169	373	498	139	643	60	199	283	101	391	402	332	359	545	281	83	703	489	617	229	36	523	643	469	202	90	167	393	357	685	110	190	633	454	256	129	371	398	423	241	570	17	243	415	353	617	427	231	31	46	253	286	682	282	531	434	275	711	635	502	599	354	722	576	698	256	654	345	86	535	294	2	75	288	475	219	235	126	476	714	0	521	254	330	10	689	345	134	50
178	316	17	235	342	310	659	422	360	508	219	589	253	458	568	185	152	596	361	47	11	274	259	148	453	683	355	261	572	430	629	89	95	556	308	32	405	339	676	215	390	19	585	364	305	513	101	156	654	442	5	278	410	427	222	360	426	232	393	31	664	515	39	122	161	507	145	556	40	208	103	683	477	170	45	656	550	211	698	199	95	581	626	328	513	59	553	29	421	557	139	366	0	4	663	716	264	685	433	304
198	699	438	30	356	454	43	575	378	106	530	173	716	419	386	447	112	75	369	51	137	491	174	126	577	194	452	103	350	673	339	504	656	163	226	147	441	155	266	253	308	364	320	709	152	286	544	108	550	209	459	636	309	388	145	545	473	406	37	495	663	592	475	383	529	285	669	668	518	502	376	584	446	483	220	495	300	107	684	477	83	574	144	24	499	487	473	33	620	21	222	549	157	0	73	231	40	303	216	403
1	392	330	263	716	103	402	702	425	457	708	428	69	540	239	420	306	556	107	161	172	326	411	134	709	332	638	100	365	78	689	517	52	286	191	528	357	184	364	514	438	707	294	537	152	279	330	206	635	172	319	610	94	206	663	334	36	33	486	127	510	130	247	622	658	100	709	606	347	15	387	568	121	105	591	47	130	651	274	600	100	24	148	113	214	120	145	91	570	17	134	680	372	534	0	635	451	381	686	3
193	45	578	541	57	52	219	580	485	298	282	131	552	64	638	260	51	513	8	491	304	530	603	581	398	355	76	121	17	656	33	344	59	79	460	664	340	535	605	678	669	693	145	553	207	97	397	115	656	217	90	136	78	611	502	567	96	593	351	430	545	263	584	700	613	480	681	282	681	10	505	686	620	271	134	369	284	346	552	365	623	627	573	222	482	547	655	587	646	121	297	594	644	52	617	0	74	199	19	55
706	183	251	85	292	460	74	199	234	710	565	689	297	694	388	603	443	210	96	612	650	526	99	606	36	706	229	438	486	385	432	130	17	265	245	141	394	243	568	542	252	670	375	590	26	197	380	599	29	13	708	626	51	94	425	51	457	696	610	307	496	33	606	113	5	638	235	266	554	427	352	269	617	311	528	163	410	126	146	406	257	30	673	181	167	446	75	394	384	426	476	300	147	42	139	463	0	533	369	620
157	569	612	435	157	15	360	287	290	694	207	594	201	451	458	84	394	125	46	652	212	665	335	116	264	687	334	565	408	386	581	413	236	599	356	428	657	313	470	213	240	303	596	231	454	132	34	33	171	606	718	243	639	448	76	589	30	3	526	26	166	30	124	21	89	510	67	40	427	585	532	115	371	5	542	600	86	444	192	612	185	257	649	364	24	179	636	232	122	190	187	410	135	391	656	258	274	0	498	73
365	59	342	143	10	322	238	652	415	639	50	309	578	483	459	254	304	688	57	197	347	438	410	646	535	75	352	154	376	205	66	668	316	334	267	448	611	214	644	196	283	162	416	605	124	365	698	646	562	140	369	245	464	107	557	453	579	166	486	18	454	673	689	71	226	513	185	559	646	160	336	34	466	120	484	439	340	442	388	704	129	315	364	427	384	572	248	443	263	327	350	432	394	234	322	280	214	341	0	135
331	376	617	192	334	415	700	631	17	169	704	223	220	622	126	261	277	345	25	661	245	713	136	695	147	545	499	350	28	312	326	271	127	165	160	360	20	101	260	671	114	574	4	310	594	352	537	418	640	391	124	369	703	299	577	628	201	595	621	442	5	283	718	435	533	87	566	363	574	700	434	515	340	188	665	271	669	21	384	705	697	271	359	284	248	686	629	640	77	444	116	564	569	312	472	629	455	381	510	0
