A	B	C	D	E	F	G	H	I	J	K	L	M	N	O	P	Q	R	S	T	U	V	W	X	Y	Z	AA	AB	AC	AD	AE	AF	AG	AH	AI	AJ	AK	AL	AM	AN	AO	AP	AQ	AR	AS	AT	AU	AV	AW	AX	AY	AZ	BA	BB	BC	BD	BE	BF	BG	BH	BI	BJ	BK	BL	BM	BN	BO	BP	BQ	BR	BS	BT	BU	BV	BW	BX	BY	BZ	CA	CB	CC	CD	CE	CF	CG	CH	CI	CJ	CK	CL	CM	CN	CO	CP	CQ	CR	CS	CT	CU	CV
0	189	188	181	39	10	147	86	175	71	112	158	70	13	113	66	20	141	57	198	179	125	152	197	79	15	87	63	51	83	126	83	178	65	79	99	125	19	162	146	48	37	149	89	33	10	174	45	124	116	22	97	50	61	119	149	135	119	9	170	45	46	169	93	136	67	126	66	147	151	167	144	197	65	185	183	51	156	178	157	91	49	157	112	166	111	72	192	74	87	12	47	44	8	44	48	137	99	158	183
77	0	100	56	106	165	45	88	31	88	26	81	86	48	57	126	91	134	107	51	134	190	143	174	165	123	95	84	100	52	32	134	198	149	191	78	10	78	179	165	22	45	117	101	97	114	184	169	141	31	64	186	173	41	157	153	64	120	156	150	100	60	16	127	117	143	117	101	3	37	82	137	38	116	40	187	79	89	102	29	170	36	72	154	180	173	125	117	95	15	60	47	90	77	48	23	173	10	40	103
24	116	0	24	30	98	126	21	76	182	58	142	127	151	79	106	161	159	69	51	144	102	147	175	22	192	106	76	77	131	156	158	158	5	191	80	153	128	95	30	107	5	1	75	99	66	55	163	159	44	143	140	98	154	37	114	175	113	179	91	103	193	140	193	81	24	198	171	13	183	84	103	166	190	22	105	85	86	42	90	176	47	91	133	74	125	72	108	155	88	35	14	182	9	163	65	191	148	195	89
147	167	77	0	194	19	182	131	44	14	113	106	71	36	141	8	96	10	137	59	54	185	78	22	58	176	128	25	166	12	171	65	128	8	83	98	29	49	181	69	62	54	12	46	18	80	84	10	74	32	84	67	164	195	131	44	110	21	160	114	92	103	129	74	99	37	97	29	167	154	49	14	28	175	119	136	190	104	114	175	6	186	137	54	49	192	198	103	57	166	141	3	11	46	146	129	184	68	10	187
39	3	100	42	0	101	191	162	49	150	181	56	126	124	134	112	44	99	191	54	21	29	156	63	146	149	65	43	111	73	168	155	17	14	79	179	56	4	57	4	107	147	161	183	184	194	184	194	67	52	64	197	42	155	141	117	20	138	28	92	138	83	157	147	97	148	141	111	97	90	157	197	163	68	196	167	176	163	174	6	159	26	166	183	181	172	38	124	18	46	101	196	142	66	141	81	182	31	190	130
73	106	114	8	126	0	63	161	82	75	99	95	171	18	88	188	134	185	53	178	47	170	183	116	39	135	32	143	79	198	75	52	138	187	136	94	8	73	127	190	75	198	194	62	139	112	147	195	135	82	170	101	42	32	193	184	135	31	30	132	183	143	26	65	160	124	90	96	45	135	30	195	173	47	97	11	133	145	92	140	83	115	66	173	68	38	65	195	48	166	166	58	130	18	113	18	162	57	111	145
97	92	54	33	25	165	0	118	182	31	158	192	154	15	15	6	37	45	98	42	34	36	17	12	155	21	96	131	129	125	182	20	59	40	172	79	120	81	11	73	98	51	36	94	79	60	33	96	105	81	71	194	186	7	193	195	166	105	158	199	177	50	116	149	29	66	8	84	118	197	179	132	118	9	45	175	48	156	190	97	25	122	174	167	142	125	98	176	16	170	123	139	20	127	139	74	99	27	87	21
67	163	88	95	52	127	86	0	148	32	195	91	71	93	75	104	43	99	123	188	95	99	187	128	67	91	70	98	107	3	117	43	153	129	35	161	62	121	121	115	175	72	178	134	176	63	167	198	94	182	74	36	189	180	116	100	32	127	97	130	122	58	167	104	145	57	40	111	115	123	49	102	126	84	152	31	106	27	121	178	35	136	61	37	99	83	97	20	110	10	41	168	127	58	7	136	138	124	134	12
97	13	174	26	58	95	166	134	0	193	18	59	84	13	12	150	165	104	149	55	59	169	13	187	94	175	75	125	180	122	97	87	89	186	53	179	136	44	122	166	56	24	132	199	167	71	87	7	90	144	56	182	24	46	171	185	8	120	199	104	110	119	129	95	154	144	79	101	112	168	74	153	3	59	138	51	139	176	96	12	96	17	142	34	138	64	141	196	153	149	146	170	190	53	79	43	46	13	5	178
148	79	64	128	84	50	25	156	109	0	42	128	116	76	55	15	179	80	109	38	155	89	188	126	30	199	37	10	199	4	113	193	197	69	145	65	12	173	172	185	5	55	168	48	82	18	158	98	96	182	24	34	31	146	143	123	153	123	21	135	133	67	63	115	88	50	111	102	45	83	192	186	86	94	138	174	54	87	136	143	23	172	120	150	31	130	2	76	87	86	164	183	124	163	182	139	147	71	80	109
126	153	71	149	1	57	71	169	60	117	0	10	81	157	26	81	180	90	156	182	168	132	27	117	8	186	75	110	59	195	110	150	181	97	6	134	64	97	50	83	32	87	2	7	193	59	166	168	15	131	147	134	159	4	40	139	45	124	155	92	89	145	107	117	78	161	63	18	175	199	57	67	65	131	112	45	12	42	126	171	54	195	110	96	103	112	7	37	117	141	92	167	61	142	38	126	181	87	122	28
142	99	101	93	85	9	32	159	161	72	14	0	68	64	41	72	122	14	106	153	159	154	50	13	70	115	109	5	20	10	193	38	59	76	183	90	196	83	92	14	157	18	40	193	123	129	172	151	150	84	167	168	81	182	104	152	115	193	45	123	7	137	67	56	122	126	16	118	3	186	2	105	28	70	113	152	187	136	121	4	11	121	119	8	103	25	61	190	168	63	176	103	4	101	17	194	199	173	167	165
57	131	66	3	52	153	149	137	30	119	92	108	0	167	50	101	27	122	74	116	172	13	48	88	29	168	152	140	161	102	68	23	171	44	23	148	135	134	12	65	7	189	193	156	155	33	13	150	160	28	85	31	92	24	23	73	152	191	39	6	3	51	97	6	123	14	46	190	79	198	185	76	73	150	199	113	188	87	58	66	137	60	44	54	34	197	156	61	145	57	5	97	44	73	45	141	8	198	73	115
57	120	64	132	62	172	130	15	2	28	158	10	88	0	39	30	113	77	131	157	59	161	34	74	3	111	167	133	85	176	103	36	5	178	129	19	39	151	70	121	115	125	138	64	12	76	105	87	42	197	169	168	125	22	192	22	126	84	87	182	17	55	9	148	7	5	170	131	99	94	158	101	119	31	103	144	14	170	97	166	92	134	95	194	80	70	146	72	54	131	134	197	25	55	187	109	33	69	160	60
112	33	128	26	68	191	195	106	22	123	147	47	124	128	0	62	178	13	139	16	166	51	36	29	138	47	109	80	130	34	11	93	90	72	114	81	164	199	136	102	43	182	89	75	32	94	33	120	171	39	100	191	29	158	70	199	98	53	101	148	61	109	188	59	62	156	118	80	145	31	15	189	158	52	66	56	185	99	93	185	193	106	190	9	104	173	183	11	164	138	147	153	182	21	64	125	164	139	98	63
149	6	147	178	116	98	135	42	159	18	51	18	53	96	132	0	14	143	59	13	107	188	166	109	152	175	187	179	19	192	111	91	138	130	61	132	103	7	98	133	179	42	151	175	34	30	141	96	81	61	96	62	18	189	185	84	164	71	6	15	63	57	82	48	14	168	133	8	30	31	156	196	30	12	168	121	42	132	84	164	152	177	52	13	19	2	168	60	9	134	63	85	122	2	166	36	30	83	189	117
11	88	148	58	60	169	175	61	38	192	172	154	1	175	180	39	0	181	33	26	130	149	180	60	65	186	62	114	121	117	133	77	117	34	150	35	4	89	28	98	118	65	77	155	46	43	81	137	145	89	82	124	140	89	168	63	145	60	2	142	5	32	179	198	102	11	10	189	91	164	90	121	182	121	121	115	15	189	142	29	101	34	89	189	183	56	184	189	108	104	159	51	53	193	94	74	60	80	175	32
20	5	189	114	171	101	91	72	54	6	35	79	18	32	161	168	16	0	90	15	75	44	51	30	45	93	105	51	101	144	12	100	166	147	97	10	110	188	179	174	69	78	169	66	51	5	114	45	141	104	197	62	50	118	105	116	98	52	116	160	126	60	38	60	126	125	46	109	171	122	193	70	2	182	172	90	156	24	162	121	74	105	179	190	12	43	67	26	47	55	58	39	196	89	70	191	193	45	124	194
142	49	104	176	2	176	2	78	170	60	156	125	27	10	92	5	18	115	0	133	45	106	22	131	91	160	52	161	160	110	190	157	82	28	196	21	86	160	60	71	80	177	57	180	164	165	50	137	24	38	178	1	26	98	96	102	152	78	123	194	26	152	61	2	94	115	171	71	8	37	58	172	105	18	64	10	170	30	16	161	177	143	58	70	130	119	134	188	167	76	81	197	72	16	18	181	60	99	146	168
193	75	105	150	43	53	19	81	129	24	47	32	4	165	181	79	51	182	8	0	169	161	90	112	31	56	123	168	171	99	6	36	40	48	10	66	192	110	177	179	94	158	132	174	54	161	3	101	55	198	132	188	164	94	171	75	23	165	146	47	101	138	133	140	81	187	158	58	26	48	137	36	39	135	58	100	120	21	145	174	30	56	62	36	111	148	119	4	28	8	85	178	4	83	82	3	71	103	197	158
70	61	7	136	12	91	24	26	93	24	28	92	74	192	150	36	54	119	116	32	0	108	176	34	154	149	109	57	115	60	30	5	146	25	159	165	149	119	59	94	40	61	162	108	154	47	181	145	85	108	152	28	68	121	30	175	65	83	8	25	88	78	170	115	176	92	155	29	128	77	178	151	20	18	134	159	104	125	41	178	131	174	82	137	101	151	157	110	97	132	181	137	114	140	51	127	189	17	183	19
140	93	160	106	25	142	154	6	112	58	45	17	100	139	178	31	31	95	40	26	37	0	168	23	61	58	195	8	73	79	87	7	184	196	85	34	20	134	91	117	154	74	61	53	169	194	3	123	147	152	171	164	74	73	123	77	88	79	81	150	16	81	163	175	99	60	4	85	18	143	104	49	186	28	10	36	38	97	144	41	62	154	189	53	171	162	136	45	78	19	46	142	56	132	142	102	156	91	8	165
192	182	167	85	52	182	58	92	100	84	159	160	148	111	23	33	71	130	133	26	100	138	0	113	182	55	21	184	144	170	31	135	149	172	59	141	152	43	178	19	122	146	89	31	18	102	127	77	183	174	51	193	173	7	185	3	126	197	152	37	77	52	37	159	142	70	50	199	126	198	35	54	93	136	85	115	143	92	12	29	41	70	58	170	105	175	50	134	195	68	27	50	189	54	6	4	6	196	82	74
26	84	179	101	76	19	51	181	13	49	103	7	118	74	73	129	73	95	95	73	118	98	172	0	108	43	156	123	185	183	156	29	147	35	190	89	152	110	160	4	37	53	66	192	153	143	122	180	177	31	68	96	9	152	56	186	11	109	178	105	94	174	48	133	42	1	87	20	101	117	22	68	188	79	56	174	90	67	14	48	114	153	149	63	97	139	22	146	150	198	13	161	35	196	67	84	54	7	164	94
27	48	2	180	154	139	136	136	106	6	49	61	195	143	32	144	62	196	129	6	41	118	93	106	0	16	62	20	41	96	105	109	188	174	195	56	39	34	109	7	56	170	29	73	105	108	81	166	95	51	189	163	181	171	187	3	141	14	124	60	110	183	173	170	19	38	194	3	166	85	141	162	143	91	149	124	99	101	120	163	87	109	133	35	53	141	71	179	49	127	140	23	11	34	59	144	60	170	43	44
84	139	89	72	70	109	105	59	180	123	59	130	147	15	112	41	9	30	152	75	185	112	81	59	28	0	29	35	83	166	86	53	18	3	55	61	73	112	196	40	153	143	159	27	75	142	175	114	163	70	35	87	40	196	67	183	114	4	42	78	126	34	8	52	49	39	152	110	22	128	6	93	89	197	187	129	175	148	6	65	57	166	110	114	100	164	198	64	48	69	168	113	105	37	21	83	198	9	59	117
71	137	129	107	146	106	20	101	133	193	119	121	116	56	101	1	173	114	110	59	186	174	145	71	82	137	0	174	177	49	157	47	35	107	72	80	22	121	196	80	100	54	77	18	139	195	54	128	155	159	27	180	125	42	52	83	15	95	158	111	85	159	130	64	117	152	106	166	110	100	122	111	141	183	28	135	191	178	172	106	129	10	106	192	10	174	62	57	167	85	107	147	25	168	40	6	18	94	96	28
42	190	16	196	8	147	65	108	94	58	46	24	176	133	59	172	180	52	153	48	88	5	181	127	100	178	104	0	100	38	180	161	46	98	2	117	30	154	183	199	129	7	160	29	86	182	184	187	166	101	139	91	90	103	91	156	158	30	85	44	4	117	71	199	27	158	91	173	167	129	171	150	74	109	153	180	143	126	60	14	167	139	73	77	34	111	57	109	136	72	116	88	96	17	80	41	165	75	120	55
85	14	134	182	157	30	36	51	66	153	19	42	162	186	179	191	171	12	152	119	188	130	188	140	108	62	101	16	0	61	33	2	34	63	39	44	47	116	136	149	88	91	53	39	199	188	194	1	63	24	122	39	85	116	15	13	8	186	9	104	96	141	177	85	143	153	92	88	103	135	14	44	17	82	137	25	40	151	105	84	173	174	195	149	22	123	166	105	174	56	37	128	48	64	124	124	147	17	173	13
157	177	1	83	96	74	3	115	32	84	96	186	141	138	96	106	130	16	154	13	22	160	18	167	165	139	185	73	45	0	145	6	88	6	44	9	97	121	142	125	146	7	10	82	180	167	198	24	191	24	6	29	171	54	171	67	160	83	20	125	175	139	70	162	19	6	81	89	76	80	72	137	132	98	131	180	182	60	72	150	18	62	91	22	199	92	72	81	76	49	154	139	40	133	33	60	131	81	42	149
112	18	23	164	17	185	184	162	157	187	53	157	153	185	22	109	45	93	145	75	154	162	64	125	171	36	12	88	11	5	0	33	187	149	15	134	71	106	111	4	154	129	185	136	119	174	14	63	160	149	158	164	85	39	4	159	29	128	109	71	163	53	14	135	15	84	146	135	114	168	198	153	66	64	8	14	20	123	69	182	130	156	178	4	79	100	61	167	159	108	164	175	12	56	44	190	179	181	16	56
148	162	72	147	90	153	106	182	91	52	182	19	49	142	71	180	173	188	77	124	16	149	19	48	127	102	97	194	81	144	116	0	13	46	90	109	105	168	23	111	159	129	84	197	77	179	52	123	77	108	83	152	151	164	168	194	41	122	195	186	125	30	85	55	73	114	59	71	34	178	84	156	37	68	171	187	186	66	159	89	8	17	19	126	45	112	118	3	104	105	126	56	50	159	74	118	83	197	61	199
188	86	5	170	91	185	30	49	77	158	29	41	100	20	68	15	127	81	7	97	16	91	45	197	75	58	48	174	74	73	163	154	0	147	155	49	68	31	29	9	172	57	61	87	156	135	183	143	42	19	129	123	103	49	3	59	139	146	63	101	94	55	31	14	132	88	17	160	83	68	161	131	170	168	190	7	184	47	163	85	50	63	16	47	190	35	31	134	57	66	25	148	197	97	154	161	193	50	49	146
64	68	181	146	24	144	27	24	109	100	3	186	153	33	3	24	197	125	193	13	73	93	110	157	125	44	7	122	155	19	73	52	152	0	123	138	123	39	11	59	26	64	61	80	132	9	183	17	38	96	146	123	110	94	68	75	26	29	163	83	148	13	140	131	91	51	61	184	135	129	65	99	147	102	110	172	109	57	17	77	120	93	77	2	1	172	179	32	112	120	198	129	110	37	160	168	7	116	90	129
39	130	131	137	85	182	190	29	69	176	136	13	197	132	103	6	118	29	196	157	37	70	45	116	199	99	174	186	62	183	91	132	140	109	0	169	102	17	29	189	112	90	187	68	62	62	79	184	58	158	31	72	141	132	89	145	61	46	38	144	95	19	49	92	26	51	97	61	187	3	127	127	164	69	175	151	25	98	88	190	21	42	6	63	135	150	126	129	192	19	149	160	56	67	115	120	190	86	151	131
183	124	33	20	25	83	114	7	36	162	158	114	6	15	191	4	163	152	128	18	106	7	96	22	71	190	155	78	164	84	79	190	39	126	46	0	103	47	10	153	94	147	14	27	31	154	67	17	26	156	94	37	103	50	124	15	79	89	109	154	44	177	167	34	150	55	11	105	42	21	62	128	38	151	7	17	192	62	139	19	189	110	57	85	8	170	102	126	171	53	104	102	184	144	25	55	71	18	171	181
171	114	85	49	130	151	44	69	107	81	7	145	176	90	38	161	1	13	85	154	42	199	135	92	47	188	129	7	52	122	113	99	105	102	17	183	0	36	124	162	18	11	198	102	150	104	178	174	105	95	121	184	12	74	162	128	148	175	185	152	198	40	15	149	118	50	139	136	193	130	155	122	71	83	169	15	11	93	144	95	86	33	174	195	49	118	111	142	171	187	68	153	140	64	84	189	12	80	172	12
131	5	127	180	40	41	43	174	106	118	27	65	188	126	167	187	9	171	54	16	176	130	57	107	62	85	191	140	160	61	138	61	26	140	156	175	59	0	172	194	149	9	7	101	147	25	136	112	88	185	186	7	24	28	173	120	43	182	6	110	76	108	142	97	47	23	24	173	133	17	38	68	193	120	24	108	18	173	148	45	108	87	148	176	156	111	139	132	115	108	93	174	74	63	32	168	39	44	145	139
54	91	149	13	185	83	141	19	28	140	71	46	79	8	57	106	175	97	145	63	169	18	176	140	7	126	186	13	113	67	163	71	184	78	52	160	98	192	0	77	4	43	41	18	145	4	171	73	70	55	119	163	72	79	192	108	195	58	82	54	119	159	104	87	106	177	89	18	168	141	195	183	149	179	7	77	21	10	103	96	159	54	38	151	110	183	106	35	190	67	66	142	134	18	63	162	192	132	183	49
167	136	21	27	12	179	87	59	118	87	146	71	136	37	142	133	11	181	160	122	148	104	7	21	27	2	29	112	175	62	15	171	31	181	82	198	180	21	107	0	24	11	4	25	66	10	52	66	57	19	171	193	66	98	45	75	39	86	110	161	151	183	87	102	27	194	127	132	175	119	132	2	138	66	190	71	6	35	158	46	90	126	21	57	184	89	27	106	139	50	39	180	126	13	39	80	46	38	16	146
127	76	79	185	129	117	186	55	118	192	43	2	85	157	184	175	166	137	173	44	158	11	104	95	66	131	151	145	66	198	24	21	102	161	134	112	148	43	49	112	0	44	135	95	190	117	20	85	179	117	170	108	169	159	103	106	110	102	133	155	174	63	112	136	132	183	42	141	2	33	34	98	102	174	152	149	160	98	42	56	139	102	159	46	90	125	10	69	51	145	22	18	172	26	92	66	135	100	1	47
162	186	15	141	126	110	141	65	135	149	23	177	101	51	149	76	18	48	81	100	177	57	101	179	113	104	55	58	67	134	22	37	97	75	63	85	154	198	170	46	182	0	32	82	6	100	91	77	28	91	148	46	9	14	177	110	93	179	15	58	191	170	58	154	128	110	125	124	71	83	111	143	54	103	168	33	106	114	120	174	141	85	196	155	159	61	24	182	119	89	88	134	169	194	157	78	38	54	45	7
147	194	44	165	107	176	62	31	148	154	78	16	79	180	44	177	85	167	7	187	20	175	123	86	149	132	108	67	74	107	104	117	55	189	157	132	189	111	34	144	21	20	0	123	179	52	66	55	197	77	54	136	67	196	102	73	119	168	54	46	22	10	6	37	64	99	98	189	61	21	56	82	121	27	11	63	181	80	22	137	111	195	71	132	127	83	151	48	130	6	195	81	162	125	87	161	73	39	127	151
40	48	107	124	198	139	117	63	116	182	26	71	115	124	181	53	170	164	113	189	100	67	122	153	130	86	108	134	100	167	9	51	155	26	75	86	74	147	30	4	123	47	142	0	66	166	48	111	113	199	18	119	191	134	87	122	18	186	52	134	184	198	8	90	108	130	156	69	86	141	145	72	119	76	86	183	24	44	3	87	183	167	52	176	108	128	169	95	17	62	49	26	78	55	177	192	175	40	81	86
143	87	24	152	113	103	110	199	75	150	42	102	133	162	90	129	87	72	172	73	161	14	156	136	189	109	193	174	152	152	57	78	52	49	47	190	155	103	27	149	102	69	95	145	0	81	36	43	70	199	33	86	76	2	46	146	144	186	73	85	100	159	77	76	31	97	84	137	103	93	160	10	134	152	111	117	34	87	58	30	25	151	97	46	15	194	194	102	160	1	102	149	168	59	5	150	164	112	158	160
141	138	48	177	98	52	125	121	85	53	177	30	46	169	157	175	98	10	114	25	182	37	182	108	9	89	77	135	172	41	26	12	127	199	19	28	51	111	25	131	71	25	185	50	8	0	45	94	125	116	55	8	3	173	178	17	97	64	185	138	94	160	63	117	29	144	90	3	3	60	178	189	196	193	21	21	17	136	20	165	68	168	62	174	137	100	172	29	115	155	171	183	60	122	157	72	106	110	187	181
85	135	72	18	35	71	47	93	116	99	161	71	148	107	149	183	166	134	108	100	148	101	9	2	85	176	181	186	133	34	74	77	181	17	20	196	4	52	197	35	129	17	107	34	184	83	0	142	143	95	133	3	171	84	70	105	89	29	38	30	195	182	149	7	66	77	2	85	37	93	186	21	198	16	30	156	125	63	36	79	49	122	2	182	111	89	179	108	50	117	153	30	17	170	106	108	189	134	23	82
170	4	159	73	39	161	197	92	90	15	24	160	98	190	75	102	101	30	54	46	102	23	93	106	68	128	42	107	74	1	122	150	134	80	169	80	161	191	32	24	70	102	5	3	7	148	152	0	16	119	7	99	68	136	83	135	88	74	78	79	82	38	27	138	96	4	121	104	9	116	24	140	48	150	152	42	56	145	73	11	127	131	134	185	46	9	71	168	86	63	57	15	59	57	121	177	100	126	33	7
11	54	102	16	4	38	112	130	143	141	28	95	9	59	184	169	168	58	95	178	189	190	104	88	141	35	126	70	40	32	110	143	168	59	124	119	113	197	29	7	34	93	103	64	183	56	179	140	0	66	77	86	92	74	99	87	185	102	13	191	53	31	67	162	2	137	108	158	135	23	188	39	190	47	140	196	150	136	113	99	16	88	54	21	173	120	18	113	165	13	175	170	111	103	36	36	8	105	89	99
10	35	12	121	103	66	91	133	127	41	136	142	117	75	168	83	11	146	187	42	84	18	120	70	16	46	68	56	194	143	82	166	110	165	72	193	172	1	139	115	138	132	122	44	19	146	190	18	141	0	119	42	40	121	76	124	93	119	49	20	104	162	94	12	160	193	152	117	24	115	180	158	65	1	140	120	142	91	5	57	170	164	192	148	98	150	155	167	27	124	64	145	7	62	94	15	40	128	175	20
132	74	137	42	113	70	100	109	85	91	30	19	35	128	189	118	46	157	51	158	199	122	55	6	61	116	136	67	186	193	197	113	152	169	140	96	124	188	135	48	81	163	82	182	180	5	125	35	1	154	0	125	77	105	190	173	198	179	90	130	120	133	89	154	107	5	1	166	37	70	117	109	177	154	165	141	87	87	167	183	8	29	195	35	26	5	122	167	176	85	153	103	123	35	144	142	111	54	88	2
14	9	87	41	87	185	178	117	146	9	121	171	77	138	116	87	141	145	123	29	81	99	69	154	3	73	55	109	182	123	129	51	170	90	198	134	198	114	54	97	123	71	125	22	164	8	116	163	31	73	134	0	149	121	94	129	65	147	95	40	153	90	191	194	108	170	109	45	175	159	85	43	81	176	77	94	73	66	175	130	166	71	130	40	161	51	68	42	1	64	44	134	16	45	26	92	144	59	38	91
137	144	113	141	92	162	36	108	161	2	5	167	38	76	118	65	63	110	189	12	98	83	37	168	11	127	125	179	167	145	74	55	182	43	26	114	29	84	94	77	105	82	62	47	24	43	63	155	187	180	101	56	0	93	191	150	176	64	4	6	118	12	6	96	137	113	121	59	41	84	172	188	92	97	140	94	24	194	196	57	133	47	91	107	151	59	116	103	132	193	107	76	151	13	27	80	66	21	103	54
121	187	107	26	157	1	71	87	92	99	158	146	135	78	92	14	82	41	42	68	42	83	95	74	160	196	155	60	192	1	117	162	63	67	196	110	103	196	91	172	62	23	69	65	25	30	37	86	97	70	130	104	142	0	95	98	79	146	48	150	27	118	99	104	34	162	9	143	102	66	162	17	104	113	7	160	128	164	188	83	72	101	59	15	65	178	44	46	85	45	46	95	169	84	31	78	11	135	184	73
97	162	75	115	48	194	81	126	39	91	84	95	91	70	21	194	138	199	133	163	72	56	190	83	117	160	100	102	46	11	108	20	59	96	97	57	74	155	161	32	59	100	150	57	152	53	25	144	99	135	166	161	94	153	0	23	106	22	7	151	193	26	189	98	192	40	110	165	99	126	111	44	140	84	35	159	178	167	3	130	136	193	158	67	2	37	178	187	113	32	111	109	110	120	150	49	146	199	48	152
146	141	43	173	49	117	139	158	104	192	152	61	43	78	69	144	56	143	15	41	130	20	190	181	106	40	139	83	54	112	68	16	101	122	174	71	105	119	54	193	7	133	128	40	49	15	57	197	54	27	41	141	37	85	139	0	48	36	64	26	113	185	165	156	195	62	24	71	73	5	5	104	146	163	129	85	165	112	96	111	150	24	61	6	176	186	83	149	143	161	181	85	40	39	1	17	15	12	52	66
139	161	192	177	91	58	160	1	34	99	20	37	198	17	174	20	188	56	181	11	181	5	41	12	147	82	121	79	27	155	70	12	3	192	88	78	120	89	147	106	130	90	48	138	40	146	134	18	99	82	21	95	185	111	28	66	0	191	175	182	67	73	196	63	49	191	180	34	134	159	10	51	93	37	85	197	55	4	168	107	174	18	98	172	72	130	107	122	55	126	180	90	110	161	191	158	144	168	74	141
143	162	52	107	77	135	9	190	160	189	140	100	33	109	13	157	199	53	167	116	132	51	133	8	83	125	103	169	9	190	87	148	198	141	179	18	9	10	58	10	163	4	72	73	159	148	27	151	50	32	54	146	122	99	71	75	30	0	59	191	36	135	179	146	187	170	87	11	181	169	146	125	44	2	182	75	166	133	195	42	159	52	188	160	88	174	80	40	41	17	62	44	89	190	101	139	108	85	186	165
188	146	43	163	35	55	39	142	101	14	47	43	123	60	179	59	72	179	60	85	109	119	83	129	31	16	15	109	102	75	58	1	109	64	44	3	82	69	60	51	184	93	104	76	51	1	74	184	43	151	150	34	94	6	107	61	24	139	0	111	188	18	196	166	13	169	153	7	82	182	166	180	67	183	139	28	126	127	58	89	140	132	157	195	38	48	92	139	40	184	169	117	98	90	105	97	39	152	57	128
52	72	16	101	75	86	153	61	152	188	170	79	50	36	86	150	61	138	98	17	179	67	136	150	97	123	101	59	141	159	113	139	180	107	22	55	55	29	159	59	22	16	194	21	83	161	197	100	132	56	19	85	87	13	157	47	62	113	164	0	191	47	80	81	108	93	147	171	45	198	120	164	191	72	163	68	48	67	188	92	81	47	10	120	172	76	158	55	191	20	4	132	116	129	15	179	73	13	164	22
3	24	111	169	101	42	166	151	95	14	61	87	83	86	30	163	21	15	143	74	163	76	65	73	65	24	73	177	145	68	173	185	118	157	23	61	62	58	125	123	196	67	19	55	24	98	55	159	19	82	4	79	53	58	99	21	157	97	12	49	0	165	26	129	113	167	151	31	113	73	144	48	54	22	81	90	149	139	64	153	103	153	62	52	28	160	45	103	196	120	75	48	84	129	35	27	160	155	170	45
21	173	113	109	167	57	173	154	127	59	80	148	2	190	172	156	181	37	88	92	89	161	95	156	47	177	1	120	115	188	69	153	57	98	150	110	99	57	121	172	147	127	100	193	35	164	48	132	185	92	53	4	21	192	126	108	120	43	170	77	117	0	146	159	67	65	104	53	62	155	43	54	67	116	60	165	137	163	187	183	185	22	14	197	70	95	109	147	77	90	98	14	48	65	134	68	90	26	58	102
106	168	36	107	85	182	175	185	21	125	64	78	100	108	143	191	84	32	72	73	3	96	36	133	157	184	20	198	109	83	91	98	176	117	145	7	37	174	175	69	25	49	54	67	123	166	186	17	126	194	67	67	20	144	83	190	181	174	134	185	54	97	0	130	60	45	79	191	16	116	170	116	57	119	92	54	162	47	86	103	126	10	107	49	93	160	109	169	185	179	31	153	19	16	7	58	64	185	100	106
93	156	8	154	17	60	25	174	53	138	64	164	92	171	98	32	139	155	80	67	162	3	28	24	136	180	139	167	46	178	18	20	42	199	85	143	60	7	71	110	195	83	14	120	86	140	71	106	152	55	86	25	13	183	63	109	92	166	17	38	11	146	10	0	10	121	23	102	107	176	30	140	151	128	181	47	179	93	141	149	90	162	16	101	49	175	138	105	93	26	94	107	141	61	35	111	122	16	128	97
86	5	27	193	18	32	68	119	165	65	149	12	86	188	95	88	86	159	176	131	131	96	78	79	35	94	135	126	103	155	189	165	124	106	121	40	84	83	51	123	182	118	171	102	51	105	12	185	88	164	78	89	145	191	50	66	162	143	86	136	29	162	177	46	0	122	97	155	184	21	170	86	113	68	28	73	34	32	39	74	186	16	49	27	42	105	160	171	24	10	68	154	3	195	120	7	5	58	77	157
91	194	111	177	142	68	68	134	163	120	127	104	123	169	171	138	10	128	93	109	40	92	174	53	34	136	5	113	19	144	88	6	13	186	60	52	76	109	183	174	96	71	93	117	116	23	173	131	121	11	38	199	196	102	196	69	13	148	51	136	119	69	33	171	36	0	122	38	197	192	50	25	24	22	145	82	193	146	66	2	103	23	31	177	148	33	155	197	149	33	182	178	141	45	159	66	86	87	199	120
89	72	65	50	28	57	123	198	117	179	167	190	191	130	151	55	24	8	45	89	172	87	40	32	71	110	57	80	184	11	16	34	191	17	112	163	71	70	164	23	173	18	35	109	105	1	36	154	179	110	184	153	157	60	95	101	115	146	134	20	199	148	45	43	169	115	0	81	49	148	156	72	25	40	81	4	28	77	17	110	108	77	157	184	99	175	80	6	22	43	195	142	96	177	140	139	79	104	69	165
158	25	96	149	87	29	132	123	141	55	173	27	21	177	17	155	154	164	153	158	156	147	162	55	40	156	55	191	122	147	28	148	4	77	24	125	51	20	90	35	124	112	71	16	3	117	133	26	48	99	87	75	125	100	27	3	171	182	7	148	142	154	33	145	33	185	112	0	1	35	25	140	112	81	64	61	146	7	189	81	47	72	155	153	100	71	189	45	145	32	130	18	31	75	96	84	43	49	138	68
135	137	48	96	29	138	155	65	154	71	197	157	75	199	41	11	194	44	155	63	98	196	158	139	7	6	64	41	88	6	122	115	149	101	103	57	91	28	78	140	151	102	134	199	56	72	6	107	86	153	123	115	84	32	69	193	105	157	117	101	78	131	164	133	149	164	155	93	0	122	182	106	41	62	140	98	140	44	29	7	87	72	23	118	107	67	193	175	126	122	189	91	28	110	45	110	59	157	156	159
51	82	58	166	19	100	123	195	87	194	45	145	174	194	104	197	199	30	90	132	76	29	83	188	10	24	134	67	116	150	20	75	165	156	51	160	105	97	159	127	179	92	152	22	122	180	19	80	193	36	48	1	37	51	38	146	29	62	133	142	75	106	111	24	21	41	181	154	149	0	61	33	10	138	133	35	191	43	146	32	36	152	49	85	118	67	48	114	57	192	41	173	147	132	129	114	141	37	198	126
151	54	82	131	47	26	76	107	47	169	2	62	102	62	90	74	97	58	10	77	123	85	67	157	31	57	106	82	124	103	198	3	101	150	52	70	96	41	180	2	119	131	173	168	104	124	85	78	197	179	7	146	41	69	70	51	68	85	187	81	23	93	81	90	118	75	35	177	92	10	0	147	147	72	155	167	56	37	30	81	74	60	97	70	133	60	88	104	160	58	103	147	43	140	128	174	150	115	152	195
140	92	182	157	109	41	89	86	169	91	170	150	116	166	140	91	69	87	78	144	174	120	25	93	154	73	172	154	120	128	64	66	15	23	64	61	133	7	171	130	149	42	195	143	77	16	57	65	116	101	70	163	11	87	147	105	190	137	88	115	199	17	171	183	1	178	140	75	39	154	46	0	118	147	145	85	149	174	57	32	167	183	13	188	101	148	128	80	98	157	9	94	102	1	58	36	134	20	103	185
113	10	54	160	73	23	164	138	36	83	39	96	134	44	199	39	169	169	60	15	91	133	156	66	155	35	111	179	49	119	98	12	8	55	108	37	43	65	182	132	79	100	11	24	40	91	140	90	56	102	99	97	17	34	103	188	68	153	32	161	184	189	138	194	38	176	174	2	3	52	150	185	0	28	42	103	199	180	30	193	104	88	95	45	91	177	139	140	155	173	28	52	193	119	161	192	66	136	147	75
37	29	154	29	37	6	119	127	154	44	47	114	191	26	169	106	144	44	136	99	154	77	129	84	83	154	62	167	30	102	120	102	107	43	34	104	156	129	37	59	77	78	57	56	38	83	155	44	65	81	117	68	96	108	15	117	94	102	64	188	93	107	191	115	131	134	81	78	56	152	93	42	156	0	80	109	39	194	196	109	109	125	175	48	180	33	181	129	158	90	182	77	112	67	65	4	109	178	155	180
86	132	53	41	153	140	6	181	53	139	89	146	17	80	56	56	106	194	71	187	28	120	27	55	185	8	92	117	73	67	83	5	5	98	3	73	67	21	176	99	26	57	5	46	61	159	173	15	52	41	43	76	107	138	92	137	91	13	180	163	20	150	163	115	164	130	163	59	51	135	49	133	123	60	0	77	198	62	3	70	171	75	92	103	36	92	36	41	29	156	191	51	156	46	23	63	100	172	95	130
198	141	104	44	175	76	134	153	124	185	105	92	79	138	135	90	72	161	11	51	123	190	114	137	107	93	49	137	107	35	13	45	179	112	84	100	193	167	41	171	165	169	12	55	165	13	105	53	68	27	74	96	101	103	190	114	93	158	79	163	106	120	8	187	156	12	16	14	169	98	58	2	193	58	158	0	176	131	33	111	184	165	199	126	146	93	195	73	186	86	191	80	137	92	42	118	50	150	154	183
153	168	19	90	58	174	47	64	73	27	190	85	191	162	175	122	50	30	7	104	142	191	150	180	52	199	31	169	128	187	186	58	105	197	101	186	13	191	92	161	86	116	76	7	32	180	6	166	158	135	113	69	67	194	129	137	103	106	11	117	160	16	118	150	176	155	179	177	198	162	136	103	135	85	145	161	0	79	128	118	77	180	86	121	62	8	38	198	84	167	197	128	191	153	54	187	172	148	192	22
148	35	176	32	24	168	59	102	191	96	187	173	29	121	34	2	105	103	88	159	190	74	166	91	161	114	99	107	162	152	43	147	61	31	6	47	84	53	110	108	30	59	192	156	169	191	162	38	70	173	28	13	168	71	53	95	188	97	82	173	56	29	39	2	150	62	48	146	135	96	42	96	89	102	98	199	109	0	138	106	127	42	16	34	105	109	104	109	190	25	83	167	69	145	184	26	93	36	89	48
76	141	145	123	124	115	93	152	57	12	93	110	177	32	46	161	173	169	138	44	162	63	125	5	32	121	198	45	7	118	82	161	181	198	180	146	61	148	131	168	149	36	166	21	159	36	187	162	138	35	199	14	54	16	162	175	33	155	132	170	184	142	125	122	4	6	90	135	44	138	180	25	144	199	53	41	140	39	0	140	159	197	172	134	99	110	76	172	26	156	122	97	193	146	175	187	72	170	27	142
9	191	156	125	171	108	83	21	67	91	27	33	147	151	140	79	62	137	17	14	42	108	83	67	118	118	153	99	132	125	58	138	9	59	137	25	151	138	77	19	105	97	73	100	83	16	57	179	48	37	173	78	35	69	112	45	40	16	157	70	128	32	84	145	26	139	16	141	104	91	56	4	187	49	104	106	196	61	189	0	94	151	33	99	152	128	190	116	17	154	140	74	117	111	65	91	142	44	133	6
50	123	63	63	168	127	52	54	100	154	182	108	54	19	36	123	176	34	14	134	138	17	145	50	5	199	89	185	109	181	23	17	148	122	168	4	174	43	44	53	199	196	156	54	190	118	190	123	139	60	17	29	182	100	145	73	176	42	74	37	99	173	189	84	114	111	30	94	1	89	159	56	86	173	48	124	24	132	170	64	0	133	178	92	96	113	145	197	172	17	105	123	65	62	54	59	197	22	180	149
54	20	183	128	102	58	148	27	52	149	191	44	147	20	132	186	34	58	88	16	78	49	60	167	100	16	15	154	120	118	39	176	102	113	8	145	18	86	158	108	71	46	69	118	16	138	196	171	117	180	20	58	171	111	7	180	81	86	87	89	136	173	147	138	103	14	104	46	138	187	167	111	78	6	76	20	153	96	182	64	62	0	64	54	139	172	49	76	141	29	67	178	25	125	29	115	147	114	68	16
139	46	149	164	188	72	60	197	26	124	167	20	63	124	141	198	197	6	12	138	74	124	152	157	118	89	117	168	149	94	23	115	173	198	153	13	91	48	171	82	96	151	56	157	105	108	47	12	147	35	87	134	134	157	103	54	132	169	162	61	93	194	71	171	24	12	166	94	64	27	165	15	155	36	153	174	75	80	39	145	110	196	0	182	114	183	108	63	49	60	24	176	87	128	10	56	34	145	164	195
136	56	185	138	155	112	131	66	130	158	3	176	58	88	72	114	192	127	82	170	76	13	59	57	50	50	163	37	125	139	155	7	193	1	134	36	170	62	101	150	118	50	58	45	120	58	110	181	110	99	133	164	98	166	19	109	188	20	170	62	55	37	134	110	153	57	56	77	110	173	62	83	119	13	132	40	62	85	182	129	23	149	101	0	69	159	85	166	109	81	21	184	129	154	61	41	66	70	180	16
114	16	117	57	188	13	86	25	58	47	177	46	155	85	86	77	115	188	3	74	148	24	59	79	83	46	134	3	194	195	188	159	117	32	169	15	48	131	35	74	98	43	6	41	118	111	97	57	93	25	128	177	13	98	35	150	190	97	115	25	162	15	75	193	31	74	163	120	129	51	27	142	114	167	115	143	177	59	97	171	140	162	149	2	0	83	184	70	157	88	9	163	156	189	8	42	186	140	188	119
37	169	155	166	59	156	36	69	155	35	80	99	44	194	194	104	126	149	77	55	70	93	75	74	73	56	38	183	187	116	171	122	135	145	153	159	98	120	140	52	129	72	65	140	136	24	15	106	61	96	89	184	48	107	1	137	20	90	50	54	47	151	150	135	162	91	166	50	183	110	118	189	196	16	166	136	102	174	189	95	142	73	35	144	117	0	176	45	24	50	5	59	45	176	172	90	155	96	4	62
126	22	128	90	30	115	167	17	8	185	163	115	3	71	77	7	193	18	128	73	15	42	54	115	10	41	88	32	8	27	12	43	194	109	53	129	49	118	80	152	163	128	151	157	105	186	147	180	3	43	148	142	80	191	28	14	180	157	89	171	116	65	182	192	183	60	38	183	98	159	20	193	177	16	9	82	19	3	116	13	182	74	119	167	21	136	0	6	66	149	56	165	94	58	152	69	152	186	42	98
105	14	53	165	25	136	149	173	64	12	63	31	21	159	59	66	34	55	78	35	96	149	95	4	198	8	190	154	14	7	39	191	143	103	10	149	92	169	126	135	15	1	175	105	115	31	82	144	12	65	59	191	109	19	185	79	159	10	109	112	117	165	194	76	143	164	161	48	3	20	152	184	128	46	140	77	123	151	32	159	6	153	17	5	116	128	147	0	97	114	42	30	94	76	140	59	172	57	127	172
145	188	121	133	125	142	125	88	79	179	148	99	69	46	48	140	187	2	112	55	52	72	29	101	136	108	189	16	56	47	2	2	139	4	11	175	78	107	136	189	52	47	4	112	44	99	67	35	5	14	48	181	134	163	135	2	73	32	176	110	53	194	117	100	152	137	48	162	128	138	28	116	130	59	73	61	75	50	120	112	64	83	44	90	115	197	166	106	0	190	174	106	95	144	134	10	129	100	17	27
50	147	62	101	112	182	151	139	197	91	137	32	8	45	99	198	46	180	157	99	72	176	93	80	99	16	185	129	21	88	114	42	36	113	176	165	25	120	42	144	29	157	135	57	62	94	182	131	47	138	177	139	168	58	154	158	59	154	36	56	136	111	197	127	141	83	144	101	106	131	125	196	30	73	77	104	106	24	130	116	33	63	103	29	1	77	124	128	70	0	164	157	9	149	116	103	80	195	124	73
50	76	197	124	184	175	12	183	100	14	119	14	76	150	105	90	169	189	88	59	34	14	199	109	95	167	188	158	47	3	177	48	71	31	155	163	179	197	79	129	15	15	40	98	105	169	77	131	60	11	183	155	84	72	28	110	135	131	116	136	60	73	160	122	21	124	105	145	156	195	104	49	3	189	23	155	73	106	122	124	160	147	158	198	134	170	76	180	2	65	0	54	161	43	108	46	125	112	183	150
134	70	135	188	73	145	136	47	67	27	70	183	38	63	23	56	79	134	24	102	133	121	175	161	8	108	16	69	145	134	73	57	122	53	4	116	75	171	53	116	59	16	10	195	38	195	139	152	64	59	1	140	20	77	152	85	72	22	4	89	48	186	6	61	11	189	145	130	179	31	3	140	121	186	89	180	96	71	56	27	117	95	110	150	42	106	1	56	159	87	23	0	164	29	82	197	176	196	28	154
164	48	11	11	84	195	121	173	149	181	8	53	104	58	192	128	155	194	114	115	73	68	171	57	9	90	145	24	106	29	144	10	17	157	177	50	121	191	165	56	82	50	148	149	82	149	158	155	118	174	172	29	157	104	174	47	23	71	135	125	161	53	77	58	110	195	46	3	130	136	19	106	100	90	97	122	98	92	144	88	82	35	139	80	120	31	129	29	116	128	165	166	0	190	181	43	185	61	93	9
77	156	68	171	68	42	147	187	133	93	150	186	180	140	71	22	50	95	175	103	44	52	63	167	109	112	67	116	8	40	12	149	38	196	24	92	77	195	17	76	98	185	60	147	76	124	45	176	185	56	171	127	1	50	133	176	101	51	9	43	167	98	196	49	183	37	151	29	28	57	189	157	182	43	81	132	61	94	63	58	177	111	160	162	50	150	118	124	78	139	4	18	113	0	170	140	99	106	123	178
157	59	103	10	64	38	177	134	91	106	86	172	150	113	192	167	52	94	21	106	129	99	179	129	43	9	64	55	84	194	157	103	33	121	71	188	127	189	93	164	167	24	150	153	22	154	118	102	135	21	14	168	127	55	161	109	116	190	174	193	49	113	166	32	156	33	3	162	199	137	117	41	61	187	17	101	184	129	182	117	126	96	160	135	2	129	42	64	158	39	82	198	76	151	0	35	76	14	135	20
113	195	99	85	51	84	151	41	74	193	188	152	143	160	51	162	183	39	110	173	61	36	164	198	117	107	66	136	66	35	34	136	40	168	155	91	184	198	197	130	52	24	26	50	155	76	164	133	60	67	162	183	153	13	115	22	29	186	131	17	52	76	50	4	175	140	60	93	47	56	17	24	126	118	39	2	195	160	13	83	82	37	164	64	75	135	179	13	56	172	73	183	11	34	168	0	14	69	101	15
198	18	59	187	20	104	1	8	153	112	45	147	149	100	127	194	70	197	99	29	114	14	39	140	74	10	196	197	182	150	181	169	31	69	103	26	95	14	48	172	21	93	116	51	41	148	151	70	70	144	14	56	75	117	1	140	16	123	37	193	1	9	105	114	128	33	117	156	64	26	154	177	7	4	19	96	75	164	185	56	48	70	105	11	77	188	18	186	37	118	77	98	184	152	58	185	0	41	140	83
185	48	113	129	59	31	40	181	109	189	184	57	79	21	132	64	8	14	88	155	73	183	37	83	193	179	169	10	67	145	44	14	87	143	56	62	193	125	66	97	17	198	172	149	21	92	61	151	46	133	87	161	187	151	122	164	28	163	99	164	131	122	150	43	15	128	48	158	133	168	93	4	23	97	193	65	188	112	63	43	89	134	12	41	136	150	138	66	192	184	123	64	140	198	194	36	77	0	97	83
120	84	134	149	155	151	78	76	52	7	63	181	191	47	15	46	196	106	60	91	79	166	50	27	177	196	57	55	170	14	145	30	139	32	167	55	158	71	114	47	132	98	105	20	98	181	125	142	61	72	185	111	54	142	58	88	99	194	26	159	148	89	88	43	82	124	113	149	146	165	102	156	63	19	61	95	35	19	32	88	5	129	80	103	39	178	47	46	21	176	22	51	147	122	99	55	84	151	0	62
119	133	71	23	74	22	11	52	160	162	127	121	36	62	148	78	83	43	165	48	59	108	67	106	117	198	80	92	132	102	119	94	53	192	166	125	82	13	176	52	106	67	78	176	57	103	197	103	93	116	9	77	76	122	62	9	71	137	17	1	136	86	137	65	103	144	192	136	65	192	178	127	43	118	84	164	159	181	136	16	142	59	101	39	20	3	36	169	172	134	60	132	180	123	190	133	19	81	165	0
