A	B	C	D	E	F	G	H	I	J	K	L	M	N	O	P	Q	R	S	T	U	V	W	X	Y	Z	AA	AB	AC	AD	AE	AF	AG	AH	AI	AJ	AK	AL	AM	AN	AO	AP	AQ	AR	AS	AT	AU	AV	AW	AX	AY	AZ	BA	BB	BC	BD	BE	BF	BG	BH	BI	BJ	BK	BL	BM	BN	BO	BP	BQ	BR	BS	BT	BU	BV	BW	BX	BY	BZ	CA	CB	CC	CD	CE	CF	CG	CH	CI	CJ	CK	CL	CM	CN	CO	CP	CQ	CR	CS	CT	CU	CV
0	323	226	336	147	11	37	7	187	238	6	50	327	58	217	247	300	143	152	108	333	77	234	147	182	178	120	136	167	38	124	300	68	328	31	35	188	176	69	103	186	218	242	186	261	47	228	244	172	145	70	149	68	254	316	163	161	139	249	122	157	188	330	150	253	54	192	26	61	265	160	73	323	41	142	221	260	44	76	242	186	226	4	302	153	192	146	154	276	191	345	136	257	313	83	248	11	209	337	150
30	0	25	288	73	47	100	240	86	252	254	287	1	207	213	43	61	322	271	241	264	39	45	239	264	345	21	259	94	325	9	330	280	16	66	267	180	139	52	129	113	337	190	44	23	8	246	49	6	150	9	294	225	87	236	195	337	240	144	293	267	130	37	66	272	176	216	236	111	217	343	75	206	119	288	154	100	182	231	137	231	49	47	125	194	72	337	167	273	12	305	36	208	64	130	98	312	206	143	257
221	214	0	341	10	28	184	69	49	276	211	29	163	85	233	187	145	111	340	168	267	254	134	24	136	184	296	144	299	234	301	109	90	222	130	77	21	173	204	93	78	179	208	325	226	330	37	324	187	18	190	244	273	127	4	81	193	65	345	147	133	8	217	101	234	18	76	324	47	202	55	181	139	254	236	76	248	251	132	162	257	56	283	287	102	201	202	285	181	91	94	309	48	105	201	137	263	187	297	204
188	206	18	0	130	184	294	225	141	299	80	57	49	341	199	344	276	101	30	118	150	277	231	53	219	221	19	64	92	125	153	60	93	69	325	252	337	136	218	339	47	303	67	135	316	211	56	233	53	209	307	151	39	92	338	192	138	100	54	124	275	212	190	195	88	99	90	15	29	283	30	112	298	321	264	33	303	115	184	202	105	280	298	33	206	270	183	292	118	192	137	140	284	25	105	177	293	118	323	339
53	328	251	203	0	257	263	46	157	300	78	142	92	271	270	167	16	308	111	19	247	151	253	92	34	287	24	19	15	244	92	5	334	287	336	282	100	231	156	316	1	268	317	180	247	150	190	210	254	250	242	289	116	246	213	76	231	120	117	162	30	289	121	115	65	244	56	203	293	143	235	290	31	304	193	337	165	89	255	269	103	64	58	24	215	80	132	326	310	250	304	262	227	99	124	277	306	283	247	234
323	341	328	149	190	0	193	58	184	31	345	98	248	109	73	325	297	1	58	284	339	6	8	225	199	302	231	187	71	85	193	258	53	206	295	34	4	338	228	104	283	341	281	264	151	113	29	177	206	324	256	316	196	234	68	113	312	246	207	216	136	82	197	80	122	247	337	271	48	165	132	73	22	97	329	228	130	201	20	223	345	172	329	303	292	161	125	139	298	266	105	289	250	192	80	337	211	296	244	174
13	213	254	98	224	272	0	326	291	254	171	332	50	167	173	229	240	250	254	112	269	31	130	87	290	309	258	218	156	45	95	73	73	160	120	77	138	259	67	13	119	97	189	198	222	289	77	297	162	73	156	241	207	260	64	267	210	96	164	35	151	289	85	17	31	97	250	163	199	35	180	27	209	93	208	265	69	36	212	11	160	329	106	164	213	63	286	247	156	6	264	294	4	187	295	114	178	93	218	111
80	142	263	288	53	247	87	0	65	285	269	183	208	268	52	83	141	321	277	61	172	342	25	13	315	227	216	323	35	47	284	339	313	23	204	100	188	25	333	147	61	225	210	321	81	41	108	44	132	150	115	3	67	36	335	37	32	108	131	53	64	62	317	318	30	117	267	199	238	36	190	183	213	20	212	92	14	68	197	293	50	151	71	80	186	295	152	204	103	179	31	128	289	92	189	154	37	259	294	86
323	240	267	72	296	195	9	83	0	63	119	101	322	144	12	222	244	335	31	102	186	150	77	228	324	205	338	56	230	115	250	114	173	5	304	11	161	158	281	139	287	217	235	79	289	340	7	247	178	117	124	77	277	307	120	343	195	202	35	168	331	20	156	71	124	312	232	229	196	237	263	108	18	89	56	328	130	133	49	136	211	181	288	51	124	84	170	294	129	202	28	158	290	146	344	156	288	322	218	205
150	6	62	147	52	302	89	57	237	0	163	246	338	80	79	161	324	221	225	241	46	5	93	301	52	157	343	44	12	34	342	210	309	342	197	298	65	241	79	315	24	250	96	338	152	14	283	236	237	291	148	342	132	41	61	132	243	130	103	177	20	11	273	38	258	169	266	160	93	169	149	266	107	287	225	106	259	28	327	138	127	289	213	2	147	275	183	320	225	22	294	36	20	331	85	148	168	292	187	249
244	104	266	128	189	319	155	3	70	14	0	335	203	208	112	345	123	305	274	164	307	243	26	331	308	49	236	104	51	150	112	61	105	232	329	148	81	257	180	184	118	76	269	55	214	160	202	146	99	224	251	166	118	181	107	345	291	296	118	240	132	52	89	91	11	23	268	269	80	268	173	242	209	113	152	115	256	201	168	147	336	121	263	11	171	251	33	85	151	218	3	130	342	68	3	27	133	22	308	202
58	101	79	262	136	154	29	109	256	41	230	0	83	97	25	229	299	2	183	103	93	105	33	116	44	53	184	261	51	276	153	72	80	268	55	328	252	104	88	232	289	108	56	236	285	104	213	121	190	182	174	288	136	258	7	140	6	216	176	205	178	73	6	258	298	134	277	180	297	317	268	321	45	21	178	266	48	312	182	48	244	217	238	327	150	275	12	97	28	69	108	183	344	196	326	20	231	106	176	126
326	50	208	6	105	39	306	329	294	191	182	108	0	181	258	289	130	304	322	169	34	337	69	129	138	243	194	270	178	157	106	82	173	109	130	221	339	133	333	88	326	345	70	232	297	101	191	22	257	261	53	45	205	100	258	1	199	104	241	245	104	248	270	27	57	102	330	44	82	61	64	102	216	211	156	261	67	21	251	216	9	140	90	285	143	209	78	5	331	248	64	208	293	67	92	234	57	28	101	303
150	10	96	203	28	265	334	343	341	293	214	303	233	0	45	257	266	79	272	318	270	18	121	121	184	222	70	333	38	76	159	20	193	30	80	124	244	230	340	343	189	45	137	218	28	170	47	78	309	51	301	225	39	329	73	50	132	111	59	134	335	156	173	262	318	44	313	265	29	312	31	127	182	92	325	262	261	187	65	29	316	89	28	50	229	10	24	230	181	281	323	151	85	228	57	144	147	262	345	169
11	66	123	142	138	61	162	136	295	168	24	39	142	231	0	151	107	59	183	258	247	16	194	24	184	322	309	256	273	249	188	222	24	204	198	312	54	37	21	244	17	247	99	182	48	172	147	154	34	94	145	182	318	110	56	191	61	250	81	289	292	39	103	308	287	105	274	59	171	149	113	211	227	275	249	15	130	207	115	55	277	104	57	118	131	111	47	272	232	237	71	159	17	78	35	86	169	194	127	269
325	33	90	189	181	75	317	125	309	82	11	277	150	199	262	0	221	172	331	1	328	295	240	215	271	189	295	33	111	111	33	268	14	239	271	66	272	108	40	238	263	271	48	49	68	95	300	251	60	102	90	308	304	61	79	243	336	282	260	103	152	16	342	252	54	101	25	175	302	285	132	313	281	277	56	10	35	57	55	87	294	3	219	46	76	138	237	54	25	256	183	175	57	167	151	167	113	218	45	25
285	203	271	154	177	178	53	193	161	18	154	194	159	147	151	211	0	89	113	71	157	119	149	256	252	260	39	237	68	269	128	8	67	142	39	133	293	319	94	111	113	15	261	244	337	302	284	249	301	307	266	68	21	204	134	144	287	51	27	22	46	129	188	157	46	62	274	158	165	106	98	177	152	249	308	140	341	215	331	304	23	218	143	204	135	25	85	344	254	289	280	143	333	130	66	67	332	187	190	79
5	8	173	121	107	345	37	104	211	343	194	246	58	52	298	244	87	0	163	240	39	132	184	290	275	192	100	147	19	238	335	2	6	263	292	18	20	5	51	159	302	11	192	205	108	62	112	249	41	329	296	295	163	5	79	266	145	6	33	338	86	24	187	125	132	108	232	177	24	84	290	164	187	105	285	94	300	52	257	119	6	179	254	45	269	111	170	112	243	180	114	40	295	264	62	98	36	207	317	322
302	42	17	68	227	30	259	237	162	223	217	153	317	276	236	252	332	319	0	344	121	264	29	73	97	184	225	270	134	70	244	148	200	31	170	43	29	43	146	151	211	32	289	232	44	244	293	98	205	340	180	8	76	299	106	334	121	8	35	2	302	323	53	51	144	191	16	160	89	133	159	275	206	127	273	109	263	174	344	40	36	188	244	70	285	100	55	69	291	96	259	184	39	60	198	345	10	210	260	63
263	318	46	344	39	287	284	314	324	170	181	69	278	154	228	81	171	40	85	0	245	142	17	100	224	254	228	15	256	259	148	85	251	96	106	76	340	241	230	143	312	140	82	66	333	278	229	260	212	55	213	232	58	291	332	123	299	325	319	284	165	147	121	4	173	88	103	260	85	188	85	182	209	12	64	248	264	301	320	193	161	14	13	35	323	109	174	275	193	318	321	110	205	114	73	254	242	101	229	116
192	95	283	97	113	311	311	272	259	109	301	226	109	287	207	318	100	292	138	77	0	230	291	94	320	70	20	138	339	268	224	247	282	226	290	168	281	294	89	338	334	211	238	294	195	66	22	14	303	250	81	27	163	30	185	102	134	317	17	101	36	5	150	54	293	150	15	180	125	257	7	161	316	54	80	144	68	175	94	179	327	165	142	306	12	160	104	208	280	33	6	315	107	264	89	159	217	159	312	270
219	143	297	278	342	288	212	278	238	206	161	133	127	10	151	226	142	184	96	62	127	0	144	188	45	256	17	148	76	317	312	43	309	152	252	5	299	168	322	61	321	152	331	64	34	121	259	208	51	129	148	209	213	256	105	232	137	337	208	224	111	267	23	170	298	192	314	151	246	323	245	177	273	203	251	162	98	18	89	273	326	282	153	302	208	126	295	235	147	233	247	246	167	46	312	86	80	324	50	271
226	164	266	36	140	156	69	218	151	176	334	193	47	82	255	230	144	312	84	1	45	56	0	19	219	84	222	26	153	42	239	202	24	153	174	55	42	125	286	342	67	205	249	294	6	229	51	91	202	301	314	316	345	307	343	26	104	42	285	228	300	271	59	229	261	21	4	122	309	279	251	334	115	230	261	158	44	62	92	86	29	161	159	273	31	256	301	296	323	322	245	107	42	261	300	137	281	191	157	166
133	49	273	62	219	39	215	146	301	319	113	321	300	199	159	335	180	156	102	31	316	149	232	0	53	303	223	76	101	235	344	114	88	207	13	121	190	146	132	120	244	214	329	136	240	282	43	129	234	231	311	292	101	150	223	204	260	280	30	301	3	55	298	112	102	236	308	336	47	302	24	201	296	249	104	96	313	32	273	282	198	222	7	164	145	293	310	77	26	128	308	149	221	112	184	80	79	2	243	237
233	65	283	332	42	209	296	345	290	77	124	322	99	286	122	223	228	260	132	133	42	64	132	174	0	238	89	266	277	83	336	210	318	114	124	260	185	277	14	189	251	321	155	98	319	85	263	150	261	52	253	165	182	229	2	90	209	323	83	277	67	321	193	181	114	3	32	297	64	99	239	270	318	256	91	102	200	197	338	233	84	297	90	292	18	24	310	329	69	217	6	201	236	173	342	184	233	88	174	160
328	321	23	211	317	122	320	134	76	212	295	282	275	180	305	117	43	327	165	147	276	93	79	9	341	0	169	290	309	84	339	242	242	202	90	146	174	253	114	121	74	49	301	6	336	66	172	258	123	144	29	86	175	211	85	154	169	214	131	42	41	39	242	253	107	228	191	243	175	83	299	209	56	129	61	293	19	303	135	159	69	183	108	150	293	297	297	147	340	185	111	256	307	215	122	40	134	37	214	144
246	254	150	7	27	244	274	240	155	137	121	6	303	40	242	271	95	138	336	271	276	70	314	38	5	301	0	86	53	190	181	131	53	75	150	217	281	227	324	261	88	9	65	98	110	255	251	72	319	67	48	291	218	193	212	60	140	153	195	174	334	191	321	56	126	48	222	48	8	27	235	194	13	224	227	81	237	70	218	172	320	73	192	272	207	39	284	17	85	282	312	72	220	116	44	211	71	182	172	328
98	174	239	242	112	191	231	37	253	105	66	321	244	72	66	223	89	160	69	20	122	214	282	164	170	106	292	0	64	290	76	225	296	75	89	61	63	295	278	52	162	201	256	114	269	226	313	318	303	48	294	39	113	98	46	221	116	35	117	337	102	32	202	96	40	81	170	38	268	16	42	52	329	257	269	322	205	85	323	333	49	144	164	76	339	204	344	290	245	12	129	9	181	268	142	310	76	268	343	251
336	42	223	334	208	17	304	291	179	79	312	131	228	311	214	302	249	247	29	66	39	302	147	334	217	276	283	249	0	338	337	53	94	53	174	81	176	11	79	280	79	40	328	247	169	6	317	308	152	305	222	280	313	287	258	243	101	93	292	48	95	314	154	2	166	293	94	158	115	326	333	72	61	143	276	290	147	172	337	128	64	133	224	9	33	173	245	90	323	87	40	15	45	85	105	177	3	109	272	344
311	183	235	240	300	286	44	129	152	303	45	98	17	41	267	72	283	328	128	227	193	70	262	1	166	160	123	156	306	0	292	198	243	142	251	135	123	114	48	69	220	82	51	274	133	325	134	282	242	21	172	134	142	282	107	106	6	136	268	242	147	192	95	140	200	174	132	120	285	14	12	84	327	10	104	245	301	165	102	127	101	146	181	48	257	31	156	170	79	244	113	290	136	237	133	103	64	98	212	245
248	43	123	50	21	210	174	183	261	188	123	247	158	152	107	19	262	104	148	80	331	158	129	341	5	343	258	220	38	155	0	163	71	318	205	83	212	29	274	73	282	236	340	142	167	21	316	317	109	294	243	138	17	321	234	107	260	8	275	248	26	160	116	155	147	192	58	244	84	210	338	227	250	332	128	86	19	335	73	149	269	170	283	264	140	259	9	3	240	218	269	122	339	96	280	276	312	318	296	59
53	274	199	281	102	64	196	33	83	154	262	184	27	166	97	153	296	264	230	146	32	175	109	140	258	132	305	107	39	25	17	0	160	147	70	187	10	319	27	191	172	63	318	160	229	107	227	237	282	175	49	150	92	58	130	341	94	96	299	272	226	77	225	19	293	59	259	279	269	170	213	211	208	22	290	244	106	332	180	178	128	218	272	103	324	296	132	189	28	44	70	239	191	79	3	243	60	214	269	338
344	120	320	308	67	256	171	217	50	296	337	194	135	27	169	131	132	69	192	272	250	333	72	65	16	224	310	327	293	26	84	193	0	88	188	304	34	124	192	287	252	312	150	221	338	49	43	283	314	325	338	260	58	205	170	229	198	308	75	20	47	166	243	152	111	282	267	44	144	2	282	1	122	90	133	271	112	216	327	8	43	287	267	9	225	258	131	308	48	221	109	119	118	258	50	331	19	94	286	149
93	15	233	291	167	241	281	157	327	196	27	232	150	55	157	90	340	343	148	206	92	269	152	183	167	192	319	192	128	154	318	22	20	0	91	32	320	294	230	217	108	229	88	245	2	1	93	316	212	78	62	314	76	224	216	145	310	161	246	119	90	242	139	98	53	239	232	239	181	290	271	34	134	61	27	55	154	141	242	298	87	263	161	339	39	120	242	3	114	163	103	66	251	232	204	305	93	336	175	252
102	194	98	75	44	118	135	273	309	284	172	284	42	168	41	86	134	137	105	341	187	189	23	292	248	181	33	138	204	166	300	298	299	200	0	32	243	64	161	345	3	71	339	130	214	263	75	272	150	186	129	180	120	173	206	246	303	331	16	40	205	308	33	329	149	17	256	329	62	244	47	46	93	36	19	262	335	89	335	318	186	67	175	5	197	21	33	83	251	6	316	240	154	307	134	161	339	186	251	111
97	345	227	20	142	91	45	294	60	21	176	224	279	337	75	26	188	45	202	277	198	56	138	71	294	295	97	22	312	229	168	300	115	92	344	0	244	283	65	202	315	37	303	121	20	173	207	21	81	327	198	171	133	223	250	90	228	48	188	254	194	113	237	320	155	43	339	104	16	190	213	240	103	100	110	326	307	37	142	265	344	120	207	41	222	7	121	211	106	275	278	66	141	216	88	144	107	77	72	34
251	224	7	221	76	86	312	82	298	300	35	16	91	329	33	9	332	191	45	198	95	107	31	123	82	127	166	109	58	239	183	213	173	161	2	334	0	145	102	164	14	14	260	273	101	209	324	223	280	142	67	149	129	274	62	80	255	122	23	126	25	311	341	307	164	335	314	91	289	223	61	84	126	202	197	115	225	211	107	328	13	89	323	288	245	104	78	123	300	109	5	151	199	39	20	268	94	344	187	237
116	148	175	40	57	112	97	108	18	136	189	197	333	206	343	43	168	6	48	78	73	11	12	111	154	237	2	312	135	329	89	308	223	164	192	314	10	0	214	214	338	251	202	186	299	169	198	341	112	264	68	341	203	192	146	254	292	65	337	283	249	319	299	275	124	344	66	127	6	136	167	125	335	245	336	215	6	43	224	44	67	307	320	64	19	278	9	88	341	255	78	118	173	268	60	168	184	21	236	57
181	189	246	218	158	187	104	320	88	12	189	173	268	193	14	328	68	305	59	48	82	170	341	235	88	99	145	269	176	85	288	28	269	190	297	198	228	334	0	73	236	314	44	229	292	293	139	297	105	287	289	191	334	291	326	214	119	259	24	151	95	295	31	196	4	108	13	49	269	151	164	225	222	107	217	269	24	58	336	196	153	315	325	287	338	116	243	218	220	102	303	61	203	329	152	113	211	71	319	343
107	336	58	315	127	7	321	220	23	56	63	225	208	293	115	298	257	164	110	85	345	228	68	241	245	224	293	307	285	309	106	48	136	307	123	329	170	254	79	0	320	111	70	220	214	273	187	316	175	256	341	310	232	90	10	255	180	303	102	119	218	170	290	228	96	151	298	91	48	269	278	193	213	5	210	338	60	209	173	181	89	183	34	153	114	104	317	45	163	39	149	157	234	25	4	312	134	50	8	319
244	52	14	151	247	132	69	292	273	330	12	83	167	74	212	85	299	105	41	319	116	196	175	261	42	306	70	75	113	310	38	119	300	142	100	265	242	203	30	333	0	181	227	206	227	314	72	261	43	62	114	298	141	273	220	297	119	65	64	325	61	217	229	266	196	163	344	172	253	189	178	195	204	95	338	153	169	107	227	236	268	241	188	327	92	127	345	52	156	69	263	12	119	94	10	313	238	132	7	24
266	257	290	245	320	207	309	26	183	43	67	100	20	170	297	130	315	198	195	35	326	1	51	183	5	178	61	103	336	160	339	25	52	237	199	66	319	68	324	146	41	0	216	202	283	176	247	84	286	154	213	28	56	41	341	311	245	99	95	45	126	339	4	37	12	336	276	226	247	110	143	297	155	41	90	28	9	333	227	287	127	134	341	72	187	19	57	124	57	231	20	145	56	32	88	198	156	92	45	112
323	159	225	179	43	151	184	112	330	123	246	21	104	81	205	340	197	39	304	295	19	311	150	298	28	333	143	23	64	146	278	90	27	193	182	29	301	214	278	14	169	292	0	259	17	119	300	289	318	156	190	309	166	299	12	277	335	79	117	75	217	106	13	128	317	246	179	205	61	91	47	210	269	200	202	132	122	343	28	216	265	243	325	33	68	283	174	10	145	276	138	255	166	320	141	206	281	160	292	223
63	143	65	2	256	92	58	231	124	298	139	38	223	33	108	153	24	111	332	314	43	344	151	310	133	70	312	70	200	75	138	294	204	204	130	23	309	64	225	200	97	79	301	0	49	155	310	190	272	31	47	273	178	178	310	219	280	94	158	148	34	320	119	288	273	13	193	236	82	161	339	276	231	340	335	218	282	99	114	277	12	153	281	140	180	194	184	168	67	315	173	252	176	251	292	107	283	179	16	210
283	202	164	66	64	327	40	42	98	339	271	147	87	56	265	77	266	63	80	82	93	279	309	205	337	276	87	103	303	184	217	143	92	266	159	78	195	310	213	303	13	300	289	88	0	85	38	297	21	23	6	172	307	255	162	289	308	319	70	69	302	203	152	339	159	137	78	221	26	52	223	27	12	140	262	60	196	264	253	195	102	333	58	223	279	267	205	290	33	269	9	235	186	57	66	33	40	80	222	42
180	43	52	317	62	136	261	33	191	264	155	223	264	172	1	305	260	152	215	310	93	316	15	320	114	332	21	290	303	228	264	160	108	339	52	136	29	139	308	75	82	258	37	80	33	0	8	145	271	161	330	79	126	241	337	329	202	303	142	295	5	38	322	89	81	303	270	341	259	255	219	190	318	93	10	97	328	257	130	251	225	161	86	182	4	313	124	144	52	214	154	287	136	136	293	197	73	231	322	57
203	240	291	290	102	222	161	55	143	277	118	54	307	250	139	194	34	58	47	179	105	305	223	269	157	312	274	120	13	166	162	315	113	199	277	101	172	29	127	314	51	282	255	106	74	265	0	8	315	24	262	48	114	118	257	74	130	28	107	205	178	215	117	80	115	233	142	217	83	132	257	21	122	165	272	250	230	228	4	210	33	219	180	129	91	86	38	172	162	15	280	175	293	60	240	141	85	174	334	246
67	235	264	108	201	42	279	211	297	59	219	245	171	6	273	331	59	58	128	267	317	262	36	92	334	318	140	207	278	175	3	176	189	268	110	124	193	217	295	161	104	231	315	131	56	107	67	0	274	258	345	283	150	161	304	169	179	259	80	114	65	252	284	10	92	241	295	160	226	48	215	72	283	106	181	4	64	272	110	47	67	216	299	176	161	169	306	323	101	191	225	40	321	37	306	155	182	120	206	223
184	74	314	16	297	42	227	163	158	264	20	123	194	273	52	197	121	227	342	199	338	178	79	61	337	273	167	218	40	106	299	315	333	302	165	289	114	255	74	315	103	119	60	156	116	55	151	249	0	84	106	225	197	158	265	313	152	228	323	63	182	27	292	267	340	128	94	207	157	214	211	1	38	189	49	101	92	183	110	52	272	45	153	105	82	107	228	32	302	345	269	70	21	234	288	262	9	165	52	208
145	86	298	52	28	242	111	71	201	83	119	106	257	57	202	320	66	36	86	248	217	4	143	89	332	248	44	151	316	218	112	230	271	274	35	73	247	187	118	294	312	263	310	82	235	263	39	121	279	0	316	240	308	260	210	44	250	211	22	310	173	152	19	225	145	250	263	172	204	252	50	141	252	264	206	148	19	71	270	328	69	12	45	233	105	204	299	255	142	277	251	30	180	120	57	159	87	297	66	311
151	227	140	45	26	295	145	206	166	175	333	341	340	210	87	49	242	335	163	291	159	283	11	163	230	73	177	277	145	167	79	113	61	23	192	179	128	243	38	215	166	191	142	303	228	168	179	234	100	190	0	27	130	175	218	226	308	167	6	155	7	315	122	304	271	31	240	12	182	7	219	239	99	147	310	290	17	190	160	220	252	128	77	218	245	328	112	283	197	152	314	73	302	251	120	248	251	128	281	272
247	129	175	205	280	85	268	299	342	188	337	61	101	319	162	340	233	323	129	189	305	223	67	1	307	239	317	157	146	209	171	264	31	153	93	283	30	144	250	307	215	324	316	125	231	201	37	23	77	108	320	0	18	120	131	13	314	317	141	10	110	255	268	14	137	222	174	142	234	66	317	237	300	319	177	188	326	14	137	329	299	320	24	225	33	55	21	334	206	14	288	186	258	59	291	44	123	114	172	266
244	60	340	102	37	282	272	27	2	88	136	105	103	305	333	19	234	128	307	341	17	236	85	178	68	259	124	101	105	70	156	96	304	6	96	314	114	328	274	211	195	248	18	59	344	308	196	83	296	235	54	180	0	105	196	219	88	10	3	291	9	29	134	236	285	148	169	221	108	296	77	333	66	10	161	257	101	59	204	231	12	42	166	261	108	227	243	45	155	66	297	120	32	239	190	29	327	30	128	316
4	230	317	213	211	129	80	335	145	166	232	217	252	26	233	110	201	91	338	126	67	115	233	285	196	59	167	297	134	15	177	88	203	26	101	142	261	254	150	296	37	216	199	278	119	107	303	163	179	153	71	233	324	0	189	165	43	22	326	271	56	67	345	10	44	298	223	149	187	305	216	214	138	199	143	23	82	74	109	116	194	229	283	219	73	221	321	233	73	205	167	2	134	286	140	157	231	250	124	187
84	195	219	51	51	282	294	22	40	85	231	232	126	294	318	16	241	140	127	28	89	197	186	44	218	285	233	308	26	167	280	1	340	309	171	339	313	334	45	195	338	132	104	134	292	246	276	328	269	322	196	26	175	147	0	75	198	86	208	235	171	73	30	270	258	291	163	338	55	212	284	276	28	198	90	230	327	312	104	332	296	320	12	92	101	197	272	317	64	144	14	68	325	46	172	125	116	74	277	150
276	243	302	227	340	222	345	241	270	1	28	109	136	43	130	61	227	239	47	73	198	160	104	306	341	258	274	299	287	269	100	276	322	238	12	75	116	286	138	281	82	214	310	78	112	241	21	257	54	195	300	76	265	303	23	0	93	17	322	155	108	135	297	182	133	63	200	127	263	40	220	227	264	22	239	221	17	96	142	14	156	52	252	195	225	179	325	140	11	271	206	312	132	172	61	13	158	177	266	217
24	34	171	249	236	290	303	98	30	139	61	242	109	262	255	37	7	312	103	280	168	137	35	70	341	327	90	210	337	113	155	101	75	307	125	137	143	53	29	109	210	144	27	207	306	249	143	65	102	332	180	84	227	168	212	164	0	254	123	182	114	203	19	8	228	262	53	3	88	255	70	157	150	239	193	209	271	159	14	75	60	183	138	298	145	240	308	288	123	291	158	292	285	281	302	275	15	127	322	5
140	107	145	138	141	345	15	279	225	231	90	195	261	234	43	27	72	33	344	113	112	241	250	102	230	118	244	314	243	285	262	222	326	101	88	237	87	261	298	292	106	25	304	34	317	223	235	10	331	325	234	345	8	116	133	259	13	0	215	69	272	212	51	34	11	121	158	333	86	17	187	326	293	12	147	288	200	35	138	271	256	325	263	33	311	32	307	22	271	285	131	337	121	113	281	105	206	132	258	219
48	115	218	34	204	114	122	215	341	133	341	48	264	73	79	220	338	157	109	118	186	254	237	315	107	141	317	159	270	62	169	222	229	67	87	333	9	63	330	133	187	247	188	341	259	138	261	130	296	188	32	340	324	293	23	331	149	238	0	98	210	206	295	297	188	166	253	341	225	241	244	121	274	291	193	59	345	113	261	142	165	334	13	50	334	237	20	255	254	214	4	193	84	18	322	232	54	183	332	77
179	315	115	141	124	171	79	188	86	36	76	250	276	299	251	206	83	235	18	198	199	237	114	56	252	126	73	285	85	270	183	204	244	175	263	54	146	62	116	90	224	138	191	142	60	164	65	123	308	274	278	28	21	317	318	249	48	174	160	0	318	145	204	149	308	327	334	210	290	81	318	220	225	101	309	335	44	164	160	205	245	143	32	157	33	20	281	59	35	237	170	48	3	268	48	5	212	319	88	340
222	68	214	311	121	318	329	183	157	260	336	123	198	95	132	225	218	316	198	179	140	94	73	170	128	248	332	248	263	21	104	79	147	251	162	221	212	90	125	77	294	234	188	100	50	252	249	223	290	60	9	93	269	329	50	227	265	148	126	314	0	277	21	143	222	178	140	107	16	25	183	243	68	96	322	98	309	85	292	270	234	114	313	92	116	235	126	307	338	62	43	39	262	151	52	212	219	97	95	184
215	298	82	174	238	3	299	214	50	325	126	9	87	180	9	159	3	197	194	323	318	63	29	220	162	299	80	144	16	242	43	195	167	253	321	292	124	85	172	147	79	40	247	195	13	230	88	257	101	37	149	188	331	176	28	163	192	270	94	228	145	0	238	194	130	242	168	199	47	69	197	270	162	10	60	116	307	77	299	152	5	334	227	221	300	116	281	341	253	301	76	340	322	203	160	142	133	17	321	246
179	184	158	97	167	26	330	118	330	17	107	22	115	321	18	344	196	203	184	83	179	86	178	49	216	119	153	78	163	302	88	247	162	288	26	127	131	27	223	105	231	11	17	287	138	306	254	332	206	200	197	34	218	294	306	55	177	29	275	246	274	11	0	11	125	71	188	60	134	307	103	143	309	140	212	141	69	204	253	303	249	285	298	264	246	151	279	342	260	33	206	45	35	27	257	343	218	281	54	233
338	222	64	156	329	151	311	87	16	41	188	146	322	331	341	165	55	77	280	13	28	113	93	33	213	200	287	155	280	302	11	311	127	302	42	191	85	111	260	123	319	135	216	263	233	18	181	120	276	189	126	122	30	251	203	43	324	6	329	191	83	292	208	0	154	50	209	228	336	5	145	51	106	243	233	204	277	13	149	105	2	165	15	22	225	214	344	333	66	28	176	267	168	280	284	90	285	39	131	152
330	42	96	220	257	99	336	298	308	249	46	227	91	134	27	52	180	35	38	195	233	150	165	315	174	9	115	116	332	107	200	161	9	40	314	120	259	157	66	54	141	252	3	189	174	231	188	320	22	27	280	89	68	117	177	171	209	166	18	133	17	219	119	96	0	86	64	80	271	322	209	128	337	56	57	215	18	171	252	302	2	295	306	28	288	319	113	198	180	305	35	139	242	89	252	92	54	280	311	24
316	6	326	76	202	258	165	117	221	18	305	219	118	251	239	94	126	31	211	117	245	125	322	60	220	116	171	88	256	143	249	156	162	21	260	323	23	316	194	130	328	207	240	6	126	245	288	90	335	194	218	257	307	318	235	319	223	125	300	16	236	82	339	288	267	0	191	134	326	190	41	44	95	91	109	241	303	207	169	194	229	96	265	304	123	153	314	208	313	110	319	37	314	261	232	135	193	64	148	73
34	86	5	270	276	261	21	315	268	129	135	132	40	10	168	312	207	34	154	89	217	80	279	183	172	292	243	10	222	84	270	317	301	93	43	60	229	85	17	180	232	127	63	37	33	336	63	291	89	111	224	283	265	191	10	344	113	284	94	155	206	164	173	53	11	209	0	197	7	339	209	269	51	260	253	160	333	180	211	39	17	138	182	43	213	204	269	148	297	46	310	152	329	68	159	243	224	341	164	110
36	267	83	220	342	210	285	278	31	61	121	237	306	39	89	137	255	259	43	95	171	267	20	192	51	70	253	335	344	92	77	211	202	116	223	124	259	230	30	250	266	317	275	343	240	221	337	321	56	289	200	226	311	150	73	60	28	49	100	147	51	294	2	160	215	316	252	0	198	175	30	160	219	280	258	142	173	299	272	94	43	198	199	73	335	217	225	143	298	209	29	182	62	189	64	338	296	341	153	260
38	269	244	97	217	79	134	158	102	19	321	76	44	56	345	68	170	16	54	302	345	275	293	268	297	250	280	304	114	291	13	32	319	30	147	309	191	337	246	131	237	163	12	224	109	35	147	304	33	110	170	312	49	294	280	25	195	135	192	282	108	329	228	115	167	162	161	57	0	268	142	322	40	58	100	310	4	279	147	338	267	28	323	163	210	329	37	10	24	202	114	135	78	85	341	204	6	66	302	222
47	12	74	137	87	47	196	17	261	189	91	20	271	260	339	15	258	81	243	45	240	83	194	301	154	339	12	310	326	147	329	198	318	227	43	221	170	104	125	237	180	135	241	275	289	127	168	111	2	333	302	227	262	90	84	53	87	265	66	338	266	181	310	52	52	58	87	269	154	0	113	284	187	146	183	22	228	82	167	318	76	282	156	343	268	125	133	74	257	5	156	92	82	47	71	19	167	44	5	307
235	145	69	119	9	34	330	105	37	333	304	295	287	201	97	311	205	240	162	114	170	171	16	6	155	119	244	180	61	336	329	296	275	19	43	227	26	141	20	174	145	17	317	273	136	150	5	68	54	138	4	100	23	40	214	237	260	10	174	121	189	269	4	5	323	164	290	79	18	203	0	146	120	35	142	54	207	150	24	80	14	156	152	17	127	50	223	107	21	208	150	61	71	76	120	36	226	214	256	185
212	87	175	91	197	259	335	209	17	306	87	61	310	274	75	79	194	221	77	126	59	327	8	44	335	104	319	173	154	196	89	220	101	229	176	82	264	245	275	84	108	18	208	81	77	121	256	243	20	312	110	85	248	67	237	262	115	2	208	217	201	84	202	53	179	34	26	177	279	62	28	0	305	166	36	72	228	341	230	30	213	60	264	193	195	318	192	114	327	81	237	137	270	279	113	32	200	142	103	92
252	13	306	217	192	44	161	231	46	225	81	336	14	314	109	18	54	81	186	45	152	248	42	202	240	254	309	185	269	113	241	289	231	220	65	174	60	11	339	135	61	141	142	305	247	278	284	100	332	226	150	175	244	291	337	154	138	345	78	122	138	317	270	10	109	98	173	257	98	109	311	338	0	305	210	180	262	279	325	108	174	37	16	219	145	206	103	235	223	184	316	299	327	11	232	245	335	240	304	78
84	278	327	306	243	324	43	256	283	83	32	277	147	65	136	232	260	267	82	50	307	188	123	340	64	285	187	145	75	323	247	306	263	51	17	47	58	154	158	214	137	24	328	82	111	247	305	240	271	160	306	300	161	273	179	320	241	124	62	234	211	250	205	208	285	145	109	161	65	248	30	47	317	0	175	206	255	253	51	74	47	140	9	38	255	290	15	334	54	310	273	34	5	86	248	255	13	71	284	318
7	210	315	35	163	345	80	52	248	170	89	256	107	134	265	307	242	293	1	198	261	257	302	293	93	140	116	33	30	139	325	249	220	32	151	245	251	246	316	115	133	170	111	34	208	310	147	244	103	282	255	137	301	309	18	310	136	293	218	159	309	67	67	224	265	159	313	312	215	26	233	56	9	158	0	75	169	327	231	341	125	15	146	17	214	77	280	62	29	222	310	226	105	243	337	184	155	2	273	69
296	220	174	146	184	283	2	27	318	119	231	235	134	270	127	157	333	245	210	192	328	334	294	273	196	33	306	323	72	312	320	29	86	245	266	258	146	56	145	264	312	308	285	307	188	226	59	34	26	230	121	57	214	251	312	192	235	321	207	318	117	280	96	151	226	119	299	13	205	217	133	77	103	248	309	0	319	208	248	251	44	23	32	323	90	283	195	114	172	275	64	28	318	190	193	296	263	159	316	206
82	11	26	195	248	243	63	70	30	156	216	35	254	242	334	299	176	140	301	88	294	82	36	144	184	153	168	258	224	138	16	41	60	183	55	20	150	72	314	287	108	162	252	345	83	180	239	250	31	330	201	182	313	299	332	320	193	222	35	23	194	111	84	73	172	229	327	278	232	118	100	121	143	172	117	139	0	13	76	180	105	81	29	125	132	182	113	119	299	64	17	127	31	184	138	4	239	244	152	257
226	267	154	245	133	182	158	182	122	161	298	185	328	135	200	211	117	12	303	74	257	38	147	213	39	109	183	312	15	189	237	70	37	122	268	292	88	152	194	278	344	56	211	112	6	103	260	37	217	63	284	180	76	16	318	332	151	119	149	89	174	280	179	162	70	82	174	342	192	198	11	98	345	213	117	164	305	0	28	223	72	296	181	62	277	184	103	276	277	218	317	205	287	16	325	185	128	209	30	106
92	138	317	39	257	263	46	230	67	12	208	216	42	123	125	78	75	69	207	169	177	314	75	319	271	312	131	344	79	261	28	149	268	99	106	172	299	237	41	206	290	48	63	47	180	45	145	274	212	198	299	215	20	118	201	247	150	284	236	22	306	258	232	17	5	214	227	143	98	316	4	233	240	31	239	5	18	218	0	15	163	317	66	249	82	302	67	271	323	332	47	271	151	214	172	244	42	321	181	322
135	127	157	206	255	41	167	191	80	97	228	257	29	82	344	115	264	303	226	264	304	303	114	99	200	197	129	3	40	194	225	18	220	18	76	199	171	78	71	113	296	328	149	278	231	194	296	321	216	159	275	117	191	75	128	61	257	225	232	124	126	164	327	229	275	68	179	262	217	257	80	69	85	328	160	129	19	21	95	0	156	73	76	104	244	246	99	106	225	216	155	247	217	49	209	136	95	157	159	65
196	1	205	130	307	343	50	261	62	124	269	7	205	18	205	110	40	8	207	319	322	280	262	49	241	25	53	239	75	101	279	154	9	179	335	94	268	193	50	231	301	238	253	206	69	76	218	270	151	145	14	3	82	93	319	213	182	277	229	236	33	119	50	44	311	110	219	108	206	336	181	163	98	108	96	341	41	131	178	151	0	147	126	194	308	303	342	307	269	300	43	68	262	152	339	57	114	153	92	112
299	44	37	104	16	218	292	332	221	22	80	335	226	132	167	42	141	45	188	289	28	10	284	144	226	225	166	342	229	193	102	77	246	167	10	10	242	162	150	303	26	311	285	74	282	207	317	7	139	201	23	73	50	242	86	281	260	168	41	152	3	44	142	55	333	130	217	142	138	149	294	64	188	108	251	114	255	315	327	212	210	0	158	167	242	312	246	83	63	287	80	201	290	89	309	86	212	308	100	197
75	234	8	136	192	59	208	30	290	299	188	21	262	47	1	158	173	12	11	274	131	197	176	163	281	234	191	145	213	57	280	278	107	258	210	300	335	319	64	68	3	163	313	58	70	220	35	111	26	12	343	228	219	161	168	221	38	261	12	3	313	178	243	225	175	213	101	26	9	161	136	214	202	2	268	107	177	214	74	263	309	102	0	9	160	295	324	95	60	211	284	18	345	264	56	164	274	127	252	342
305	54	316	131	147	3	17	206	345	45	196	242	63	83	266	257	90	324	173	306	270	182	77	194	161	132	151	100	84	293	88	183	195	12	171	118	144	267	172	47	131	68	296	24	218	320	209	148	283	316	193	251	90	183	27	289	266	206	77	53	100	156	172	59	106	19	98	60	328	341	333	118	128	138	281	322	124	299	190	59	170	177	89	0	193	243	4	124	39	103	291	183	262	315	318	91	187	252	178	327
259	259	221	10	208	128	88	332	333	12	66	114	168	283	20	62	302	26	115	161	310	82	121	45	119	66	318	330	303	170	4	14	300	239	215	270	289	319	153	273	166	290	298	171	192	11	336	173	104	246	74	203	84	139	239	129	128	293	313	48	300	287	161	37	268	239	231	46	322	215	119	44	2	242	28	172	205	105	146	341	61	107	175	183	0	209	41	68	79	246	113	132	174	203	41	152	106	60	143	166
301	84	115	227	239	158	86	189	114	335	139	233	85	266	268	287	148	107	318	165	63	55	179	271	242	214	133	221	316	318	193	220	333	243	297	31	336	96	132	5	131	44	179	337	235	104	323	145	79	273	141	319	177	126	174	8	59	53	92	285	59	273	125	77	17	2	136	161	53	149	238	286	48	243	278	344	302	66	154	264	173	35	335	79	70	0	275	237	117	177	157	125	171	255	54	291	62	54	279	180
272	207	304	44	197	109	36	266	244	183	305	127	132	45	35	22	238	266	158	236	199	121	213	249	310	19	61	266	135	276	89	119	19	160	28	262	31	116	219	57	313	317	333	75	57	296	211	151	176	168	227	233	83	267	255	156	249	153	274	24	160	153	163	168	93	40	62	63	124	180	61	195	115	90	170	120	116	14	218	333	135	161	61	145	139	294	0	101	276	259	115	172	287	148	111	6	75	331	340	128
54	88	172	273	273	121	232	260	126	19	183	6	230	263	114	76	339	47	98	191	197	62	88	133	215	339	181	123	268	177	211	10	165	180	252	297	341	173	172	267	292	33	191	223	157	338	143	344	215	158	257	23	290	311	124	106	149	79	54	254	243	176	213	295	157	81	23	340	57	226	75	154	3	198	243	307	75	34	156	301	171	312	337	299	248	128	9	0	72	163	15	296	301	9	241	6	215	265	160	287
230	236	86	269	282	249	144	113	194	220	229	269	134	342	317	293	61	259	198	263	141	108	249	48	259	345	49	321	206	90	194	128	332	62	295	215	135	279	334	344	7	121	132	45	141	342	80	297	215	328	295	155	148	206	155	324	174	169	269	190	6	210	212	290	24	63	112	30	75	177	267	176	273	340	172	162	42	218	47	330	278	56	121	320	233	232	248	336	0	37	233	62	298	21	228	126	115	57	20	298
178	198	200	215	267	272	214	36	157	268	24	177	292	60	336	311	211	57	36	8	248	91	301	168	171	118	236	65	180	84	115	199	262	287	224	211	217	248	256	120	176	137	100	25	11	252	268	339	122	166	15	11	233	198	303	102	214	208	96	7	55	210	111	96	331	59	76	73	314	121	309	23	84	185	146	24	298	9	158	156	107	211	165	341	184	43	295	330	277	0	119	341	111	238	276	196	279	52	112	138
81	81	297	272	264	125	284	67	34	142	98	307	125	122	122	300	236	174	324	137	283	21	75	272	154	299	271	65	224	340	120	46	272	263	36	240	185	196	345	86	39	251	309	15	306	177	111	9	45	275	225	41	130	300	242	46	113	140	333	99	293	294	242	142	37	256	132	68	152	64	14	87	41	159	7	198	187	60	207	77	274	340	263	188	265	32	285	117	29	213	0	195	315	110	177	204	79	257	159	342
310	159	87	148	56	48	88	151	131	311	6	168	253	218	134	124	214	23	255	234	198	284	266	15	112	136	5	328	273	182	312	242	153	77	179	154	28	75	167	343	83	64	211	163	14	103	287	227	189	245	213	233	38	118	90	157	283	79	128	288	14	28	322	312	171	112	94	284	46	120	13	182	173	272	215	203	214	51	269	166	112	71	227	320	224	3	155	126	78	205	9	0	272	87	181	123	216	71	225	132
298	66	188	104	306	345	240	205	263	71	54	338	28	14	311	335	64	92	134	214	308	67	14	194	226	63	48	264	273	234	86	133	223	340	161	119	24	65	328	126	275	68	197	124	270	12	7	250	226	327	282	164	267	10	323	289	188	7	148	277	224	279	141	57	24	252	100	164	194	42	32	81	281	163	215	178	334	215	202	144	292	301	49	142	223	182	297	89	259	312	156	177	0	277	326	294	186	301	3	306
83	109	142	306	37	316	74	13	231	217	75	337	335	183	255	228	24	193	146	335	71	32	94	113	96	328	72	128	267	137	38	204	237	193	206	231	315	209	6	176	88	37	64	1	292	344	100	149	218	234	35	16	161	247	177	252	144	174	1	33	117	132	333	76	70	156	87	59	88	304	142	342	218	31	67	341	43	146	156	225	129	95	213	164	37	11	330	106	135	204	204	188	53	0	294	271	265	286	202	218
30	18	158	10	90	277	225	117	333	275	174	273	298	314	212	86	86	18	341	302	198	36	141	90	171	61	267	2	72	317	200	330	109	116	283	148	307	107	345	296	129	198	46	54	333	181	250	144	229	172	185	260	256	175	305	314	171	24	326	252	157	137	156	277	70	274	307	216	205	10	15	318	119	243	27	232	18	126	87	195	275	220	15	177	45	3	283	154	8	160	22	148	170	85	0	252	145	234	1	267
156	285	326	330	21	62	232	159	192	108	308	228	255	208	20	160	47	25	278	51	319	14	280	181	261	238	234	255	259	226	178	210	184	124	174	334	190	122	171	70	98	196	77	305	195	301	250	131	283	288	250	180	18	300	206	325	111	45	50	194	55	70	9	120	112	264	167	149	196	247	134	62	62	77	116	202	59	210	222	295	279	47	169	51	263	179	96	210	35	19	249	47	169	145	323	0	9	319	178	90
167	82	327	246	341	274	220	128	85	224	242	195	283	341	280	291	56	9	4	344	328	166	64	256	70	2	34	21	143	263	184	255	159	223	227	109	283	61	87	152	166	142	140	255	309	301	201	282	243	295	180	54	199	254	312	45	181	169	13	132	117	100	245	69	287	119	173	203	90	45	242	36	177	62	326	234	133	85	166	38	311	167	275	22	146	210	53	172	41	145	288	257	51	29	197	59	0	263	310	250
92	191	312	117	12	73	204	160	122	234	97	110	335	78	164	107	11	34	239	195	161	325	62	176	12	97	145	312	319	268	339	34	312	274	127	227	336	305	311	263	160	110	155	258	129	189	157	99	63	122	129	99	217	181	328	191	59	126	179	85	299	105	105	245	100	16	60	320	265	238	131	277	153	236	40	38	334	316	76	235	117	271	280	22	254	147	56	110	48	235	258	51	170	322	214	292	246	0	144	282
315	227	218	192	75	40	272	116	304	272	149	75	192	161	53	186	342	196	211	129	322	337	170	203	340	91	248	137	23	239	191	152	141	125	73	275	13	230	116	94	22	258	95	294	185	280	29	343	24	135	91	31	125	236	227	122	342	293	249	141	148	147	134	128	47	128	113	242	281	322	28	145	220	333	283	222	81	290	143	253	203	294	166	144	13	75	84	337	194	184	200	262	252	26	310	144	219	72	0	14
143	142	286	216	219	7	173	250	202	22	295	194	94	176	194	336	183	93	118	161	238	331	257	340	31	268	185	95	22	33	124	103	317	100	130	142	312	329	231	39	340	271	245	258	72	179	270	21	211	253	148	224	8	137	52	141	297	336	236	54	142	124	242	203	158	114	79	75	128	114	109	250	169	111	162	294	292	271	174	76	76	152	307	343	28	73	237	169	209	336	224	168	189	151	325	326	47	18	288	0
