A	B	C	D	E	F	G	H	I	J	K	L	M	N	O	P	Q	R	S	T	U	V	W	X	Y	Z	AA	AB	AC	AD	AE	AF	AG	AH	AI	AJ	AK	AL	AM	AN	AO	AP	AQ	AR	AS	AT	AU	AV	AW	AX	AY	AZ	BA	BB	BC	BD	BE	BF	BG	BH	BI	BJ	BK	BL	BM	BN	BO	BP	BQ	BR	BS	BT	BU	BV	BW	BX	BY	BZ	CA	CB	CC	CD	CE	CF	CG	CH	CI	CJ	CK	CL	CM	CN	CO	CP	CQ	CR	CS	CT	CU	CV
0	133	89	98	180	227	314	24	342	60	11	359	37	98	245	101	246	109	147	102	294	286	250	98	81	226	62	397	73	2	88	358	113	14	108	17	317	155	279	230	158	341	189	110	338	155	405	383	139	119	281	63	107	40	145	305	197	283	343	245	282	190	383	137	358	118	183	360	198	203	328	150	359	45	350	96	69	378	108	94	53	393	85	393	93	392	225	167	277	170	208	170	386	26	378	240	121	147	43	223
152	0	303	231	401	210	191	196	398	144	82	214	223	193	366	15	238	386	275	400	121	392	382	251	390	345	239	166	374	291	368	400	154	272	53	130	317	393	238	214	143	248	294	257	95	304	277	194	137	42	296	308	117	389	150	129	393	116	244	167	288	91	104	92	56	142	276	290	220	163	225	34	75	72	361	26	243	189	105	74	41	149	135	123	107	389	52	346	268	156	252	396	47	256	136	409	63	293	181	402
249	229	0	226	113	341	66	328	82	135	220	266	148	394	159	162	100	359	239	72	184	277	119	100	206	25	162	236	273	202	175	341	405	148	367	26	139	17	399	211	132	361	95	87	15	275	220	360	61	332	156	347	278	201	280	135	124	310	65	116	181	212	332	286	236	84	158	202	23	99	34	269	14	321	247	11	25	114	382	215	376	354	168	263	392	101	5	86	253	225	274	96	359	180	82	46	398	316	341	223
133	124	384	0	74	191	249	229	188	145	371	43	274	202	273	327	169	42	185	329	143	288	358	148	229	278	277	189	76	235	150	77	298	328	52	55	353	47	181	311	15	301	70	72	62	171	206	143	129	14	186	230	190	12	288	96	54	267	257	24	113	348	74	25	238	342	109	407	70	274	273	78	286	61	91	186	154	242	125	233	263	253	401	370	87	110	64	27	262	145	192	345	377	42	155	38	103	84	189	141
245	164	166	155	0	157	348	137	108	325	40	171	251	180	63	82	410	301	34	77	84	319	286	251	290	94	221	8	184	380	32	237	22	408	220	5	323	247	35	349	273	3	396	245	184	202	100	23	259	207	64	241	387	122	319	378	368	295	340	181	134	147	162	348	30	170	221	255	5	62	162	227	132	389	281	46	139	209	124	404	345	290	250	297	9	136	264	226	168	55	109	130	122	280	217	354	94	109	262	135
85	256	244	34	33	0	112	241	113	69	82	113	315	81	42	35	130	186	28	360	237	100	111	180	310	335	77	239	308	107	312	379	18	345	353	277	222	301	229	348	27	237	328	31	367	144	290	32	323	334	391	384	18	260	245	54	35	184	325	149	17	243	259	249	219	197	3	65	379	228	183	317	327	65	382	227	368	269	50	151	57	316	321	366	325	374	226	384	304	287	3	104	373	23	70	244	82	110	89	157
357	166	191	47	168	346	0	342	49	58	93	7	299	26	64	222	111	76	68	209	121	364	137	126	123	313	313	8	185	100	224	385	40	292	238	239	23	378	213	289	96	154	282	389	354	256	344	312	88	242	344	300	166	288	251	231	26	103	313	65	119	51	164	335	37	83	134	53	134	315	94	245	120	155	176	363	6	320	104	43	104	277	30	176	350	39	312	106	266	170	20	194	69	375	324	18	125	372	170	339
297	357	75	341	276	236	266	0	348	272	273	150	382	270	90	265	184	242	23	111	18	45	386	403	358	198	215	317	39	39	2	30	8	265	147	154	165	310	61	309	175	122	164	333	310	13	28	202	175	384	206	89	342	350	22	90	3	318	316	197	290	105	209	403	384	336	318	240	405	294	316	168	171	346	304	408	183	70	392	148	335	321	269	249	15	207	16	205	394	28	184	203	351	340	120	176	184	290	165	15
326	259	22	234	170	5	222	128	0	206	106	164	147	175	211	272	196	293	115	221	48	362	286	397	51	70	171	194	368	104	156	241	395	32	309	108	370	184	214	378	405	367	381	12	196	122	377	8	311	268	246	405	339	4	58	73	332	275	68	181	11	242	85	366	57	92	240	194	382	255	98	270	95	209	121	394	296	38	98	252	176	183	250	94	71	258	212	367	217	55	136	23	51	225	203	132	148	132	272	334
351	325	63	345	356	406	213	1	345	0	255	242	309	333	209	57	39	296	340	341	366	358	274	4	354	369	402	232	255	203	298	71	313	242	11	59	101	10	316	305	275	296	230	91	302	253	211	183	289	207	391	61	175	257	121	324	227	34	384	186	61	133	178	376	64	355	284	261	91	261	21	192	185	179	254	67	201	201	12	242	323	209	27	334	57	361	5	71	250	327	227	270	345	33	331	88	365	152	23	343
360	103	363	385	390	232	299	325	234	48	0	209	110	396	100	168	167	274	47	323	22	217	48	347	17	153	53	358	161	102	332	148	210	202	385	150	133	359	276	108	94	369	308	145	249	54	2	126	213	187	323	389	246	153	111	280	129	11	171	83	409	98	281	153	399	343	189	321	62	110	62	221	109	144	9	216	315	15	122	304	149	118	283	253	279	138	156	173	108	388	160	283	343	262	126	377	341	103	162	244
223	372	170	381	76	269	235	382	41	227	232	0	34	246	98	46	281	327	134	331	304	374	135	346	276	55	180	246	12	274	366	357	321	107	151	285	60	170	20	143	379	203	398	228	170	113	295	36	114	65	298	5	380	401	15	184	74	162	397	364	235	162	46	143	232	131	173	31	3	176	259	165	128	363	3	158	161	144	191	58	185	137	312	314	147	30	153	59	302	109	166	197	344	353	326	142	330	363	311	246
353	342	387	204	402	111	176	337	311	216	104	25	0	151	18	79	310	127	129	234	61	73	144	353	6	149	298	130	207	23	57	195	164	258	216	312	171	79	173	87	208	189	339	59	114	399	267	149	96	269	148	67	230	37	89	185	343	234	316	319	236	361	219	396	193	186	109	163	60	233	317	396	370	329	137	364	42	338	116	186	294	174	213	398	74	190	407	408	301	250	242	169	95	175	229	60	97	321	199	384
25	199	343	62	142	344	24	320	63	200	296	382	99	0	64	232	202	268	394	398	13	292	152	292	214	126	249	142	268	408	98	17	168	166	336	368	367	333	216	81	206	268	320	297	97	88	280	37	274	316	208	63	9	175	210	279	61	116	35	133	11	290	395	290	36	18	84	140	181	327	390	107	45	47	115	114	241	147	66	271	307	304	330	15	300	393	2	354	106	188	12	409	42	238	177	220	160	356	158	36
323	168	315	2	362	179	357	380	185	64	317	176	258	343	0	228	304	347	393	109	404	240	14	182	389	110	68	49	60	265	127	390	37	248	347	152	203	409	68	43	356	92	244	282	39	182	210	337	316	124	79	176	201	205	248	226	258	29	391	163	363	227	377	319	381	389	215	145	62	243	218	146	283	360	355	353	56	256	272	254	392	218	369	282	328	147	176	90	171	389	264	308	329	129	149	273	68	33	263	194
291	344	93	337	133	44	21	157	352	181	116	96	231	151	227	0	155	241	216	13	162	148	317	314	392	168	218	28	2	172	68	241	356	25	355	232	127	208	162	44	109	275	374	282	270	111	235	368	295	58	270	337	88	166	42	82	59	77	87	340	28	391	336	359	53	376	387	161	64	281	304	266	73	346	113	365	7	241	57	378	245	256	324	239	108	187	383	7	215	356	248	281	34	170	222	9	406	69	229	2
250	244	177	189	113	288	124	203	33	307	155	243	185	29	387	75	0	48	302	302	9	123	391	405	99	405	237	42	9	336	162	273	311	292	101	54	153	322	244	309	138	363	216	177	193	40	141	96	273	39	387	81	252	70	349	258	259	22	160	21	396	259	12	333	70	348	226	388	61	96	200	393	93	94	63	310	257	320	191	139	16	390	190	89	156	280	398	56	175	152	37	185	9	392	209	388	117	247	112	164
165	159	280	290	128	129	213	269	323	266	24	206	41	19	285	71	138	0	214	310	244	353	12	56	246	166	287	309	363	215	171	233	10	297	347	215	219	185	89	129	405	86	37	269	111	123	52	205	88	24	133	352	4	178	135	8	252	69	302	60	283	325	143	328	244	207	393	404	273	252	269	95	314	209	112	373	343	63	136	127	267	68	109	122	280	124	193	43	340	73	281	336	11	86	133	365	87	164	376	4
175	398	60	225	125	43	150	136	217	192	90	328	337	216	291	289	404	325	0	269	57	328	316	291	262	17	250	163	260	169	318	203	410	291	115	63	359	82	386	31	143	402	355	69	209	160	332	58	9	346	12	206	173	26	325	350	274	186	263	83	60	222	49	77	364	286	243	133	286	95	112	133	117	192	57	258	16	164	213	303	405	137	352	331	110	408	179	98	164	292	151	162	125	282	313	388	26	169	315	201
141	329	241	34	398	100	328	249	261	352	158	162	28	390	93	24	146	240	403	0	118	178	399	98	233	202	132	199	287	120	81	285	384	156	219	225	134	253	256	110	294	201	128	342	121	282	66	194	169	26	134	29	124	208	126	161	313	242	237	168	379	386	97	326	219	98	67	378	212	135	410	175	220	365	379	374	312	325	280	309	214	102	64	62	166	250	280	153	72	292	16	222	347	136	262	337	142	189	87	370
218	180	80	344	217	83	77	105	62	2	166	237	397	309	217	118	82	168	215	38	0	313	188	60	327	326	374	255	58	160	166	402	180	67	401	399	126	261	92	128	231	91	158	4	88	350	131	243	250	15	399	83	229	37	362	294	218	190	102	115	36	31	368	265	250	277	105	61	298	3	61	347	129	286	322	235	244	340	176	93	243	407	322	259	170	302	184	120	26	69	346	61	84	132	388	292	47	339	143	308
311	104	48	248	315	244	220	147	355	300	297	17	312	207	345	183	317	34	275	274	100	0	309	67	333	322	221	157	17	186	410	28	261	19	44	181	394	249	395	320	203	315	7	374	314	327	271	26	260	277	35	66	366	138	320	224	368	93	171	374	124	318	187	187	266	99	381	325	160	335	230	49	223	280	281	229	379	287	273	367	61	349	35	317	324	123	269	156	303	179	244	55	369	163	53	372	367	344	35	177
291	348	346	225	69	52	149	159	69	10	270	213	224	330	389	383	375	80	77	52	113	56	0	379	228	256	158	147	63	89	149	302	321	287	209	79	263	80	112	148	358	326	268	189	56	47	390	241	148	170	403	102	120	408	406	106	8	390	16	237	317	112	202	261	339	135	62	400	157	75	156	289	169	82	226	142	397	320	375	98	5	102	78	195	394	35	49	164	314	30	109	49	99	358	398	219	78	294	1	321
76	2	86	287	229	146	346	144	131	380	50	293	115	5	185	390	346	238	367	53	374	93	268	0	279	153	303	373	123	47	69	199	87	337	245	13	57	37	375	409	370	328	152	93	16	323	16	181	146	213	57	48	330	138	140	334	232	44	184	410	343	181	410	164	158	101	245	182	314	14	88	249	68	383	330	392	387	340	243	346	314	383	298	405	280	242	91	47	325	297	97	185	357	81	31	162	198	276	110	311
151	29	8	292	165	84	144	328	63	233	95	289	278	56	138	339	62	80	217	349	364	191	371	99	0	1	276	317	124	284	105	314	174	158	20	294	391	116	121	111	334	95	376	60	64	159	167	373	364	5	108	2	216	124	409	180	5	408	214	27	126	286	260	319	72	244	155	133	393	351	210	124	120	372	95	120	313	314	236	229	49	398	164	195	231	228	344	95	15	232	182	299	216	189	381	216	148	21	7	212
256	103	335	161	371	78	405	318	287	317	122	258	269	3	376	303	15	194	256	30	393	160	48	184	178	0	233	378	298	162	275	383	147	156	366	280	379	250	1	77	135	338	116	62	49	28	12	359	91	200	215	250	164	61	323	124	90	18	277	148	152	212	282	409	131	103	207	34	75	3	220	17	400	342	232	114	112	292	267	357	189	184	155	318	302	49	357	115	1	126	289	105	342	108	145	408	193	138	1	103
320	196	71	138	289	131	129	291	194	199	105	72	357	280	228	378	19	89	153	396	247	190	31	213	183	78	0	243	75	248	33	47	126	331	378	294	82	268	294	313	186	53	177	210	398	147	162	307	261	134	186	132	130	133	2	165	297	139	294	152	67	147	25	98	95	404	139	65	369	294	45	391	163	35	147	258	407	204	339	80	119	20	203	344	260	110	260	372	108	134	125	282	405	405	102	158	127	178	24	231
335	321	199	204	130	247	348	213	164	325	264	210	120	339	11	301	391	88	345	225	102	41	219	239	404	365	240	0	254	38	305	89	204	312	346	223	102	407	154	172	102	207	273	52	307	374	205	75	207	371	210	44	4	372	66	378	263	305	97	393	170	70	336	257	184	324	396	170	345	166	98	177	335	51	212	245	27	251	246	275	179	55	11	57	396	203	175	184	52	202	83	328	254	388	287	132	103	215	89	232
19	273	237	234	231	301	161	151	282	3	195	148	206	30	193	111	164	5	145	53	262	211	150	39	183	82	55	261	0	33	266	27	200	387	221	239	157	42	98	63	172	195	281	358	118	191	10	138	170	24	224	329	336	253	41	352	260	230	305	293	143	279	338	376	31	21	376	30	217	309	392	319	249	206	402	349	313	107	12	262	399	387	159	356	151	278	159	263	129	327	391	11	251	328	42	359	384	149	370	192
253	124	24	369	253	324	297	118	139	395	281	259	380	357	280	95	379	197	97	130	205	108	55	199	276	401	169	289	46	0	92	253	42	200	281	115	66	323	283	32	3	276	363	213	190	91	169	123	192	267	46	229	295	82	19	12	74	167	292	167	157	341	333	118	206	276	265	87	127	9	403	234	75	400	338	319	137	270	61	286	328	289	161	137	56	22	50	282	244	238	185	360	300	364	367	304	100	83	325	57
267	79	153	136	172	104	251	167	15	278	258	326	48	379	158	37	352	352	64	272	122	339	6	192	382	77	82	147	300	79	0	219	151	154	372	168	354	283	146	301	230	238	273	407	403	80	359	260	382	28	127	217	326	53	24	386	40	128	328	21	8	315	97	265	117	212	224	260	380	298	210	103	211	118	383	382	49	167	141	333	72	260	212	5	119	72	204	113	217	180	76	146	187	6	210	178	253	166	313	101
2	102	212	406	407	82	311	57	128	12	31	147	282	28	359	59	392	326	10	348	232	196	92	144	409	124	159	185	54	280	410	0	193	330	166	362	168	385	341	123	154	327	381	49	387	44	33	343	199	338	180	66	140	263	174	381	405	24	174	31	98	170	267	112	341	322	295	251	137	341	403	232	138	377	2	150	165	138	188	89	124	328	127	346	265	349	215	87	359	184	211	59	140	361	19	34	18	327	256	313
271	241	152	344	8	330	190	181	129	282	376	332	233	404	169	201	244	143	408	232	360	398	410	297	182	286	199	408	243	11	96	209	0	176	235	147	165	257	187	151	59	227	168	327	141	124	173	174	371	184	101	90	315	235	54	327	177	98	277	160	308	18	349	14	204	28	51	74	34	242	71	165	347	375	282	181	258	1	131	228	136	270	135	306	291	307	213	264	308	373	316	132	138	166	361	293	366	242	369	275
67	361	363	211	344	266	85	247	34	37	149	160	66	248	47	403	205	84	390	265	224	109	4	179	106	320	181	108	373	378	300	186	93	0	275	146	177	134	199	293	318	199	15	310	257	15	290	214	190	247	123	264	13	65	154	55	123	392	251	68	112	121	200	388	108	391	101	145	246	122	323	222	324	348	284	273	108	250	165	211	331	187	339	252	353	72	237	72	195	199	47	280	9	233	164	171	185	244	199	259
81	170	24	232	382	148	306	341	64	401	179	390	193	331	97	87	215	151	19	203	399	310	392	116	26	377	159	140	349	217	204	150	138	45	0	292	248	216	219	161	324	11	29	198	379	317	313	254	380	119	135	403	201	140	89	51	204	285	151	325	404	205	36	187	168	198	246	63	137	2	151	401	308	169	304	136	24	88	395	115	391	262	200	309	287	171	253	221	192	35	321	123	286	302	24	405	347	308	223	262
319	171	378	380	395	107	113	93	356	104	330	226	246	270	277	105	147	312	175	227	79	266	190	61	44	293	250	398	211	206	72	234	314	274	171	0	337	227	126	356	322	409	380	22	260	366	187	42	244	408	39	59	377	230	5	284	77	7	372	258	44	301	94	235	31	355	191	208	378	354	366	200	24	145	146	88	93	31	153	346	323	352	23	213	252	105	13	238	269	205	218	55	229	299	299	75	286	281	159	282
318	253	56	156	163	44	76	200	178	161	294	3	3	131	210	99	68	270	99	110	352	352	12	165	381	389	87	281	226	41	72	126	224	32	190	203	0	285	152	75	22	15	204	295	314	174	361	273	92	383	390	80	397	164	119	372	298	385	23	302	7	80	381	5	391	121	225	270	108	354	381	364	282	209	55	42	378	107	26	296	51	408	86	332	228	91	189	409	265	348	404	102	192	116	407	402	177	336	181	261
349	338	179	42	334	117	154	5	326	126	299	301	368	51	137	189	167	283	108	137	178	329	272	365	244	381	152	287	389	36	11	306	126	289	217	201	109	0	38	46	353	348	65	79	236	365	119	377	370	97	369	95	271	52	59	160	95	240	176	327	339	57	81	195	173	67	13	275	86	387	7	362	178	129	48	384	208	379	156	102	225	312	295	151	406	213	264	332	234	58	257	390	194	52	346	293	154	145	78	109
23	199	98	201	393	158	47	101	312	86	56	335	117	255	293	215	344	398	215	205	399	99	228	109	25	122	312	375	42	137	52	83	371	128	233	379	85	289	0	129	38	203	23	225	64	188	365	340	106	248	180	83	329	63	152	325	27	261	98	368	324	390	127	34	46	126	138	338	141	252	188	254	43	89	296	191	274	150	353	69	223	319	372	387	41	286	118	279	406	232	208	274	281	320	217	171	247	51	168	354
389	353	243	5	209	371	219	46	315	202	187	313	400	114	265	405	341	31	67	211	188	364	55	122	362	404	273	165	393	358	153	216	281	250	65	292	364	169	81	0	222	78	364	357	370	49	77	78	185	316	276	45	1	194	212	29	194	147	282	118	218	265	82	111	379	167	240	154	227	161	317	144	222	139	10	287	130	153	152	352	99	10	264	395	235	171	80	50	267	96	383	386	69	396	128	344	194	120	53	99
232	392	89	137	389	222	350	353	161	12	263	302	283	144	306	189	66	404	87	142	361	203	85	403	148	133	199	130	9	290	363	195	192	387	67	20	271	48	208	287	0	266	328	46	383	245	46	99	81	74	269	161	69	104	382	263	208	191	44	270	190	10	195	130	122	361	12	225	243	22	40	157	104	57	74	132	62	400	284	322	315	61	398	85	165	150	377	395	98	276	155	21	386	130	211	169	400	60	340	120
245	263	147	217	54	39	301	214	322	197	182	150	182	84	161	348	1	55	230	180	145	65	324	155	75	182	285	117	314	295	121	252	201	164	27	150	3	365	371	268	277	0	379	190	13	17	381	322	316	240	196	35	200	320	94	15	263	149	99	159	406	88	316	232	19	27	298	311	251	206	77	280	174	7	83	210	303	410	222	407	197	254	57	290	117	21	100	236	47	92	368	38	392	23	205	384	298	174	117	310
43	110	214	241	345	313	361	257	50	271	84	386	282	284	224	368	37	35	35	384	11	14	396	369	283	121	228	5	232	271	238	9	62	353	399	381	388	199	242	278	245	52	0	43	109	131	145	376	323	347	354	313	301	247	183	229	250	116	160	320	354	226	33	322	220	47	91	206	348	311	396	107	151	193	198	169	173	327	93	106	144	80	116	115	154	126	226	304	369	139	149	229	213	400	80	271	165	24	219	287
248	267	228	343	213	351	399	49	161	338	163	363	368	32	129	129	14	61	265	348	220	305	339	176	258	165	208	397	335	38	207	259	343	242	62	276	212	44	20	408	332	132	204	0	74	382	10	268	273	277	286	65	268	312	279	128	297	394	381	352	343	128	292	376	74	49	11	177	52	255	397	183	299	137	277	157	64	271	345	51	208	37	372	80	258	169	323	371	180	115	210	43	406	336	390	101	373	254	404	408
39	44	42	97	9	381	340	343	390	10	334	307	145	393	267	399	362	35	118	230	123	209	149	20	283	319	17	171	280	307	341	355	318	75	105	286	312	197	387	120	280	26	362	126	0	188	354	397	394	42	35	345	217	90	326	166	151	248	145	35	160	76	290	110	354	302	130	175	114	240	324	221	282	402	31	192	47	189	248	274	60	141	149	198	395	129	55	376	133	157	19	390	90	58	372	295	30	331	47	153
211	399	332	147	312	28	72	158	11	278	69	153	299	252	251	44	79	106	212	280	181	232	327	371	132	191	70	169	261	348	54	281	406	117	192	163	77	191	130	217	338	61	230	89	267	0	286	171	371	287	165	346	178	245	310	216	19	62	332	144	188	72	96	177	92	41	391	175	117	80	246	268	283	386	194	89	357	191	190	400	158	269	13	210	303	213	334	150	14	196	364	185	218	289	390	260	159	365	63	311
258	161	220	152	19	130	393	80	347	215	392	107	374	350	26	250	7	402	247	282	137	41	149	82	359	211	91	105	251	266	300	363	211	307	59	102	289	147	291	395	361	275	124	184	209	284	0	76	326	230	182	139	34	37	82	274	70	78	122	342	110	349	355	98	248	105	103	7	146	62	182	195	310	274	235	239	11	46	306	255	163	274	314	152	408	327	155	73	236	338	377	257	149	313	263	244	112	70	23	382
314	2	324	351	81	388	33	320	240	32	260	298	370	25	189	297	231	317	329	298	151	217	161	140	301	372	118	344	10	167	186	168	356	212	227	260	306	17	34	373	272	254	117	100	57	380	11	0	226	113	305	272	348	277	198	232	296	177	408	410	199	324	119	332	325	316	383	312	290	343	140	257	332	211	175	68	392	334	149	45	307	168	32	90	313	225	112	392	7	109	8	5	388	147	82	160	59	147	310	309
363	133	269	358	89	168	358	56	20	208	37	395	379	395	160	324	143	3	176	251	398	123	325	159	390	102	366	410	113	253	367	46	275	365	410	248	109	103	50	233	147	345	269	379	231	306	75	157	0	117	43	193	298	401	134	83	22	155	297	66	33	313	89	370	278	71	304	241	334	317	329	226	260	308	257	242	14	112	403	268	194	266	350	159	249	385	312	217	13	279	170	79	77	3	152	86	358	318	206	3
81	401	274	192	192	256	261	298	268	271	267	234	400	227	383	76	9	51	282	253	214	119	105	135	303	252	68	254	206	304	396	152	403	319	60	331	136	261	239	40	205	62	53	169	289	317	41	189	355	0	384	406	256	287	133	60	61	386	323	285	3	381	91	3	249	7	344	83	320	65	39	52	230	185	307	314	57	142	317	306	134	184	361	173	107	289	29	266	295	284	397	365	264	25	301	252	223	242	319	377
62	356	220	59	315	128	242	65	129	193	347	276	359	345	406	53	45	194	20	276	14	122	2	311	357	235	174	124	213	318	203	297	267	298	17	392	195	269	165	46	220	109	306	34	142	116	191	380	112	393	0	103	358	67	379	33	340	406	400	309	195	127	313	36	94	399	300	78	321	329	148	397	110	166	348	294	382	351	109	280	143	207	198	308	3	334	270	120	159	236	363	43	193	388	390	269	111	93	308	328
262	298	26	161	44	52	100	194	180	272	178	388	6	210	123	184	32	211	322	374	70	354	211	236	310	250	131	95	157	176	113	287	155	74	111	154	37	282	66	257	404	61	254	169	188	216	46	120	213	71	138	0	42	100	247	2	252	48	342	321	106	26	146	78	254	180	60	8	80	161	230	171	39	309	48	127	189	72	3	368	85	108	392	226	398	13	378	26	133	32	148	348	293	363	38	406	236	401	388	247
295	379	216	290	236	130	39	9	217	179	352	62	10	260	326	220	204	51	318	91	10	36	318	234	61	147	390	34	290	294	360	399	142	278	54	294	161	215	302	271	369	24	194	204	227	67	44	308	240	102	21	216	0	67	376	401	194	410	390	282	387	16	406	137	79	142	3	153	199	267	176	138	6	83	377	164	26	211	293	136	198	187	332	76	258	262	223	277	396	102	235	309	87	285	300	98	70	273	186	153
193	111	32	234	171	167	344	146	303	36	401	253	259	396	305	163	49	272	392	115	324	113	27	326	36	9	271	383	131	245	51	114	198	16	195	32	145	297	310	225	369	185	204	333	282	171	134	200	361	19	272	26	283	0	406	266	317	240	380	92	333	259	67	51	227	146	142	383	370	27	158	169	259	235	402	79	260	213	89	69	60	80	188	334	100	275	105	106	128	293	141	133	273	302	177	227	200	203	368	36
67	302	45	87	142	216	3	104	384	195	160	104	291	151	281	366	235	405	138	19	365	193	213	278	361	355	291	19	402	25	108	376	263	175	372	11	329	380	323	307	235	178	321	12	364	137	50	335	279	66	119	126	199	295	0	2	361	121	205	153	127	335	199	59	268	78	198	31	229	325	232	105	133	93	222	85	177	168	239	188	253	301	186	386	225	361	376	191	184	177	360	344	401	380	335	26	68	223	8	58
38	319	321	58	185	374	41	342	397	237	297	333	356	285	119	295	163	273	204	169	309	312	176	148	45	245	211	103	158	8	390	397	333	285	4	76	143	354	362	175	381	365	166	307	179	395	137	140	377	395	365	404	176	109	357	0	408	135	179	378	276	289	300	363	61	27	376	327	3	224	316	400	366	91	319	286	381	262	68	335	177	106	75	131	359	311	261	143	38	28	74	407	101	58	91	103	66	234	157	29
77	139	254	362	376	168	331	294	168	285	298	122	293	299	367	349	326	409	51	408	290	328	406	376	254	234	311	73	199	401	325	242	314	354	314	370	283	236	125	152	111	305	72	139	83	104	181	153	201	378	342	325	301	104	3	69	0	81	341	129	355	270	278	320	232	274	379	296	390	201	128	271	23	223	260	44	269	31	298	350	103	58	252	370	318	326	272	208	147	299	259	243	77	181	41	242	122	61	27	252
28	208	360	78	350	291	268	90	280	280	229	222	154	78	405	203	136	60	200	218	13	279	137	171	305	146	57	389	309	82	257	370	30	98	229	137	13	30	368	163	308	18	243	172	15	110	2	387	410	12	48	277	92	99	105	57	45	0	391	10	220	346	344	270	53	292	50	157	372	355	122	339	354	352	40	261	242	116	336	234	131	53	233	102	313	278	345	182	14	110	75	362	21	152	52	76	281	339	141	370
277	164	184	153	53	333	150	42	310	93	139	182	67	299	227	80	349	25	243	173	149	247	373	405	217	57	218	72	63	353	202	146	272	337	306	394	144	67	154	61	143	303	10	311	299	88	22	235	77	157	247	190	187	196	372	323	255	50	0	221	119	181	356	215	211	2	200	155	29	40	210	238	207	220	135	394	232	68	101	67	44	284	151	251	176	357	292	96	147	381	100	187	27	380	103	383	143	10	153	287
176	147	244	88	84	356	278	145	99	136	309	222	163	108	363	273	366	122	254	246	105	240	353	390	69	151	357	136	347	93	300	129	370	155	245	398	276	99	185	247	96	59	33	213	57	373	114	207	133	160	55	5	368	205	402	379	54	85	137	0	395	258	396	291	299	238	94	271	381	114	364	292	145	129	385	410	247	328	288	307	3	154	334	288	142	57	389	157	315	332	143	15	271	239	208	122	376	34	280	360
366	219	165	123	172	323	46	126	38	87	315	379	160	339	317	277	186	210	275	48	244	12	246	38	374	340	107	124	223	13	59	111	104	106	364	352	275	152	122	115	186	298	370	210	55	344	148	254	215	81	227	139	409	113	192	182	81	186	140	303	0	233	390	120	216	48	380	298	296	170	320	108	394	206	403	284	165	263	174	63	224	308	198	164	305	149	156	226	94	160	4	39	136	92	117	381	98	331	352	182
280	111	29	403	296	384	196	147	4	154	278	236	154	156	273	288	221	396	309	119	391	406	366	276	282	37	79	129	393	70	27	366	380	26	270	103	168	382	21	341	179	70	211	69	60	33	55	164	258	324	281	285	138	116	158	60	214	8	132	207	242	0	154	63	47	217	40	260	68	136	181	128	49	305	304	168	324	176	185	314	7	275	384	384	120	120	40	7	357	372	372	180	35	314	13	336	179	292	277	332
216	244	106	195	390	186	317	72	279	251	259	38	231	187	99	164	329	33	88	161	268	219	83	25	280	393	76	279	382	312	392	333	117	173	409	171	297	325	388	237	267	343	269	335	185	312	366	226	349	369	38	396	27	16	285	202	186	280	111	229	61	88	0	410	102	276	104	175	400	160	389	330	63	192	208	87	108	388	389	359	306	388	68	188	360	207	250	360	247	30	68	158	130	93	282	250	135	198	80	206
39	16	99	121	197	24	31	281	65	87	201	216	314	89	154	13	45	373	164	276	159	259	87	65	100	372	233	254	63	181	388	226	113	22	129	143	360	256	361	288	380	303	284	233	350	26	393	356	66	176	248	64	225	189	310	94	384	334	365	248	284	233	152	0	193	88	390	364	31	312	222	331	304	86	117	68	142	359	235	262	382	11	403	238	227	86	349	242	11	311	301	201	377	217	279	398	165	83	138	186
78	125	377	215	339	342	247	38	104	15	341	226	274	394	374	30	216	286	386	97	145	52	303	69	78	125	323	128	4	265	175	291	213	2	33	360	66	392	97	112	231	135	185	58	181	262	180	75	355	206	241	273	173	293	270	325	369	360	370	369	212	92	96	183	0	346	142	318	366	126	123	142	338	159	399	25	304	385	197	284	126	93	113	82	400	315	204	350	169	43	285	274	267	18	140	71	164	57	212	68
310	83	121	305	395	379	359	293	392	42	278	292	197	221	223	267	124	100	135	180	36	157	41	381	273	171	369	336	315	234	254	124	58	166	30	308	303	294	32	335	211	160	350	220	197	71	178	251	173	288	331	225	316	286	358	366	230	99	297	82	76	369	126	185	58	0	49	335	130	327	288	257	206	80	264	284	389	325	36	127	217	302	72	71	378	328	135	140	64	135	10	324	229	199	368	237	210	319	307	9
117	342	248	296	206	377	396	213	8	190	362	408	244	49	72	62	65	58	253	376	74	55	213	290	330	392	334	82	299	89	284	296	112	264	400	208	102	338	125	405	370	251	215	150	373	64	85	84	212	110	72	1	152	396	190	34	165	138	107	96	216	78	78	74	362	43	0	289	231	149	209	226	308	263	304	220	339	282	13	224	310	216	159	50	80	115	124	197	52	122	275	70	336	323	197	53	214	59	344	392
132	53	209	188	162	264	71	95	71	141	336	79	14	130	14	153	234	346	103	8	245	44	249	104	235	304	386	380	13	45	118	338	402	393	69	129	271	244	37	240	399	233	236	45	50	191	22	201	124	32	281	120	230	327	353	204	50	139	26	103	175	80	1	281	359	209	55	0	358	168	65	30	212	331	388	249	382	14	392	407	105	270	99	410	9	385	38	207	252	60	296	233	98	388	352	343	34	264	403	126
260	321	120	348	271	7	80	292	72	131	401	341	245	145	235	151	195	272	385	312	329	184	374	307	312	153	358	83	338	147	101	229	196	406	335	136	69	295	138	85	304	82	375	115	247	334	34	72	251	96	187	234	241	383	263	53	83	295	353	270	192	40	30	280	268	284	60	217	0	220	118	84	408	275	203	120	230	246	342	256	189	120	269	84	48	254	189	85	319	80	2	103	199	134	388	96	355	121	70	250
94	108	314	220	230	390	32	99	286	58	407	287	182	131	184	102	159	127	394	55	42	40	137	365	312	140	221	358	141	372	96	207	392	229	116	100	265	145	166	20	248	252	147	189	292	373	225	196	283	16	305	376	110	403	389	260	266	352	132	111	186	211	28	74	383	124	27	237	129	0	368	264	360	20	301	123	373	201	354	196	122	33	405	403	315	207	298	170	16	400	56	123	82	210	124	350	391	136	93	267
49	179	151	209	50	390	18	191	302	347	142	254	249	394	266	151	13	186	332	349	176	266	116	313	354	389	203	306	32	86	274	158	285	125	37	226	268	343	100	256	379	109	227	330	397	316	332	252	156	29	11	64	62	343	377	18	272	63	143	391	401	380	346	131	207	150	312	261	9	1	0	366	193	142	57	337	99	211	85	77	94	338	283	374	141	120	43	105	69	368	404	24	156	195	269	286	171	187	10	205
158	49	335	173	353	259	213	57	328	383	366	47	405	390	201	348	408	199	120	192	163	276	98	133	395	274	128	106	402	60	298	47	136	270	221	183	3	297	184	275	110	179	410	21	74	374	330	47	359	320	357	23	113	79	291	361	288	71	53	181	83	322	228	80	134	106	355	67	317	398	380	0	134	161	384	88	375	127	291	186	346	160	101	364	301	196	356	308	15	51	380	22	64	314	328	51	143	237	257	266
211	46	296	208	275	175	92	134	105	357	217	205	65	202	81	247	171	407	393	331	10	183	78	164	369	93	290	172	405	217	8	268	356	300	119	107	297	350	306	221	231	140	191	147	280	47	307	215	408	128	288	154	345	218	265	410	93	123	283	92	161	329	409	104	344	6	229	382	385	337	230	248	0	304	54	56	374	90	263	65	69	394	234	338	290	405	8	328	16	220	353	141	233	186	146	7	94	280	305	45
56	363	374	148	273	117	130	127	399	76	314	296	202	178	374	178	217	266	376	318	192	16	327	305	216	357	187	8	208	341	253	102	175	204	341	233	389	347	349	304	192	122	179	186	227	223	105	321	304	61	146	166	136	290	69	400	168	204	223	247	370	265	153	2	9	402	18	65	318	103	383	400	51	0	95	109	133	373	321	290	378	382	165	347	171	406	280	304	334	35	64	99	403	265	191	218	178	282	198	395
205	364	31	260	27	130	351	46	257	388	371	227	370	277	128	37	287	46	131	51	86	334	380	221	335	184	145	174	285	143	143	280	88	284	305	40	309	229	167	288	225	244	300	15	320	169	59	372	102	40	71	227	226	214	389	154	350	349	140	179	177	341	185	363	104	391	400	391	386	122	410	249	218	312	0	111	119	49	308	51	194	153	104	266	306	325	337	368	26	273	363	71	249	246	51	340	167	400	101	211
408	208	336	265	92	403	377	16	394	177	223	304	178	368	16	324	219	116	158	266	295	360	63	23	86	325	103	220	366	296	109	313	321	261	218	112	148	121	207	10	208	211	380	204	375	29	371	49	117	113	35	98	106	13	366	397	310	155	18	392	250	330	65	238	39	107	163	57	317	80	148	142	26	25	75	0	248	40	198	79	122	71	253	110	367	270	310	78	319	363	388	236	310	298	143	274	6	354	164	328
370	290	128	264	54	353	161	93	250	124	285	2	403	374	167	368	358	255	96	227	209	326	280	178	305	102	148	60	347	73	158	58	187	389	268	367	114	221	314	357	370	325	127	173	361	350	132	336	170	15	101	153	184	185	272	254	129	357	38	353	63	291	43	271	38	195	198	21	10	102	372	310	203	217	146	16	0	338	267	222	133	346	81	362	161	102	337	226	16	22	309	169	400	268	66	330	45	294	70	350
258	33	124	123	187	261	185	92	248	17	241	142	126	74	389	332	243	238	80	281	32	56	277	394	371	211	87	165	409	173	192	155	388	6	270	31	167	154	396	53	124	32	244	351	288	103	110	129	365	390	369	103	253	181	125	45	297	137	117	385	300	103	25	49	371	25	278	240	286	94	200	157	41	362	338	161	383	0	220	163	222	275	200	124	178	314	308	237	206	105	121	365	394	240	268	187	19	31	361	120
19	348	83	133	334	74	338	285	299	279	281	96	287	307	281	57	170	272	402	6	318	207	366	234	163	405	408	8	197	397	63	185	125	109	94	12	104	50	146	53	304	22	385	11	277	383	33	7	256	121	382	150	223	86	345	14	257	205	407	279	401	202	182	339	162	364	321	194	91	208	207	240	358	331	128	96	60	197	0	304	292	202	211	315	215	243	117	131	277	22	325	392	386	326	388	26	48	338	53	126
317	274	320	270	178	168	359	306	137	224	351	197	104	66	208	203	363	116	297	65	144	215	103	257	56	240	204	96	356	199	51	393	348	267	243	90	238	161	266	78	82	15	257	369	36	254	121	102	369	362	44	309	68	178	342	352	258	89	400	253	69	312	324	321	309	119	221	407	368	394	289	48	300	250	353	154	275	174	50	0	171	26	326	8	267	191	270	368	162	86	206	111	214	292	323	166	268	115	323	333
42	382	32	200	390	306	329	122	316	171	365	348	244	38	81	77	279	373	43	167	180	378	193	198	3	214	253	237	337	173	251	4	292	88	369	219	407	1	202	87	207	282	64	250	276	347	168	49	271	302	134	289	35	289	365	403	226	162	59	16	45	5	83	410	307	219	95	112	125	305	70	306	299	393	371	18	233	33	263	322	0	274	280	25	366	117	247	274	339	375	79	109	121	124	353	270	28	229	322	193
232	43	35	326	346	122	131	364	220	167	147	286	21	151	368	67	312	367	293	235	91	232	277	118	391	108	381	177	78	358	335	290	145	126	118	275	308	386	152	146	141	158	169	253	203	197	171	43	47	240	406	38	158	181	276	266	139	343	26	161	221	371	205	274	265	401	220	97	309	403	350	359	95	158	194	116	189	296	237	197	344	0	357	384	123	358	268	132	335	255	190	312	355	353	62	207	48	229	277	1
336	256	190	108	110	126	39	229	210	103	247	302	99	389	220	2	253	149	52	376	194	83	327	211	327	133	320	111	292	112	245	213	103	370	10	188	108	84	159	116	58	77	198	204	244	18	254	149	184	189	387	353	238	216	370	117	2	255	242	213	109	82	39	292	49	273	140	13	75	180	43	215	3	383	249	149	405	343	177	198	240	185	0	198	2	402	102	250	191	4	129	350	21	363	347	10	140	280	368	124
27	244	347	74	281	350	147	267	278	219	391	407	37	94	32	97	154	216	188	134	41	222	38	198	183	177	51	365	186	67	261	360	243	321	258	274	123	226	212	104	368	395	148	322	20	349	54	333	397	156	46	16	311	408	274	14	53	366	77	106	39	7	354	156	174	306	128	63	70	22	92	225	48	96	358	397	311	302	212	397	313	74	320	0	299	206	22	167	125	153	67	282	179	78	347	69	372	123	102	296
141	53	3	229	66	328	166	10	26	156	114	362	147	242	113	24	161	62	51	16	251	259	311	274	404	125	407	15	208	70	264	318	215	123	210	299	46	116	23	224	250	57	336	64	41	149	84	6	12	251	302	55	334	191	27	252	25	39	360	188	189	206	116	59	367	119	50	281	354	50	217	370	389	252	345	108	361	32	290	401	405	409	89	200	0	102	405	291	65	206	303	79	213	284	30	118	70	251	134	249
4	59	382	378	229	160	142	321	409	277	257	200	102	200	103	52	71	206	155	89	256	49	201	45	396	370	391	360	382	230	405	136	87	176	374	33	264	296	268	274	226	77	161	66	333	19	275	365	289	358	160	128	259	143	362	42	256	220	17	374	154	282	125	134	349	401	194	84	40	371	181	349	218	208	42	289	66	179	183	181	261	109	259	338	13	0	89	283	354	408	4	310	347	361	130	135	389	195	340	405
324	43	24	354	182	111	253	11	347	291	174	315	142	129	161	137	231	190	383	168	256	146	135	181	320	147	101	122	352	101	3	124	104	303	377	258	267	274	325	67	349	63	217	1	264	49	384	174	12	233	33	123	387	177	96	207	261	184	273	27	76	69	388	38	125	336	319	269	183	361	379	167	95	6	155	81	66	392	332	89	363	308	353	126	340	128	0	282	371	305	113	209	261	104	156	327	115	1	185	283
117	103	209	234	2	363	25	53	136	97	355	353	315	219	60	123	6	117	271	61	396	321	66	213	331	48	153	262	275	323	357	24	134	37	46	195	262	45	372	9	309	73	148	185	188	1	63	245	9	294	270	309	52	37	196	127	185	149	40	356	365	41	320	230	71	109	303	89	225	234	259	386	93	254	289	367	14	173	69	53	167	259	242	120	203	392	13	0	78	55	49	175	402	324	177	221	313	345	397	38
170	410	215	170	93	9	25	40	404	24	18	63	257	333	67	167	338	399	324	329	216	74	227	226	151	90	84	162	291	315	383	257	211	367	410	129	344	47	308	274	41	190	207	316	199	173	56	359	93	270	106	43	93	317	175	146	292	360	40	67	13	152	290	29	53	169	197	232	317	185	360	217	349	7	54	284	127	340	377	227	6	262	227	107	367	295	307	106	0	173	244	381	373	373	86	346	397	356	358	316
74	358	355	114	62	248	333	407	83	14	250	255	317	263	321	398	9	275	57	122	222	119	10	321	1	23	305	324	119	126	249	164	85	372	303	407	361	236	190	351	72	77	49	184	80	183	247	185	143	175	336	172	365	174	41	399	343	114	246	387	39	384	16	214	97	169	133	13	157	387	118	242	239	247	53	335	372	130	88	169	91	342	259	120	255	152	225	246	199	0	214	76	23	39	206	29	253	29	161	355
16	378	83	346	234	53	388	222	41	158	371	295	360	399	183	175	129	154	249	190	119	343	297	383	249	407	113	386	74	231	7	103	283	19	65	266	188	49	280	4	59	214	376	67	165	275	231	254	138	335	269	103	80	18	110	320	298	342	222	47	287	384	372	55	323	159	79	340	114	70	85	230	231	94	57	140	352	196	328	96	50	237	346	316	386	49	204	198	335	263	0	350	146	121	383	309	296	264	85	346
211	85	110	286	12	316	247	397	59	71	376	56	1	52	102	405	68	393	392	157	101	118	95	1	310	72	389	191	338	379	51	297	297	344	239	331	9	164	398	290	186	378	153	108	328	159	62	364	106	84	186	315	278	54	311	160	145	29	27	300	102	72	173	128	347	305	210	390	265	166	354	221	202	164	50	361	10	175	60	249	7	90	106	3	53	404	73	102	45	72	126	0	291	164	219	145	255	39	112	98
391	343	47	132	208	369	322	399	360	269	221	241	113	313	366	233	87	23	108	353	150	126	104	79	91	111	185	403	351	234	404	200	381	126	125	341	34	3	150	387	10	189	4	89	285	17	339	210	133	405	235	37	346	407	91	216	282	191	367	117	181	115	135	121	117	215	91	285	106	44	390	221	30	394	195	13	350	174	120	8	205	239	232	281	136	148	336	375	149	23	149	397	0	242	214	158	359	145	380	381
123	97	165	130	62	406	119	268	378	79	326	209	10	188	188	258	217	284	148	70	250	287	42	204	392	1	132	5	88	163	16	56	114	330	249	227	185	164	12	51	216	131	199	125	321	125	140	99	213	241	294	373	351	41	283	218	45	245	335	327	398	313	326	164	273	392	205	128	145	391	196	200	237	121	323	91	32	275	30	263	8	117	257	359	183	9	118	46	359	335	31	152	160	0	328	78	93	259	6	388
267	40	159	189	36	364	79	385	289	391	253	230	324	155	244	39	77	256	388	229	388	203	249	367	13	67	326	352	246	398	46	229	252	284	159	86	52	222	381	68	383	128	23	254	408	86	310	20	189	13	301	147	48	371	97	31	48	206	312	181	42	395	18	310	36	84	240	279	120	386	111	172	268	262	274	53	132	130	279	18	35	158	259	216	378	352	71	375	123	142	345	10	396	350	0	1	407	4	181	371
382	269	79	48	162	295	148	304	261	168	76	296	171	294	405	181	325	53	209	158	74	243	316	242	284	73	108	265	286	309	265	384	152	302	219	68	197	128	167	261	294	246	377	130	119	176	116	351	373	83	148	71	217	24	76	109	300	278	157	314	329	325	237	207	133	204	141	355	319	385	39	360	201	394	172	270	1	163	394	57	275	157	306	277	75	49	173	302	350	377	189	143	143	74	224	0	393	141	338	335
197	304	217	183	256	50	275	162	306	147	214	358	184	55	263	214	299	235	40	400	122	62	87	319	306	225	226	252	17	91	279	165	146	276	311	264	274	37	37	14	41	254	236	138	344	172	328	175	302	316	173	204	18	202	262	197	349	161	9	15	347	160	124	188	393	392	193	289	271	153	273	320	211	139	82	298	304	228	207	112	142	118	328	207	148	152	354	357	124	334	83	188	51	283	216	224	0	248	208	99
162	342	331	50	55	317	251	258	88	26	198	235	21	209	300	330	306	367	75	158	220	109	399	4	15	378	16	120	138	107	307	317	347	346	79	293	62	248	299	72	360	187	378	352	410	225	108	4	354	317	369	141	319	134	267	197	300	234	246	286	339	122	336	178	108	361	233	93	249	279	349	246	314	292	368	393	129	164	347	370	118	327	159	119	385	149	107	138	168	115	229	236	102	254	265	375	282	0	289	145
331	235	40	34	400	78	388	102	380	130	11	299	329	293	366	306	235	163	218	377	395	293	154	197	312	48	71	248	169	161	306	315	315	244	36	188	205	113	23	370	398	292	381	83	264	334	327	156	36	232	121	107	264	342	334	406	202	211	328	155	102	74	249	204	202	405	225	287	246	253	61	298	223	306	120	327	88	91	120	344	359	53	127	384	275	309	121	44	272	264	81	112	184	300	178	355	212	251	0	388
213	172	316	289	161	245	289	221	45	316	43	359	178	314	235	249	101	234	217	28	345	276	389	79	350	238	269	300	6	166	23	388	324	143	282	183	215	45	354	150	93	382	5	199	407	30	312	218	278	296	372	35	1	258	289	229	318	27	328	224	352	279	276	381	271	296	130	189	300	398	173	10	229	158	222	265	298	268	190	372	247	65	24	343	409	399	225	108	266	126	108	374	342	333	112	147	84	328	62	0
