A	B	C	D	E	F	G	H	I	J	K	L	M	N	O	P	Q	R	S	T	U	V	W	X	Y	Z	AA	AB	AC	AD	AE	AF	AG	AH	AI	AJ	AK	AL	AM	AN	AO	AP	AQ	AR	AS	AT	AU	AV	AW	AX	AY	AZ	BA	BB	BC	BD	BE	BF	BG	BH	BI	BJ	BK	BL	BM	BN	BO	BP	BQ	BR	BS	BT	BU	BV	BW	BX	BY	BZ	CA	CB	CC	CD	CE	CF	CG	CH	CI	CJ	CK	CL	CM	CN	CO	CP	CQ	CR	CS	CT	CU	CV
0	680	669	730	15	190	815	224	191	139	848	285	679	10	27	601	698	714	450	6	233	184	682	328	69	465	342	209	570	618	294	673	423	40	625	618	607	631	177	483	448	516	574	800	417	660	244	551	73	271	669	257	399	700	237	641	687	645	279	786	321	165	456	753	75	347	236	744	698	676	791	852	96	577	180	680	508	871	579	759	742	362	65	529	93	669	426	316	92	797	4	367	812	339	400	257	88	714	616	831
259	0	305	236	476	620	521	6	751	704	733	805	512	668	391	67	836	157	441	592	79	299	365	879	63	766	803	731	586	55	142	458	454	533	4	133	762	178	399	96	600	582	846	801	414	727	778	730	94	542	488	268	815	347	869	874	474	661	16	101	82	767	15	377	349	752	831	109	809	555	612	218	447	135	116	677	397	572	533	167	331	842	162	152	334	531	57	491	874	50	869	336	694	746	500	10	694	534	25	739
574	135	0	673	186	336	682	824	14	808	804	169	495	727	114	718	85	171	814	502	95	617	224	720	329	126	430	260	262	784	331	64	383	305	875	290	265	46	595	66	37	57	789	378	144	490	518	885	760	723	243	334	782	782	856	781	642	448	657	633	383	590	509	244	458	855	675	873	753	184	244	743	589	722	828	507	878	406	260	684	468	607	272	105	798	269	718	435	331	709	405	745	731	656	724	247	250	328	557	219
576	353	210	0	585	439	606	121	539	144	597	556	292	493	531	365	442	803	668	583	23	511	234	272	780	552	333	420	582	237	840	40	128	446	515	579	467	78	884	879	470	139	127	398	672	282	398	293	454	94	648	156	292	857	138	232	815	474	758	17	682	562	750	879	53	488	121	784	750	187	637	532	766	434	752	427	503	92	511	261	381	77	459	832	448	143	54	76	421	717	30	84	180	274	429	42	402	3	754	204
376	881	749	160	0	525	454	528	575	525	137	453	825	469	343	177	788	117	424	277	338	751	46	219	270	721	804	157	813	300	772	396	747	81	876	70	474	831	6	329	655	794	228	575	144	777	564	133	585	687	719	466	823	112	402	277	350	767	793	455	855	335	686	504	807	353	690	709	700	632	65	678	81	666	656	645	557	612	340	647	763	107	78	38	231	653	732	642	365	871	194	810	315	709	90	576	359	879	303	454
43	248	148	570	76	0	551	362	493	110	500	783	610	390	768	273	692	441	314	316	798	39	189	716	811	66	326	880	380	714	101	231	465	245	643	114	770	288	150	184	680	477	180	664	52	673	712	601	232	67	169	733	863	236	491	430	646	97	224	885	121	456	37	784	367	292	116	314	636	683	433	196	275	587	163	181	519	677	445	278	145	25	27	64	204	280	883	62	10	878	854	324	144	296	22	876	659	189	488	670
57	885	604	585	162	520	0	806	562	253	491	867	378	376	660	385	234	491	726	579	123	404	28	25	870	451	415	640	585	839	481	428	360	105	631	678	252	884	417	796	193	487	737	275	465	665	798	361	362	113	572	319	180	481	294	625	842	675	249	170	612	703	434	874	871	863	59	568	756	386	507	371	282	192	78	339	33	281	666	769	175	611	812	539	61	851	509	407	673	108	744	578	824	211	777	581	53	571	92	135
670	867	810	388	239	621	300	0	159	724	833	309	872	693	93	743	885	117	515	59	521	201	197	10	85	116	276	642	458	206	360	375	629	844	611	371	829	114	274	530	803	237	232	879	139	283	390	655	773	452	784	69	89	121	397	861	202	338	751	764	579	871	37	375	305	725	118	140	11	288	89	669	464	39	571	36	231	519	2	353	757	529	876	157	147	862	385	482	194	705	847	452	497	61	571	499	458	391	36	130
757	675	63	510	485	429	730	137	0	41	676	44	541	757	362	681	628	387	420	813	167	542	488	607	653	767	645	38	739	243	717	255	97	496	494	274	806	109	694	310	252	744	791	810	748	174	262	746	598	766	864	793	134	138	120	104	81	537	3	103	594	276	639	606	696	703	87	716	102	438	122	350	700	391	739	191	103	296	465	19	506	830	252	523	305	463	218	463	703	411	672	329	863	43	473	74	609	626	336	721
359	315	474	586	748	563	412	211	240	0	829	872	247	162	689	735	857	540	234	803	684	823	241	857	151	844	254	174	192	821	554	75	290	787	75	471	119	154	532	174	432	321	175	533	380	795	209	272	134	697	98	638	869	714	847	101	374	712	601	389	318	51	479	882	576	637	141	695	849	679	240	233	461	423	276	302	341	725	92	669	557	415	802	807	877	693	412	795	174	637	143	663	341	390	183	380	297	674	294	785
108	175	869	474	539	273	522	777	753	449	0	664	207	536	445	726	20	35	171	42	442	154	785	605	116	446	713	127	497	395	640	468	435	125	85	201	314	714	245	449	873	557	332	226	862	9	349	581	152	534	8	28	104	524	436	346	247	498	469	198	616	10	683	652	362	705	701	312	485	312	841	64	56	742	197	48	844	684	254	170	251	562	503	150	153	858	450	401	800	277	14	714	60	724	15	640	634	612	718	573
163	109	577	678	6	144	507	637	33	93	65	0	265	761	670	137	551	271	595	348	122	283	485	787	315	71	254	497	750	651	795	699	660	856	27	131	416	168	332	487	155	456	832	97	397	270	290	626	741	475	557	429	427	227	375	828	323	690	797	437	116	319	185	807	681	250	155	221	540	273	698	10	446	371	882	336	619	314	343	48	606	151	825	757	361	219	117	855	293	877	464	16	517	561	124	113	440	35	342	267
584	440	510	326	555	92	768	778	708	9	28	869	0	626	821	732	347	205	867	280	206	333	12	570	828	502	320	781	737	652	874	166	187	316	57	853	840	98	497	29	492	333	420	79	726	464	603	41	334	478	217	151	645	818	208	693	695	705	109	408	408	797	340	565	706	676	476	715	186	100	378	627	634	254	814	773	753	627	526	797	475	785	525	53	837	467	672	688	193	606	461	387	460	435	816	743	786	778	728	181
765	698	96	413	822	33	782	809	824	400	65	566	547	0	72	444	158	83	817	461	88	17	819	602	854	369	854	11	810	480	445	401	668	629	540	836	176	733	605	305	780	361	810	739	178	880	126	870	594	495	790	373	543	154	668	457	332	36	408	161	165	754	781	227	797	375	433	790	42	521	611	337	71	271	846	355	598	866	883	872	457	560	56	119	788	513	872	675	278	555	32	473	128	775	561	543	485	540	637	662
664	237	531	495	368	429	878	284	69	719	803	135	761	413	0	466	746	874	25	503	644	309	299	657	76	140	76	707	837	614	22	839	172	697	400	49	448	73	772	707	168	271	148	363	310	332	797	197	269	843	107	556	202	358	816	37	221	648	683	116	97	439	818	534	1	765	481	472	720	861	227	586	253	235	169	20	171	422	878	630	635	575	661	198	1	10	683	164	264	529	732	700	100	485	714	777	595	745	15	623
857	456	234	167	757	414	536	496	298	531	132	711	450	628	634	0	582	105	193	478	559	574	561	314	731	847	878	242	764	763	607	746	44	340	497	673	157	643	255	583	848	462	475	307	463	587	95	885	655	463	755	846	573	109	307	469	123	360	847	277	286	232	813	481	519	796	746	335	345	155	445	526	117	719	71	277	433	223	745	68	608	597	120	836	456	402	288	93	573	851	703	387	35	862	441	290	419	855	378	388
386	49	141	96	494	855	623	308	94	2	844	673	241	336	464	542	0	438	658	114	291	856	503	774	359	464	860	763	447	82	173	11	245	41	275	817	160	115	175	399	207	823	763	638	490	785	353	247	183	739	769	103	305	786	811	618	529	457	346	267	522	885	129	517	94	288	449	301	735	275	580	756	186	536	284	180	837	324	198	674	163	177	723	688	281	60	611	54	272	261	745	93	116	24	265	118	345	593	825	132
266	9	570	805	767	413	615	294	188	795	156	343	639	103	626	777	766	0	106	234	30	400	687	439	410	250	703	78	180	600	641	129	349	86	613	552	23	173	750	626	351	433	842	870	504	304	705	483	661	546	645	66	196	507	861	360	359	44	821	213	212	20	380	499	148	206	60	66	475	33	866	346	496	401	602	16	12	243	149	320	767	31	553	719	459	238	771	431	812	579	181	513	729	704	648	578	300	243	800	484
186	22	466	797	2	595	181	88	246	411	348	790	456	880	719	620	212	399	0	611	265	771	337	41	46	790	20	558	336	729	388	644	90	363	324	848	273	787	477	177	265	409	830	326	486	490	658	212	704	718	753	256	341	733	694	659	556	248	806	133	881	163	322	37	409	84	425	616	718	512	573	81	571	475	458	788	344	561	104	452	545	540	319	91	124	28	644	812	711	227	146	695	105	731	873	433	664	566	392	521
775	367	873	374	878	68	538	58	716	676	286	308	433	207	201	652	489	197	627	0	723	454	170	369	158	707	440	544	215	3	125	834	62	726	437	811	783	858	98	684	420	784	547	826	653	548	839	539	237	356	838	153	25	289	181	407	529	347	723	761	432	500	170	384	318	147	503	635	726	182	743	212	365	180	598	166	145	809	336	351	330	844	41	818	658	773	277	438	503	318	255	732	810	463	273	481	120	289	489	690
119	564	540	8	726	671	20	735	302	154	491	576	661	486	316	846	808	812	559	281	0	629	494	388	440	27	692	717	494	596	835	21	654	4	592	754	703	436	414	671	775	689	81	799	122	135	12	752	336	760	515	13	819	504	27	124	189	567	447	153	599	713	874	242	456	816	153	481	865	372	376	104	707	780	114	244	194	4	409	396	438	448	663	470	471	107	216	214	649	536	535	110	462	785	791	749	848	5	440	577
140	787	590	659	713	330	88	135	689	509	68	142	426	92	712	771	266	561	656	20	439	0	793	305	577	327	498	470	733	722	379	796	565	283	451	141	875	763	310	521	104	731	423	775	701	300	702	494	294	796	700	650	383	796	405	296	228	61	570	754	120	358	505	720	677	671	616	564	24	264	8	865	549	499	550	605	651	331	242	70	337	249	113	201	10	206	625	584	234	294	19	881	82	280	479	725	262	398	186	338
161	8	677	727	560	422	239	617	155	150	789	737	240	598	733	821	385	365	734	637	278	779	0	822	577	667	570	602	254	619	305	399	327	470	271	342	238	336	522	462	197	778	58	428	586	108	70	29	489	799	847	179	383	22	302	481	820	384	704	855	768	37	620	349	813	163	393	258	424	129	455	435	643	356	519	576	652	242	535	767	495	677	105	628	327	858	205	187	884	292	72	266	343	702	323	384	852	857	807	867
156	879	382	148	142	543	744	87	184	493	766	593	29	653	90	208	49	545	304	131	619	403	603	0	704	550	109	278	77	186	219	598	389	224	235	446	109	574	152	99	619	50	211	23	577	789	58	438	784	402	169	287	797	502	733	816	711	309	810	517	198	58	784	856	870	811	448	372	849	763	348	248	669	719	346	154	449	49	3	145	768	566	414	868	650	410	550	265	415	433	350	17	782	18	378	304	828	311	662	296
603	759	678	640	153	509	222	250	187	493	241	867	411	596	616	23	450	389	19	548	697	305	509	84	0	5	746	223	553	720	358	298	461	743	230	415	840	678	287	80	515	534	11	524	173	553	348	758	300	853	632	563	722	396	125	877	236	22	140	860	382	395	785	189	383	655	1	252	191	200	200	193	358	663	515	778	213	183	406	534	673	89	304	95	142	47	22	211	630	88	437	443	527	190	146	531	238	90	427	69
392	458	398	737	102	693	571	656	147	622	443	498	682	407	83	609	517	511	580	143	700	209	24	315	431	0	517	715	243	805	262	355	735	532	112	418	800	419	223	145	796	137	165	511	141	830	46	181	742	634	526	312	698	438	265	504	249	5	874	791	433	420	431	556	457	310	69	825	821	625	697	721	45	286	379	169	618	715	343	19	242	673	84	683	826	358	70	678	196	456	422	623	268	311	334	247	384	5	631	783
853	179	319	627	274	209	738	383	290	639	340	759	500	115	29	418	141	545	143	447	2	57	483	377	224	803	0	735	237	541	211	671	710	651	751	807	845	861	16	474	573	664	685	670	469	377	877	632	815	36	271	544	642	772	666	356	795	622	625	153	631	642	490	409	579	66	686	317	490	180	302	168	681	173	65	377	330	602	610	724	780	598	603	857	367	211	406	883	32	228	449	23	557	303	307	290	230	833	496	220
624	520	721	616	25	766	103	791	50	480	508	93	94	568	279	372	633	100	133	694	209	323	247	533	172	628	758	0	75	173	46	699	172	295	110	766	239	105	510	16	755	799	687	724	768	490	202	516	476	318	544	757	230	849	613	283	556	751	593	94	852	586	590	360	29	246	706	355	798	483	831	763	836	197	653	799	537	546	22	261	408	258	370	414	177	756	804	601	367	334	337	776	802	680	471	301	134	519	299	415
830	102	285	246	341	30	119	712	881	855	794	575	368	869	469	19	847	880	464	521	873	539	749	481	545	579	796	375	0	426	385	582	489	290	464	554	650	73	282	685	539	849	756	315	554	273	432	79	164	767	406	411	600	845	721	109	820	499	141	132	476	485	344	497	343	387	412	256	402	554	65	785	625	364	260	743	208	457	242	624	587	347	374	497	292	511	63	752	404	820	268	600	713	54	701	806	603	292	447	114
583	144	789	302	320	119	884	686	818	1	590	459	305	471	444	540	822	150	876	313	133	651	240	881	414	378	122	575	27	0	132	316	139	266	864	363	220	789	417	209	744	313	406	477	117	814	855	648	744	595	733	246	306	348	713	436	197	782	257	773	176	562	806	90	862	423	62	872	497	556	373	354	492	11	374	105	188	638	282	297	348	128	419	123	765	247	35	549	283	460	791	680	499	530	225	264	281	426	411	576
768	337	423	217	669	41	258	247	294	462	111	750	404	33	70	628	881	349	457	343	392	479	526	688	693	87	875	232	290	271	0	509	444	686	584	251	795	473	541	701	107	396	316	557	376	714	54	645	177	617	863	400	821	793	25	658	311	168	804	392	561	383	618	428	126	457	875	3	187	223	395	321	789	49	20	828	481	479	807	503	588	797	316	459	295	779	697	811	320	455	424	481	303	476	840	382	404	587	377	867
663	235	594	316	257	342	146	723	842	586	687	591	344	837	121	340	615	31	62	62	634	281	317	153	75	519	536	591	730	68	707	0	134	249	866	338	803	415	149	601	299	270	292	114	765	845	506	485	22	750	843	523	143	414	450	752	185	359	157	445	615	776	819	328	710	657	601	179	564	204	818	260	678	125	727	383	648	348	615	17	360	577	422	711	631	266	141	117	854	87	383	239	865	132	756	830	831	697	635	624
229	183	844	631	448	359	183	140	78	445	455	156	707	247	49	229	240	873	235	469	384	560	318	680	504	559	655	838	687	224	630	417	0	236	373	566	653	459	5	530	21	130	716	112	747	307	247	658	730	549	470	223	329	47	623	364	632	651	847	400	278	33	811	69	743	53	259	478	146	757	782	103	9	406	274	88	379	594	594	748	812	187	256	116	127	534	845	379	743	291	819	700	206	132	257	392	187	43	819	445
240	875	294	255	612	45	378	19	463	257	666	228	432	316	136	295	728	100	793	760	626	173	474	653	870	507	561	651	62	731	540	297	459	0	318	451	12	254	10	620	728	490	187	772	6	687	749	170	320	70	846	118	683	697	451	430	177	364	640	82	244	814	456	773	514	125	470	797	527	316	188	558	848	827	566	31	444	602	760	879	518	246	431	254	693	459	409	494	580	206	808	689	685	698	287	754	689	4	417	759
806	280	509	860	426	130	778	12	407	285	521	8	881	362	149	425	351	455	216	861	768	357	22	167	640	73	275	692	482	496	598	198	160	821	0	661	379	89	445	593	258	425	613	234	837	402	105	241	182	863	320	695	503	582	8	440	677	560	813	141	155	120	433	63	717	131	708	628	264	117	797	581	321	156	667	850	100	342	450	580	516	329	126	875	878	389	252	280	9	856	560	397	864	310	689	502	872	480	693	280
849	636	629	229	724	884	435	565	90	780	353	302	201	793	416	516	173	216	549	166	360	482	127	237	230	513	634	434	423	815	781	61	390	44	634	0	493	743	24	237	314	281	424	505	733	426	281	819	821	42	44	707	588	437	166	611	320	523	46	618	872	851	670	738	355	478	452	707	624	644	296	434	424	48	662	821	413	416	307	329	599	838	266	199	354	520	181	213	803	571	12	582	256	277	182	764	663	643	179	22
589	795	603	142	167	252	438	682	365	443	41	195	747	58	234	583	354	436	480	208	616	699	74	124	648	780	341	208	864	624	400	222	796	817	99	81	0	297	514	740	582	229	40	182	884	336	204	414	70	649	306	703	8	126	875	559	84	373	468	609	553	857	222	827	499	762	505	731	235	358	636	31	252	298	20	551	733	364	380	882	102	594	564	455	162	857	667	252	151	529	509	799	257	298	602	65	276	246	536	118
687	296	37	493	374	148	176	397	333	668	75	124	472	587	152	86	144	519	799	65	696	131	142	554	859	316	779	186	53	609	51	326	414	237	667	340	760	0	742	155	850	222	214	560	112	840	713	414	93	576	494	207	715	796	315	559	572	46	101	823	287	730	815	74	122	645	214	422	856	602	207	511	823	592	776	195	36	198	717	380	147	174	786	444	565	845	338	75	55	384	457	429	245	134	536	881	457	147	873	136
831	618	200	788	587	560	620	579	140	507	80	428	384	729	526	504	460	269	771	317	59	684	211	303	520	854	188	776	604	630	291	107	675	514	273	606	280	79	0	702	635	465	109	727	742	428	5	717	407	524	357	331	836	204	436	532	235	98	788	862	446	670	479	484	690	414	182	183	451	558	190	598	201	291	520	737	582	21	232	278	805	128	689	566	122	244	284	142	81	387	417	712	848	460	708	377	363	190	411	764
587	354	289	544	733	401	397	131	325	815	598	562	532	66	47	664	850	101	878	770	672	254	420	195	762	99	445	321	602	375	555	727	102	223	128	271	743	840	691	0	689	867	869	853	197	343	470	444	715	427	99	153	584	273	860	378	248	423	15	457	160	148	298	23	648	504	557	161	248	732	661	43	839	62	87	436	359	388	711	245	324	503	175	446	165	667	488	357	236	661	283	826	731	610	216	198	694	102	150	482
552	649	718	304	308	112	682	564	665	53	473	849	683	392	73	311	378	652	573	545	196	153	494	7	514	764	257	276	368	673	281	206	551	461	839	193	275	145	868	210	0	446	703	45	640	753	99	855	148	84	560	677	109	629	167	443	171	203	724	805	471	811	185	856	845	217	23	483	168	357	423	474	696	444	612	819	142	261	61	25	351	748	156	419	135	28	392	621	617	596	711	59	429	542	393	46	736	464	247	209
571	198	333	727	314	800	690	650	451	6	881	131	317	613	710	31	235	205	355	31	500	412	810	487	12	688	282	825	162	222	152	71	696	395	674	148	312	23	31	846	279	0	669	643	16	865	662	117	201	745	723	140	550	246	45	662	623	769	232	488	864	283	141	593	820	531	592	161	787	494	683	238	660	402	374	259	850	715	401	563	836	514	593	598	376	800	666	251	868	524	493	425	264	648	163	309	323	120	350	36
761	485	696	229	308	598	95	509	628	354	106	681	854	293	590	358	512	302	390	129	864	86	842	786	391	283	236	183	794	193	249	593	289	830	860	757	46	89	742	593	229	37	0	451	623	156	104	9	10	101	739	469	196	138	29	131	136	497	255	2	356	584	719	336	210	50	834	166	366	793	372	4	694	296	837	77	616	496	127	5	780	768	136	705	413	261	186	88	646	486	194	304	92	10	14	872	358	603	395	93
608	832	576	773	28	584	296	168	68	354	731	96	484	625	326	671	151	406	427	389	198	703	210	583	205	835	445	74	266	854	169	877	94	486	671	610	58	816	14	317	728	529	117	0	615	182	617	321	612	586	573	600	259	148	820	507	567	521	46	805	177	679	425	509	445	440	32	524	51	108	538	298	410	733	67	52	449	161	310	663	478	228	63	654	811	283	182	338	650	255	500	666	882	872	521	782	633	795	178	17
227	667	7	281	200	558	52	456	378	854	103	608	452	200	678	684	294	609	807	210	550	464	324	279	216	538	190	98	630	525	676	139	263	709	767	69	280	118	519	641	118	266	357	286	0	385	665	508	628	468	386	333	239	281	111	791	588	258	745	30	785	254	229	724	152	330	824	99	52	362	451	597	755	521	320	80	808	726	230	96	641	173	375	352	320	536	473	826	6	322	426	878	39	735	674	350	649	422	546	126
142	499	601	792	236	658	743	372	855	86	155	760	325	272	318	837	370	253	246	690	386	675	327	99	765	331	510	355	642	13	640	808	743	353	27	43	299	847	609	113	80	844	188	74	875	0	6	502	298	727	552	96	539	804	564	301	468	351	404	366	630	776	537	635	321	197	468	785	682	471	644	753	494	233	438	634	468	733	211	718	726	450	235	494	405	675	660	705	412	817	219	434	183	441	809	226	37	452	783	374
524	48	341	464	624	489	622	475	661	182	804	782	455	126	383	46	730	143	39	187	550	812	80	604	862	240	275	200	879	345	340	113	700	75	877	224	564	609	134	615	229	694	791	658	642	622	0	370	736	184	771	247	788	526	160	665	818	398	366	642	548	375	68	496	869	455	229	44	286	834	601	439	629	308	202	423	298	79	454	80	10	769	351	785	848	637	763	766	573	211	472	829	836	740	493	884	320	689	855	29
821	856	613	431	152	443	498	245	111	641	310	612	247	198	299	204	567	333	594	126	885	478	357	14	884	405	800	30	675	280	433	451	308	773	71	770	538	730	852	213	783	180	542	67	350	233	873	0	280	176	438	35	387	179	190	44	229	98	579	181	488	465	281	70	564	510	678	781	659	867	516	823	633	729	136	770	144	232	600	199	775	98	190	21	641	469	870	674	629	734	423	258	27	205	698	695	357	124	571	673
125	182	510	466	455	343	632	212	606	874	282	97	659	679	879	325	116	857	43	323	510	58	683	705	4	740	525	377	579	126	303	765	428	131	153	64	110	586	567	871	651	462	473	39	654	782	602	377	0	659	533	720	280	531	603	863	780	468	386	868	627	19	709	868	652	710	770	842	297	208	516	45	9	809	153	207	389	704	96	569	184	33	756	621	127	696	650	620	545	52	621	234	519	233	518	377	650	536	366	407
684	792	218	380	796	418	316	285	575	11	423	275	261	273	441	585	599	343	642	263	711	812	791	530	429	840	863	776	262	412	814	212	362	80	283	110	549	206	665	307	35	764	734	802	728	268	742	240	79	0	393	868	265	779	48	658	313	254	26	670	817	289	518	616	343	335	682	414	476	138	601	276	631	141	197	267	125	804	614	684	545	446	111	851	168	460	570	326	207	384	834	161	207	249	41	98	194	116	611	417
75	407	848	823	788	361	161	59	392	23	763	484	462	514	397	819	368	332	736	374	249	168	334	382	806	163	404	663	339	681	543	828	285	747	816	654	452	594	548	725	824	124	210	369	292	557	771	265	406	149	0	768	7	8	400	881	583	721	864	12	482	253	158	531	521	41	441	293	293	343	839	490	818	318	565	398	7	52	123	238	95	8	219	126	6	425	748	94	132	694	598	198	214	304	49	667	625	7	760	395
364	881	65	242	169	874	149	231	737	403	667	360	584	77	335	598	20	481	313	764	251	831	621	591	454	237	282	368	573	557	745	719	745	852	260	878	24	507	518	612	131	535	312	622	220	528	359	586	242	64	119	0	326	852	688	640	568	193	125	287	759	149	388	489	281	150	255	187	74	116	365	755	838	726	307	539	490	767	49	318	122	851	103	273	3	263	215	318	584	476	626	451	16	467	115	783	742	739	150	49
309	780	800	119	634	18	473	63	507	848	659	714	552	83	171	727	509	423	764	738	73	739	792	279	63	6	536	768	384	115	86	385	851	525	736	857	742	564	253	673	66	117	482	287	275	166	19	743	344	247	78	234	0	518	778	246	56	755	869	234	688	479	584	356	839	245	197	580	311	700	868	489	623	349	850	67	589	222	486	527	90	233	361	4	342	615	350	87	99	449	736	700	329	375	495	173	581	491	563	566
720	686	238	433	67	151	479	433	21	753	557	796	693	656	717	63	747	536	629	205	832	767	189	539	444	271	404	850	548	840	195	292	88	578	665	748	572	876	202	840	627	500	871	426	718	208	559	357	471	425	319	497	422	0	34	662	322	136	490	8	167	159	212	209	773	788	231	170	228	362	310	251	1	400	462	607	214	584	656	556	192	274	161	136	25	838	227	619	306	171	516	83	676	253	636	79	205	705	457	25
613	783	140	541	333	312	621	78	460	141	458	857	443	310	601	152	471	872	531	180	573	697	79	107	749	50	821	750	342	418	833	543	524	501	701	631	243	551	331	299	25	319	474	95	330	477	171	603	228	11	525	724	284	824	0	776	248	230	440	742	328	623	221	313	698	297	808	660	320	241	277	9	582	440	564	448	175	339	478	420	345	369	136	483	472	559	834	76	176	226	818	668	336	401	76	289	674	776	753	353
28	556	140	792	335	172	296	384	483	303	640	169	683	211	296	230	139	446	157	280	678	647	268	443	501	206	75	449	805	596	87	527	336	839	65	793	854	176	160	203	229	94	247	758	730	341	744	483	778	471	187	707	233	565	427	0	339	702	360	472	37	879	333	537	795	879	870	432	835	719	93	123	736	24	52	884	420	543	526	20	421	166	800	677	90	497	123	768	700	487	168	866	531	267	370	666	624	376	327	471
90	723	186	327	76	76	391	402	321	400	163	479	537	482	605	730	538	832	150	830	626	504	11	828	163	138	89	656	454	428	749	581	500	544	130	637	706	250	34	217	275	733	388	400	251	559	874	648	419	15	654	824	652	573	373	453	0	157	410	498	376	480	97	51	190	790	716	51	885	193	138	529	333	542	295	810	663	430	524	151	367	24	108	586	376	311	273	475	857	246	783	655	92	109	646	126	488	662	480	243
686	649	355	4	588	838	817	405	841	242	11	101	489	234	139	18	27	327	396	630	209	408	465	146	549	100	167	623	796	622	115	459	857	17	244	443	766	271	91	305	776	448	784	389	562	60	275	57	95	126	504	346	883	473	48	125	391	0	362	481	615	586	262	33	715	569	420	571	440	443	291	830	133	194	47	521	545	757	404	170	122	617	717	71	186	493	59	177	417	219	165	131	821	80	59	478	316	879	400	216
397	785	141	817	445	704	505	439	148	598	845	736	181	176	523	585	634	99	140	620	587	631	303	23	76	785	534	430	860	845	778	239	423	467	77	600	209	473	122	20	778	90	753	248	183	797	496	49	177	174	194	146	426	56	256	130	687	7	0	524	507	834	869	481	40	83	404	618	850	806	625	833	732	479	391	623	368	863	801	772	554	138	571	650	548	572	537	333	208	242	41	303	650	701	661	195	600	552	163	379
629	742	833	113	261	243	8	576	707	777	73	406	87	132	127	116	602	131	822	670	479	531	49	5	568	675	391	454	537	360	539	85	835	390	369	585	876	872	588	268	734	364	863	734	659	502	125	40	808	873	615	284	80	664	440	203	395	351	431	0	94	638	384	58	373	418	391	168	589	18	508	538	111	555	216	847	681	185	746	724	778	292	485	77	465	269	69	95	176	30	686	412	62	744	593	241	746	370	774	752
768	374	68	376	672	572	301	692	499	623	60	129	371	655	724	92	6	226	787	783	282	619	467	324	183	473	745	410	631	682	418	412	357	506	765	560	768	318	710	207	876	606	394	6	127	820	753	684	353	675	25	842	386	742	8	794	194	539	191	516	0	466	757	702	819	508	236	454	862	875	217	465	73	170	854	799	491	213	133	499	526	332	553	131	670	617	103	247	579	570	361	154	801	224	482	870	44	677	693	75
572	564	402	703	100	302	716	333	677	84	476	479	507	303	515	732	745	328	636	475	220	462	6	666	630	710	699	98	301	533	538	866	548	724	210	361	680	711	765	447	488	351	491	493	66	699	196	552	742	737	332	508	312	833	448	552	803	246	103	692	525	0	129	359	794	196	255	426	878	113	541	38	350	513	162	768	284	881	54	107	168	516	595	760	797	781	196	785	820	293	642	85	669	147	651	64	70	341	811	251
280	519	558	818	186	413	571	570	581	545	549	496	14	301	584	635	818	48	534	67	473	870	669	446	341	770	764	198	829	723	422	502	16	307	757	270	443	613	579	399	261	736	661	125	818	757	824	513	294	386	32	523	66	744	31	177	849	651	276	539	791	863	0	463	859	243	502	17	230	188	498	146	238	289	457	307	751	671	702	711	231	103	228	876	486	423	395	362	630	194	792	526	653	212	827	662	825	613	473	594
606	391	268	206	502	308	195	194	546	259	658	377	821	494	789	607	813	483	667	214	817	551	85	778	137	474	557	385	410	381	598	742	39	455	454	809	393	558	844	858	560	705	809	593	22	690	470	304	366	776	146	653	536	265	845	607	139	692	370	807	486	407	763	0	804	740	287	757	818	884	876	375	870	506	341	512	698	714	212	644	220	484	98	696	755	65	93	310	338	838	245	107	762	586	803	443	116	819	267	493
281	587	306	480	99	478	593	371	689	868	616	286	126	827	813	655	872	64	725	467	525	855	525	885	280	791	283	306	632	593	425	560	472	431	443	292	187	682	449	367	509	604	671	441	486	170	571	431	877	715	125	507	330	783	663	568	302	501	814	457	796	762	456	294	0	715	874	302	276	721	695	53	869	703	251	246	460	680	482	73	311	834	612	233	433	463	7	452	785	601	122	646	804	584	585	811	334	630	95	648
5	69	817	289	291	807	595	688	191	317	250	826	320	236	232	275	253	521	749	812	292	559	630	694	448	636	497	347	854	475	208	306	826	423	7	835	535	329	644	45	89	147	145	667	346	387	405	566	507	229	639	294	53	740	358	375	322	41	811	482	677	162	281	414	79	0	311	15	38	507	328	489	578	93	618	884	803	625	223	882	446	13	135	294	516	373	224	333	735	862	483	528	731	138	877	552	488	175	171	617
579	394	64	769	694	197	72	753	185	53	570	821	73	593	802	778	688	518	640	104	134	66	458	244	82	750	593	595	831	830	167	394	537	709	651	45	311	214	725	867	185	370	372	707	319	541	541	808	529	724	690	524	747	387	841	672	327	531	558	365	313	671	267	844	495	582	0	818	89	611	35	445	619	589	221	288	863	89	480	518	286	517	239	237	35	736	463	275	535	81	458	655	469	755	434	832	266	138	601	740
716	790	403	38	628	676	104	182	574	508	325	299	71	323	219	118	294	306	309	92	780	754	478	652	21	142	176	576	265	40	354	651	788	628	253	67	633	685	701	43	6	801	822	249	867	741	128	55	194	487	351	556	456	597	171	32	806	228	339	405	542	756	96	833	743	682	846	0	230	123	549	31	13	831	461	248	771	663	312	13	612	187	167	18	357	237	552	364	790	813	277	405	598	726	108	756	55	454	353	363
728	566	251	101	748	710	31	872	189	443	185	868	495	529	768	540	787	740	285	607	153	661	187	669	181	28	530	716	362	74	683	662	599	637	286	637	734	652	161	404	201	59	69	618	383	666	95	54	663	624	125	470	227	589	377	655	66	368	740	610	474	441	294	329	142	350	498	386	0	487	69	212	301	868	303	303	609	751	280	301	135	732	850	507	96	493	234	38	246	546	145	855	712	280	809	781	77	61	232	672
116	869	565	287	436	725	743	667	582	309	414	341	235	456	512	125	580	762	536	341	445	801	875	187	436	436	261	735	655	101	602	449	542	348	431	103	487	467	552	799	158	446	176	881	266	195	832	740	319	376	784	379	629	279	53	343	450	855	138	274	862	271	482	562	861	597	609	346	137	0	371	652	382	380	440	208	125	520	505	190	386	305	301	770	338	662	727	303	290	400	602	807	664	663	624	435	40	69	594	700
321	430	382	726	123	345	167	39	76	856	651	342	628	102	285	433	709	346	271	58	206	22	283	501	79	744	627	323	273	166	512	759	77	269	266	695	166	771	548	569	341	229	673	153	437	542	597	5	324	614	90	880	786	385	677	334	508	80	5	133	507	750	76	158	597	624	216	589	535	145	0	24	474	112	153	707	622	558	342	578	654	449	827	863	239	219	115	132	546	311	748	342	6	278	488	326	43	288	740	132
520	278	575	864	705	76	246	291	403	516	752	227	378	63	841	652	849	523	762	827	843	170	335	281	411	515	654	361	180	313	714	394	217	461	148	728	362	286	64	535	658	580	333	443	229	398	807	793	508	760	28	813	365	140	445	368	405	318	623	764	68	319	206	67	117	273	836	580	549	40	376	0	259	97	342	32	841	183	674	53	329	721	270	20	461	464	768	866	49	523	498	761	468	828	649	415	113	48	746	819
522	65	743	585	231	175	240	213	131	84	572	362	95	772	135	223	853	68	573	275	28	317	239	748	504	726	12	50	778	618	34	558	284	498	465	345	666	373	731	858	438	225	455	273	702	617	251	6	597	81	633	791	509	867	188	611	620	435	460	796	266	284	156	811	403	534	609	717	471	468	833	140	0	769	217	38	556	687	866	778	66	777	809	688	561	385	151	783	539	400	572	664	335	546	415	676	672	165	457	535
48	881	513	299	626	781	185	378	377	471	531	691	744	363	752	820	651	756	553	533	791	310	562	131	819	174	830	730	432	577	667	825	741	801	226	838	464	251	515	788	256	454	529	429	461	663	301	531	780	704	200	859	137	791	531	693	707	758	156	865	844	60	637	299	611	393	465	411	22	432	182	488	464	0	672	419	195	620	691	830	98	517	272	275	482	639	583	443	341	415	638	496	259	410	717	270	519	564	387	415
787	662	395	141	623	685	350	711	562	468	579	362	210	64	522	14	805	877	204	734	125	773	803	335	571	446	660	680	662	399	355	530	129	387	797	736	518	223	519	305	217	262	57	709	853	114	352	531	461	670	671	300	429	582	775	527	79	789	271	654	213	709	759	496	657	834	235	804	552	367	469	350	730	671	0	250	16	600	868	481	155	33	292	421	25	462	250	590	759	420	70	465	498	655	478	672	118	427	296	701
249	291	97	484	129	451	593	767	488	615	183	388	521	28	547	279	585	825	95	509	790	474	122	338	19	437	753	266	312	750	698	186	838	89	336	422	227	690	126	746	706	704	68	729	13	874	702	216	396	631	384	154	715	120	524	761	645	217	326	104	202	292	163	884	183	237	550	870	558	746	526	423	578	116	336	0	79	735	715	323	276	115	728	595	334	351	454	747	810	55	843	329	411	559	90	305	143	36	286	452
191	633	818	314	590	9	343	19	496	856	6	75	179	506	782	430	601	157	819	112	61	707	70	132	628	690	804	584	210	42	314	216	544	318	611	108	138	440	498	461	743	253	546	519	837	755	879	856	486	517	748	647	446	884	90	108	522	743	508	561	239	329	765	734	375	171	551	96	198	519	363	567	82	881	604	710	0	107	566	603	302	73	321	213	268	112	130	779	56	378	616	655	198	882	93	2	832	358	191	358
605	283	206	665	357	490	878	182	868	401	505	631	779	153	378	102	485	24	498	298	796	136	84	367	608	299	533	299	865	787	171	394	174	815	28	727	1	809	857	299	222	207	412	879	599	238	437	589	827	166	680	245	337	741	66	677	832	441	114	437	533	335	740	280	252	638	438	443	490	516	318	755	638	357	485	789	841	0	140	426	249	217	553	639	389	347	564	504	770	681	476	440	829	315	451	724	496	671	357	692
864	95	248	765	563	352	690	42	833	102	439	765	534	207	403	5	799	732	566	128	723	739	803	745	96	255	880	251	315	325	856	172	258	153	1	214	412	770	383	229	580	175	393	231	311	129	388	819	787	422	418	861	204	396	523	15	550	652	20	622	389	515	619	93	273	283	808	756	19	195	459	99	469	251	582	160	216	243	0	523	812	701	336	746	794	267	867	213	658	590	329	682	587	348	51	509	748	471	688	317
234	589	217	162	417	724	461	491	360	569	61	336	593	344	111	428	450	65	558	378	165	849	611	565	216	643	500	686	126	842	650	722	820	38	462	511	348	875	20	397	699	626	215	261	487	876	479	540	157	676	622	729	493	882	104	156	65	194	266	755	31	191	842	362	216	180	138	547	283	588	872	218	367	325	592	829	838	851	264	0	337	75	206	556	398	98	253	92	692	246	468	176	511	815	636	252	94	712	754	162
536	29	118	408	877	159	5	223	512	225	686	776	64	109	509	334	163	881	299	559	1	736	193	264	826	511	678	249	59	101	738	442	233	846	385	63	238	489	592	551	124	17	582	837	767	369	825	557	399	678	168	482	660	286	282	535	323	80	828	635	622	272	140	600	283	520	780	861	545	101	344	472	779	831	801	575	539	397	847	549	0	771	527	212	71	165	495	321	11	678	738	63	528	756	202	88	277	527	462	441
244	674	577	146	234	10	10	397	503	881	679	262	806	877	526	238	838	658	611	835	422	52	636	435	674	840	130	296	584	511	789	84	194	614	42	388	560	345	866	20	712	537	502	715	601	591	357	693	549	25	748	143	144	499	655	659	827	527	317	643	658	879	605	155	584	116	786	243	376	673	322	387	121	67	83	371	356	629	709	695	640	0	226	203	702	461	437	143	337	60	817	769	204	351	210	289	261	506	659	9
593	445	335	481	318	556	739	368	527	49	723	245	509	883	786	458	655	753	58	828	314	78	634	85	224	422	625	91	76	269	289	118	562	627	667	247	90	869	428	250	399	811	250	455	692	666	727	625	30	663	753	864	286	47	364	65	678	557	850	872	256	543	861	119	595	709	558	248	216	607	38	579	805	484	584	133	485	215	44	698	289	259	0	685	418	109	679	637	530	697	707	859	674	389	629	104	73	591	656	455
704	400	75	70	360	255	568	569	143	621	236	234	651	241	347	160	426	73	407	754	406	812	388	734	662	40	169	217	95	718	743	16	384	343	294	373	407	4	310	712	322	431	144	467	94	496	119	659	687	567	539	704	447	669	76	175	233	647	411	821	9	313	483	525	323	186	486	99	101	206	249	684	861	601	861	316	269	638	846	415	396	436	707	0	685	364	352	209	380	267	22	880	447	222	170	590	344	646	103	682
810	130	193	591	211	798	521	817	363	481	404	87	742	350	653	46	334	174	775	518	142	616	587	808	723	368	443	431	75	244	364	666	873	324	259	129	492	799	683	373	395	568	162	488	769	435	405	45	505	169	701	769	212	474	796	110	525	396	149	184	475	129	82	9	434	288	427	96	294	842	805	828	358	49	81	879	44	5	537	480	186	765	452	16	0	392	567	468	584	752	486	352	332	778	72	296	781	277	726	753
504	228	606	548	325	689	552	212	51	354	346	32	837	647	439	208	500	59	439	1	163	31	304	547	531	582	571	102	813	752	154	883	142	583	578	170	750	96	740	818	622	779	191	363	714	186	663	538	387	50	181	192	510	416	55	33	667	658	347	746	494	361	404	366	47	578	31	206	313	93	719	304	570	270	618	837	299	200	155	474	195	403	663	758	772	0	323	759	207	207	48	376	685	698	79	694	459	750	91	282
513	365	655	796	651	311	823	537	657	723	42	47	350	678	315	335	470	551	657	660	500	325	129	864	345	560	450	878	397	586	844	115	13	596	434	850	679	878	352	627	492	321	274	509	18	419	12	23	480	435	776	825	302	506	581	419	506	73	468	567	358	12	705	433	705	435	342	132	475	542	421	703	604	570	744	800	448	202	187	48	474	593	680	218	50	65	0	745	297	764	704	350	160	117	881	438	97	472	290	158
259	645	215	46	802	798	416	103	45	765	55	479	56	695	845	255	775	219	9	504	197	774	399	637	680	816	493	588	846	126	575	642	715	470	671	626	594	491	561	275	270	233	794	637	221	290	338	36	655	22	33	582	168	264	106	857	615	407	525	479	18	593	461	267	96	163	563	440	566	413	666	808	126	84	697	228	443	559	9	8	256	724	680	450	786	571	22	0	614	582	790	844	161	181	678	531	384	509	500	331
267	26	690	578	659	778	707	869	129	57	148	821	593	803	320	158	473	402	26	852	628	388	203	701	379	35	290	365	314	99	88	417	609	655	52	174	31	197	490	133	299	358	743	271	521	42	295	444	250	127	318	65	325	862	204	34	317	753	114	459	240	125	695	533	459	514	227	15	696	312	758	36	380	422	687	522	340	206	154	776	714	875	622	141	50	183	861	132	0	546	245	61	798	422	787	7	83	422	847	732
817	566	700	815	67	596	666	423	613	195	453	366	430	270	84	320	619	292	417	709	560	541	813	799	748	170	234	568	72	775	191	692	269	569	433	396	331	95	191	854	280	252	446	590	718	311	610	437	745	797	255	788	660	431	265	782	433	732	709	426	159	455	617	773	201	433	845	104	14	123	849	585	804	783	383	803	229	134	373	689	460	361	818	560	345	816	434	438	576	0	93	784	376	176	128	131	585	6	314	91
189	323	405	672	16	173	12	492	453	776	658	772	550	360	208	109	856	67	19	117	566	38	472	666	643	66	467	30	634	730	663	77	442	76	337	488	653	656	838	793	805	350	137	550	368	335	189	259	737	329	540	787	418	588	331	748	857	819	701	556	676	258	596	420	204	759	697	42	673	253	662	647	424	725	12	801	859	669	494	569	562	712	758	881	504	427	624	510	549	144	0	570	595	233	396	537	572	205	105	69
91	856	423	683	730	241	663	548	423	493	772	461	620	19	730	461	769	521	44	678	456	775	722	537	796	384	862	326	752	698	321	194	519	594	259	101	204	327	277	97	30	197	241	622	602	544	441	518	763	46	412	632	361	652	707	885	291	829	294	268	588	5	271	496	430	90	117	402	45	347	60	390	471	713	762	710	822	666	598	313	109	21	384	758	59	305	538	876	70	278	527	0	406	636	624	782	592	677	217	191
650	885	144	772	393	116	766	509	394	776	339	339	332	819	289	245	326	738	873	169	435	875	616	358	698	802	747	346	825	767	61	327	460	390	228	488	777	490	881	101	699	34	785	588	779	881	451	472	821	370	758	719	589	684	521	672	243	197	660	685	872	242	754	464	568	871	807	805	820	872	443	204	354	692	508	600	393	883	177	389	106	709	304	603	355	490	532	592	700	186	546	572	0	655	369	197	391	591	219	329
423	384	493	719	873	771	559	216	101	38	198	885	71	38	395	167	292	837	476	159	13	675	36	145	30	592	644	369	20	150	3	774	632	829	779	612	578	555	766	842	850	286	381	543	181	499	236	728	733	39	73	604	33	154	329	246	703	592	478	714	619	192	168	328	348	356	91	275	306	57	654	177	427	448	142	695	370	365	311	342	436	588	485	452	685	214	485	125	233	28	310	336	228	0	256	827	843	560	129	415
15	844	566	129	213	497	785	150	272	462	30	282	347	328	725	106	797	630	31	512	558	140	150	108	403	613	355	199	792	204	814	594	672	58	111	539	631	20	640	265	36	1	563	542	833	855	128	199	51	876	414	771	27	807	334	24	114	330	289	796	419	808	471	395	591	633	768	302	717	200	662	299	701	26	611	842	319	811	126	452	537	529	303	263	873	505	168	5	15	509	819	357	234	185	0	484	827	885	592	532
260	126	234	679	321	638	64	206	768	116	444	613	750	172	474	476	748	877	362	365	555	160	541	600	707	827	527	703	475	633	341	21	714	20	844	659	239	783	92	579	494	191	530	839	484	424	722	237	855	445	611	463	147	770	669	614	644	265	163	106	767	631	280	784	423	830	59	707	841	200	881	882	642	15	875	293	580	273	821	487	726	855	651	160	566	733	280	397	79	839	373	408	491	87	479	0	848	178	414	293
196	601	830	36	758	506	164	131	787	208	86	539	334	63	303	727	635	869	430	412	854	181	637	321	733	122	551	281	859	395	141	770	375	497	285	627	405	147	725	540	85	145	47	109	36	614	522	62	756	142	393	566	533	540	766	200	223	849	304	405	571	427	641	659	868	449	567	499	209	627	130	550	615	613	343	102	361	630	66	109	171	518	377	737	549	328	236	495	533	733	695	128	323	233	569	845	0	405	657	198
576	814	573	477	150	399	135	124	105	617	570	172	586	484	638	40	224	363	573	798	363	260	604	247	518	239	80	591	615	802	884	687	864	607	710	297	295	746	685	339	517	441	341	260	585	445	885	776	46	881	208	686	856	4	662	379	268	719	37	574	673	367	188	677	885	363	849	853	47	71	85	348	146	489	282	459	427	215	603	337	709	813	588	175	727	161	536	588	875	880	832	761	115	275	67	286	662	0	556	708
810	378	356	415	285	248	663	272	850	183	585	41	392	95	149	594	348	36	695	51	762	585	102	783	124	807	40	245	289	295	154	88	82	46	615	696	121	625	366	595	169	803	8	455	869	792	390	33	794	794	874	413	224	774	348	45	624	4	458	84	113	394	760	123	414	105	353	793	624	410	444	311	268	573	290	575	244	341	796	376	290	843	492	814	811	368	254	394	629	11	522	78	207	860	735	682	10	17	0	365
175	520	95	223	733	185	304	288	220	22	219	255	474	201	803	62	829	68	142	447	548	783	832	626	633	597	750	848	270	755	797	197	291	654	668	783	557	502	654	861	183	856	489	686	858	462	717	80	701	406	461	106	265	194	381	406	360	319	659	685	372	124	705	474	842	102	347	67	508	313	752	574	189	415	244	643	712	582	277	10	710	180	866	94	692	520	725	422	643	319	736	8	679	645	768	125	547	667	296	0
