A	B	C	D	E	F	G	H	I	J	K	L	M	N	O	P	Q	R	S	T	U	V	W	X	Y	Z	AA	AB	AC	AD	AE	AF	AG	AH	AI	AJ	AK	AL	AM	AN	AO	AP	AQ	AR	AS	AT	AU	AV	AW	AX	AY	AZ	BA	BB	BC	BD	BE	BF	BG	BH	BI	BJ	BK	BL	BM	BN	BO	BP	BQ	BR	BS	BT	BU	BV	BW	BX	BY	BZ	CA	CB	CC	CD	CE	CF	CG	CH	CI	CJ	CK	CL	CM	CN	CO	CP	CQ	CR	CS	CT	CU	CV
0	214	130	268	149	294	80	389	12	153	13	24	96	239	366	282	319	37	287	45	181	93	360	120	372	1	11	116	278	284	7	89	324	157	122	318	80	141	300	99	293	150	380	21	166	299	325	161	393	38	192	60	54	335	126	203	307	83	137	359	282	182	113	389	2	87	294	231	108	353	145	318	100	310	283	387	378	126	278	226	98	376	18	15	132	67	11	78	112	277	400	122	88	133	116	333	325	36	323	284
30	0	75	243	280	303	153	338	280	310	79	350	63	35	105	212	297	174	141	144	293	154	4	304	274	176	43	333	49	185	317	133	382	197	78	282	263	43	38	187	216	376	162	218	156	185	21	153	325	99	396	244	272	5	383	88	318	44	149	85	338	289	182	143	315	239	21	89	146	169	354	56	343	323	156	71	126	339	18	216	72	304	219	5	353	81	83	239	144	63	162	258	108	305	387	359	144	179	348	362
129	217	0	94	99	181	78	287	381	214	159	402	385	302	297	127	30	253	313	132	184	288	138	369	70	213	399	51	100	227	313	387	41	37	274	122	222	157	90	140	95	297	273	327	291	402	3	245	8	355	256	229	305	182	293	215	3	219	15	170	88	28	205	81	314	106	343	74	47	366	327	119	395	104	250	122	36	401	114	117	371	312	301	290	360	54	253	320	90	85	319	219	24	126	319	256	387	325	378	76
266	52	260	0	77	159	36	208	91	47	137	287	98	129	5	46	243	102	190	61	398	245	259	328	140	124	233	177	137	44	348	79	377	337	10	94	303	163	75	226	212	359	193	372	166	109	321	238	125	258	238	380	47	324	217	373	185	342	180	253	265	345	397	303	56	293	95	231	147	102	44	19	244	281	93	185	173	267	383	343	155	395	376	298	46	376	154	33	57	79	52	399	28	38	290	121	198	291	259	281
177	392	173	118	0	346	305	152	104	22	102	404	258	321	137	133	159	95	192	206	66	359	278	367	219	377	290	20	146	77	42	111	383	297	23	214	271	134	306	107	370	177	208	304	381	254	251	86	341	319	79	50	167	41	230	268	65	15	323	107	93	344	406	118	75	193	190	356	252	16	350	23	278	150	317	199	356	47	344	211	36	307	184	196	128	346	4	120	381	273	201	325	101	66	135	313	234	25	79	219
305	319	130	18	377	0	195	27	192	215	265	362	104	68	253	119	179	351	406	113	19	280	163	188	45	72	378	150	204	391	213	218	141	70	27	315	316	177	19	73	71	248	366	77	69	197	199	358	370	236	131	83	1	304	225	278	389	46	255	224	271	98	271	288	175	18	291	287	316	91	158	226	402	12	190	295	336	98	299	204	105	54	190	303	31	105	117	327	52	176	50	246	116	332	38	50	295	389	280	149
30	91	199	334	115	23	0	192	362	103	121	398	246	261	101	53	106	2	61	383	114	235	259	358	7	392	250	396	317	51	159	161	383	71	186	354	246	148	224	252	116	60	372	373	155	277	259	234	296	379	261	158	406	110	55	299	125	287	103	370	41	383	44	112	295	166	58	257	187	78	85	384	227	5	113	220	241	93	242	39	24	7	320	360	5	12	37	352	54	193	294	135	183	37	312	141	330	111	148	55
199	304	269	396	267	363	317	0	370	168	152	403	368	325	103	287	270	68	111	165	83	260	159	53	160	111	82	396	144	225	288	357	111	158	7	309	145	33	116	107	59	275	185	134	342	133	251	386	147	155	327	206	405	167	41	88	33	299	74	160	178	10	217	226	128	231	401	21	103	397	311	313	319	56	120	137	241	56	330	90	162	224	173	313	75	37	228	152	193	388	381	48	385	56	193	333	68	404	223	45
369	175	11	67	80	287	44	42	0	144	223	356	10	156	144	387	152	61	162	147	79	4	288	170	190	377	155	22	406	116	228	178	81	83	327	56	81	323	277	37	263	261	236	216	274	114	214	377	401	65	334	140	167	253	93	273	140	268	18	74	404	347	326	151	17	318	224	26	343	290	107	171	196	70	275	379	149	165	45	335	120	279	130	269	281	171	399	318	7	241	297	1	185	340	238	400	114	312	160	243
76	373	285	345	154	148	105	36	60	0	137	345	315	330	322	158	124	322	46	224	243	306	381	244	116	87	252	268	406	56	155	119	224	365	114	201	147	378	151	17	50	97	276	188	195	132	133	172	234	44	332	6	64	283	347	327	383	265	71	3	37	360	130	126	123	316	265	332	18	205	395	239	38	64	43	43	41	328	332	148	305	72	237	135	391	128	151	85	155	276	106	239	366	300	190	303	261	282	1	268
185	392	230	398	311	131	339	190	357	88	0	105	403	334	395	350	354	69	153	73	53	41	35	215	149	22	241	209	175	239	161	257	257	30	148	226	209	168	101	130	17	338	143	9	253	302	166	327	40	152	375	93	393	211	401	23	211	238	28	83	32	324	185	131	302	308	330	95	250	209	249	253	90	227	257	73	74	48	170	371	367	111	386	64	59	334	371	337	104	34	328	74	190	331	178	387	172	167	45	354
233	5	99	17	105	91	65	328	370	213	18	0	90	328	291	4	332	47	292	58	167	243	262	261	14	361	340	257	185	147	150	243	83	123	111	55	261	5	264	50	34	148	287	147	320	138	393	176	192	324	394	71	353	319	68	393	50	49	102	184	223	372	103	52	108	362	330	307	208	349	174	259	356	321	144	170	49	237	187	185	281	321	319	313	361	379	109	23	212	345	285	277	243	176	214	130	315	331	22	357
390	79	231	286	241	4	193	193	276	95	111	112	0	207	293	44	222	367	235	212	87	405	7	296	5	32	205	372	87	218	379	174	10	67	100	197	230	51	186	203	132	113	363	399	20	280	53	272	131	337	321	255	132	145	151	397	84	98	8	90	93	277	189	43	203	78	282	361	2	394	16	158	325	127	213	187	74	3	305	212	128	144	208	250	395	77	377	338	217	167	55	315	398	278	196	132	71	225	397	37
106	99	99	165	31	266	240	338	39	365	47	74	89	0	55	119	329	63	219	300	196	346	339	58	200	291	270	316	82	44	273	266	40	212	330	254	316	53	305	55	383	376	218	244	17	400	34	223	392	253	10	65	138	79	155	228	196	137	359	374	382	395	94	218	207	129	228	193	154	352	297	355	279	72	303	240	30	350	296	73	285	55	320	366	167	50	260	239	331	170	342	352	260	254	405	393	302	220	257	275
61	338	106	133	295	392	394	294	113	376	124	173	371	162	0	67	381	100	211	195	156	233	343	222	173	210	104	406	179	96	34	196	211	213	303	372	12	385	223	292	196	177	199	310	70	15	321	295	393	23	219	227	245	72	328	55	250	23	213	220	201	204	395	215	382	69	172	385	293	365	245	56	375	349	270	363	224	99	123	202	214	78	125	387	347	381	57	75	258	309	277	115	84	275	246	366	13	135	216	73
391	200	287	153	8	349	245	284	292	369	268	78	7	272	79	0	251	317	80	364	377	32	326	382	257	200	38	53	233	275	53	109	300	193	44	301	163	45	98	196	250	406	197	397	136	120	273	203	200	231	255	259	263	8	195	25	114	362	264	267	338	53	6	332	30	242	52	31	128	191	243	3	14	137	146	113	39	120	14	269	323	243	63	147	220	43	23	2	63	95	200	157	193	15	320	388	271	5	131	159
228	406	176	24	73	131	371	216	10	161	297	205	251	381	22	80	0	298	62	261	81	141	283	249	396	213	132	147	394	3	300	14	247	353	170	178	245	370	215	201	405	73	100	29	149	140	101	254	157	209	331	273	128	271	233	246	76	87	48	110	78	334	349	373	377	373	219	173	279	103	325	358	141	271	3	118	278	326	99	398	229	166	212	209	259	86	327	221	170	292	100	253	108	295	158	261	183	294	265	329
219	322	240	57	17	299	291	277	299	45	278	372	113	368	242	196	305	0	44	314	46	247	58	96	32	156	366	376	303	9	206	194	108	1	119	169	97	96	1	221	15	317	65	147	353	148	80	116	304	201	329	177	368	110	13	172	321	51	119	380	228	379	91	101	92	74	270	155	199	220	237	103	78	346	167	300	54	1	76	164	403	250	316	369	85	401	317	201	51	210	282	221	399	175	57	172	210	104	351	255
121	250	380	182	67	277	36	405	257	252	143	324	34	217	197	301	243	93	0	301	223	244	195	393	151	378	186	64	56	373	247	188	130	218	154	118	390	79	101	184	114	75	362	135	388	35	301	276	200	294	334	257	272	263	123	340	136	347	375	282	283	193	208	129	84	153	387	74	107	321	230	155	232	16	216	351	84	400	232	18	403	98	349	194	268	50	373	114	198	223	37	248	385	10	223	109	349	61	384	242
358	6	103	375	317	115	388	284	173	47	335	386	50	228	340	105	127	366	164	0	71	277	284	307	181	77	292	312	204	147	137	399	87	210	288	360	259	140	91	323	184	401	70	332	102	391	124	367	39	3	97	61	207	324	393	170	100	241	24	204	105	246	64	40	326	79	322	280	184	240	300	62	23	349	250	276	229	131	341	270	307	69	178	208	140	198	200	390	303	10	85	381	355	310	280	27	161	131	299	275
243	72	28	86	369	289	259	353	301	213	68	59	372	33	39	385	102	270	374	248	0	170	130	90	276	304	91	123	227	33	61	78	31	118	198	172	201	92	378	352	39	112	133	332	138	259	310	131	18	370	23	221	200	120	224	346	237	347	398	243	241	33	283	92	235	182	3	376	76	269	176	223	272	374	172	164	298	100	384	402	196	330	380	103	118	150	349	131	33	140	293	394	177	172	136	168	68	52	69	121
17	57	176	285	383	312	331	146	262	81	220	170	68	368	255	193	38	257	227	205	9	0	135	289	234	367	167	370	395	271	280	34	155	355	245	135	315	21	391	370	181	296	355	86	405	180	299	158	359	138	46	283	392	130	3	389	205	34	360	190	303	183	61	218	46	181	296	403	81	111	280	360	154	35	69	132	282	122	248	180	193	120	48	51	11	391	63	62	74	134	8	211	284	310	114	395	5	41	400	101
17	266	4	236	183	76	371	76	375	151	337	276	142	47	389	197	98	89	164	298	325	79	0	227	66	16	152	128	344	275	116	228	225	269	169	44	276	80	226	193	231	386	322	294	270	295	57	199	112	265	366	182	67	128	261	255	14	124	158	182	214	90	151	17	119	380	147	263	133	160	129	256	267	118	272	285	92	388	201	383	250	34	230	114	398	341	34	367	36	373	65	169	31	357	161	135	14	89	87	84
247	195	331	203	313	21	260	200	125	142	129	389	154	169	221	296	297	356	17	337	363	225	219	0	25	175	251	214	96	265	265	5	387	269	11	111	333	246	352	215	384	8	74	27	4	10	208	217	393	249	148	52	343	278	283	131	198	341	208	115	250	22	183	340	63	75	211	350	145	276	274	386	165	170	94	256	141	369	310	176	236	256	170	297	155	197	33	291	155	99	176	395	348	13	401	352	253	289	369	158
370	191	20	294	7	302	74	274	89	318	188	241	368	329	24	166	369	275	32	10	386	350	163	166	0	374	33	124	136	175	335	163	399	204	365	61	279	240	238	224	304	339	140	169	154	61	275	275	162	307	206	111	255	266	252	126	307	307	404	328	327	209	33	279	188	100	81	42	203	345	403	251	25	207	85	21	242	395	212	162	307	38	188	191	330	110	262	95	25	232	34	129	66	377	24	179	304	218	376	19
370	362	235	306	329	91	397	42	165	5	80	85	369	227	107	1	354	130	170	75	155	94	253	17	185	0	171	20	341	94	55	9	321	109	270	79	32	13	373	136	128	18	22	256	120	228	77	383	187	382	97	43	352	19	270	30	11	92	372	291	317	84	383	307	363	189	77	46	249	18	14	52	405	322	179	147	62	227	18	150	235	239	258	401	394	305	301	216	194	190	140	394	156	45	280	243	171	138	112	151
236	108	227	246	148	222	80	361	187	306	119	38	168	166	135	190	347	1	265	188	335	337	80	163	35	30	0	396	44	101	25	164	355	78	260	250	113	392	356	142	243	289	63	161	381	377	164	295	289	6	272	359	354	55	61	244	24	110	98	111	242	21	282	152	73	308	187	222	101	382	141	155	405	142	152	324	114	372	246	332	7	310	36	353	197	38	311	176	306	85	372	72	85	123	172	366	80	151	106	285
141	318	292	176	20	292	337	346	364	231	280	356	224	195	151	110	44	20	211	277	44	185	367	18	392	377	398	0	343	244	307	256	193	226	35	222	101	198	396	97	89	21	293	276	163	55	386	129	142	54	313	122	112	41	200	354	72	399	34	16	303	276	350	59	186	12	304	398	253	187	6	48	172	385	12	321	402	369	180	191	354	182	256	203	95	400	369	303	357	291	46	201	214	401	131	30	312	141	30	19
149	248	359	290	33	389	135	38	92	10	85	123	7	372	81	301	175	282	74	141	163	140	123	179	176	171	205	116	0	256	145	383	266	32	298	200	350	75	244	203	245	205	405	346	82	168	190	200	3	215	346	173	287	379	79	313	144	129	300	403	334	358	390	95	40	172	283	159	352	307	267	68	92	52	393	169	243	368	180	145	393	156	316	59	386	339	202	194	123	233	52	4	155	68	91	255	375	265	226	38
260	269	137	326	28	314	6	263	18	180	192	3	268	388	315	79	225	269	245	151	262	405	96	303	200	361	24	334	120	0	388	350	308	301	8	189	11	376	94	212	206	115	406	206	372	309	4	41	301	197	279	15	155	162	339	391	258	171	80	62	221	233	224	94	397	375	141	293	131	404	135	392	214	163	405	215	321	395	138	390	334	13	308	360	321	369	69	168	158	127	385	39	121	19	50	325	174	372	18	299
260	388	388	31	301	337	114	381	209	132	301	338	180	85	233	67	39	295	181	230	8	260	128	227	188	277	130	166	139	245	0	228	219	264	22	69	156	131	65	341	370	375	270	372	73	72	347	6	310	85	255	395	136	354	325	136	272	80	136	128	91	167	217	65	318	74	335	327	36	219	281	332	333	368	248	311	276	40	154	68	78	387	338	73	251	133	105	189	383	188	276	326	107	186	160	219	197	363	145	268
5	73	328	237	26	101	272	136	34	200	255	287	247	50	156	317	342	239	149	186	299	58	258	192	223	108	341	97	288	148	281	0	323	111	92	341	340	257	322	195	402	234	50	110	400	87	199	9	70	202	77	179	86	366	387	278	165	114	196	99	182	48	34	101	302	97	152	30	2	256	64	193	182	324	40	102	293	100	15	281	356	164	244	71	50	216	150	204	242	151	214	338	85	119	135	164	318	114	91	169
57	301	145	81	229	115	304	313	195	197	312	242	307	51	121	153	49	19	274	347	148	34	359	76	378	64	226	215	269	403	7	29	0	233	87	402	308	351	311	90	263	167	203	75	224	156	34	23	259	376	123	355	121	342	99	342	389	227	292	60	325	113	388	328	126	200	325	303	340	6	370	50	219	346	118	225	229	10	298	339	10	171	299	223	290	91	113	383	133	208	102	215	112	26	337	287	372	197	193	13
90	15	210	255	380	380	309	238	23	186	177	395	169	120	13	342	281	364	307	296	92	324	123	313	110	399	192	79	303	322	195	333	8	0	120	210	104	135	327	335	377	109	265	30	200	341	339	135	310	325	279	180	94	253	316	173	30	49	221	66	371	9	328	115	26	138	364	28	188	117	287	12	321	87	329	336	381	10	254	365	306	346	227	352	287	153	30	127	389	123	159	375	270	198	369	233	204	337	376	124
388	130	208	293	83	153	58	383	137	394	329	400	14	211	6	217	67	303	66	405	89	249	165	363	394	10	87	130	59	345	85	234	70	146	0	385	268	374	25	89	168	103	137	76	111	250	311	100	264	194	116	117	60	185	1	218	196	232	6	220	349	149	43	208	295	79	388	352	102	2	265	40	90	401	223	357	189	165	216	288	265	249	168	364	189	13	301	57	4	371	240	203	308	246	235	266	197	193	307	344
53	233	24	352	191	311	347	343	296	312	230	152	45	36	248	285	33	205	202	70	360	387	323	4	112	264	376	340	318	227	391	377	255	380	401	0	263	120	308	352	378	141	233	115	88	149	404	146	137	185	318	104	105	247	177	237	177	176	241	236	64	289	89	67	317	390	12	317	304	222	330	126	367	45	388	305	402	100	360	207	331	389	235	270	382	395	283	305	327	340	58	39	158	400	243	138	55	266	124	59
113	360	195	163	200	367	148	42	205	15	237	227	383	113	70	272	383	267	263	254	266	197	206	100	261	244	389	188	296	97	270	230	157	73	399	177	0	316	313	305	116	41	162	309	281	383	161	274	185	215	277	267	157	56	395	337	167	36	340	187	342	344	203	283	325	172	398	251	97	116	30	377	324	250	395	406	356	173	145	351	239	11	110	367	266	333	73	283	45	333	11	26	352	200	88	331	277	385	343	193
323	303	301	49	164	248	111	243	338	228	36	359	105	140	162	258	351	234	28	104	168	247	314	305	16	130	234	351	168	45	196	66	242	137	33	43	371	0	144	45	36	57	384	313	22	42	6	293	42	227	55	191	379	306	279	371	296	353	269	354	76	53	210	153	380	95	162	247	119	39	6	65	29	140	37	207	398	276	352	56	325	362	404	45	202	130	339	27	393	238	59	127	290	314	308	21	406	366	123	350
19	29	210	91	211	241	209	336	183	341	74	350	187	89	23	90	34	283	167	163	254	349	237	11	232	400	105	305	168	372	289	107	379	130	166	201	401	353	0	64	342	386	40	62	352	145	153	9	214	255	43	226	255	316	235	349	274	31	343	105	169	158	274	354	161	286	65	382	167	148	246	344	372	55	172	148	95	253	124	159	267	219	345	359	271	27	256	234	251	246	187	189	196	297	72	107	32	337	160	406
406	191	116	10	160	220	402	133	337	252	363	44	140	55	352	35	383	324	384	291	116	281	82	201	247	31	166	242	318	69	328	181	235	293	164	279	121	177	142	0	364	26	72	15	241	286	67	160	266	250	218	218	377	71	114	296	25	27	111	194	120	343	305	54	388	6	397	31	366	166	222	231	278	62	250	129	400	362	146	156	164	331	349	4	201	192	86	298	385	60	153	374	195	149	78	1	94	358	403	283
380	142	247	140	200	317	259	143	99	125	124	277	353	140	306	182	354	257	376	143	54	398	260	168	29	194	285	15	366	124	84	135	229	98	126	96	398	218	193	295	0	141	117	362	62	323	105	122	174	64	153	292	81	362	204	266	103	121	206	82	227	295	292	266	299	221	156	257	303	91	201	243	162	209	259	168	400	87	285	397	156	211	238	343	244	293	24	200	258	384	49	23	194	328	392	315	239	331	277	349
216	192	243	180	43	372	177	247	341	251	267	182	255	167	305	153	47	386	233	104	133	225	223	106	154	306	88	97	235	317	102	55	376	1	140	393	151	38	153	76	254	0	263	284	209	140	297	249	152	8	390	259	236	260	193	65	319	94	45	249	388	139	199	312	175	352	167	400	70	63	148	100	81	147	198	23	153	339	379	389	406	381	173	364	301	135	230	78	51	299	71	401	49	18	20	199	322	232	240	402
155	330	113	101	50	32	244	56	269	207	254	324	369	279	199	395	355	38	310	267	203	406	340	48	85	360	266	284	282	360	403	181	379	11	346	266	42	376	184	273	81	219	0	276	282	293	145	161	10	31	119	370	274	213	405	169	275	389	151	20	301	269	263	238	167	131	358	74	49	402	48	128	259	30	311	386	91	242	103	322	262	391	61	296	256	274	157	207	302	35	37	315	250	60	43	253	238	292	290	277
323	21	112	173	142	288	143	72	401	41	379	370	376	134	367	133	208	107	261	165	61	121	321	282	351	50	150	322	300	150	152	153	67	305	346	220	287	65	310	258	358	179	365	0	269	327	120	205	274	197	399	389	51	74	233	74	99	356	331	345	18	104	321	200	163	398	91	5	385	111	193	308	288	294	238	392	354	54	277	63	364	152	184	112	35	176	43	265	339	95	172	248	121	287	204	47	174	235	364	261
353	336	385	376	57	201	373	115	14	15	118	347	384	114	387	287	354	102	208	242	158	103	76	229	173	254	389	93	122	298	334	76	201	198	233	213	370	351	358	168	99	240	262	158	0	151	350	21	71	236	310	64	92	21	200	143	112	152	18	323	115	276	356	142	31	208	325	53	337	79	114	57	252	284	76	360	46	155	116	171	320	53	58	46	200	289	167	310	146	309	3	202	5	279	154	261	320	78	127	27
71	159	192	356	213	238	285	110	163	345	356	34	397	293	370	287	306	180	337	390	100	102	163	216	44	62	271	355	278	386	155	168	388	223	82	157	37	329	34	177	34	361	112	115	304	0	105	360	219	267	127	312	252	27	191	20	93	31	49	80	137	21	87	228	21	157	322	353	62	25	399	85	324	203	320	141	93	2	312	275	354	283	356	341	359	348	197	15	1	293	123	223	388	130	53	228	289	125	343	195
127	142	104	344	226	165	191	259	275	179	339	52	402	348	227	345	11	262	311	289	146	399	226	118	132	368	32	386	230	240	339	224	325	29	267	163	62	32	213	399	25	20	8	276	291	7	0	329	353	252	301	82	387	11	263	331	54	333	185	122	260	208	129	14	243	382	199	19	34	99	117	341	198	83	133	308	20	219	138	1	204	109	338	152	15	391	391	9	247	322	330	361	70	382	194	202	348	92	260	312
319	289	74	237	279	367	320	70	346	265	288	394	301	295	370	184	292	245	78	325	6	57	101	136	3	43	24	229	59	366	129	227	67	127	199	347	221	395	208	312	182	107	222	88	262	358	97	0	277	177	401	200	282	67	19	141	207	137	132	67	71	372	79	313	279	123	223	337	391	243	380	398	378	152	375	191	278	36	63	147	379	390	16	71	11	141	367	268	173	101	238	331	88	343	370	259	314	150	22	268
308	17	21	197	234	309	122	232	262	128	202	119	196	280	352	390	127	289	207	305	235	64	218	263	376	121	310	255	328	349	254	388	115	23	324	268	103	402	138	228	95	195	198	222	215	56	125	24	0	114	208	161	14	88	120	90	75	171	365	232	23	357	83	115	182	84	361	181	363	394	54	107	85	239	297	48	32	296	33	189	84	316	235	162	284	153	44	238	98	301	202	127	155	184	277	269	167	22	303	61
203	190	30	159	105	320	92	228	123	113	353	396	218	105	64	6	212	92	238	209	121	216	192	400	258	91	119	156	203	174	287	101	118	284	16	310	361	335	109	262	300	110	8	217	191	120	18	188	345	0	387	104	312	103	206	161	316	337	88	47	41	30	48	279	31	78	332	106	388	384	128	252	338	244	325	58	42	273	102	341	304	94	55	39	85	12	300	56	181	182	333	117	110	233	274	183	372	257	60	199
170	32	33	21	94	309	358	222	175	115	287	288	162	306	153	315	209	405	105	154	315	217	152	377	329	129	406	45	186	403	195	234	308	348	323	121	383	252	54	293	268	366	23	95	117	158	116	249	402	374	0	175	1	288	297	198	36	252	37	393	21	350	389	157	252	375	289	58	7	374	33	212	89	113	61	321	383	242	42	155	306	352	397	201	158	247	123	344	335	303	120	147	142	75	257	396	226	170	170	317
123	293	184	367	301	317	263	70	168	60	372	396	96	297	233	344	160	297	404	24	281	258	66	255	135	280	406	378	398	106	327	21	91	8	288	300	69	82	63	128	29	54	231	231	146	21	108	16	213	71	14	0	390	344	182	197	119	399	47	314	332	235	235	152	319	89	319	386	228	311	327	258	347	389	111	222	252	309	377	121	287	295	187	351	322	117	36	254	373	207	25	72	12	3	198	314	205	311	35	355
256	216	150	180	363	279	73	290	55	91	348	187	310	231	242	32	269	363	76	355	267	343	67	224	12	92	166	334	327	155	402	289	379	178	298	257	270	104	170	189	26	45	66	71	147	92	107	57	394	96	353	234	0	73	8	236	29	209	359	259	370	146	376	64	165	220	220	314	308	280	10	36	367	240	40	352	239	406	68	164	54	390	326	357	94	130	93	270	377	330	320	92	108	96	340	82	161	93	142	33
54	398	43	8	301	292	13	215	318	159	38	89	275	297	347	235	168	107	118	86	280	3	238	347	78	306	256	267	21	16	219	148	337	212	284	136	207	20	267	340	116	65	392	168	4	310	323	233	280	263	401	156	170	0	51	373	246	318	338	138	9	342	64	379	26	88	139	214	260	170	80	64	215	372	45	236	220	145	124	24	357	375	164	30	395	317	225	360	108	354	11	2	261	29	256	214	381	44	371	345
234	217	364	335	39	308	52	242	307	222	118	318	57	330	265	316	35	337	28	172	171	41	360	406	342	329	384	95	215	327	374	34	259	164	9	348	269	177	230	187	93	150	394	328	300	181	288	192	402	154	4	151	95	236	0	61	303	318	317	197	213	17	86	286	392	228	188	13	50	269	26	212	337	70	282	248	313	375	266	370	161	314	281	159	221	162	115	217	154	290	358	363	48	59	251	44	103	243	307	236
391	289	358	47	126	241	351	331	362	361	270	182	274	386	364	336	340	214	14	67	346	331	46	28	314	126	215	107	237	375	363	263	386	175	187	270	281	272	290	171	208	345	75	56	218	77	142	20	291	2	240	295	116	190	381	0	291	117	358	53	3	280	111	30	42	304	92	390	327	180	46	314	140	266	165	402	372	165	90	339	194	166	149	65	117	165	162	199	71	243	109	383	394	23	235	188	291	352	388	163
197	208	369	92	225	271	260	9	298	327	203	319	65	397	19	393	86	202	349	287	98	100	92	338	249	351	297	101	258	315	155	312	228	381	324	130	360	269	190	358	149	157	17	3	145	264	90	326	14	20	344	265	337	239	395	364	0	391	287	43	12	178	232	195	363	220	258	345	149	389	283	118	203	137	106	207	64	281	82	133	166	333	256	317	233	120	257	92	294	214	327	150	17	126	110	195	190	31	76	316
259	210	388	153	147	123	86	172	11	369	197	275	297	75	133	74	351	56	239	278	294	196	216	123	44	389	300	178	42	383	21	103	245	189	41	291	30	381	225	319	219	192	288	101	285	287	340	305	278	311	352	381	310	389	5	366	332	0	290	131	366	283	124	39	80	388	204	346	406	189	285	17	143	28	267	19	243	252	154	360	228	67	346	202	264	354	181	71	63	201	389	231	41	3	346	249	62	154	104	250
324	245	87	292	274	275	121	318	325	393	18	338	217	367	251	212	322	223	82	237	65	61	235	282	225	266	354	286	96	9	225	47	360	249	203	129	390	30	21	25	120	133	94	158	331	350	207	42	367	141	195	173	363	120	95	366	185	258	0	88	343	114	57	266	44	209	138	7	307	51	174	180	244	324	114	186	308	206	166	110	46	18	347	199	27	205	386	254	72	300	166	353	261	393	176	100	205	287	29	262
197	246	86	152	252	115	352	165	90	341	133	232	271	371	264	208	76	338	123	318	379	225	117	403	36	251	264	254	233	133	226	138	140	145	36	169	374	370	39	9	3	69	101	358	134	193	350	316	134	296	218	219	358	308	176	42	286	286	402	0	104	286	248	315	63	396	324	186	380	29	161	145	9	220	81	336	233	372	127	313	352	47	185	126	396	46	109	372	249	333	374	186	83	338	333	143	9	200	333	331
330	59	223	129	343	69	283	129	319	340	341	98	179	63	51	245	383	151	141	34	393	340	297	127	75	181	91	273	250	326	333	397	94	76	313	233	174	318	353	239	365	360	247	275	62	255	144	46	175	341	197	49	271	276	396	102	302	49	68	274	0	93	116	299	77	95	367	9	72	150	316	266	297	147	311	153	380	387	20	177	156	181	272	402	267	215	71	373	313	211	272	178	237	173	119	333	220	149	240	332
173	117	218	352	54	48	321	311	107	406	338	233	292	248	177	197	50	375	232	313	20	286	339	250	347	196	188	36	62	181	2	118	67	66	246	37	200	27	273	168	5	334	145	210	234	352	255	26	198	205	259	172	102	212	32	250	383	357	145	16	318	0	271	102	57	371	384	330	37	237	257	398	113	96	338	329	54	103	32	89	33	279	57	21	127	30	207	393	23	179	18	340	192	88	241	381	234	214	373	226
296	51	397	95	305	359	74	391	233	54	276	189	70	382	57	113	335	180	339	361	337	195	212	74	52	109	324	339	376	348	137	100	179	327	62	268	381	55	212	194	318	386	261	315	164	262	344	382	127	390	63	23	73	401	254	348	46	116	258	238	273	393	0	115	406	190	267	83	29	87	350	173	260	155	192	164	403	139	257	270	256	353	15	297	27	31	197	35	171	2	135	7	179	293	91	186	118	21	265	18
76	63	368	150	363	165	246	131	79	349	72	183	352	318	281	205	199	102	337	105	144	23	144	10	267	24	272	319	171	207	173	160	275	40	293	208	325	258	268	381	404	85	141	52	114	39	15	403	385	327	290	38	261	233	199	398	393	13	101	146	39	69	278	0	197	232	277	194	71	179	209	351	222	81	39	207	103	8	395	111	127	274	14	167	364	8	326	142	147	292	74	54	375	199	262	120	261	93	361	305
380	173	336	358	78	127	244	317	4	391	201	151	96	137	182	406	382	64	244	120	282	178	207	333	45	2	100	69	43	299	27	119	329	128	301	268	312	274	358	63	252	197	169	135	32	303	221	60	122	246	27	55	401	386	57	226	157	187	343	209	140	105	157	14	0	192	232	72	210	244	100	342	269	245	58	261	247	32	404	215	402	198	387	74	268	93	273	153	327	107	402	107	275	220	308	398	362	83	53	115
331	296	268	59	296	22	374	359	188	259	318	268	377	304	5	379	342	54	400	65	162	249	349	368	11	180	142	216	406	292	145	2	360	403	386	46	188	104	321	79	33	197	325	163	334	1	159	249	104	286	382	27	274	333	384	299	244	18	100	104	373	254	8	251	113	0	166	64	285	34	388	244	251	232	214	368	277	67	218	281	241	86	49	69	338	153	252	353	257	338	25	80	131	15	351	394	251	386	324	236
205	100	42	386	316	140	70	133	339	94	256	96	282	353	24	386	262	279	384	172	143	247	166	300	281	258	296	17	290	389	392	99	266	377	174	364	283	169	329	338	215	237	356	355	270	125	104	6	137	331	303	21	61	78	218	288	312	131	379	322	393	319	356	231	13	111	0	393	124	23	50	321	157	343	99	331	343	72	203	357	235	379	351	400	98	240	193	197	375	346	336	45	131	85	220	114	270	343	47	145
162	236	71	328	63	288	349	289	281	164	397	177	305	67	368	158	262	305	43	224	5	225	127	72	316	198	119	55	78	168	222	302	65	57	406	186	39	285	198	80	210	327	387	300	159	350	13	5	74	212	76	265	234	258	336	155	331	382	192	136	199	148	62	35	55	232	21	0	91	194	287	358	369	309	138	50	365	26	23	214	35	22	399	354	341	336	67	24	348	94	3	396	257	307	272	103	403	4	7	160
352	291	108	294	285	286	157	85	98	284	237	297	10	6	101	199	128	383	374	186	82	372	123	211	330	29	348	263	58	185	4	18	65	288	156	354	209	102	342	168	279	207	261	284	1	73	170	156	100	11	255	313	17	113	405	295	238	292	209	332	385	132	123	262	183	382	352	29	0	8	230	212	340	317	171	251	346	231	84	88	258	351	324	379	112	16	12	196	232	132	317	192	344	312	122	39	76	311	164	275
361	86	172	320	123	294	93	404	152	58	378	284	86	395	8	196	269	208	15	55	82	268	254	157	105	405	288	84	93	325	222	8	403	97	350	192	215	267	223	236	122	291	332	163	29	84	47	26	282	132	209	136	247	232	33	94	292	75	39	32	12	329	26	371	37	37	324	375	245	0	199	138	301	194	42	192	223	305	138	137	55	333	351	374	389	98	184	301	162	217	239	33	264	287	193	10	347	252	224	245
16	276	38	85	17	109	11	313	289	369	359	71	112	375	221	36	298	124	217	356	3	114	195	365	370	327	241	160	239	279	278	343	202	37	93	245	1	117	318	100	77	360	93	68	191	63	48	97	85	94	25	176	30	15	230	33	344	62	101	379	150	357	349	90	65	288	347	198	313	265	0	3	158	357	121	66	379	361	285	319	280	5	381	395	379	137	97	315	164	326	18	284	157	274	124	258	72	304	206	105
386	139	196	190	337	90	207	107	358	326	296	400	351	170	308	175	46	31	309	404	325	64	211	129	404	350	63	33	133	85	133	216	260	340	339	169	216	384	92	159	98	240	176	236	386	242	123	271	177	141	200	42	12	152	381	262	341	36	57	393	72	192	292	392	124	106	291	149	199	91	36	0	125	63	4	325	119	164	389	298	348	40	97	57	48	212	357	258	405	174	239	228	198	11	62	308	192	149	195	3
397	121	184	236	26	315	254	214	284	366	252	149	357	68	326	274	138	184	21	203	2	206	364	364	239	86	103	159	321	404	400	79	201	383	377	26	313	320	140	174	78	77	25	375	375	364	229	402	178	292	313	74	49	340	204	378	194	378	259	289	263	238	384	163	7	363	348	176	354	3	50	374	0	376	366	100	297	348	68	325	206	318	293	209	130	131	116	30	390	5	350	214	400	402	193	212	174	191	285	164
177	178	364	214	210	217	64	139	315	258	363	26	102	394	24	218	33	329	304	82	350	360	277	326	322	16	154	263	188	367	42	380	220	212	201	130	113	203	283	280	117	13	164	12	158	333	289	401	115	4	153	132	11	287	357	347	386	289	392	357	81	116	67	65	197	176	7	300	17	358	83	70	334	0	28	81	308	189	365	21	95	383	177	308	259	216	20	149	175	6	404	356	313	255	78	57	99	55	25	146
196	174	140	157	141	350	122	361	307	306	46	143	44	242	240	306	181	302	315	24	249	210	23	1	157	245	6	68	256	363	230	312	181	228	34	65	400	94	263	166	308	97	96	300	245	195	113	65	133	163	209	158	49	358	390	23	236	42	53	382	175	393	78	404	353	321	350	351	113	107	393	339	368	385	0	399	161	41	210	152	239	359	80	241	404	71	133	5	140	62	334	297	236	73	309	89	134	9	42	369
237	54	345	314	334	238	116	17	156	4	391	274	198	13	360	237	397	342	291	158	255	238	242	305	84	78	279	30	45	170	378	112	373	208	266	44	110	232	33	266	106	220	306	291	101	406	269	212	383	175	309	391	149	406	241	56	125	271	280	68	398	189	280	227	270	240	287	174	238	329	217	89	80	117	378	0	47	124	263	395	15	136	31	112	75	176	201	196	56	219	103	102	212	342	164	47	358	319	64	93
114	35	343	404	18	41	54	86	183	27	39	120	307	107	359	404	82	36	146	93	328	106	182	19	290	113	106	379	32	29	321	1	12	300	29	402	310	129	170	28	379	125	297	278	309	328	292	208	180	115	281	329	286	70	60	239	291	347	328	405	256	267	189	10	49	11	341	254	281	47	54	238	303	263	270	2	0	205	306	217	123	145	187	301	230	173	198	292	59	44	293	58	392	371	87	225	231	241	244	39
252	118	102	181	97	53	249	255	169	225	294	351	115	64	126	335	365	352	60	399	92	148	39	189	48	121	328	346	220	184	299	389	287	395	213	332	146	337	351	337	181	79	171	135	228	71	78	355	384	309	24	143	40	57	184	17	65	13	395	78	343	160	216	323	84	291	268	242	219	319	213	181	1	230	123	59	285	0	202	50	377	218	235	33	55	275	302	167	390	139	354	321	22	104	293	12	126	281	334	370
36	231	255	380	67	333	249	45	213	307	395	179	111	36	283	303	302	220	338	32	373	316	365	263	55	53	240	125	176	81	104	280	155	120	389	154	239	158	386	22	364	59	171	235	221	177	272	167	184	15	156	191	299	12	345	344	90	404	283	165	349	294	23	103	308	335	18	51	224	180	160	342	154	307	209	244	170	354	0	57	133	332	35	278	171	156	35	137	305	175	251	157	113	13	403	183	61	227	298	120
137	397	131	299	178	66	201	220	249	19	136	323	387	250	252	153	95	217	187	329	145	342	183	61	330	23	385	140	371	54	121	297	372	21	328	203	374	68	314	405	145	389	133	117	390	322	393	250	104	269	351	158	238	74	303	365	93	266	103	15	372	224	50	56	327	119	53	398	61	86	69	88	352	31	342	394	84	336	245	0	263	354	320	153	104	359	357	370	392	95	19	310	357	260	205	247	168	170	330	122
153	333	31	56	286	289	305	342	404	11	196	43	20	6	101	95	313	128	153	23	315	33	121	240	285	169	227	58	60	251	165	352	218	68	294	156	352	26	287	139	122	115	142	274	81	253	100	349	394	74	117	125	344	159	57	176	353	118	233	151	320	198	289	340	285	216	199	237	114	127	255	9	357	377	378	304	321	31	14	33	0	113	116	352	315	222	393	136	151	374	316	391	98	151	12	328	406	101	232	389
393	268	223	75	106	171	312	310	174	183	230	177	229	109	194	329	112	200	81	279	366	98	387	403	39	174	73	261	342	166	95	333	249	298	377	265	222	367	46	322	97	258	370	4	76	37	234	196	310	337	207	263	278	270	2	207	195	235	317	350	80	146	281	89	46	43	180	225	32	328	61	257	232	36	309	54	75	296	371	363	105	0	135	186	145	356	355	290	392	85	278	328	382	368	381	336	292	71	336	147
292	394	31	1	214	310	106	69	304	72	97	186	84	84	179	163	54	315	59	351	257	114	353	49	252	261	110	232	174	61	270	24	162	9	246	231	266	342	86	80	260	31	55	339	17	201	239	179	106	271	129	215	316	198	298	197	67	217	58	137	355	363	95	169	344	346	347	151	352	163	39	182	31	302	267	135	374	62	401	250	330	305	0	276	219	18	283	29	190	195	383	240	279	104	112	318	254	24	308	360
35	311	390	83	384	342	273	356	314	54	348	197	212	152	159	230	285	45	236	295	291	377	287	93	344	370	352	273	359	337	1	180	120	241	332	186	355	335	273	102	80	360	67	320	296	309	220	182	317	102	228	159	299	404	120	169	125	150	270	22	355	58	161	346	380	264	225	232	265	268	305	255	59	309	81	217	146	186	263	109	168	192	348	0	174	165	96	33	309	242	171	303	264	48	91	163	326	318	206	1
82	107	75	327	295	114	192	255	310	319	208	388	35	260	35	106	303	110	150	199	105	192	53	363	351	39	101	19	301	94	46	213	312	17	400	279	200	126	388	255	289	367	268	375	249	190	14	33	258	281	31	328	203	213	205	375	148	287	61	284	162	65	172	322	294	253	139	113	72	216	119	307	338	3	81	106	364	108	318	19	264	108	97	66	0	4	357	200	349	197	406	208	176	259	144	400	332	16	99	304
61	188	174	149	55	78	211	103	110	305	19	79	369	106	109	63	97	288	301	190	54	342	169	103	35	294	347	123	117	109	191	30	146	109	177	180	344	97	161	190	228	181	178	56	159	375	163	19	38	349	87	17	115	1	19	189	307	382	360	25	95	278	35	20	326	393	207	91	7	20	14	74	125	238	50	299	277	4	243	273	2	196	375	214	24	0	175	9	103	10	326	292	270	57	391	8	27	137	257	404
334	326	117	303	206	290	97	386	105	152	23	304	343	155	382	233	68	296	119	30	114	358	322	276	271	221	89	210	157	313	107	384	316	191	270	103	19	69	319	27	333	111	388	32	12	18	267	69	245	86	255	140	166	159	227	236	45	316	190	177	278	17	115	240	197	139	12	81	97	18	369	254	60	265	191	74	314	68	48	206	334	248	55	285	336	230	0	318	75	11	220	178	245	291	112	392	169	364	381	94
35	333	344	176	406	220	328	315	302	14	12	234	119	85	23	340	382	380	67	340	397	397	363	263	103	385	22	89	275	222	271	28	193	146	91	50	159	290	288	7	358	12	62	78	42	183	210	295	195	136	395	232	100	97	176	381	68	115	94	333	42	55	322	82	114	14	153	211	91	168	359	335	356	204	184	88	383	322	298	399	42	179	249	293	169	237	402	0	96	192	127	219	309	253	182	159	185	49	61	249
179	261	99	56	112	53	160	45	131	261	320	1	191	258	276	332	229	16	91	235	110	341	277	135	70	346	21	153	363	44	195	355	70	70	80	221	192	390	352	83	378	402	348	104	284	286	399	316	399	73	206	28	167	388	33	97	345	63	17	141	151	302	333	42	86	356	251	220	29	370	135	149	201	353	83	205	3	371	227	294	85	230	167	12	206	359	219	187	0	160	210	210	205	162	328	230	317	81	349	33
382	341	309	103	389	251	35	244	109	203	293	232	128	306	359	180	304	112	363	113	32	210	141	207	364	215	157	372	276	271	121	172	278	131	155	345	129	405	116	365	57	278	345	14	386	157	112	193	367	312	177	121	78	116	303	343	250	176	253	58	285	169	362	108	79	105	389	14	384	228	49	233	146	118	76	192	243	78	3	248	333	231	26	243	330	12	386	142	334	0	251	346	119	70	121	236	241	159	49	237
346	132	24	332	335	214	348	49	206	181	246	198	399	326	278	159	162	366	118	123	142	179	215	93	48	63	84	406	342	201	370	395	338	5	84	253	369	389	215	91	358	255	199	243	3	319	140	234	39	232	342	115	224	22	13	114	71	93	286	107	285	328	271	82	308	1	381	155	257	197	180	312	295	20	267	161	336	130	406	201	32	318	258	329	95	268	239	117	270	116	0	281	221	37	1	94	405	402	81	346
22	48	189	383	221	51	266	102	252	69	44	293	83	155	350	205	82	219	322	185	389	89	182	201	193	390	207	73	380	274	253	248	48	309	172	75	271	127	236	56	131	229	237	332	351	310	121	327	405	308	124	62	372	268	130	355	158	309	379	6	179	57	253	245	348	383	305	76	121	175	259	130	373	134	305	133	349	238	271	107	66	310	385	97	9	300	290	65	27	156	78	0	406	236	13	239	368	186	291	51
338	271	361	292	367	90	375	383	78	198	356	150	162	349	284	83	344	146	68	152	304	160	60	175	313	212	242	250	289	30	18	352	143	3	259	82	77	370	17	319	72	286	189	27	406	380	326	262	57	315	99	122	224	143	78	125	176	120	376	384	99	372	267	266	237	361	8	226	401	353	356	277	80	254	154	77	378	149	401	13	289	101	119	208	108	10	279	127	317	356	272	262	0	209	196	259	299	268	227	374
259	212	270	390	141	372	141	160	121	159	159	286	210	47	406	1	7	136	41	70	350	244	157	298	243	139	213	247	183	203	284	9	250	289	208	205	330	43	403	101	330	78	126	376	280	401	201	119	369	26	140	156	45	297	227	272	342	63	166	334	212	186	176	191	302	307	324	57	235	86	143	198	374	311	289	158	109	193	135	118	22	374	129	385	365	131	68	195	151	9	259	256	60	0	394	371	397	138	346	57
56	103	270	108	273	184	273	108	4	91	74	15	215	97	233	245	340	93	93	276	280	119	366	177	67	189	60	374	361	24	82	159	388	371	373	73	385	13	71	108	49	203	282	138	237	294	209	28	73	338	312	253	37	110	370	137	61	214	297	353	394	185	89	166	295	26	8	389	33	270	249	150	366	117	343	28	81	354	116	231	363	145	225	114	205	143	84	346	33	364	149	157	60	85	0	232	296	60	186	301
194	370	66	359	82	326	395	403	79	190	259	52	260	118	65	314	381	276	188	304	88	31	333	398	401	267	7	13	163	248	165	364	363	278	394	382	16	246	241	312	354	201	99	179	173	282	354	87	188	402	340	159	341	112	176	147	373	274	83	14	113	260	337	134	62	319	359	312	120	212	111	342	202	305	213	324	131	47	132	265	219	398	207	314	200	287	254	206	52	234	280	305	362	72	171	0	170	403	104	258
197	148	382	4	194	278	279	381	247	171	31	17	52	283	62	81	196	77	154	370	60	321	334	329	86	319	254	73	164	260	374	114	377	215	239	213	219	125	357	202	394	257	260	82	255	286	277	275	94	191	140	259	89	347	240	326	396	249	248	5	28	286	89	173	3	11	174	162	3	212	19	203	285	131	88	42	277	170	12	311	261	279	244	298	40	186	313	392	274	349	37	103	83	227	107	159	0	362	400	155
349	1	74	303	53	339	182	361	298	223	364	123	185	283	99	396	11	397	271	117	178	287	348	218	322	329	348	170	281	206	260	168	354	404	194	65	84	147	366	309	335	188	9	317	120	209	184	161	40	391	333	383	15	124	166	275	200	213	163	113	187	260	264	19	259	258	372	265	101	73	245	340	13	95	330	33	83	341	35	298	18	227	98	111	27	64	7	58	300	405	40	263	46	291	224	171	365	0	138	174
254	95	367	147	286	373	304	288	342	244	358	156	381	354	49	76	130	406	18	242	121	1	349	352	267	192	117	370	279	133	105	296	249	65	165	217	210	351	144	57	303	188	143	29	21	107	350	265	402	403	297	368	84	279	41	223	112	354	70	293	181	298	7	299	213	16	93	44	126	394	297	160	111	180	220	306	125	399	84	21	2	315	177	44	300	214	257	254	356	82	184	380	161	176	141	58	65	224	0	109
319	146	20	296	328	221	99	271	91	268	226	267	95	286	74	208	328	380	246	265	7	369	384	60	319	221	233	293	241	85	319	306	178	176	252	11	23	250	24	296	176	390	330	13	128	100	48	58	6	277	344	59	322	36	116	378	338	129	61	375	226	78	271	226	258	232	7	189	25	228	152	403	283	111	323	344	289	221	341	121	355	94	371	191	33	300	38	90	126	63	9	8	288	25	310	74	80	85	284	0
