A	B	C	D	E	F	G	H	I	J	K	L	M	N	O	P	Q	R	S	T	U	V	W	X	Y	Z	AA	AB	AC	AD	AE	AF	AG	AH	AI	AJ	AK	AL	AM	AN	AO	AP	AQ	AR	AS	AT	AU	AV	AW	AX	AY	AZ	BA	BB	BC	BD	BE	BF	BG	BH	BI	BJ	BK	BL	BM	BN	BO	BP	BQ	BR	BS	BT	BU	BV	BW	BX	BY	BZ	CA	CB	CC	CD	CE	CF	CG	CH	CI	CJ	CK	CL	CM	CN	CO	CP	CQ	CR	CS	CT	CU	CV
0	57	32	2	39	15	108	80	26	52	54	73	89	92	82	85	85	109	62	29	67	45	54	15	58	33	51	61	50	73	12	49	85	112	56	92	60	2	54	57	49	107	69	24	83	3	78	37	44	78	63	105	33	100	89	8	97	110	61	30	111	102	74	5	87	103	74	4	45	24	89	2	46	19	41	5	51	78	34	78	65	51	12	70	35	33	103	53	54	30	26	6	9	7	39	70	71	53	94	106
4	0	18	90	6	102	4	16	102	35	84	43	109	104	9	14	78	25	70	99	11	71	24	75	51	64	11	16	71	13	112	47	111	92	88	13	49	61	69	3	111	23	92	98	38	70	17	46	77	93	75	85	42	56	63	14	56	91	43	42	73	57	49	61	78	64	55	104	69	18	20	38	53	88	18	30	97	49	103	29	62	58	106	72	64	57	106	39	32	30	23	63	23	43	11	112	17	24	80	67
29	7	0	104	22	100	68	72	20	45	112	64	8	36	2	15	34	7	85	22	22	102	35	40	87	59	76	4	37	68	84	65	89	3	63	97	7	13	29	30	32	12	3	37	33	108	104	4	9	106	22	7	98	60	100	94	61	59	35	99	25	39	26	102	107	81	47	35	61	35	73	6	40	66	87	42	79	52	28	29	23	83	66	101	29	52	60	46	91	8	6	95	78	70	39	20	22	62	44	1
78	20	108	0	19	31	3	105	72	62	57	80	61	4	35	31	52	14	51	54	94	104	34	39	24	101	4	43	3	21	98	34	24	90	19	10	56	21	67	12	62	101	110	99	111	55	6	70	73	68	60	45	50	51	80	13	92	37	80	64	61	35	106	108	64	55	88	25	58	33	35	10	66	1	107	23	36	24	105	58	64	110	63	94	38	90	11	45	18	36	91	86	82	76	111	12	64	18	19	97
36	63	46	23	0	26	4	1	15	100	41	67	26	9	16	78	60	75	40	63	70	37	25	57	106	85	59	72	3	90	61	16	44	27	112	102	82	80	112	16	76	110	51	111	27	42	34	8	99	98	22	97	35	13	83	11	6	108	110	60	21	63	9	66	40	18	78	107	50	80	12	42	33	12	97	107	63	23	54	56	48	105	4	41	103	43	2	20	73	56	82	66	76	69	28	92	104	75	80	46
92	57	52	71	66	0	11	51	104	110	63	54	9	55	80	54	61	88	12	96	70	28	67	98	8	81	45	19	69	67	89	44	91	29	25	74	55	80	37	14	74	79	26	58	76	112	28	63	100	59	17	96	3	75	96	25	13	74	70	78	112	75	74	45	73	105	48	27	4	73	61	37	8	10	70	65	23	8	28	109	18	71	32	87	26	82	39	102	76	34	21	94	74	57	32	9	39	93	19	60
91	25	104	109	68	45	0	24	14	104	102	4	104	85	75	36	68	96	53	80	18	23	33	45	24	16	107	30	28	34	13	30	92	50	89	13	40	11	76	100	92	79	105	97	112	12	51	2	9	82	49	95	103	74	37	109	97	92	101	29	26	65	42	86	19	46	57	20	15	44	25	32	7	1	90	26	106	15	98	39	91	6	14	51	13	34	46	49	75	3	26	51	29	58	89	4	20	99	26	68
105	99	24	15	107	14	69	0	47	74	91	3	99	23	13	49	111	111	98	79	53	112	16	56	69	89	91	54	3	54	70	90	80	1	22	1	109	40	42	100	90	19	41	17	65	83	54	39	66	79	85	97	107	92	111	9	17	88	40	65	70	110	88	6	101	59	35	50	7	43	85	76	43	45	58	4	38	17	9	67	21	56	22	30	37	32	50	48	67	64	24	50	16	98	61	13	107	51	5	82
36	25	39	78	78	40	2	94	0	103	23	69	34	52	92	50	111	7	32	43	33	100	42	70	33	93	88	31	57	87	96	94	13	10	49	28	101	76	97	92	89	22	42	93	80	68	22	10	97	46	93	111	52	56	33	6	26	85	107	35	109	79	58	71	50	58	25	46	38	1	86	70	69	101	111	37	85	9	1	36	103	104	26	96	98	30	50	11	81	50	56	42	24	5	92	14	13	110	37	76
45	53	23	19	8	106	44	28	21	0	7	97	25	88	1	49	62	106	3	19	102	49	8	104	18	90	35	100	58	109	41	67	33	100	47	55	21	1	23	67	80	29	23	19	13	44	82	74	51	91	89	60	23	54	84	56	59	91	105	80	62	47	33	79	63	51	85	88	2	83	44	67	45	111	97	30	104	47	108	57	63	108	68	104	84	43	82	32	109	47	83	104	37	71	56	106	68	112	1	8
96	41	94	91	48	44	106	70	98	63	0	99	75	52	62	108	79	48	5	54	46	11	75	15	69	74	15	93	49	18	110	29	33	83	67	12	54	96	18	60	7	35	7	24	51	64	88	36	112	106	8	58	44	80	6	58	94	111	11	4	85	87	101	45	54	82	89	65	9	16	54	107	39	85	21	72	77	32	57	54	83	72	103	32	13	52	53	57	5	34	86	2	40	45	94	11	88	8	100	3
35	74	73	25	23	41	1	5	66	51	70	0	94	6	32	38	65	57	32	28	73	80	7	2	60	107	10	32	49	86	42	3	103	10	50	101	65	62	40	20	44	27	106	28	29	87	93	93	71	79	91	105	43	56	31	55	15	100	96	95	94	14	38	45	111	26	86	66	60	8	54	10	89	63	61	98	79	30	13	5	65	37	11	110	58	33	49	98	94	23	70	94	97	48	88	30	41	40	63	58
43	38	2	21	27	68	25	13	16	9	53	97	0	29	94	88	33	21	73	71	107	49	10	25	47	2	24	96	111	98	87	8	45	20	44	53	12	32	18	49	104	97	28	74	35	19	52	12	99	89	16	13	42	57	52	41	37	74	82	111	28	50	54	43	50	7	62	86	68	2	64	104	55	42	42	10	110	78	18	61	97	64	69	16	90	30	45	82	72	65	1	85	105	20	37	98	21	109	102	65
82	53	17	29	47	105	82	8	44	87	47	2	91	0	89	107	112	61	60	93	44	105	54	71	32	90	30	30	61	89	103	11	73	106	71	100	16	90	84	112	82	111	21	14	87	85	12	100	12	47	92	34	104	66	10	82	27	20	68	35	24	91	65	6	44	85	56	47	75	17	89	7	24	47	69	18	5	83	48	6	25	7	68	111	68	2	100	91	48	101	101	73	20	56	98	54	51	80	46	10
38	23	82	4	85	48	28	37	19	68	64	24	83	51	0	106	49	85	40	27	33	17	19	13	90	96	11	5	63	17	14	94	53	46	81	35	71	72	37	7	9	71	33	39	18	2	28	79	12	58	67	15	68	76	105	32	62	58	89	70	48	87	14	42	21	70	5	94	64	47	17	112	37	3	77	47	107	58	83	29	20	13	74	73	37	101	69	94	17	1	82	29	79	96	45	99	92	18	112	36
84	88	39	29	107	97	55	44	19	98	26	37	88	26	79	0	63	44	89	64	34	92	110	74	52	100	105	60	27	39	91	55	68	98	109	32	49	23	71	106	61	13	31	66	63	93	91	48	15	26	93	25	9	76	105	16	48	5	72	38	37	105	12	112	60	5	1	19	24	99	36	10	79	68	32	12	11	65	36	86	79	29	11	32	82	46	51	2	93	83	91	110	18	63	1	69	62	69	64	104
93	46	9	97	98	85	108	23	100	16	20	18	22	110	16	99	0	20	16	59	63	89	64	88	102	42	97	103	107	58	55	81	55	40	112	107	22	102	77	92	83	62	82	92	74	97	40	66	63	50	15	4	91	5	95	111	47	62	54	63	13	73	29	104	50	27	101	104	47	102	90	28	96	74	88	82	87	3	5	16	104	35	77	59	83	34	106	39	77	25	94	19	90	18	80	36	110	75	20	97
107	74	64	94	32	85	9	72	64	57	54	24	44	21	5	49	90	0	10	105	58	46	68	27	31	36	110	50	97	47	69	66	84	27	6	70	105	112	1	34	63	96	85	110	52	48	99	20	9	70	31	26	17	20	7	81	66	109	80	1	4	104	59	57	30	52	54	53	87	84	50	27	18	73	24	5	44	38	40	49	109	21	63	8	37	41	42	5	1	55	6	7	73	7	112	20	20	110	111	18
32	49	87	61	51	23	20	34	93	60	44	68	104	40	18	5	100	76	0	98	47	57	27	27	71	48	41	10	31	1	6	100	26	102	51	101	84	60	79	72	72	65	110	33	78	6	55	59	25	46	42	39	100	65	65	18	3	78	65	71	85	103	75	33	57	79	41	12	9	51	20	28	71	53	95	8	17	24	52	21	35	46	40	94	93	17	52	67	26	89	109	111	20	79	5	26	78	58	16	69
32	76	32	65	1	8	40	57	107	64	29	33	10	7	24	75	49	16	49	0	14	46	85	74	20	36	68	105	16	69	18	75	28	112	2	47	24	3	31	23	108	100	98	2	42	44	81	36	107	35	106	3	20	1	13	46	64	39	52	73	72	57	87	55	72	97	93	35	74	105	58	4	105	108	41	28	6	43	35	32	81	97	35	23	57	23	98	41	42	23	91	41	71	89	91	31	100	68	7	21
24	93	21	6	105	29	10	85	19	86	88	96	92	47	6	17	94	40	24	10	0	13	108	50	99	2	19	48	24	6	19	76	92	19	72	105	106	54	70	104	8	76	2	2	91	41	42	102	17	73	88	61	33	102	20	35	54	74	84	70	50	30	1	41	96	30	111	70	16	64	47	36	97	30	32	80	90	94	60	30	77	57	98	25	107	91	25	9	92	53	14	35	6	2	53	4	44	32	94	35
86	85	68	31	68	88	17	59	49	43	109	102	96	70	13	101	30	51	44	79	3	0	31	56	3	3	38	65	44	76	1	101	65	85	48	80	54	42	88	26	67	68	28	51	48	25	66	54	19	78	112	53	95	7	80	97	106	76	38	67	57	80	71	78	27	95	44	58	47	69	17	78	95	73	28	112	85	107	6	31	19	56	17	43	12	37	103	32	87	36	49	3	78	26	82	91	50	59	25	11
54	96	23	31	74	47	107	30	108	88	22	97	58	58	96	12	82	90	70	46	96	57	0	13	48	43	61	22	42	34	83	22	70	49	26	79	105	66	44	25	45	50	21	9	107	13	39	54	28	79	11	56	49	81	76	54	79	94	18	68	109	27	83	96	25	15	30	62	15	53	64	38	64	22	55	101	1	20	59	22	60	102	91	88	22	73	108	48	87	106	59	42	29	3	23	98	101	31	65	63
106	14	83	29	33	77	84	4	41	34	27	32	110	88	26	75	4	4	69	12	30	31	46	0	80	106	50	70	17	46	28	4	90	102	82	53	17	51	61	30	11	91	76	78	24	30	34	58	12	80	53	95	2	71	24	107	75	4	10	108	103	91	81	62	84	55	109	6	38	88	93	106	38	9	26	78	100	14	3	108	14	90	6	44	47	72	1	55	77	9	39	102	37	17	98	43	23	35	29	67
68	87	2	104	1	97	24	107	32	85	99	112	13	87	13	96	41	80	58	69	87	92	36	76	0	31	99	7	89	21	9	48	64	23	40	58	63	73	15	19	32	38	97	106	54	71	108	15	57	12	68	46	30	75	98	19	68	59	27	75	109	40	37	46	70	15	71	109	96	53	96	73	68	47	108	66	79	9	1	90	71	34	40	74	33	82	29	71	6	4	16	7	18	69	111	52	71	11	83	48
33	104	13	110	7	5	57	77	99	57	38	27	39	17	82	72	99	20	98	87	40	28	18	92	9	0	14	111	4	97	58	58	20	68	74	25	83	63	49	96	23	20	41	25	50	85	87	22	44	97	76	23	45	22	18	101	12	67	8	108	45	42	90	27	5	89	97	33	25	11	13	76	95	62	27	100	36	75	57	80	27	56	50	13	33	61	81	39	32	100	5	61	62	75	33	37	57	58	55	24
52	45	22	82	4	65	84	103	57	44	62	102	3	8	107	84	31	90	69	24	94	68	69	16	21	71	0	3	68	99	11	8	72	76	105	76	66	85	28	103	29	3	66	95	109	66	26	61	33	55	39	44	54	86	75	65	1	53	108	11	106	13	14	92	83	94	53	63	109	32	97	37	10	88	76	69	86	98	80	58	32	102	35	73	93	40	108	8	95	38	75	104	68	5	80	25	68	72	78	28
106	28	103	69	97	20	52	9	38	91	100	69	112	78	40	68	79	49	27	40	53	7	48	110	31	83	10	0	56	40	105	77	34	54	49	40	69	46	71	85	62	1	15	26	52	66	16	42	82	11	40	98	48	67	48	107	51	11	62	90	88	46	96	74	111	12	85	65	77	12	90	54	86	30	33	22	10	24	69	49	73	59	26	10	12	87	5	48	16	7	31	81	112	32	34	86	102	51	71	86
1	110	24	37	20	112	53	19	51	68	64	3	23	84	98	70	33	34	109	28	34	54	70	110	48	61	60	37	0	20	58	112	29	13	102	73	25	51	6	79	22	51	87	60	66	35	33	22	42	37	64	51	22	20	7	29	29	109	63	103	102	78	15	83	66	44	22	63	74	54	48	7	39	78	47	5	57	62	76	97	100	106	7	82	80	31	53	52	22	7	102	75	100	95	59	52	36	107	109	95
52	63	111	94	80	84	19	84	82	54	33	74	94	93	27	6	110	95	54	94	109	89	45	95	51	22	12	93	65	0	98	107	65	91	48	112	38	45	100	19	104	25	89	98	52	14	65	59	53	26	9	48	54	52	48	60	28	59	112	1	37	9	18	15	96	15	58	47	51	112	88	85	76	27	94	106	99	71	27	19	86	86	32	39	40	44	38	99	74	51	98	60	100	44	46	97	57	20	100	78
111	111	42	33	77	46	11	80	80	105	36	95	79	45	16	99	37	52	43	99	25	107	76	86	72	24	106	35	27	61	0	50	111	69	21	82	36	64	33	99	45	47	42	64	107	56	48	66	88	69	47	8	24	66	31	73	66	30	45	3	13	112	64	15	17	28	54	80	99	84	2	112	26	25	8	85	20	26	63	109	77	73	86	34	40	42	7	5	50	73	74	82	49	64	69	6	91	66	46	57
5	64	112	107	110	37	99	17	49	61	85	48	33	108	75	16	85	72	27	95	94	61	51	97	89	76	100	85	52	59	3	0	11	45	42	98	105	65	20	73	28	109	24	99	112	3	56	11	81	13	22	3	45	72	31	111	33	68	97	92	35	89	12	72	24	6	35	51	31	111	86	112	35	27	28	89	99	92	88	13	17	1	43	51	83	58	68	63	103	110	48	106	39	18	19	108	38	18	2	55
98	38	53	48	31	48	59	110	97	50	75	76	48	51	9	65	13	86	68	30	82	95	21	75	48	40	87	2	50	23	99	100	0	81	59	98	60	107	97	32	25	6	20	3	22	14	104	96	91	47	13	57	45	22	5	15	66	79	11	37	30	55	49	89	18	65	43	2	60	36	40	96	51	61	97	25	110	105	3	104	79	108	48	23	11	13	31	47	50	46	21	58	54	48	96	30	32	73	78	89
102	91	41	18	37	103	64	24	44	29	84	90	77	105	90	40	36	60	81	77	98	57	95	19	26	108	12	52	88	61	82	4	50	0	94	8	10	82	57	108	54	20	74	68	94	60	53	5	1	80	112	11	4	79	80	11	47	74	22	40	1	86	58	39	67	106	6	80	42	3	81	81	45	53	3	95	35	49	32	47	78	53	105	27	88	12	77	69	38	29	62	8	56	86	2	90	94	17	55	52
86	26	88	107	56	100	83	103	100	87	52	36	21	28	49	97	109	24	5	48	14	107	101	61	5	30	18	18	79	66	56	6	32	41	0	10	69	63	7	17	97	68	33	42	73	19	99	95	24	80	59	84	78	23	60	14	51	27	32	48	91	58	30	69	37	86	67	88	50	17	4	70	74	94	10	13	15	67	45	29	61	72	52	45	15	23	6	52	100	71	54	23	73	56	62	111	112	65	27	112
32	20	104	49	49	47	107	46	8	41	27	30	34	96	16	81	107	60	51	31	84	23	22	48	61	80	9	19	45	48	16	84	101	43	11	0	52	45	96	98	109	12	60	112	27	65	91	91	66	97	3	3	112	17	34	65	38	1	80	90	69	59	1	91	11	69	18	65	13	93	20	42	74	111	13	49	57	57	111	44	86	112	43	47	66	112	91	9	58	45	12	65	108	4	60	31	30	103	81	105
29	57	63	1	54	96	6	56	50	82	11	18	31	3	101	85	84	23	49	73	57	49	69	54	87	51	25	84	22	50	98	64	15	9	61	72	0	58	31	30	16	63	98	11	101	73	15	90	80	3	71	25	23	17	18	79	91	92	26	13	47	90	110	50	15	46	47	82	58	50	70	37	96	105	18	95	36	90	38	76	89	15	93	75	107	40	74	55	42	112	1	47	61	36	21	15	84	78	84	49
73	104	102	94	103	51	104	64	4	55	66	7	42	63	82	24	86	92	38	50	80	34	39	110	82	64	73	38	102	7	81	11	79	112	15	98	43	0	58	98	34	75	54	9	109	4	27	40	100	34	93	18	14	42	87	11	80	7	21	58	88	107	14	103	17	7	66	27	84	112	77	61	72	9	31	71	81	6	64	44	19	18	86	19	66	84	80	67	99	67	72	112	70	21	100	105	107	31	44	81
50	87	99	33	89	48	98	78	92	36	12	15	108	88	18	59	38	85	103	72	21	35	83	39	99	95	41	81	39	29	52	16	21	109	35	61	93	30	0	73	14	78	39	95	30	64	107	27	74	109	77	98	69	12	15	24	71	35	75	72	36	59	87	101	34	54	60	54	54	5	6	62	12	20	104	25	106	61	83	6	80	94	58	69	15	63	3	107	98	34	8	100	72	81	2	16	16	2	59	93
66	74	92	99	110	104	30	54	47	87	102	104	74	31	53	66	63	50	26	9	19	103	84	32	45	34	6	62	99	64	92	86	50	4	90	38	99	42	54	0	29	15	100	99	52	64	107	76	105	65	31	27	2	14	11	15	30	68	96	72	38	86	67	55	7	54	66	78	64	29	35	80	51	19	16	19	66	101	80	28	33	92	93	81	24	96	6	109	89	111	88	46	76	20	69	95	35	99	96	99
92	13	83	104	89	76	32	101	82	104	19	53	101	43	99	32	96	17	32	83	20	69	21	103	7	41	26	109	96	44	57	82	63	38	74	39	18	69	37	89	0	107	34	8	75	59	80	27	24	59	71	89	44	108	62	68	53	41	23	7	85	53	83	67	25	6	26	64	45	41	94	11	62	67	106	5	77	87	21	33	93	111	5	85	18	66	42	3	9	83	79	65	76	43	81	22	60	66	112	6
10	106	67	69	91	57	65	19	16	27	77	78	35	28	87	45	74	7	22	55	109	11	26	108	17	97	61	18	52	64	61	28	61	17	60	37	55	101	96	108	33	0	112	70	6	21	59	87	89	94	16	92	9	54	13	42	102	85	64	46	64	67	54	51	76	57	51	91	98	44	11	6	81	52	25	60	25	9	63	16	47	16	111	80	36	48	56	36	79	38	15	71	107	9	26	79	17	79	34	109
36	40	19	66	98	92	16	69	111	36	36	82	36	100	93	44	43	19	13	78	10	41	80	98	31	16	105	2	105	85	25	70	79	73	48	74	99	99	25	25	110	21	0	68	68	92	44	37	3	81	20	91	12	30	49	43	47	93	19	31	45	25	111	10	50	43	30	99	97	20	2	72	16	20	37	77	1	72	58	93	34	60	54	72	81	69	45	6	74	86	37	36	67	96	7	20	30	34	54	91
10	111	29	32	45	6	94	56	13	106	71	50	42	9	94	111	46	4	81	7	20	15	10	37	36	29	26	51	110	11	21	62	88	14	25	110	109	52	54	48	63	21	27	0	110	49	70	44	34	55	87	25	35	30	83	109	77	69	38	96	106	95	28	30	72	64	29	33	11	36	110	41	61	112	57	94	55	107	65	89	60	89	48	45	9	63	70	79	13	71	106	67	34	16	86	8	112	102	52	63
21	41	51	110	60	88	12	111	94	46	70	57	92	80	83	97	111	7	63	83	19	106	45	104	109	1	71	78	78	3	108	38	98	48	34	4	83	56	46	73	68	77	18	14	0	88	71	10	106	61	80	21	13	95	81	96	98	10	82	96	89	109	73	60	104	37	82	8	93	76	58	71	83	64	34	101	82	27	12	111	45	21	13	89	105	83	60	12	110	8	24	48	72	46	94	38	27	27	79	11
90	6	61	5	19	60	72	22	100	79	53	34	5	102	63	86	108	44	17	90	32	56	35	10	111	37	77	33	37	2	83	94	20	107	34	7	97	43	50	38	76	102	37	112	28	0	60	12	34	9	108	63	34	27	19	107	72	92	102	87	64	67	104	35	108	103	68	4	51	101	39	40	86	69	81	79	103	21	11	23	6	10	13	63	78	98	80	31	75	47	65	108	63	103	110	67	47	28	93	25
1	46	43	15	36	65	31	64	9	63	37	38	9	73	19	85	78	65	51	72	66	62	103	98	76	105	32	45	15	68	83	53	64	6	97	57	52	19	96	54	86	39	47	20	75	31	0	76	72	110	79	26	54	109	23	14	54	86	43	54	3	104	73	64	96	87	97	52	76	93	29	84	65	77	5	29	107	89	20	105	46	30	59	104	7	10	110	80	5	31	94	89	10	79	82	85	54	87	91	112
110	30	6	20	77	84	106	51	5	16	36	46	90	107	96	63	5	59	42	35	44	76	14	21	31	10	5	11	17	5	38	84	63	107	17	112	45	94	100	14	109	88	109	17	51	60	71	0	12	74	53	6	101	22	45	26	2	54	35	67	83	36	20	49	65	49	104	112	50	73	22	76	82	30	11	71	57	88	59	47	111	24	25	78	14	63	88	60	76	104	68	18	55	14	102	59	75	49	83	65
79	26	76	110	111	4	51	25	40	24	27	93	41	50	49	100	23	10	88	76	88	1	103	58	80	34	81	8	7	83	63	34	34	83	10	66	34	32	43	22	31	50	72	100	17	31	110	9	0	102	98	74	33	97	60	63	64	63	24	67	53	61	35	53	56	97	85	77	17	3	87	76	34	76	94	64	94	12	4	91	24	12	70	69	63	54	76	82	17	54	33	42	83	102	31	106	96	82	44	81
22	68	58	73	49	70	84	83	89	38	3	8	62	22	7	95	76	22	52	60	93	40	62	44	47	109	22	76	106	50	97	12	54	98	27	47	35	18	51	10	105	83	56	13	85	108	84	10	27	0	56	25	104	34	28	60	47	111	59	33	21	108	6	76	69	89	107	62	103	84	46	60	54	68	57	99	11	60	35	86	39	13	75	105	105	53	55	43	26	63	97	42	90	105	101	3	56	24	42	79
92	15	27	10	111	99	71	90	104	97	111	105	74	48	40	106	106	93	34	37	22	104	89	37	39	35	2	98	18	85	13	104	66	27	43	25	71	41	28	16	46	108	89	22	91	4	53	86	80	44	0	97	100	21	38	42	83	4	73	27	101	68	61	36	54	77	44	108	84	110	2	61	25	25	58	18	3	62	33	111	49	86	77	101	92	43	77	78	61	57	31	64	50	68	64	56	43	17	9	56
51	25	79	61	7	105	71	57	27	12	8	44	31	1	22	41	85	17	87	10	28	104	69	104	105	92	77	73	97	43	6	93	82	47	6	89	105	7	41	8	55	102	82	16	51	81	64	34	85	6	101	0	108	2	50	109	94	71	51	109	53	63	48	11	8	95	55	92	35	54	44	19	1	49	80	6	40	10	29	80	90	101	58	89	44	93	92	88	111	13	102	28	50	20	34	109	49	64	23	11
41	5	72	62	109	72	55	23	19	106	14	13	69	22	61	90	24	3	34	18	73	66	25	23	30	40	23	75	32	23	100	54	85	95	33	87	11	44	40	6	11	22	3	37	64	15	95	25	53	90	42	87	0	61	86	21	96	24	44	42	111	100	36	99	38	97	97	12	81	55	10	79	64	98	16	34	82	105	96	69	28	46	65	22	50	70	30	86	66	81	57	45	82	16	52	61	90	16	78	13
102	72	94	61	84	41	32	31	3	68	82	25	71	46	41	43	47	83	73	27	17	65	58	24	59	29	10	35	42	103	28	71	64	32	18	31	68	9	69	10	112	82	25	85	49	60	18	13	106	59	17	98	9	0	21	33	77	14	82	25	54	37	49	97	32	107	77	50	94	106	43	20	92	46	33	71	110	102	76	52	26	15	49	62	20	11	29	109	43	21	88	112	84	18	7	91	77	76	27	42
95	4	97	59	65	39	112	17	46	35	9	73	35	93	4	45	73	4	3	13	32	50	17	86	45	22	99	23	73	86	88	112	57	71	10	101	24	51	9	14	58	106	31	67	88	71	83	16	73	1	32	97	105	85	0	34	67	52	39	76	14	49	57	28	18	17	71	99	60	54	108	111	11	56	48	14	61	6	41	30	70	12	99	5	7	88	8	67	36	65	31	92	3	99	86	34	23	57	3	94
61	48	76	91	51	96	104	18	101	64	20	87	91	74	93	13	107	109	21	30	12	27	11	61	32	12	102	27	97	87	10	102	38	28	53	36	54	35	48	66	40	23	99	18	34	65	71	100	61	94	66	86	8	70	53	0	64	36	41	32	106	95	102	104	28	29	17	105	105	2	61	73	72	61	104	13	22	44	44	55	65	101	12	66	32	6	14	82	40	15	51	104	25	66	95	12	36	13	33	108
47	51	58	51	19	18	68	6	95	74	26	31	111	44	32	99	59	23	65	27	22	57	65	5	28	74	40	58	60	38	93	3	50	38	23	33	82	105	41	104	19	44	31	49	75	65	54	32	55	28	60	32	92	25	99	96	0	9	93	41	69	98	109	20	13	71	79	77	99	43	30	96	100	65	56	69	85	98	62	103	93	37	4	62	108	96	90	24	49	110	40	26	22	84	2	73	28	42	111	62
50	102	19	29	83	81	63	104	64	10	6	22	92	19	29	12	90	5	11	1	109	22	41	1	18	74	18	41	106	83	6	57	98	84	10	28	73	89	58	24	34	67	89	56	77	88	108	2	89	51	26	98	36	108	110	54	30	0	74	71	110	21	51	102	29	17	92	110	93	68	1	94	93	25	105	66	18	86	110	36	31	41	9	72	7	59	93	101	68	97	3	62	33	33	56	19	19	24	7	28
18	1	63	97	29	107	4	88	95	10	58	24	2	17	63	45	95	22	7	77	48	3	12	55	42	65	101	23	26	73	26	97	27	94	92	28	52	9	62	102	14	83	47	61	62	89	88	45	101	33	41	7	112	62	96	64	9	68	0	4	57	26	13	1	104	66	47	52	49	107	75	80	77	92	68	7	29	80	58	81	39	79	96	70	102	94	23	87	56	78	91	51	111	15	12	22	107	45	81	106
40	42	15	6	53	52	85	109	72	72	47	111	11	4	85	58	54	76	27	78	107	99	102	44	88	98	9	54	108	68	68	96	77	81	34	86	79	60	52	12	112	66	64	10	107	95	18	66	9	106	51	41	15	109	56	102	66	53	111	0	17	71	63	96	79	26	35	73	98	8	92	75	80	72	53	25	26	102	24	57	77	106	92	108	92	59	72	16	5	34	76	31	78	3	19	77	16	15	61	70
112	64	85	30	101	4	31	102	55	49	108	86	62	89	71	25	25	16	24	43	4	4	104	6	74	10	79	88	39	97	27	16	98	47	96	89	54	84	7	65	86	66	100	16	26	105	69	62	69	62	10	1	97	106	17	106	59	78	77	65	0	73	27	7	62	79	66	80	14	57	5	55	112	85	88	99	50	95	6	40	38	108	19	2	88	15	55	85	99	106	76	105	3	39	81	32	28	106	29	86
14	68	100	76	9	98	65	16	56	53	41	101	106	15	105	24	19	93	70	2	107	73	55	41	52	102	58	44	29	70	55	18	47	34	34	29	101	97	40	10	79	106	97	102	28	98	86	68	32	83	38	106	112	87	52	33	4	73	16	13	40	0	36	100	97	31	24	68	12	87	65	72	58	105	14	112	76	56	46	16	81	78	85	48	76	17	43	93	30	76	46	39	67	8	15	111	107	1	99	17
105	95	91	32	91	60	26	1	39	22	66	74	49	7	81	89	56	80	5	69	31	89	59	10	73	62	97	96	97	71	91	16	34	34	96	74	3	82	1	91	56	5	38	50	65	9	18	106	58	14	99	99	39	26	28	8	100	55	15	66	44	31	0	80	112	74	99	13	74	61	110	17	12	112	28	71	109	71	99	31	15	110	90	23	81	14	5	82	82	17	78	15	48	22	91	89	40	14	37	5
92	72	78	33	20	53	56	103	24	63	32	3	45	2	36	19	89	67	46	60	79	61	29	2	27	82	104	108	6	30	88	77	23	69	20	20	109	91	53	52	37	82	77	57	85	66	42	62	45	56	10	2	88	84	47	54	31	101	66	16	84	100	63	0	97	82	12	62	78	33	103	31	84	93	91	79	51	61	59	33	58	26	74	14	5	53	96	111	25	24	110	46	40	101	87	108	65	55	21	69
107	14	73	74	67	97	85	52	73	28	107	43	59	41	58	17	63	9	15	39	89	108	1	4	30	31	105	40	19	95	15	96	65	52	111	94	91	43	86	110	103	81	100	78	54	96	94	91	41	80	46	43	72	13	45	106	44	39	90	9	3	33	48	101	0	95	2	82	98	77	83	106	60	13	100	104	28	16	40	58	57	58	3	49	95	31	85	100	23	28	74	20	105	80	108	101	26	90	101	97
91	100	21	97	62	100	65	22	43	88	69	83	77	90	70	57	48	110	90	9	8	111	49	99	111	59	103	88	17	112	76	106	82	49	5	56	104	21	85	85	25	48	5	60	68	12	44	98	20	107	106	52	87	25	67	52	78	59	82	58	13	89	54	75	88	0	43	100	33	88	102	31	51	25	39	20	11	12	109	57	69	28	76	100	64	86	77	62	100	96	7	10	59	49	14	59	106	61	109	88
19	70	35	7	39	43	51	91	112	64	76	84	3	9	92	83	38	4	62	103	79	41	78	63	12	22	106	22	26	38	67	90	50	111	20	42	106	8	51	100	61	17	75	75	71	110	73	24	22	15	62	98	71	83	104	66	38	8	32	24	6	37	15	100	62	68	0	45	74	104	36	19	96	37	93	83	49	56	49	39	10	2	15	81	57	58	46	104	4	63	69	35	59	68	38	67	107	14	84	7
37	94	97	24	31	34	90	71	107	95	47	17	5	78	42	24	41	97	9	99	15	24	15	23	86	110	43	81	60	25	54	22	51	87	58	87	13	16	54	92	95	70	26	73	108	11	44	51	100	86	81	86	57	111	109	70	111	39	17	43	105	20	43	20	112	56	44	0	22	11	69	102	7	84	101	41	45	23	12	25	110	48	3	34	85	97	31	55	7	23	47	88	3	60	12	86	99	7	66	99
15	17	4	96	2	60	7	13	2	35	2	80	17	78	88	68	31	58	58	11	57	98	83	33	93	105	29	23	13	23	83	75	39	85	55	102	81	16	96	3	24	25	109	64	93	94	70	54	45	108	87	65	15	40	91	75	89	10	65	92	15	52	105	108	18	102	52	62	0	48	9	47	52	20	103	63	96	72	92	90	28	52	15	23	51	93	2	72	2	31	65	13	111	9	80	65	88	39	19	10
23	61	84	28	3	54	28	46	83	6	110	71	38	68	47	50	37	102	40	110	75	87	23	38	29	8	78	77	106	93	19	109	56	56	19	101	97	104	23	6	3	109	94	7	30	59	63	71	90	81	24	40	95	66	98	81	48	39	65	25	22	94	10	42	90	59	54	69	27	0	12	57	65	15	38	2	105	72	7	89	1	72	54	63	56	8	1	47	104	107	3	5	109	44	74	91	80	27	60	26
40	92	82	88	17	96	88	87	77	52	54	37	22	75	31	69	91	8	89	109	25	73	3	77	30	55	53	67	44	110	5	51	74	92	49	93	23	55	105	77	56	14	72	46	20	23	19	78	26	95	103	56	52	59	107	69	94	103	76	44	108	31	106	94	36	58	23	40	45	9	0	7	90	104	69	49	49	59	87	22	16	80	90	44	94	8	76	107	84	101	68	82	42	42	65	27	95	40	66	70
73	100	111	70	68	65	22	71	64	56	31	109	70	77	41	33	78	67	84	72	46	39	78	17	71	72	65	112	48	10	3	11	28	94	77	51	48	5	36	51	7	106	43	112	22	107	26	98	29	14	101	36	17	112	107	2	80	103	6	55	46	57	51	11	43	95	18	48	83	17	30	0	105	104	102	13	87	22	99	63	82	87	30	27	29	52	53	79	31	47	31	20	52	76	16	26	83	62	64	102
108	49	34	20	19	4	87	38	57	8	60	74	26	36	36	100	48	101	23	112	11	78	39	21	55	75	44	61	53	17	23	58	79	93	80	68	63	83	51	80	55	58	97	111	55	103	14	105	65	15	48	97	60	82	82	5	4	41	47	9	100	72	8	70	68	19	111	100	46	14	94	7	0	13	51	87	59	86	22	96	17	103	15	45	92	65	101	60	79	44	72	22	92	1	105	52	85	67	13	76
45	18	103	81	13	41	24	63	82	74	109	109	15	76	86	91	81	49	39	100	92	81	87	72	15	73	57	20	41	97	91	48	69	30	69	16	24	79	59	5	83	48	10	78	66	78	80	48	105	100	66	23	83	22	70	15	29	67	61	37	34	100	61	1	86	4	106	38	100	68	73	69	86	0	75	108	17	67	44	93	72	68	7	75	27	102	12	89	65	43	112	53	22	103	54	45	90	7	62	68
28	75	16	94	111	91	3	11	59	101	59	85	98	56	107	4	94	13	73	19	36	69	105	58	47	67	41	48	22	36	99	73	11	44	20	70	22	54	95	110	62	40	11	110	76	49	71	70	41	86	86	52	79	31	17	38	105	89	70	70	77	19	67	3	63	82	16	83	34	111	24	20	68	87	0	40	38	88	33	103	22	22	24	36	103	47	46	99	36	105	82	100	75	33	32	7	9	82	106	22
96	23	100	101	27	37	58	81	45	19	33	109	52	19	51	89	19	81	9	37	83	94	82	6	36	5	24	95	23	107	88	80	32	6	78	8	62	36	107	30	107	63	6	52	41	80	52	82	108	105	34	88	34	46	72	60	88	12	76	3	26	80	2	14	28	83	88	24	14	37	53	74	13	24	75	0	97	3	49	13	80	47	63	65	29	100	73	20	110	27	41	62	109	58	30	94	37	79	93	38
16	7	86	80	103	103	106	9	54	77	109	98	93	104	105	2	43	108	7	21	104	90	1	16	80	47	33	89	97	4	52	55	8	91	63	25	67	6	74	88	94	13	70	42	7	24	64	56	45	84	50	63	65	45	73	104	104	33	100	4	93	77	95	20	61	86	3	93	31	85	6	7	51	47	62	52	0	97	9	56	1	35	47	84	96	49	23	29	57	45	41	37	10	26	86	20	7	6	78	47
30	60	109	101	68	51	88	39	20	31	23	52	21	92	17	24	107	67	97	15	84	50	34	74	42	80	106	42	54	22	14	111	30	13	51	99	89	6	24	101	68	101	92	30	89	79	99	61	56	14	70	48	8	44	111	53	41	110	109	21	90	40	107	51	8	82	85	32	67	43	16	19	103	57	3	88	22	0	43	80	52	21	4	62	22	50	48	3	42	90	43	13	80	3	53	17	77	98	16	46
92	75	44	7	55	106	79	28	59	57	106	30	100	107	7	49	19	111	50	106	92	43	52	101	4	2	2	55	29	19	67	23	52	40	37	88	53	3	29	86	86	28	29	80	26	2	104	112	23	45	56	90	45	60	15	112	58	75	23	74	8	29	99	39	91	24	18	94	61	1	88	75	48	41	19	41	72	57	0	107	82	91	14	74	43	32	32	106	12	38	17	89	103	99	74	40	99	61	64	10
87	52	69	78	20	101	17	112	89	15	45	69	101	15	21	37	45	21	34	53	100	72	94	18	96	80	3	56	67	42	92	65	98	11	11	31	74	97	103	98	107	74	59	15	29	11	21	47	28	104	24	94	54	88	69	20	17	39	111	35	110	28	18	34	97	30	54	23	84	99	82	61	94	1	20	14	23	65	11	0	66	43	4	109	67	58	54	57	10	13	111	79	7	77	63	55	42	6	35	49
87	66	68	68	8	64	58	25	93	73	58	76	28	29	94	6	32	89	90	84	10	83	12	29	82	19	44	19	65	33	88	50	89	70	85	29	76	72	108	49	50	94	90	20	110	62	16	100	47	87	52	37	60	57	109	87	19	16	67	21	41	81	109	77	33	75	60	53	110	81	6	5	10	110	39	26	97	62	95	96	0	10	74	65	88	104	84	80	84	62	53	92	64	61	82	67	4	28	110	5
54	108	109	60	76	9	76	80	45	97	107	63	38	30	23	70	54	83	53	13	2	105	28	46	36	39	103	87	21	108	28	107	74	46	62	22	95	84	108	108	18	6	23	69	34	74	51	40	63	74	108	63	77	13	16	110	25	82	107	41	64	21	21	6	24	31	48	112	102	65	8	86	91	23	49	22	23	20	63	78	52	0	94	105	33	19	100	5	68	96	85	16	112	46	28	50	43	27	86	13
74	41	13	102	42	66	27	8	7	10	25	54	27	44	71	21	105	27	30	45	61	28	110	58	73	106	25	66	92	53	41	61	96	52	42	54	19	28	57	51	8	111	17	36	97	62	43	68	20	102	26	90	12	51	52	90	64	27	77	58	103	50	82	46	23	18	44	26	88	38	105	79	10	13	101	63	20	97	10	81	66	57	0	23	39	91	21	7	84	112	86	72	14	106	39	33	52	7	42	96
111	91	30	65	99	88	62	55	62	42	29	11	40	64	69	62	86	72	94	31	45	47	104	36	1	27	102	80	3	26	20	76	41	40	68	22	71	84	43	75	57	11	30	90	111	58	95	75	92	55	71	70	15	5	92	66	6	20	60	72	57	52	33	7	92	86	74	15	38	84	110	18	108	110	15	1	55	20	111	48	83	6	48	0	34	82	38	43	69	64	11	67	93	55	86	62	72	32	104	11
48	105	96	100	8	85	70	99	70	65	56	17	98	76	48	62	62	40	93	26	2	25	39	8	15	98	2	57	23	52	59	10	7	64	77	5	65	38	44	92	43	8	46	22	39	12	59	45	92	101	66	45	95	36	88	36	29	26	21	111	72	65	74	72	71	22	31	71	17	67	106	4	83	91	4	74	59	34	66	93	47	6	112	79	0	66	46	53	48	112	13	86	70	39	34	109	39	1	72	32
55	9	99	24	75	14	92	14	78	37	109	89	11	35	44	65	47	7	100	73	43	17	12	4	16	66	11	10	5	13	66	45	91	90	28	30	73	37	10	66	88	20	3	32	43	104	13	64	67	20	40	43	74	5	26	40	66	53	40	78	10	60	35	18	106	101	110	59	34	85	31	14	7	10	105	111	65	101	108	63	14	26	97	10	96	0	34	21	58	33	16	101	94	72	15	43	85	111	102	25
103	78	4	100	1	91	5	111	83	61	16	16	50	81	89	60	11	27	46	59	83	112	33	74	68	83	59	77	9	19	87	9	53	26	109	18	74	87	95	47	50	92	81	7	32	69	111	37	29	105	76	60	25	42	75	21	54	30	47	41	80	74	101	63	9	97	27	41	85	77	44	53	6	34	51	108	51	83	31	110	81	104	60	65	97	100	0	91	105	13	12	92	96	5	73	32	39	56	46	47
96	59	63	36	22	12	92	55	51	68	56	72	50	79	32	6	94	14	60	76	101	1	20	107	89	41	5	26	45	98	112	50	67	84	98	85	47	23	60	9	5	84	1	18	76	97	101	87	43	62	72	26	33	109	108	11	96	28	85	64	32	92	52	16	48	58	105	13	31	17	35	76	82	19	84	57	85	70	27	38	22	36	4	27	17	104	68	0	101	102	53	11	71	1	53	47	34	97	77	69
29	96	72	38	111	38	77	63	24	51	28	8	48	111	93	87	49	79	51	35	64	84	41	22	106	13	39	51	106	85	25	17	7	74	21	98	35	40	52	66	38	58	112	62	89	34	57	44	107	105	104	47	88	94	1	12	74	27	53	27	5	90	71	107	44	6	23	96	97	62	97	60	68	90	73	16	7	46	110	104	10	54	3	76	97	92	40	7	0	107	53	92	82	38	52	8	3	36	66	31
5	107	27	67	112	48	48	26	34	43	99	100	36	27	49	83	50	93	85	21	79	86	56	48	30	13	57	78	109	103	19	58	25	53	93	49	74	20	79	16	7	2	96	79	55	89	69	67	92	27	54	1	16	1	27	107	106	55	22	100	99	7	69	93	37	22	23	38	59	28	109	80	31	42	22	75	4	100	49	88	78	109	54	58	14	74	49	54	17	0	33	8	66	27	106	41	58	38	32	81
45	14	41	89	14	99	12	12	58	70	101	13	37	93	71	65	39	106	17	70	6	66	91	90	53	10	33	39	66	57	57	83	78	50	18	56	12	80	14	7	46	101	50	91	45	81	1	56	60	106	50	70	111	74	67	38	30	95	112	16	50	80	23	82	6	71	26	10	14	79	69	46	12	9	107	2	92	99	2	44	108	46	106	17	82	73	92	62	94	81	0	48	19	96	9	34	37	27	28	91
68	95	55	27	66	67	58	59	51	94	9	58	57	76	50	66	39	6	50	8	72	74	107	36	39	42	20	80	82	102	2	80	49	38	11	35	16	6	66	86	22	44	70	83	74	87	87	32	82	22	52	65	20	40	43	60	16	33	79	32	35	67	80	1	105	25	7	47	55	83	8	16	55	88	92	107	60	75	24	4	20	108	74	87	20	29	106	30	7	105	86	0	108	66	96	54	2	9	110	31
91	27	2	59	82	107	38	2	63	69	40	30	39	104	110	92	10	61	57	24	8	45	21	52	51	15	20	72	86	107	57	23	97	52	28	77	15	16	112	6	62	56	47	27	37	106	82	83	66	99	99	86	75	39	87	70	3	36	102	56	82	18	17	33	50	53	96	80	21	44	33	77	65	42	25	48	59	71	1	1	83	20	3	72	72	44	101	69	20	81	49	78	0	87	11	13	93	92	47	48
89	77	87	53	82	76	60	59	31	29	62	12	50	53	20	89	59	100	5	94	50	51	94	104	60	110	45	11	48	23	10	46	96	11	44	102	50	36	69	28	70	28	24	28	94	43	86	19	53	49	37	18	11	82	54	58	28	28	17	54	59	22	98	41	3	79	18	103	56	87	4	73	93	18	50	103	22	107	104	54	40	106	98	91	23	50	96	110	29	13	42	41	64	0	44	80	68	102	60	28
20	41	86	100	35	109	25	21	31	71	68	80	107	66	50	85	15	49	34	16	108	55	87	109	28	27	82	75	54	87	24	48	28	80	51	87	2	28	51	28	8	23	32	30	81	60	65	99	37	81	34	100	101	40	106	33	67	18	44	75	16	70	110	72	20	97	60	69	47	95	55	14	88	22	106	51	18	63	91	48	21	15	87	95	49	42	111	81	28	62	85	38	66	49	0	109	31	94	92	84
35	40	96	100	94	25	54	45	19	89	65	38	27	98	34	6	94	14	85	99	47	49	87	14	27	37	34	65	57	31	17	105	90	34	73	88	27	32	53	106	66	28	40	33	67	27	63	54	74	33	85	60	65	3	29	73	45	72	72	48	102	20	46	46	20	112	26	29	63	32	80	13	84	66	3	10	58	75	40	75	48	62	39	103	77	84	51	2	107	35	58	103	102	80	50	0	65	79	5	58
65	106	59	101	47	112	81	47	98	66	13	61	58	42	5	62	69	55	11	93	41	97	74	72	6	86	29	76	89	44	73	90	16	50	84	77	88	108	9	66	107	91	29	107	73	66	29	73	112	101	78	68	23	48	25	80	80	104	65	38	35	10	104	38	106	105	55	49	90	46	103	81	71	20	36	25	90	26	27	77	73	28	77	107	86	7	28	52	58	97	42	98	104	76	9	22	0	80	61	11
38	8	36	27	4	23	67	66	89	91	31	18	32	85	40	85	106	9	47	90	80	36	79	40	26	19	84	14	50	106	8	101	22	6	111	25	10	37	74	34	63	67	108	102	27	7	90	69	99	75	64	85	91	6	65	32	30	36	23	18	103	51	103	47	65	55	105	75	25	14	81	70	1	84	13	56	91	98	91	59	111	74	85	11	101	15	47	30	73	6	62	78	66	32	24	58	47	0	58	56
14	8	27	8	12	89	30	41	9	65	53	108	21	112	46	26	96	68	34	89	53	96	47	89	75	36	3	89	107	81	75	23	45	40	70	8	91	3	22	88	55	78	64	48	8	13	109	26	102	64	104	107	45	15	11	37	22	50	18	66	111	33	65	95	13	24	20	65	25	99	76	51	41	106	69	69	70	41	19	112	112	91	59	85	103	74	14	13	28	39	103	53	59	79	78	31	80	35	0	30
69	59	83	68	49	44	2	15	102	41	59	41	1	52	8	24	33	94	99	72	94	110	26	65	77	16	22	80	57	69	40	21	102	19	75	42	5	103	92	66	16	52	44	90	54	59	56	15	20	72	9	11	51	79	92	31	15	18	93	37	21	34	33	108	46	58	61	27	87	25	105	40	111	87	25	78	97	29	21	12	71	2	86	9	55	41	112	100	67	1	31	2	40	109	63	32	45	2	80	0
