A	B	C	D	E	F	G	H	I	J	K	L	M	N	O	P	Q	R	S	T	U	V	W	X	Y	Z	AA	AB	AC	AD	AE	AF	AG	AH	AI	AJ	AK	AL	AM	AN	AO	AP	AQ	AR	AS	AT	AU	AV	AW	AX	AY	AZ	BA	BB	BC	BD	BE	BF	BG	BH	BI	BJ	BK	BL	BM	BN	BO	BP	BQ	BR	BS	BT	BU	BV	BW	BX	BY	BZ	CA	CB	CC	CD	CE	CF	CG	CH	CI	CJ	CK	CL	CM	CN	CO	CP	CQ	CR	CS	CT	CU	CV
0	346	570	325	493	274	382	591	153	297	544	353	458	65	191	56	65	289	421	411	401	517	37	43	398	55	520	250	40	111	166	432	426	36	463	374	205	161	491	592	368	358	469	380	84	259	214	46	144	518	97	368	207	581	82	336	249	207	534	393	104	475	269	352	562	33	260	105	481	566	394	67	204	260	335	34	462	468	222	62	596	75	83	444	212	530	156	499	52	120	290	351	327	178	80	22	407	171	363	496
386	0	521	401	469	343	435	209	580	283	595	212	413	388	409	208	370	505	343	76	264	577	342	76	231	97	240	290	36	150	538	572	234	27	341	512	297	299	577	393	475	568	503	277	78	305	370	327	56	36	94	297	559	80	505	337	230	521	462	359	426	178	405	273	443	543	442	7	266	458	24	554	566	200	273	391	96	355	101	519	417	571	526	17	74	505	255	95	264	85	572	246	70	507	85	464	293	216	33	113
376	79	0	439	209	504	436	213	85	545	203	239	574	604	451	134	266	478	114	398	410	196	482	84	506	549	284	424	251	124	389	158	336	255	68	24	361	164	473	44	105	51	30	322	247	184	53	424	408	81	335	31	549	541	352	47	498	431	551	249	282	352	123	368	490	447	229	116	316	606	168	228	31	155	232	34	153	24	68	518	345	491	607	575	488	409	532	79	89	267	305	236	406	61	508	473	165	580	260	90
110	205	415	0	372	332	465	399	82	148	392	291	353	66	331	248	245	604	225	44	438	337	429	31	389	445	227	209	199	107	83	64	315	453	377	201	23	189	412	57	25	161	430	249	402	65	261	347	359	379	149	84	116	187	302	156	280	357	457	279	49	377	343	378	201	492	408	601	153	336	518	178	5	284	440	282	572	245	193	21	416	36	197	106	342	174	366	337	581	123	36	376	37	471	114	127	470	48	290	378
34	278	390	280	0	229	57	383	80	337	48	302	287	441	118	77	61	93	580	450	367	119	542	563	124	464	225	257	484	535	477	423	596	390	34	71	177	302	583	202	211	467	20	515	242	492	457	593	556	121	291	8	540	146	7	135	273	109	558	351	345	326	219	315	62	415	115	167	475	388	193	193	75	44	36	156	313	204	497	22	109	415	128	331	388	333	426	478	231	251	250	549	461	86	307	12	389	590	400	87
464	219	345	232	445	0	520	592	331	525	190	310	10	168	22	306	20	300	472	365	21	340	2	221	338	227	440	110	3	360	212	486	447	75	493	593	520	271	530	270	460	529	580	170	382	122	357	315	556	272	92	220	157	304	200	173	536	347	205	85	170	149	41	234	444	487	319	80	139	262	21	30	273	358	481	397	253	503	67	415	165	563	153	472	129	571	552	148	263	532	387	513	426	533	4	203	554	59	1	594
494	309	598	178	209	379	0	176	407	191	509	179	362	83	332	104	343	283	134	475	22	120	140	72	190	486	503	582	3	475	369	177	585	557	598	22	14	464	472	109	92	573	72	533	197	325	15	364	390	455	282	604	363	452	432	593	123	577	134	167	337	388	269	355	460	194	592	440	586	483	100	276	194	479	152	450	107	118	283	573	259	183	275	552	69	116	71	548	320	202	399	37	108	115	288	76	310	212	345	250
284	92	547	361	73	59	138	0	208	586	428	449	141	327	497	226	531	57	34	190	126	401	555	407	150	309	376	517	8	195	480	38	16	600	598	423	538	154	569	269	324	225	74	537	498	375	71	560	346	586	558	96	466	257	450	473	40	255	65	330	429	478	165	273	587	419	147	516	18	380	567	593	175	238	64	381	566	187	490	69	87	214	383	164	457	314	478	390	519	208	4	470	127	439	495	558	262	237	234	14
426	194	581	424	456	582	85	377	0	367	518	542	53	393	63	15	514	118	570	134	480	73	337	297	452	547	331	468	375	500	401	25	452	528	432	559	92	90	557	499	476	506	135	603	243	318	585	59	315	254	101	307	272	589	103	454	433	512	140	239	463	275	458	337	377	562	98	80	30	69	288	303	360	548	179	329	585	165	540	132	307	262	458	213	378	116	180	334	33	194	408	228	265	409	270	1	335	337	460	480
500	480	457	175	147	570	306	138	153	0	81	368	132	458	210	295	278	203	411	131	362	219	235	372	209	187	149	447	552	19	201	474	540	580	75	158	53	541	211	116	134	434	343	145	474	276	570	454	24	32	566	117	387	295	22	80	84	514	508	286	343	218	412	578	270	137	165	102	427	133	494	560	455	251	430	285	233	45	392	603	206	385	259	51	477	530	290	290	29	491	32	587	277	269	343	501	413	332	199	87
477	241	78	564	564	42	81	379	404	287	0	29	75	31	92	324	465	345	254	520	281	135	14	599	478	109	459	413	265	495	505	215	260	443	481	60	397	516	183	494	78	197	190	105	457	80	427	117	427	308	255	327	525	180	129	210	503	464	320	506	195	126	592	522	143	592	234	296	179	89	419	402	456	88	157	238	484	575	73	562	164	431	321	413	290	535	368	468	160	246	582	481	41	225	578	296	161	496	170	598
214	204	482	282	413	526	277	252	405	69	23	0	144	488	231	122	252	238	393	4	196	118	353	183	341	572	94	234	159	222	171	110	363	174	360	28	215	584	73	175	477	333	328	292	388	131	510	190	339	514	271	202	84	597	334	74	427	484	376	455	197	75	207	349	506	260	45	542	51	416	273	179	549	550	295	399	490	602	42	420	413	562	102	530	481	79	507	420	195	544	145	399	383	454	359	303	153	568	395	333
39	131	324	351	81	12	528	297	175	481	357	228	0	62	465	584	392	122	420	382	396	365	306	550	384	464	328	283	145	81	599	517	433	89	550	153	575	165	149	232	267	259	43	418	164	488	80	417	570	185	113	211	236	232	597	288	379	311	18	400	178	423	131	199	190	406	99	71	2	605	259	551	522	368	293	539	402	112	371	338	218	94	288	530	107	462	482	226	452	103	444	277	519	11	356	240	600	36	229	321
606	167	375	581	310	521	226	465	64	517	546	208	457	0	446	121	508	321	173	469	224	366	309	576	137	234	541	306	527	49	397	119	516	453	108	604	131	213	214	392	541	302	214	319	515	13	448	203	253	422	159	344	64	178	24	402	358	192	27	370	244	586	86	52	248	165	504	532	287	537	116	90	18	301	514	165	1	369	539	421	394	61	438	500	255	53	443	363	273	377	600	332	248	70	302	427	87	524	264	372
38	586	594	299	131	251	46	506	405	306	340	440	514	336	0	487	339	311	148	318	253	393	451	175	257	592	140	78	598	385	169	269	188	542	443	262	431	482	215	283	588	142	577	423	244	15	302	432	604	183	446	150	157	272	24	533	10	582	280	485	135	223	593	603	260	99	159	456	460	353	357	174	65	66	373	568	427	66	534	184	485	222	390	399	538	566	240	193	57	322	399	28	556	411	308	598	563	545	555	557
308	50	252	224	467	339	495	408	155	223	166	532	176	57	209	0	542	314	545	311	296	75	578	142	284	464	230	186	277	177	45	14	86	118	234	77	188	141	351	366	256	144	548	34	456	159	387	509	423	539	143	193	99	573	75	333	211	13	435	457	372	536	360	352	425	331	463	11	384	175	527	50	10	32	424	407	230	453	597	358	304	132	468	25	146	69	99	69	558	467	216	378	140	64	147	130	92	537	221	577
246	207	291	270	568	302	201	156	303	207	384	93	122	227	361	574	0	216	85	400	529	32	601	422	524	318	445	318	258	196	545	600	45	73	461	238	365	359	18	502	71	103	438	521	232	492	316	373	183	257	27	298	548	451	140	477	409	364	557	30	156	472	466	32	64	503	530	291	57	307	453	412	82	20	484	543	462	407	14	112	51	277	206	376	416	127	252	5	518	147	153	21	461	255	403	548	47	155	51	13
513	231	245	191	33	165	267	227	42	173	101	120	371	89	444	336	457	0	506	400	266	507	208	377	222	267	528	172	598	516	26	20	41	524	252	118	534	165	373	105	222	523	386	414	101	325	514	569	29	570	143	273	507	497	122	5	263	196	85	573	168	1	232	293	260	607	132	42	365	366	189	230	237	115	108	328	22	366	26	322	343	402	594	204	338	412	154	498	465	6	7	274	208	65	225	605	205	189	379	512
416	98	593	423	316	285	178	414	344	35	386	121	398	297	134	377	411	337	0	312	255	552	507	412	503	370	406	500	196	337	410	511	527	334	451	198	378	308	546	564	71	444	496	536	227	391	560	11	257	300	368	45	33	26	408	320	464	117	302	556	343	543	122	498	310	109	344	456	53	134	238	316	63	307	194	279	428	480	26	581	224	583	474	5	413	427	496	297	535	295	80	325	446	181	363	315	72	48	335	532
391	497	492	363	330	112	66	512	170	548	163	309	281	24	283	547	172	345	332	0	42	397	244	451	105	405	50	191	355	329	125	204	538	310	354	473	138	545	212	193	258	126	536	568	385	383	136	144	406	473	384	502	316	73	364	559	537	82	438	521	528	79	517	581	467	432	257	524	121	423	17	302	452	282	485	54	421	336	469	205	363	598	129	377	335	236	239	501	60	331	262	339	203	230	294	127	203	5	41	469
517	74	560	550	594	419	158	88	471	227	280	400	422	333	412	472	162	227	154	3	0	525	204	522	38	53	328	68	564	416	306	385	160	573	383	275	571	605	193	513	231	27	534	296	167	476	246	185	166	511	49	294	42	468	380	501	293	308	351	585	96	253	234	450	120	35	155	191	413	206	18	452	495	558	224	233	261	328	193	455	490	95	144	147	132	107	17	325	189	427	553	320	245	309	173	195	212	400	369	252
330	563	53	533	158	550	464	520	228	461	319	339	86	350	384	124	594	599	249	461	192	0	270	369	5	533	258	431	136	62	20	82	32	431	148	145	594	357	123	303	55	184	516	344	69	302	94	469	221	70	544	214	437	415	579	122	196	346	510	476	559	359	591	339	128	586	2	16	497	354	308	292	506	386	503	246	376	382	248	124	42	247	172	596	390	515	405	477	373	556	370	251	127	552	465	379	549	362	51	400
551	56	468	83	470	175	206	23	85	46	171	509	194	564	90	408	436	22	8	335	192	479	0	584	410	188	53	129	25	175	328	526	410	526	45	591	178	208	244	281	30	396	515	134	176	129	517	144	40	46	226	433	491	596	556	252	46	217	43	308	43	313	394	136	223	160	551	405	482	149	171	137	170	437	321	490	238	4	130	44	376	106	126	102	115	278	268	218	432	480	110	600	238	73	558	296	206	50	13	145
102	439	384	309	582	435	481	498	161	561	81	359	170	254	116	442	197	281	508	543	311	582	254	0	15	528	481	55	528	248	374	277	257	210	296	596	82	288	434	93	90	173	431	438	413	57	224	153	309	299	376	322	502	187	580	574	271	95	588	38	497	544	593	605	213	139	405	188	292	593	252	459	19	31	95	544	342	450	332	25	351	135	16	93	585	246	297	80	372	236	329	43	247	66	344	78	446	360	573	117
295	7	214	408	539	68	195	230	309	456	404	460	299	590	183	100	207	435	74	547	599	338	231	308	0	183	219	492	92	499	396	254	365	539	293	521	198	188	391	378	325	531	474	27	39	107	187	390	520	178	174	460	580	56	510	369	271	514	435	389	536	365	55	451	76	34	9	488	595	386	90	173	137	314	594	395	285	468	524	526	388	376	137	352	459	54	14	547	579	410	530	150	487	58	472	298	148	603	492	116
150	326	502	539	182	146	158	6	23	607	290	164	313	207	476	144	586	477	388	300	406	228	486	318	67	0	281	576	452	271	445	481	568	285	246	25	347	353	165	154	389	342	329	511	106	26	527	591	369	311	426	100	405	383	115	90	557	204	185	555	442	37	42	218	601	9	37	505	507	407	256	289	123	310	523	464	322	435	134	271	420	281	203	186	338	142	326	137	53	583	275	605	299	408	218	223	38	95	464	602
282	320	153	207	14	562	328	288	579	237	501	477	38	323	282	477	19	312	377	97	533	447	363	347	33	463	0	383	396	402	595	393	398	183	188	532	54	545	83	398	274	411	223	179	581	84	114	385	441	377	426	351	421	566	268	253	78	205	179	211	206	226	191	20	101	491	482	58	36	154	590	558	73	500	308	89	503	527	594	50	117	576	5	137	587	190	128	375	297	350	230	95	12	470	32	431	147	38	381	224
76	411	407	543	319	541	140	177	569	58	551	299	71	104	498	284	597	536	263	366	470	345	448	257	97	62	144	0	576	49	546	516	497	130	3	359	177	181	519	330	534	351	340	494	212	435	157	511	36	150	554	90	213	561	492	255	194	221	506	497	447	548	9	495	262	128	418	581	177	54	102	508	393	206	476	212	591	546	244	473	585	222	69	54	503	284	423	501	515	374	582	336	555	587	326	241	462	386	333	249
80	344	120	602	35	310	435	428	401	479	407	382	525	450	591	457	391	104	404	252	173	292	215	360	299	280	558	68	0	479	140	394	137	341	34	216	309	592	386	15	460	27	575	177	301	461	540	434	359	536	17	439	423	342	476	486	152	169	511	599	429	365	195	439	587	185	505	445	139	7	369	233	245	280	487	142	528	513	481	540	101	464	291	120	274	99	439	27	516	403	310	405	423	512	303	185	586	6	121	488
6	19	106	442	471	526	197	9	34	101	520	561	5	487	380	484	220	187	575	445	418	402	594	288	283	284	222	234	352	0	47	321	19	332	403	127	324	409	271	485	68	174	514	446	363	201	606	7	422	364	325	212	462	94	252	529	152	175	331	476	536	299	169	76	296	90	576	99	513	225	469	441	270	200	202	432	277	312	597	211	478	20	304	582	211	360	607	315	592	425	79	164	291	173	414	508	419	465	469	171
361	332	470	528	483	449	278	494	323	374	415	14	175	441	308	10	174	86	605	161	358	245	323	122	49	551	210	113	21	214	0	495	462	448	493	584	254	164	141	154	498	375	291	420	477	59	242	189	430	297	366	352	56	186	73	420	345	254	256	517	346	123	100	353	266	465	218	75	161	299	234	208	110	194	344	45	182	57	103	22	425	260	182	258	322	262	582	365	438	87	421	474	513	217	252	15	38	175	539	62
546	316	305	426	48	442	117	47	268	494	192	311	248	417	167	502	503	124	332	439	567	512	410	287	295	451	60	411	403	542	245	0	514	392	13	597	25	530	586	583	520	46	200	578	96	358	340	332	115	359	92	531	303	419	408	353	51	21	87	493	16	404	68	67	190	378	508	114	282	98	424	323	149	315	204	513	554	374	389	494	317	56	344	385	207	273	279	283	216	91	286	25	308	446	94	524	557	259	463	553
213	180	423	288	450	551	606	470	198	94	408	391	5	319	2	510	331	504	6	122	123	163	530	490	484	337	129	148	353	20	450	516	0	294	459	512	41	37	481	308	65	555	63	474	514	40	581	322	510	461	407	418	422	511	81	78	510	22	400	148	93	133	436	449	353	571	334	354	257	200	449	419	452	294	513	258	37	303	426	212	248	232	524	227	209	248	298	492	464	417	40	598	100	415	423	189	564	456	178	266
85	213	493	606	288	458	178	331	8	204	484	567	205	502	510	204	311	342	279	595	301	597	376	432	459	566	344	80	110	55	172	130	232	0	429	140	543	317	534	223	17	46	177	157	208	106	383	438	306	572	391	455	260	216	346	330	281	492	576	477	307	285	146	588	130	378	264	217	294	66	440	540	267	316	142	571	102	294	302	159	347	164	305	498	17	590	584	185	293	560	165	418	119	137	541	305	584	198	226	350
187	581	241	108	532	218	348	468	562	246	72	163	38	372	488	394	535	437	431	42	520	43	304	247	157	134	324	279	95	245	388	46	355	22	0	21	151	269	463	569	581	471	579	566	187	243	378	454	347	596	168	317	542	382	542	558	373	292	100	533	120	263	506	338	20	334	353	564	362	535	245	166	363	14	589	143	4	533	487	308	238	68	434	330	335	240	319	83	47	482	494	438	440	333	582	505	402	424	583	369
419	576	72	510	215	401	422	152	361	204	508	226	262	263	187	306	281	438	262	476	349	72	505	220	442	332	21	543	521	549	56	395	449	153	606	0	158	314	591	17	480	406	287	546	590	145	538	23	215	368	454	404	332	99	181	32	207	248	91	390	593	364	540	134	183	274	447	167	203	420	13	553	92	183	388	102	168	256	317	439	197	457	343	381	523	207	74	134	240	286	392	146	247	440	175	177	155	583	304	127
495	369	516	387	439	41	362	248	542	14	520	248	168	207	466	296	212	357	518	36	1	267	379	579	483	226	446	313	505	93	370	533	26	97	487	336	0	324	580	207	227	425	12	353	360	236	501	460	488	280	525	225	227	166	407	442	288	159	267	380	440	533	360	140	531	305	606	475	499	129	329	38	383	295	538	426	247	405	363	516	110	12	257	338	349	490	212	456	524	209	6	454	141	50	287	445	282	201	451	214
514	109	205	548	360	120	547	325	577	178	432	518	2	202	483	524	397	506	218	134	198	296	485	69	307	88	344	546	456	424	580	439	306	498	343	84	176	0	287	349	593	293	435	370	564	2	435	511	365	515	426	511	74	435	366	564	127	511	606	479	184	441	113	590	500	73	473	57	181	109	510	523	423	541	316	49	208	277	329	358	491	293	517	98	163	354	73	544	241	100	147	142	129	311	592	302	145	441	338	398
332	350	128	218	442	224	59	219	281	255	310	444	32	473	37	35	303	301	551	339	411	216	191	315	463	148	603	141	427	482	500	407	283	276	95	89	280	583	0	503	330	100	455	156	466	140	116	216	266	174	373	367	281	276	514	583	349	182	443	473	141	527	554	182	3	456	107	48	252	484	173	260	18	302	182	418	2	604	346	389	457	16	144	259	40	351	378	531	349	435	327	449	213	260	449	559	402	217	550	153
202	204	470	342	420	457	570	278	166	393	398	251	72	246	553	466	373	87	525	430	127	31	339	132	205	522	491	37	104	401	318	357	574	96	339	400	274	279	315	0	480	196	361	439	432	381	445	374	511	26	573	33	166	81	337	408	406	542	321	214	248	259	269	488	344	179	427	539	598	362	488	523	130	14	229	104	108	94	504	314	586	97	501	527	46	15	258	604	302	229	219	488	443	386	158	102	115	159	125	137
207	160	263	506	605	364	462	301	488	448	602	525	496	350	96	303	34	548	372	402	561	480	172	590	135	171	336	379	420	27	184	415	144	243	368	127	402	569	349	437	0	239	238	565	362	225	244	216	108	375	341	271	209	285	50	289	14	533	330	38	274	18	412	435	123	60	151	532	149	553	78	233	545	535	595	535	39	452	457	172	94	324	15	550	498	176	515	324	27	432	488	255	393	297	520	556	459	364	84	182
337	131	451	578	70	571	539	420	28	159	323	494	381	446	590	441	464	415	312	45	571	580	23	397	562	76	474	33	173	181	43	219	173	190	543	64	167	169	28	39	497	0	587	263	550	399	78	33	505	552	194	141	363	77	154	513	506	571	552	93	117	401	292	125	219	153	43	213	326	441	19	11	458	576	209	197	355	525	127	305	167	446	290	550	491	551	316	102	149	409	322	305	604	154	515	312	350	139	554	318
407	538	461	323	68	378	43	373	125	495	56	558	493	447	453	179	422	119	566	461	279	110	347	482	367	304	290	308	36	297	155	174	438	401	457	23	295	123	588	170	406	281	0	7	494	385	326	217	174	405	192	448	57	229	434	257	197	500	305	536	579	489	167	63	33	573	130	74	236	94	357	605	11	189	563	311	245	29	527	589	89	536	311	190	311	543	332	421	54	266	269	248	148	173	442	259	551	138	547	174
18	328	102	196	447	388	228	567	51	537	61	286	359	346	3	466	380	473	165	332	230	509	101	392	115	508	71	139	26	249	548	26	247	11	194	439	253	439	131	359	544	501	406	0	75	86	213	6	98	228	302	59	589	145	602	272	56	106	571	594	343	61	337	522	583	415	78	475	130	504	542	262	519	284	463	415	230	427	598	20	189	501	322	118	11	256	83	508	291	476	99	90	472	413	16	448	403	109	464	5
298	562	543	543	256	169	150	550	394	336	30	15	308	69	515	108	187	125	584	317	325	248	397	366	142	197	216	210	600	483	450	603	392	548	503	447	97	544	397	269	240	389	117	340	0	414	318	543	390	68	262	269	529	367	98	485	576	15	607	409	435	370	13	551	522	353	51	11	27	359	281	453	45	102	65	158	213	530	492	296	87	415	472	266	123	451	320	128	316	463	597	29	154	180	100	342	86	32	448	297
412	374	379	355	410	358	535	137	226	220	88	121	369	250	315	576	577	519	555	339	163	355	143	96	93	242	385	240	35	88	119	113	395	348	208	178	480	229	374	57	240	389	117	522	26	0	389	290	330	217	418	316	355	566	409	452	599	389	99	5	345	95	395	318	553	56	534	439	507	29	567	193	244	345	250	25	508	192	476	285	249	115	25	65	162	188	120	470	521	61	440	569	44	128	127	438	133	186	74	524
412	61	104	182	581	326	557	514	437	128	496	472	562	499	7	422	293	130	478	313	455	8	141	117	513	11	240	121	511	574	579	588	229	555	42	504	364	312	260	78	332	591	470	361	585	96	0	139	390	359	232	447	76	355	263	295	239	197	295	360	388	349	191	259	40	368	462	425	84	481	384	129	130	100	449	458	268	402	476	327	525	589	456	597	465	578	90	363	348	189	291	85	478	397	512	555	161	163	424	14
425	112	52	278	80	111	92	386	375	387	47	528	47	457	435	341	265	124	202	451	568	94	436	505	347	356	421	304	468	478	338	76	137	263	251	394	546	330	303	205	96	35	84	403	216	54	444	0	245	388	158	11	297	149	137	284	291	204	76	203	456	555	491	200	552	509	145	76	376	355	546	555	495	230	201	578	119	115	161	29	355	235	166	351	223	411	431	549	437	96	266	496	45	236	277	248	169	266	87	577
208	491	133	104	319	160	284	483	135	239	572	542	128	411	79	93	286	177	286	542	527	473	437	7	30	234	387	572	67	582	7	311	205	21	429	473	431	356	291	135	170	22	587	431	604	64	517	214	0	586	109	120	184	49	2	128	349	30	141	147	163	189	37	582	449	286	25	565	141	489	557	573	33	145	89	50	61	561	151	335	373	300	81	59	303	497	171	526	520	21	366	175	605	7	45	488	572	77	278	8
367	275	161	210	380	157	421	496	136	532	148	60	225	206	589	79	433	559	509	111	315	433	558	510	523	277	469	78	599	54	370	402	206	314	548	574	201	124	196	81	155	393	147	261	109	53	548	61	556	0	556	64	92	229	182	154	446	104	257	378	506	40	428	135	73	555	5	240	555	365	518	277	135	64	472	392	347	151	245	416	283	291	155	33	207	495	273	89	179	550	55	34	447	373	528	210	214	257	45	400
448	198	290	115	492	20	496	399	370	210	535	196	152	543	310	390	123	598	498	90	517	288	397	30	166	24	194	475	40	162	532	564	161	518	164	381	93	325	87	516	520	106	480	190	336	114	468	542	293	551	0	175	424	596	147	284	381	572	281	374	561	293	10	229	598	193	198	183	129	327	344	422	208	390	281	327	208	189	302	269	591	489	345	537	538	350	231	178	143	216	380	350	218	186	200	286	124	207	328	449
78	121	325	412	338	325	221	435	33	600	499	236	536	228	292	548	521	144	403	386	466	483	437	318	456	562	363	569	541	149	93	429	392	346	517	333	382	447	278	479	296	254	290	116	564	343	492	425	345	2	188	0	604	561	328	350	120	537	158	381	275	435	301	593	159	182	594	167	402	320	79	138	43	96	557	74	50	451	211	97	490	462	134	377	406	136	311	78	359	225	66	99	442	323	429	477	485	206	574	360
472	534	422	310	408	150	105	583	254	486	383	355	95	270	394	436	169	93	335	239	8	157	582	250	340	31	526	75	509	461	69	545	208	288	469	280	11	277	386	185	391	73	501	316	577	436	305	588	82	191	462	89	0	430	226	77	334	299	476	413	127	477	600	393	280	537	87	11	435	188	600	81	229	565	90	403	153	75	286	301	245	599	588	402	220	278	246	27	259	502	539	236	225	385	24	196	538	292	286	119
604	211	488	421	379	579	128	477	478	43	297	50	511	449	440	262	338	4	350	215	63	286	422	258	245	241	357	532	148	531	510	98	501	104	12	5	155	484	147	289	43	197	43	432	168	506	111	351	402	187	543	498	160	0	507	124	565	221	264	587	18	288	383	95	355	87	330	128	138	168	349	229	230	556	602	212	537	154	572	375	8	262	443	502	431	308	341	422	420	25	36	50	288	303	327	188	85	276	515	57
464	215	148	342	337	127	465	321	71	357	442	146	475	176	279	410	497	153	504	145	393	468	434	285	172	56	510	497	215	180	431	211	180	215	31	448	484	282	579	301	374	317	376	418	248	61	492	448	502	417	176	496	51	145	0	534	503	493	381	148	584	249	562	511	329	589	176	212	109	127	224	282	492	352	307	45	77	9	347	492	589	165	518	490	399	520	423	139	538	318	389	291	482	315	427	12	278	264	454	547
423	77	441	66	70	15	421	358	486	193	514	246	300	109	604	292	505	335	218	219	29	422	225	560	464	348	383	247	468	260	227	429	312	290	246	458	168	384	151	222	291	550	224	114	216	89	199	404	85	503	224	137	586	63	44	0	348	99	599	347	604	169	206	252	368	307	561	67	424	547	601	438	267	320	328	70	248	43	166	221	150	282	289	2	121	68	547	480	44	343	485	226	144	230	298	354	29	518	349	191
528	320	228	120	519	141	601	444	559	302	373	396	50	512	545	476	543	115	422	523	367	440	573	473	507	393	137	325	111	427	538	348	337	320	241	110	65	596	218	401	494	170	229	464	382	129	365	436	85	13	470	103	349	548	520	598	0	488	84	200	382	195	87	246	164	7	293	109	383	280	261	472	506	92	375	76	167	211	432	590	359	460	86	6	527	558	607	346	595	540	73	210	411	226	244	576	477	474	278	58
559	171	581	138	299	519	550	299	167	361	70	267	492	254	138	252	180	527	261	414	277	479	264	170	150	360	193	573	401	173	122	253	446	3	256	190	154	563	188	274	206	193	25	22	554	516	240	250	245	389	92	351	289	27	72	86	392	0	301	315	253	230	568	365	42	404	540	378	357	563	564	260	381	423	521	571	26	253	390	52	60	121	222	1	573	156	10	60	92	452	82	82	465	500	248	284	56	359	570	288
247	6	17	104	455	433	216	479	326	375	469	445	282	210	274	515	9	417	339	56	5	308	269	533	317	211	188	269	237	393	362	583	328	313	59	488	526	592	83	186	26	493	542	94	186	3	541	553	48	600	120	344	400	22	341	108	529	510	0	264	486	73	310	507	584	92	327	59	586	288	599	37	446	549	365	413	605	123	420	530	202	579	240	280	72	36	377	238	347	443	593	274	479	586	498	518	356	67	174	428
182	549	487	214	333	170	426	131	75	354	76	31	284	486	64	442	537	299	257	64	473	567	72	387	146	314	514	336	207	207	581	163	462	304	96	79	386	107	564	573	22	341	587	213	299	79	600	540	121	168	406	143	99	300	586	502	408	221	557	0	344	436	172	359	38	241	240	247	61	526	174	374	172	505	71	171	305	53	222	547	149	300	129	571	70	114	299	369	187	359	331	351	180	342	451	463	425	469	543	247
552	599	12	388	209	96	181	399	600	101	516	394	65	271	379	77	336	143	144	224	32	63	45	61	162	388	580	78	405	27	124	108	562	538	183	175	549	138	98	3	407	66	494	174	421	31	93	506	465	506	592	538	570	371	422	251	40	547	548	61	0	573	114	588	151	132	186	145	269	419	124	220	331	501	122	412	508	311	155	208	427	390	594	9	519	605	347	555	263	415	434	522	479	145	554	524	458	568	6	254
247	119	49	236	368	18	551	296	593	498	274	424	78	247	598	59	415	572	72	532	545	180	368	528	338	502	579	429	237	543	389	364	479	144	339	508	244	211	447	358	333	192	221	524	422	313	552	540	437	13	581	33	420	242	51	450	82	551	441	410	148	0	365	507	529	513	284	398	588	225	161	174	385	116	115	497	26	501	465	128	606	43	570	420	123	314	466	365	377	516	208	460	280	570	515	222	192	300	262	196
412	307	172	49	262	584	540	420	34	110	249	157	463	498	127	290	10	545	211	38	183	136	456	569	338	194	373	259	510	2	357	339	364	245	314	492	599	378	262	575	410	83	24	73	237	5	125	567	118	536	579	75	225	103	234	312	446	98	349	229	502	367	0	510	553	136	103	289	161	198	415	551	290	37	130	447	11	216	302	433	361	263	76	26	204	25	396	166	248	129	246	249	505	417	386	464	591	113	378	590
97	523	76	541	426	349	371	181	330	467	199	305	198	435	87	255	71	183	242	379	282	453	271	584	358	492	380	391	361	230	72	206	43	103	602	408	143	540	26	343	216	216	122	385	343	398	128	376	581	219	545	481	581	160	448	495	185	601	521	324	464	85	208	0	454	101	305	164	304	346	399	50	524	321	241	494	121	512	424	564	601	418	81	210	386	524	160	250	326	411	134	318	396	408	128	273	239	227	595	552
409	534	412	172	249	175	529	468	563	447	20	41	160	389	39	29	238	517	242	41	140	534	460	91	302	106	524	480	393	508	225	511	171	468	103	301	307	70	457	27	258	207	399	240	182	378	200	302	143	535	40	124	339	366	514	489	557	99	329	528	550	68	520	153	0	330	149	249	5	152	482	595	314	254	51	312	88	376	296	269	202	71	315	573	36	300	457	60	93	451	353	19	199	115	80	14	95	290	489	320
33	372	274	478	237	479	8	260	304	325	517	237	466	553	274	112	173	580	258	4	91	511	121	253	469	606	267	372	395	277	509	498	96	478	141	384	5	129	260	330	539	597	488	561	562	287	605	450	249	432	240	58	605	487	189	168	560	279	550	507	293	487	477	453	435	0	528	491	50	570	318	54	209	597	56	467	542	500	530	283	119	21	589	578	480	574	135	291	48	495	277	528	322	473	364	429	462	586	467	140
237	434	204	183	278	363	90	404	379	188	196	270	5	270	160	247	345	547	331	575	77	546	383	194	285	196	440	65	522	192	258	128	240	316	183	277	443	432	211	485	164	141	348	25	509	246	100	360	174	353	299	67	267	242	378	267	240	415	179	419	454	68	600	69	544	514	0	518	570	219	12	413	455	500	588	563	580	129	285	510	110	29	545	152	601	35	534	16	207	48	390	218	274	318	310	519	461	26	18	40
451	267	129	326	120	432	28	196	454	456	180	132	227	583	257	130	570	606	206	451	318	108	525	157	219	422	531	306	132	162	211	359	577	467	600	415	259	559	601	57	135	512	257	254	599	496	345	559	40	326	564	56	414	4	224	240	390	486	61	63	414	177	237	262	86	359	202	0	480	362	417	372	434	38	135	357	185	515	63	144	245	588	401	332	274	602	487	17	285	400	247	110	112	155	299	36	395	51	256	314
205	123	377	248	314	95	448	499	33	341	445	323	493	606	203	501	38	149	365	365	434	154	504	292	587	233	74	98	53	534	125	478	561	227	533	161	63	354	235	575	438	114	283	365	392	131	523	456	459	206	495	325	2	525	41	453	328	176	224	1	521	20	104	366	181	309	286	521	0	541	39	532	300	252	119	554	535	252	171	263	291	83	45	315	210	134	509	155	428	267	553	182	81	355	458	531	112	21	30	452
486	120	262	143	318	278	262	465	584	341	404	388	188	473	357	304	529	273	459	551	292	154	11	371	470	106	108	10	357	425	142	94	104	111	273	37	573	518	346	132	259	154	62	572	352	406	446	465	417	420	444	294	552	449	166	104	171	164	325	506	101	300	446	556	431	475	384	210	64	0	33	554	271	379	164	1	199	88	152	24	181	600	110	221	546	330	220	176	48	587	151	397	430	181	365	430	114	407	193	499
529	226	110	97	496	349	578	153	425	116	536	44	241	558	596	249	544	550	138	166	275	528	265	49	577	562	549	600	509	395	304	210	597	262	367	593	154	83	563	587	172	47	427	36	458	47	92	426	319	425	247	41	529	399	383	284	506	3	40	540	514	557	321	483	39	550	255	240	317	374	0	142	545	470	361	569	113	457	537	387	394	228	231	393	234	297	199	440	553	457	598	304	595	63	385	294	424	410	84	443
349	516	523	264	83	492	557	562	241	498	489	299	363	373	567	54	490	75	551	75	506	12	336	22	225	399	21	589	253	346	254	304	373	272	540	363	73	544	536	287	364	236	141	488	323	270	275	102	136	577	194	63	445	554	484	523	126	523	582	437	564	404	293	105	595	510	175	448	356	583	376	0	234	17	354	332	548	36	245	149	411	262	193	507	183	237	275	71	26	16	594	72	510	59	326	35	588	464	171	63
39	534	384	231	603	77	379	359	262	225	455	423	115	151	371	510	379	33	542	299	41	331	501	400	50	19	459	229	412	258	478	217	51	310	301	65	25	251	80	436	101	84	411	322	273	163	86	546	111	214	492	276	420	303	181	337	312	265	246	30	513	159	206	153	234	421	78	529	264	87	392	155	0	167	364	86	135	395	196	512	12	350	428	406	605	75	404	182	365	512	24	322	602	370	466	153	201	514	603	128
391	228	363	596	346	582	155	132	31	350	118	8	142	175	532	319	67	255	520	474	506	223	432	561	203	73	487	429	484	430	70	259	23	331	521	224	203	231	587	332	423	392	194	238	44	361	240	47	360	51	504	602	497	19	394	435	136	98	464	42	530	375	383	328	321	494	85	297	434	266	99	291	208	0	160	265	443	280	551	506	427	208	407	105	434	471	395	489	440	436	268	560	104	140	49	425	267	165	257	96
531	430	598	576	394	14	255	94	8	543	199	264	316	47	458	176	328	486	244	584	553	127	277	18	278	216	436	179	228	327	11	573	363	24	272	4	345	33	264	87	514	445	448	579	536	271	88	302	526	305	371	401	528	258	298	337	288	452	421	563	215	170	320	134	361	597	555	8	63	584	337	571	361	192	0	564	576	447	212	100	539	300	25	553	474	239	307	195	232	430	311	50	219	246	551	129	217	337	374	72
507	580	268	554	525	266	169	153	205	229	77	359	93	196	429	292	6	291	360	399	25	553	183	331	386	384	32	496	481	101	474	21	321	420	120	399	505	44	63	513	344	81	445	110	375	78	380	493	568	596	596	379	412	509	211	221	266	356	19	450	103	316	82	244	142	155	237	324	513	315	227	110	240	110	160	0	366	35	219	204	524	5	202	349	241	370	77	455	259	562	254	136	431	73	406	382	357	193	386	144
481	316	354	311	356	486	111	30	121	236	556	560	110	161	254	470	48	533	390	98	357	337	156	19	469	589	543	174	499	367	449	181	345	146	188	406	462	15	375	59	196	396	38	36	532	245	322	382	484	292	372	255	278	537	387	259	93	383	598	279	296	311	123	321	562	175	298	116	464	23	39	117	244	450	280	414	0	331	120	324	248	40	381	296	34	439	267	139	134	338	292	489	15	525	424	317	255	453	6	582
231	198	511	549	171	463	470	535	492	544	342	473	149	442	431	46	67	561	406	361	360	384	343	173	395	141	327	16	380	477	213	521	507	171	357	415	100	290	56	426	136	531	418	31	165	363	146	8	174	139	325	141	565	140	600	404	513	161	4	12	540	557	304	214	219	422	16	327	484	327	175	560	326	378	268	44	194	0	202	568	318	493	424	578	130	161	331	238	548	232	81	33	406	530	293	99	506	579	603	104
393	377	44	236	184	396	314	593	474	379	521	116	224	420	517	374	350	193	188	307	444	37	296	337	505	253	449	85	309	100	155	198	172	445	262	231	28	112	453	8	523	334	193	350	87	524	452	251	155	581	367	40	198	203	77	230	382	100	229	150	374	141	138	520	215	60	207	436	469	45	171	305	207	453	49	607	170	349	0	564	76	228	158	61	109	475	528	104	433	367	501	185	576	323	607	56	143	418	508	566
437	347	78	425	156	143	49	388	265	373	58	479	480	482	377	393	179	288	435	230	326	174	594	48	463	546	510	256	236	444	424	449	526	563	415	426	565	591	523	407	600	408	595	147	340	260	129	342	429	152	406	184	543	546	275	600	481	24	300	510	354	254	437	318	394	457	395	327	257	473	5	577	71	435	321	316	448	421	226	0	506	214	174	229	122	115	475	198	586	101	539	184	289	447	195	563	263	289	60	394
158	507	359	254	423	435	289	424	93	142	209	490	378	351	9	484	357	439	27	546	302	288	197	421	421	31	37	421	115	588	277	566	273	13	591	119	56	362	194	21	532	549	123	462	138	143	299	231	480	391	603	151	505	210	252	182	573	384	587	78	63	232	242	302	580	342	529	197	90	132	224	495	456	192	392	375	116	578	405	66	0	527	34	237	555	493	41	597	144	192	363	126	552	427	375	181	23	407	569	441
175	584	519	157	493	588	353	151	214	491	438	168	119	186	572	426	301	43	556	502	372	280	490	230	59	41	505	595	180	344	243	405	211	338	200	74	230	359	372	510	510	140	233	532	91	399	351	425	79	32	600	535	436	518	148	335	441	29	150	242	104	486	388	148	320	40	70	192	54	126	571	105	412	148	251	530	270	72	484	475	165	0	130	293	257	445	529	95	243	148	199	62	7	405	325	342	128	485	117	427
55	526	38	569	109	430	519	64	509	121	563	30	27	303	407	575	232	412	496	446	577	279	246	475	205	432	537	193	496	170	249	396	319	214	499	246	439	288	520	71	12	197	324	160	301	176	45	374	513	87	284	195	267	323	65	115	475	554	412	74	66	230	7	321	181	426	591	461	375	17	494	486	559	56	592	322	102	428	520	349	144	455	0	314	359	28	299	45	443	313	407	159	49	333	523	533	512	152	97	454
578	467	66	534	276	306	106	339	108	219	495	289	249	444	292	347	506	441	165	421	513	497	605	256	478	292	216	190	559	579	580	402	328	142	279	271	27	100	392	311	160	347	561	557	420	85	197	98	77	360	22	282	124	149	527	604	428	401	32	125	192	493	576	406	126	497	344	176	483	80	201	386	339	2	538	265	253	82	433	244	364	338	291	0	406	364	509	282	138	322	39	73	178	600	288	516	480	385	560	440
579	177	82	113	140	294	142	282	381	422	288	475	200	296	194	67	172	168	123	462	211	583	273	281	67	244	527	274	443	542	209	315	461	375	69	575	494	255	508	510	139	303	268	89	204	466	299	169	21	260	43	278	185	364	308	574	486	84	156	48	226	287	131	540	538	251	555	55	13	193	237	607	327	589	176	371	326	74	285	201	139	261	382	278	0	52	115	106	387	347	530	466	49	276	431	303	320	231	502	77
431	443	253	434	367	589	471	371	419	76	495	486	591	465	80	390	262	114	80	315	400	82	559	309	156	564	516	150	593	509	371	549	160	555	251	257	438	131	38	78	396	234	577	478	594	418	526	158	138	203	74	334	492	134	329	476	351	258	172	531	219	346	225	327	177	177	373	151	513	138	600	241	158	126	545	375	196	145	181	138	301	467	163	584	51	0	27	512	449	2	395	434	228	177	494	187	576	427	402	349
33	479	226	543	18	602	10	81	344	491	536	494	353	522	227	323	482	105	21	430	75	483	118	101	498	1	183	554	545	215	57	432	463	308	241	562	460	331	178	310	432	18	278	448	237	464	396	272	479	462	423	524	104	18	279	226	363	217	476	1	26	41	480	357	600	394	426	481	69	77	345	111	555	451	527	576	114	352	383	5	428	334	49	166	96	223	0	175	540	69	230	169	178	506	421	437	208	60	87	25
375	141	67	521	451	604	264	239	297	227	284	233	223	78	276	283	62	29	27	474	180	400	522	219	222	578	327	395	168	113	219	77	245	183	506	530	476	149	41	571	375	59	162	33	105	558	438	283	144	86	370	34	14	290	82	1	324	474	4	420	69	497	460	113	575	384	459	142	577	417	405	530	406	519	112	490	18	144	603	508	204	489	466	112	576	174	100	0	405	196	259	391	1	361	430	117	514	498	558	492
101	246	283	166	148	185	374	513	560	607	551	35	583	265	115	527	447	83	541	534	117	514	286	587	505	42	167	44	387	102	177	536	367	34	407	3	439	356	216	389	415	117	126	591	513	315	346	144	505	470	160	30	199	232	487	31	281	587	331	154	11	444	206	240	67	378	322	420	356	165	244	499	163	601	446	54	201	432	206	198	444	437	501	281	479	340	108	498	0	154	332	198	474	111	228	45	550	81	296	518
350	199	234	131	571	123	355	196	254	363	90	333	568	183	216	199	197	30	38	43	397	87	354	419	341	196	191	582	339	328	274	559	30	88	12	274	426	93	49	192	410	493	535	85	124	241	176	465	56	245	456	107	400	463	436	481	371	561	138	232	151	202	111	197	604	175	127	544	422	417	63	102	245	160	224	121	204	33	212	467	315	393	493	163	16	134	102	56	100	0	288	38	92	119	195	428	526	337	377	354
113	446	350	482	561	89	101	51	268	369	476	210	342	299	106	155	446	254	53	549	2	54	149	466	163	130	85	466	359	560	155	46	214	145	478	520	14	9	86	141	394	209	340	579	387	315	164	407	285	211	133	94	375	543	595	287	571	310	81	57	375	291	70	148	326	88	31	143	394	207	607	483	385	261	454	6	593	257	596	307	78	42	66	325	587	21	537	187	308	147	0	498	299	563	283	168	169	50	433	185
545	500	435	35	595	131	225	304	93	30	404	56	478	524	42	398	475	340	541	561	75	196	24	319	247	587	411	34	251	519	452	211	251	119	104	68	31	90	423	500	161	236	444	415	16	506	103	334	306	526	436	346	75	117	75	568	76	588	320	308	515	135	195	183	131	22	391	593	589	207	412	401	557	238	470	541	213	529	74	286	296	341	162	517	366	334	434	216	535	20	424	0	300	124	552	399	102	293	592	191
5	370	430	103	498	38	41	401	268	104	98	405	64	336	477	321	218	92	446	332	124	105	97	485	598	213	423	349	606	500	570	264	413	274	344	408	314	322	178	333	82	9	148	596	551	114	207	237	411	42	289	19	116	401	256	50	443	589	125	469	188	457	224	437	285	53	494	284	562	247	221	434	7	9	242	263	19	340	104	435	565	256	467	479	313	248	181	590	225	490	201	366	0	573	240	210	590	572	456	37
499	333	489	512	309	259	368	202	346	103	80	547	498	26	290	91	294	565	64	49	420	186	279	421	239	445	564	509	275	74	92	501	414	166	269	107	369	268	315	599	549	358	530	205	479	167	172	266	326	342	532	397	588	14	63	238	146	605	553	593	121	184	387	38	74	171	53	23	33	59	60	434	72	110	368	78	108	137	419	200	374	446	159	107	443	415	248	291	129	4	149	73	300	0	348	53	250	231	162	489
570	493	246	534	366	116	37	278	262	84	514	601	70	185	246	528	407	203	475	366	394	204	139	140	245	508	431	579	294	65	86	565	495	304	270	15	269	116	208	364	59	203	602	166	293	404	122	457	340	15	491	277	333	185	370	429	175	440	440	3	350	549	600	358	477	602	296	444	457	465	57	50	315	325	446	548	468	184	598	57	499	73	191	397	287	99	601	453	264	135	211	477	152	96	0	406	289	200	88	70
73	39	401	229	153	436	374	73	588	333	84	361	87	220	293	167	82	500	39	190	451	459	495	309	322	572	545	25	512	96	202	570	484	67	134	64	86	159	88	247	545	540	390	263	430	531	358	119	568	315	342	527	475	438	31	363	406	150	542	435	579	480	287	546	596	434	450	116	392	169	287	169	315	238	587	570	246	342	267	451	207	257	122	92	94	351	408	419	267	86	189	480	91	321	319	0	169	585	315	83
371	310	239	308	486	513	308	132	243	228	85	228	405	171	149	280	35	51	232	550	33	103	336	519	41	332	221	525	404	475	577	41	229	35	104	220	288	220	450	466	378	295	188	431	317	576	308	597	401	499	433	492	111	390	116	557	451	165	268	91	293	287	139	112	489	306	352	345	439	200	594	271	567	62	78	234	251	256	434	21	481	493	85	157	481	310	574	354	83	66	523	304	298	408	91	425	0	244	577	424
156	313	71	375	27	232	214	53	168	437	363	104	574	38	408	381	492	431	156	592	396	255	306	131	372	409	447	120	299	369	166	212	281	295	558	191	466	250	497	279	286	390	571	187	119	353	469	219	567	383	350	3	316	194	321	259	151	488	501	91	533	326	269	126	65	193	171	341	92	388	18	434	499	226	555	435	456	556	55	478	16	287	262	423	278	87	427	395	511	363	18	408	178	549	316	73	353	0	176	592
526	28	373	283	57	397	234	267	202	270	394	567	592	311	15	275	471	321	411	36	99	606	172	179	534	395	587	216	65	127	6	106	118	137	406	505	263	6	112	38	561	106	76	2	569	279	409	469	412	286	472	67	126	424	217	50	431	397	6	29	87	515	77	321	15	326	340	505	594	45	91	212	594	95	102	269	140	552	548	438	477	542	75	48	346	24	394	606	103	354	587	313	546	344	135	281	598	87	0	353
70	535	319	400	113	378	346	437	393	415	3	511	294	562	163	209	329	4	434	68	579	262	110	522	60	168	278	516	256	317	100	110	227	247	472	133	25	82	543	583	367	371	52	524	170	454	472	433	44	355	605	575	384	211	434	398	384	52	343	501	531	362	348	546	87	537	80	332	305	244	418	354	147	354	73	155	382	253	164	532	355	10	74	295	500	323	360	500	221	23	356	365	234	47	464	443	304	145	42	0
