A	B	C	D	E	F	G	H	I	J	K	L	M	N	O	P	Q	R	S	T	U	V	W	X	Y	Z	AA	AB	AC	AD	AE	AF	AG	AH	AI	AJ	AK	AL	AM	AN	AO	AP	AQ	AR	AS	AT	AU	AV	AW	AX	AY	AZ	BA	BB	BC	BD	BE	BF	BG	BH	BI	BJ	BK	BL	BM	BN	BO	BP	BQ	BR	BS	BT	BU	BV	BW	BX	BY	BZ	CA	CB	CC	CD	CE	CF	CG	CH	CI	CJ	CK	CL	CM	CN	CO	CP	CQ	CR	CS	CT	CU	CV
0	223	269	438	97	500	17	260	274	347	165	407	393	238	291	504	12	131	478	495	322	459	332	370	474	3	452	270	512	76	57	212	170	146	494	501	499	192	434	400	367	367	84	75	483	439	122	399	44	163	325	315	233	74	1	408	271	361	67	446	165	34	506	29	191	339	490	484	295	303	283	355	506	246	390	354	376	391	191	463	60	322	139	113	391	236	51	353	327	306	352	308	291	118	39	239	481	315	92	161
332	0	525	239	376	189	210	452	506	102	234	252	275	90	491	125	96	144	172	167	257	240	274	421	246	393	258	29	508	349	352	225	75	261	360	26	466	368	136	161	37	100	258	22	25	401	147	353	261	45	35	273	20	452	113	60	53	451	110	276	404	105	176	423	174	169	302	169	195	484	556	171	199	351	5	183	428	403	371	136	84	423	314	224	143	183	287	416	263	191	360	300	17	258	526	458	203	514	200	372
553	285	0	239	193	180	390	275	267	47	360	237	192	211	331	74	157	296	110	159	334	49	259	187	199	497	419	426	441	466	419	177	527	536	377	347	14	20	413	459	462	182	316	292	418	389	129	239	148	337	397	293	184	460	354	335	162	280	549	215	233	154	371	83	511	258	393	183	426	210	515	388	272	488	134	551	248	310	153	428	371	306	374	104	10	482	15	446	155	189	109	200	543	34	424	551	24	365	481	397
281	541	41	0	247	391	373	311	291	524	554	67	359	543	267	310	241	485	401	327	283	324	413	140	450	428	309	168	87	449	358	82	405	270	198	120	397	167	259	256	161	524	186	477	216	430	348	161	54	533	472	186	80	140	404	402	449	373	523	1	16	147	40	395	278	70	143	144	558	539	290	272	482	254	118	41	530	453	87	171	354	93	59	195	350	538	35	477	267	554	508	424	258	131	280	265	520	191	339	450
44	311	494	287	0	38	483	399	107	503	476	413	167	512	67	541	483	268	133	128	549	311	382	335	472	300	87	367	511	107	114	112	551	202	268	427	432	177	461	69	126	251	379	69	450	71	273	499	501	147	537	495	303	107	445	257	139	84	160	451	206	187	456	503	69	308	294	273	457	552	495	271	440	264	405	415	125	386	509	18	167	510	11	509	139	459	96	97	132	79	90	172	341	82	31	289	544	97	387	428
136	479	513	534	212	0	505	518	2	32	61	551	529	176	551	93	308	248	517	296	369	286	259	379	482	485	107	53	107	391	191	11	69	530	258	231	91	191	73	519	511	327	325	20	44	539	177	300	318	17	199	364	492	209	2	303	152	376	486	383	254	62	335	195	139	230	538	404	169	150	306	61	327	42	471	322	279	311	86	240	468	317	317	466	365	135	489	228	394	387	177	361	276	425	331	465	410	29	68	542
346	502	204	259	26	272	0	512	14	391	68	322	18	491	9	547	464	203	228	35	339	503	277	333	134	414	2	416	244	450	497	152	507	102	501	48	383	109	495	452	300	149	259	42	146	308	169	121	378	556	337	225	164	129	137	169	423	111	340	87	334	427	90	69	166	304	540	110	225	536	412	69	147	211	463	533	367	439	37	1	341	410	277	243	318	15	493	149	307	103	383	506	554	336	171	2	182	453	230	49
347	21	284	54	553	492	93	0	358	468	350	248	440	518	231	258	481	268	218	532	37	548	50	8	451	349	10	430	124	164	540	106	336	430	232	258	471	334	122	402	548	264	372	65	70	198	379	480	163	269	443	75	365	410	181	184	115	137	400	450	299	351	149	210	46	47	177	48	340	519	150	227	132	13	234	168	4	216	347	220	328	418	422	419	409	531	517	99	228	325	491	198	484	360	230	93	431	240	443	5
424	32	558	517	554	404	208	365	0	287	430	203	88	275	186	189	300	334	427	319	541	380	246	34	548	102	462	318	462	280	244	286	182	76	205	88	47	513	258	249	420	558	180	91	359	441	373	446	297	476	345	302	432	94	396	37	17	458	371	157	283	35	240	435	137	139	467	347	516	168	60	187	285	64	74	382	80	211	175	296	57	347	33	505	386	199	357	308	513	516	280	404	3	535	176	204	319	417	150	511
46	41	374	481	542	371	458	115	497	0	286	515	90	29	275	521	558	223	524	59	13	347	196	230	558	201	5	389	320	174	412	113	407	69	249	26	19	485	327	305	521	146	542	306	310	207	490	6	518	8	358	246	70	234	63	221	86	294	392	372	411	303	195	386	67	141	209	356	164	490	119	222	494	204	66	252	192	105	194	40	474	37	304	491	469	52	117	516	338	504	436	199	541	302	148	418	235	26	6	28
119	446	417	10	379	154	105	136	229	191	0	219	263	34	7	205	272	215	512	139	484	508	242	7	454	235	444	285	235	39	109	412	522	426	117	209	106	488	173	146	58	458	7	183	119	203	241	457	26	194	269	86	39	516	258	351	379	549	452	114	290	233	294	377	309	24	398	494	403	376	405	530	196	241	304	72	379	479	481	19	14	222	451	457	542	305	161	362	291	421	422	362	121	148	198	480	341	297	217	190
391	202	239	213	483	531	73	556	125	102	336	0	447	47	155	489	39	294	386	249	47	108	547	141	408	245	347	309	152	422	136	105	334	337	540	297	413	66	557	502	193	227	207	170	9	226	50	126	409	14	504	209	324	333	268	244	55	323	398	402	135	448	469	52	531	161	527	155	352	22	205	220	491	221	169	250	317	339	461	24	72	90	388	526	228	104	250	299	479	187	49	233	199	484	448	256	216	361	140	384
44	420	4	386	271	188	276	482	286	289	440	406	0	171	188	252	216	105	16	185	167	424	379	382	401	457	246	56	411	425	331	135	475	173	44	31	117	557	181	79	62	69	321	436	244	250	250	388	310	481	466	425	435	34	58	2	544	196	151	485	293	270	290	346	23	121	324	554	513	488	398	250	268	382	318	376	306	448	257	522	52	416	348	391	204	285	392	196	228	320	83	90	332	396	10	25	510	250	239	60
310	436	276	24	366	328	498	441	363	423	277	489	284	0	558	112	525	135	159	334	331	246	266	322	52	150	131	517	399	392	277	362	190	292	176	324	399	313	359	346	292	393	379	200	259	320	62	100	556	418	491	377	345	517	195	493	174	13	85	520	162	414	519	377	336	527	131	179	450	350	61	227	333	286	396	148	18	259	153	539	434	62	522	272	114	159	531	464	244	440	283	542	23	396	262	365	442	46	244	140
437	252	380	337	48	113	447	242	447	152	299	4	422	402	0	386	509	483	189	515	487	442	181	464	350	393	122	422	158	281	480	513	57	438	425	100	239	288	360	471	255	294	255	47	389	59	309	298	50	39	37	242	380	256	505	204	84	149	109	365	495	77	394	203	171	421	244	260	492	245	58	292	482	25	483	224	332	266	80	97	480	549	365	536	18	18	322	241	349	401	291	388	37	114	330	356	485	86	554	210
203	300	416	430	442	332	228	48	522	289	306	158	533	277	138	0	186	513	255	306	314	388	220	279	484	537	302	392	312	488	428	527	180	313	89	16	392	55	330	373	150	11	198	6	459	430	385	505	324	272	438	226	335	349	514	557	182	111	460	344	426	151	406	460	418	246	470	40	5	5	525	31	343	225	538	433	94	252	198	328	274	245	265	192	247	389	308	503	261	264	94	269	501	42	352	78	440	441	459	135
127	546	352	75	440	188	367	340	8	509	52	383	476	418	512	320	0	82	90	546	496	404	257	517	427	376	284	279	141	360	506	407	472	129	292	133	513	389	347	11	461	54	112	493	514	374	245	178	455	65	402	163	148	36	388	353	185	53	377	122	118	392	39	525	255	261	550	403	425	309	532	502	261	506	556	309	97	205	555	299	4	483	304	87	273	83	305	523	431	199	160	20	269	491	539	543	161	227	543	3
430	280	164	32	37	282	225	207	425	547	399	253	88	147	499	219	464	0	52	495	146	193	303	436	234	455	86	205	44	137	349	482	175	303	150	498	474	120	505	435	74	139	197	519	24	426	444	94	270	270	195	268	110	446	448	432	258	142	527	53	484	323	312	230	50	207	85	163	279	440	528	428	199	447	37	180	435	325	339	303	508	81	225	528	359	288	48	459	340	53	187	404	232	405	86	6	267	97	109	550
293	258	278	114	219	547	489	432	316	347	200	266	124	367	228	260	128	156	0	182	502	550	319	148	474	165	96	545	394	486	345	348	88	223	200	290	259	478	190	167	195	541	289	147	163	111	140	54	512	248	106	514	456	321	375	364	38	540	434	364	354	31	355	260	77	298	444	323	188	295	70	359	331	482	502	396	42	182	299	481	502	456	146	485	497	122	23	460	146	548	236	316	103	28	191	168	473	289	453	187
130	368	264	487	499	535	176	57	368	553	512	2	554	165	443	256	175	400	158	0	216	510	279	352	555	283	426	37	273	160	400	287	348	503	116	453	379	443	195	501	357	382	162	94	209	238	551	202	475	432	544	200	46	325	243	122	63	310	259	228	179	557	29	485	51	13	534	495	331	78	27	426	467	181	506	442	176	26	189	75	281	288	194	81	145	550	109	434	9	455	312	472	554	471	352	122	4	103	72	314
151	154	287	477	414	396	320	501	150	147	219	203	185	16	516	136	111	79	434	238	0	362	187	160	277	300	73	543	459	452	336	10	432	69	509	431	8	315	507	294	500	66	159	416	332	520	160	226	255	305	178	317	408	82	35	51	406	210	208	314	377	438	324	361	113	214	461	307	351	458	218	247	293	203	9	527	337	221	529	499	369	277	25	20	270	475	164	204	472	333	137	187	537	314	133	460	323	388	16	100
387	340	460	506	523	436	109	335	144	72	335	310	535	227	282	455	493	214	211	289	306	0	220	233	517	517	262	551	379	312	193	487	294	491	513	271	111	418	68	171	439	344	272	174	461	253	21	17	284	168	28	391	298	49	450	181	247	266	349	160	192	308	295	554	407	277	61	158	134	117	394	206	506	264	189	323	210	478	415	246	485	22	328	51	545	460	417	433	39	48	155	134	555	501	52	82	540	30	360	283
88	153	271	132	169	12	341	479	185	296	124	115	324	201	6	50	114	177	502	191	129	483	0	269	18	544	485	4	131	166	21	73	537	331	503	158	32	130	386	207	284	512	205	141	359	14	5	538	399	449	313	14	98	414	220	326	498	196	345	134	510	371	81	75	354	419	526	359	439	128	527	316	30	246	391	383	200	306	496	92	261	266	252	515	352	528	181	270	67	174	527	436	500	533	146	406	252	255	410	84
26	382	411	121	98	119	22	379	178	353	458	361	312	356	27	504	483	481	166	216	32	215	264	0	10	100	551	140	198	351	308	80	221	232	291	498	174	521	520	435	497	60	83	487	501	26	415	542	244	377	532	400	315	15	78	356	454	144	210	125	520	411	414	504	271	485	137	469	478	258	513	497	59	337	291	26	91	276	374	435	357	100	88	312	90	19	311	411	195	541	85	304	282	505	197	523	550	477	173	103
217	341	314	104	252	201	163	95	232	531	479	454	302	175	418	364	417	139	500	439	545	472	200	75	0	294	380	61	475	95	256	303	356	510	225	484	476	265	436	387	121	438	330	465	104	258	432	311	436	58	280	219	53	108	20	528	304	459	407	439	129	44	263	9	198	426	194	419	68	451	430	77	263	397	47	111	345	548	153	312	554	522	323	17	293	536	75	41	319	129	142	15	189	47	527	452	495	187	67	138
470	286	513	288	437	133	239	29	247	52	449	377	123	532	440	383	161	132	64	106	162	166	393	163	15	0	219	187	274	95	543	3	267	259	270	111	356	536	495	96	110	191	246	401	89	136	435	412	302	281	222	496	260	29	311	203	458	296	328	391	358	163	338	538	126	284	204	107	288	521	292	52	526	159	320	175	456	368	233	237	48	152	246	229	209	122	105	390	109	447	334	392	248	537	141	75	31	257	59	463
549	386	225	348	94	247	94	343	337	452	45	554	296	122	69	322	445	260	422	365	542	515	218	410	223	90	0	195	382	164	378	553	82	326	42	506	337	115	337	253	56	270	558	108	301	70	327	296	251	498	296	194	164	275	335	300	541	17	351	74	13	417	2	47	432	310	218	16	4	524	129	167	179	257	143	108	107	160	182	520	227	284	183	175	327	516	293	78	219	461	286	520	409	237	314	34	16	374	164	108
416	246	25	185	330	190	550	428	1	33	150	479	310	410	253	62	453	222	281	459	106	99	343	110	336	98	23	0	466	254	12	160	101	441	383	131	389	169	151	205	542	454	7	363	350	153	534	122	318	68	294	128	300	482	379	387	340	164	35	396	508	536	366	412	332	252	270	163	445	44	192	229	377	553	540	382	79	497	428	251	541	24	309	329	231	382	200	553	466	519	180	361	273	558	461	13	418	279	286	23
487	356	358	343	48	542	141	274	526	401	159	525	431	118	128	329	418	471	27	204	498	378	97	448	531	549	62	278	0	313	480	154	407	174	407	348	216	21	145	546	517	169	549	82	374	219	369	467	22	474	233	58	370	77	309	526	19	534	266	311	134	453	441	508	368	387	69	33	323	531	480	292	297	549	301	287	367	404	33	74	358	221	456	135	36	46	552	369	277	436	168	440	437	396	423	387	402	85	307	382
533	476	518	299	178	206	476	221	452	386	490	2	267	34	281	423	161	396	147	196	386	369	86	196	461	183	506	20	22	0	516	233	18	305	52	394	130	117	227	180	488	490	43	390	558	187	537	113	458	523	201	8	425	97	463	316	46	51	315	282	290	152	21	538	179	16	300	238	472	105	274	80	161	256	66	455	58	279	524	102	169	538	108	197	114	254	12	533	231	300	187	135	216	206	167	289	214	286	494	138
330	140	192	226	246	62	170	367	279	467	254	533	251	87	358	521	278	21	7	8	106	518	316	155	349	524	144	258	388	206	0	393	26	216	354	430	500	261	199	249	466	46	76	168	523	459	313	522	11	442	551	433	9	265	433	38	381	63	74	228	292	375	379	510	165	56	117	537	356	431	339	258	389	532	515	456	97	135	173	124	431	61	488	110	49	399	543	340	382	468	533	119	219	398	466	149	124	98	517	545
158	374	24	302	246	360	555	66	315	4	188	31	47	473	299	343	359	133	468	124	515	384	333	337	479	161	277	97	160	540	289	0	311	512	260	555	310	245	508	313	52	518	530	439	119	371	234	248	419	431	86	526	58	59	125	54	527	528	446	169	382	466	489	488	510	197	190	295	249	265	280	78	68	175	438	357	435	364	18	69	343	54	212	371	65	389	534	260	202	544	84	549	308	290	425	76	381	196	314	242
502	524	160	197	67	464	36	453	78	381	381	305	478	426	460	363	296	530	518	333	408	99	10	206	221	223	359	350	85	477	308	373	0	319	392	164	449	220	415	282	84	92	482	224	514	169	245	214	65	110	149	248	462	112	37	83	278	205	83	451	162	368	87	507	28	407	75	137	189	122	543	28	185	103	161	293	490	20	299	25	242	153	426	151	239	403	224	529	242	263	99	412	95	332	131	81	549	76	320	294
198	88	354	451	143	366	504	547	95	427	46	455	306	431	509	213	518	419	52	8	11	204	532	318	451	412	456	447	126	35	268	203	34	0	343	100	74	65	141	552	157	440	423	261	524	441	332	213	171	141	391	429	308	271	313	138	422	231	495	512	413	220	243	141	160	360	305	3	427	333	389	28	16	548	22	16	513	349	228	364	198	188	179	368	547	530	68	108	472	319	80	431	59	490	400	286	72	552	447	132
213	52	315	244	457	386	58	541	451	161	107	420	477	300	229	184	525	155	519	16	44	255	208	27	288	32	249	20	204	372	318	224	306	277	0	305	340	144	205	557	199	266	288	509	62	523	498	45	68	320	356	338	277	436	365	472	309	464	468	139	506	362	301	449	121	419	245	375	456	123	336	545	293	241	196	150	53	549	194	275	308	409	509	183	20	194	84	48	140	255	51	219	246	12	146	518	347	349	61	394
222	532	486	146	228	41	355	439	87	237	198	373	245	180	231	160	322	220	16	392	167	415	201	120	298	518	101	362	451	39	36	51	367	518	308	0	262	69	253	24	377	548	118	292	299	350	277	464	66	321	53	526	501	149	4	290	44	256	126	283	356	311	515	197	317	155	81	419	23	218	309	30	544	151	2	411	73	255	98	42	212	69	321	22	378	329	199	174	170	148	187	266	420	301	241	531	421	398	310	369
95	86	316	453	555	471	358	477	553	494	240	176	323	123	130	527	514	546	62	284	371	137	305	443	249	310	470	86	192	278	430	205	347	386	350	380	0	404	348	12	39	390	55	389	155	101	20	56	138	179	228	58	248	494	445	558	521	257	113	356	382	189	538	203	204	174	341	202	492	53	21	517	518	94	414	112	499	458	491	551	163	376	73	481	285	504	408	249	357	520	243	379	433	9	123	448	106	519	295	7
77	408	471	441	176	193	350	227	122	86	417	25	320	482	290	341	305	413	404	279	21	282	555	413	539	192	277	514	133	359	70	186	520	437	513	505	550	0	116	60	92	273	65	8	42	59	43	55	520	342	131	412	307	135	466	252	373	384	508	155	365	220	118	268	554	541	522	23	402	358	456	448	89	45	547	493	362	8	84	68	293	309	265	491	502	399	51	149	453	389	64	175	323	528	242	512	251	299	53	475
300	426	191	222	450	501	502	361	109	98	39	164	48	35	186	494	103	175	252	176	262	58	253	147	199	335	366	113	78	200	486	41	150	448	101	23	497	341	0	197	99	370	116	119	144	514	326	529	92	160	109	281	471	297	555	223	12	91	160	372	348	56	97	544	34	59	557	376	513	91	507	517	216	23	408	251	474	38	299	447	402	37	148	281	62	377	147	181	540	77	22	478	14	2	214	8	516	502	178	553
131	530	330	441	152	263	191	340	416	527	515	544	304	206	267	546	322	144	90	395	23	215	251	556	158	428	98	378	554	462	308	243	425	26	399	106	379	83	291	0	215	22	153	529	484	228	76	549	32	158	327	112	554	389	398	479	545	145	145	333	196	448	485	53	101	23	50	390	552	366	223	166	41	33	551	250	143	230	223	36	508	214	84	161	14	366	118	69	114	265	555	335	319	419	52	121	27	89	363	452
155	309	38	475	170	501	180	5	358	397	433	392	106	522	161	367	202	447	409	232	214	21	181	199	446	218	309	55	413	533	14	378	126	26	168	266	300	314	34	225	0	159	86	104	460	47	413	71	332	368	473	236	490	266	390	504	556	347	208	399	532	396	361	283	112	406	131	335	515	439	289	421	288	351	364	101	510	356	393	363	143	51	289	93	399	514	490	494	27	515	301	458	163	421	81	373	438	9	257	212
451	316	413	477	331	266	30	287	358	97	189	321	367	23	492	487	557	552	419	476	94	405	324	364	122	197	348	250	555	372	494	92	223	259	533	361	298	69	315	193	163	0	466	118	298	444	158	532	124	270	525	330	333	63	377	216	234	144	356	208	301	141	432	43	437	13	455	5	411	384	218	376	507	367	171	208	125	408	457	361	83	301	27	433	484	112	538	100	164	308	469	476	422	526	490	155	444	361	411	416
218	2	473	87	98	527	497	386	82	240	106	211	18	404	240	15	59	535	61	5	531	387	429	243	12	398	416	406	491	121	30	76	129	118	196	316	288	40	128	367	51	90	0	478	445	304	183	177	239	67	92	378	452	196	100	499	546	518	174	198	394	224	296	72	87	468	283	532	279	29	320	149	133	346	197	263	28	293	348	266	43	306	505	55	497	500	500	276	28	507	90	280	104	503	422	277	316	443	242	86
231	96	254	355	75	165	466	250	41	220	21	317	233	148	304	410	466	428	89	361	214	364	278	218	495	245	244	42	167	309	398	112	184	231	140	309	427	205	192	199	117	200	80	0	305	108	558	89	538	422	490	91	463	109	513	314	86	289	448	399	130	28	120	509	487	54	114	67	187	493	141	530	202	137	295	538	107	431	223	211	275	415	33	259	214	193	385	182	511	315	155	214	145	305	293	161	320	125	69	378
61	19	359	135	403	294	135	359	241	210	294	521	327	16	419	256	202	207	83	206	46	381	335	241	7	359	404	182	303	17	10	397	431	263	332	364	93	157	384	484	496	512	402	251	0	446	350	436	355	526	125	96	305	484	470	548	99	249	511	119	196	361	347	279	175	101	127	123	466	440	421	132	314	321	528	480	158	239	146	280	313	338	353	460	416	438	371	111	132	341	179	93	496	23	129	185	31	401	193	403
105	362	96	326	77	529	24	395	309	502	236	414	243	24	234	78	306	527	210	180	461	535	209	57	425	198	392	42	465	550	38	175	478	31	363	433	34	298	546	51	238	236	121	178	286	0	147	494	443	407	140	274	382	320	210	551	399	315	23	476	415	397	24	462	403	547	479	236	9	202	544	62	521	116	229	152	411	65	313	493	18	127	231	120	149	4	530	444	408	354	370	519	483	298	387	349	416	537	176	52
100	105	377	526	226	352	67	255	318	222	383	537	143	325	548	441	205	327	500	351	205	189	283	212	238	461	250	471	158	103	230	554	220	124	551	479	343	5	14	105	376	389	539	159	252	542	0	54	177	294	312	54	78	540	353	140	550	97	19	481	456	323	336	386	360	213	185	348	493	71	119	54	422	519	506	80	149	417	96	421	329	421	405	101	417	327	216	259	239	261	116	174	325	36	201	485	432	508	308	107
483	476	482	58	538	385	352	298	539	74	289	153	193	440	445	490	493	314	6	258	209	106	51	194	306	220	449	403	40	381	267	165	248	58	44	62	190	111	37	385	171	361	329	120	206	35	124	0	194	327	107	405	131	18	429	159	349	454	532	29	217	35	192	82	384	431	317	96	107	511	43	234	370	293	100	342	425	284	513	193	209	159	393	365	304	222	198	156	277	139	207	136	266	256	188	504	268	551	428	170
255	182	449	79	151	235	468	30	207	24	360	392	231	464	289	196	16	15	20	345	281	286	433	383	554	9	504	438	148	314	48	13	275	449	556	24	89	258	80	143	244	438	207	384	558	181	543	451	0	17	230	19	395	303	415	149	497	440	431	279	474	87	93	314	76	273	97	53	517	551	543	355	412	391	255	305	280	73	222	476	468	51	509	540	69	492	156	452	176	500	372	93	279	278	331	204	280	165	271	237
136	453	72	50	503	1	417	509	99	557	43	537	51	304	345	373	184	515	445	225	128	161	111	131	532	187	447	310	4	444	449	250	384	298	117	250	152	181	293	80	236	437	460	383	160	143	61	338	124	0	276	446	358	440	135	271	365	515	179	95	111	149	330	211	450	349	455	213	270	26	29	268	166	282	284	321	276	557	100	150	401	21	135	417	481	228	313	306	164	427	496	48	354	88	378	547	379	490	4	355
98	405	513	399	167	477	259	435	519	286	256	354	410	205	41	332	457	436	363	235	10	421	275	14	486	71	247	232	466	50	233	388	95	417	174	60	456	165	402	13	449	505	196	502	56	252	209	199	105	507	0	452	240	215	201	204	407	266	53	112	541	363	118	379	442	379	378	23	310	460	228	465	130	258	3	138	20	529	140	33	351	196	61	478	554	513	82	478	516	214	331	212	23	37	254	98	225	144	230	467
379	70	179	545	447	80	159	31	232	447	508	434	338	228	487	492	234	316	138	481	410	110	269	401	224	388	301	499	159	512	506	557	318	101	96	419	330	167	237	333	199	152	137	53	422	230	373	116	496	257	14	0	462	552	175	432	408	551	503	40	376	41	169	58	471	336	244	258	56	2	139	315	258	59	527	171	417	459	527	65	357	383	367	406	261	61	281	247	140	98	291	311	69	386	73	131	228	201	159	229
483	286	281	200	409	214	542	477	380	498	389	254	325	183	502	47	488	140	226	92	356	235	80	388	8	46	299	527	275	403	480	195	497	83	465	451	28	56	346	554	296	105	152	403	215	464	29	234	130	347	366	368	0	540	107	540	197	105	250	248	520	454	198	201	442	513	86	269	371	228	280	396	21	109	142	420	447	324	172	28	532	59	26	438	443	524	231	372	107	19	128	199	292	537	25	479	103	196	438	385
239	208	334	218	400	501	32	477	247	98	49	406	310	338	304	447	312	329	439	486	404	307	327	305	506	4	258	313	515	162	396	303	159	5	225	260	351	292	371	97	477	277	431	474	1	239	214	264	309	524	309	313	513	0	259	338	392	438	289	149	506	396	465	395	4	143	508	351	457	472	223	425	287	220	153	149	445	356	194	202	443	115	493	70	532	242	88	448	159	539	270	231	394	119	423	32	16	52	19	90
125	496	548	183	530	74	174	370	427	453	126	13	224	195	29	314	410	165	154	347	435	460	233	320	262	222	194	113	511	108	473	427	225	347	465	87	59	369	182	3	325	551	198	59	251	123	20	314	364	218	338	73	333	473	0	187	29	490	431	198	512	369	275	439	169	16	4	206	488	527	262	323	159	518	218	73	265	312	113	70	491	503	161	268	532	401	263	163	396	241	120	92	200	342	468	434	36	263	274	315
43	79	551	32	254	189	4	33	19	74	241	60	199	240	496	14	425	317	535	549	65	172	313	202	17	144	212	241	204	88	430	525	181	92	441	215	37	48	471	506	43	221	474	222	111	357	523	427	278	475	205	270	352	31	450	0	299	351	296	76	214	431	438	207	198	489	195	215	7	152	295	31	435	42	278	478	209	90	20	462	299	327	68	126	87	400	459	8	323	533	465	370	518	253	530	225	521	473	269	226
256	205	37	240	192	416	260	208	109	452	65	382	200	179	548	507	394	452	16	138	534	497	345	540	161	537	499	38	421	158	13	192	207	320	66	425	335	404	70	125	132	282	214	372	195	238	455	330	516	495	82	105	73	47	275	30	0	99	27	19	9	526	225	93	141	269	546	116	413	166	228	109	98	435	385	110	546	475	297	149	328	185	532	329	418	218	51	104	92	236	422	351	379	68	423	474	48	198	52	368
338	443	369	430	332	194	484	238	408	511	193	172	287	452	408	124	115	304	296	308	325	410	165	459	342	112	311	365	369	334	143	449	230	456	555	497	177	364	109	160	504	5	196	231	456	148	284	455	232	6	420	431	109	543	509	148	8	0	2	185	225	256	481	432	125	88	109	222	345	151	360	467	508	501	267	298	377	22	344	32	536	425	485	508	353	175	360	119	85	471	238	290	15	76	452	291	409	288	180	288
6	265	434	481	326	8	394	369	85	206	540	140	528	137	86	258	110	257	542	195	367	503	153	286	191	250	234	526	108	406	132	24	412	163	249	404	450	369	483	93	293	319	311	243	355	32	440	466	191	350	531	90	47	100	200	5	450	290	0	21	114	383	299	400	264	539	398	473	76	55	114	125	17	461	144	520	106	296	103	527	555	16	369	358	381	37	540	188	367	217	361	279	157	116	256	245	30	204	125	351
216	322	472	98	89	380	519	410	147	206	101	281	547	165	386	220	336	326	484	139	348	529	275	516	45	414	63	42	75	58	487	91	124	275	335	272	536	38	475	121	67	344	124	431	280	338	291	344	163	184	65	158	395	464	450	86	491	467	516	0	509	23	245	319	49	243	3	39	555	224	257	88	273	337	48	380	493	210	287	186	238	477	311	510	257	221	341	494	298	311	112	207	532	388	486	253	291	530	318	172
20	512	342	245	517	198	534	343	454	82	19	233	108	377	132	475	459	557	461	436	130	83	132	414	101	339	425	482	8	445	165	488	524	400	34	473	481	478	113	397	377	10	512	417	253	477	454	484	489	93	509	234	421	394	481	358	512	5	373	378	0	207	246	507	5	63	503	152	139	441	370	42	198	262	420	343	90	529	554	33	558	180	281	223	66	227	422	87	409	22	481	130	470	271	511	310	379	121	339	126
45	120	354	193	345	106	324	124	198	317	350	284	118	117	91	362	302	131	262	151	46	419	251	539	146	486	279	187	274	79	33	370	482	426	257	285	75	400	68	526	389	449	456	263	260	142	471	407	73	290	381	192	497	527	538	442	444	142	85	406	553	0	45	410	197	520	20	434	148	386	155	547	199	374	287	185	365	345	390	517	491	464	377	382	451	196	182	456	404	331	60	440	481	416	487	528	422	501	57	534
539	87	193	183	391	108	173	92	324	506	429	199	152	74	44	191	350	519	123	533	90	322	368	494	403	337	254	478	371	230	200	541	67	114	373	3	421	555	186	110	532	81	175	344	46	380	379	365	134	557	54	251	78	92	165	255	169	142	174	451	1	214	0	426	338	153	61	320	286	80	422	329	535	61	159	191	436	181	514	85	172	343	400	314	335	87	455	504	521	523	376	420	365	159	140	313	496	336	18	397
215	65	47	413	526	350	160	273	369	301	316	417	244	339	528	72	402	228	179	54	316	141	36	349	263	64	377	4	383	323	364	105	96	414	167	55	155	501	118	16	208	166	542	162	379	172	439	36	159	406	372	379	302	409	406	543	39	271	28	113	492	195	202	0	235	518	170	408	249	171	414	233	424	64	452	146	502	263	404	457	167	494	297	224	381	350	12	549	346	215	123	416	414	335	70	412	372	395	200	475
444	49	221	412	366	379	271	402	90	286	130	250	151	541	338	248	147	426	275	368	341	202	199	78	543	305	393	314	347	243	495	518	123	288	105	531	509	22	104	111	89	380	77	19	368	477	512	338	356	219	372	1	110	213	87	170	45	373	442	378	364	134	16	245	0	305	301	426	424	101	186	51	242	33	60	332	161	225	296	223	222	383	138	278	532	506	56	220	170	456	22	261	255	509	454	167	281	357	191	336
193	437	161	361	368	315	416	413	339	3	29	84	67	547	93	184	323	464	101	57	247	70	178	86	384	323	335	180	225	91	445	139	137	460	270	152	175	349	400	76	55	97	306	315	290	73	69	128	335	245	180	434	438	70	528	340	531	24	427	115	446	359	209	264	357	0	178	132	107	305	303	289	351	6	392	13	332	408	366	450	534	532	170	476	347	188	196	124	292	297	523	351	216	356	12	508	23	129	373	441
57	41	72	67	489	347	150	335	447	360	166	139	161	313	461	245	168	265	301	288	496	147	371	124	47	331	98	438	143	280	382	137	108	48	178	334	557	538	497	542	371	460	548	39	108	411	310	512	539	187	70	543	67	230	503	39	66	234	382	166	63	330	400	363	47	538	0	21	459	243	554	39	336	10	9	321	272	147	196	459	284	542	409	74	500	369	509	27	329	468	478	241	538	208	538	357	98	498	291	64
478	244	343	291	101	82	245	257	484	65	86	493	47	152	346	271	6	131	180	3	494	418	258	239	531	321	479	250	421	348	101	344	451	64	266	265	9	12	1	39	457	235	395	510	426	354	275	470	405	23	62	292	273	91	377	248	130	91	24	321	465	69	459	271	79	135	34	0	280	495	407	361	201	406	294	157	198	238	1	504	351	256	89	293	485	402	154	518	248	533	413	320	174	224	495	70	128	38	8	232
91	394	182	42	129	204	551	404	4	429	479	32	410	313	351	467	239	173	453	447	161	260	408	395	159	237	405	190	510	537	301	318	114	155	517	168	302	183	116	142	187	351	137	205	148	22	461	96	287	240	77	508	375	168	552	99	49	457	357	33	410	531	555	435	342	281	470	259	0	182	223	156	38	150	270	174	301	429	396	534	218	439	522	240	378	222	196	277	432	268	405	78	4	350	464	142	220	134	387	415
302	438	41	356	156	131	52	268	258	263	440	248	224	177	318	213	394	520	417	153	258	473	371	244	60	63	486	530	238	499	5	443	59	405	103	105	481	550	167	329	419	478	400	135	449	298	404	64	495	149	311	116	277	80	71	256	199	400	516	359	42	166	290	150	47	37	228	391	473	0	373	262	34	154	205	413	285	6	31	78	403	343	351	447	295	214	3	96	293	34	361	126	379	20	258	225	251	140	522	265
514	392	490	248	464	400	394	305	233	310	334	398	92	524	125	410	279	238	440	168	429	429	176	336	383	517	201	431	463	479	120	519	31	387	101	15	166	210	91	191	205	26	307	236	338	119	6	478	218	170	541	199	266	423	482	16	364	508	373	130	229	101	461	420	372	12	47	314	244	552	0	200	305	211	7	527	356	492	213	386	390	142	95	215	3	178	275	167	207	136	530	23	422	500	1	23	2	550	98	490
442	378	101	250	3	64	411	291	60	486	227	43	453	264	466	167	386	115	35	508	200	482	472	536	97	5	465	512	450	358	438	360	370	357	504	350	370	512	444	172	276	423	13	19	88	8	347	173	355	187	517	9	459	249	39	153	428	245	200	139	486	348	32	169	331	185	309	395	369	406	43	0	313	519	166	109	439	333	94	109	483	479	390	382	102	111	432	157	110	131	174	3	422	355	143	114	556	311	93	194
259	296	460	430	162	489	390	490	133	377	432	422	373	283	552	443	457	164	305	9	403	474	119	42	343	172	484	259	135	312	155	471	331	466	21	255	124	440	551	326	110	146	123	127	141	179	416	540	190	167	457	213	130	21	18	424	445	441	321	63	109	289	41	10	407	551	328	152	271	41	356	192	0	175	62	236	4	194	389	421	133	342	416	392	292	304	14	53	92	257	93	373	506	411	38	266	183	47	466	46
415	90	66	396	399	40	333	446	285	425	464	528	349	386	263	422	422	436	398	305	332	429	435	462	21	553	546	403	68	81	448	41	296	298	365	370	171	213	408	472	466	169	76	510	448	182	381	112	481	59	229	508	493	390	516	50	128	518	68	54	361	313	440	392	268	271	450	8	28	121	393	531	114	0	406	84	348	454	215	83	262	483	287	483	391	16	505	86	246	89	106	320	165	378	509	441	281	186	106	218
41	172	233	267	93	172	131	268	426	414	301	138	429	13	215	549	263	48	111	154	175	91	178	264	233	182	304	529	389	231	429	374	234	375	375	321	1	300	55	79	67	279	382	208	95	66	556	101	373	144	146	77	400	113	157	132	227	63	287	455	264	255	224	94	209	322	375	532	157	176	384	115	533	80	0	161	89	455	490	34	525	27	449	211	68	60	459	354	259	399	117	50	436	435	308	16	27	342	449	297
354	440	482	147	395	58	384	34	251	505	195	35	537	236	260	180	201	531	320	183	526	67	409	128	25	65	149	191	555	129	502	383	142	163	171	191	432	80	549	329	34	129	222	213	481	97	529	469	268	489	369	376	343	346	237	143	61	59	526	416	530	310	153	106	318	62	49	277	397	358	443	349	253	489	336	0	13	309	345	232	382	2	154	187	232	402	343	103	127	381	535	368	289	422	529	6	363	311	95	307
53	474	364	512	184	385	331	436	256	514	543	387	283	307	387	538	341	405	69	479	350	346	214	232	240	245	98	453	393	520	274	199	96	551	131	86	284	252	339	140	296	507	84	133	157	139	214	522	272	289	546	172	330	72	376	400	366	335	497	306	9	268	68	381	254	268	344	442	233	210	494	286	401	313	328	170	0	178	129	520	494	135	360	85	259	233	166	509	469	418	141	226	15	195	83	267	369	116	169	104
428	176	63	97	75	227	509	379	505	366	360	217	196	528	251	419	353	73	252	6	448	394	513	475	304	241	184	438	343	48	388	416	160	360	414	107	4	551	14	100	321	273	544	76	413	31	253	306	150	319	226	178	312	388	372	509	139	289	345	411	107	229	430	524	311	266	112	295	41	141	329	97	303	117	469	6	76	0	239	298	530	478	53	185	234	424	303	504	347	231	136	383	414	61	487	86	140	198	124	417
513	422	232	240	488	355	70	316	258	428	517	126	530	319	100	298	459	550	405	526	141	238	517	138	450	493	504	77	291	172	208	440	480	512	231	268	87	308	255	286	235	482	144	206	412	157	213	284	228	58	337	80	518	554	523	95	460	312	221	189	63	540	478	146	45	395	342	213	426	321	511	320	328	348	250	114	458	175	0	440	558	478	507	110	485	34	450	145	441	429	328	535	381	529	422	16	250	367	193	41
548	122	538	10	451	140	16	509	315	533	344	463	450	173	39	153	266	340	268	188	9	334	269	382	59	133	513	303	326	277	380	109	441	115	415	242	142	48	292	166	103	71	539	524	324	539	104	463	55	41	329	491	256	295	5	416	496	291	80	482	412	308	136	36	331	344	16	506	533	223	102	501	291	111	389	550	277	198	551	0	449	45	486	32	179	233	193	5	108	99	412	537	445	181	238	300	163	412	420	458
235	538	92	155	381	235	251	290	394	25	500	188	490	21	322	455	266	43	80	128	170	165	349	166	496	441	453	59	110	401	506	289	317	400	226	415	208	497	48	101	424	201	486	316	381	177	518	531	516	469	197	314	108	344	167	515	99	63	121	84	215	358	10	524	206	67	443	276	403	459	521	325	22	280	321	263	234	258	168	181	0	334	107	388	166	241	356	32	5	267	399	336	329	404	534	25	417	554	480	420
266	258	521	56	526	55	67	152	444	339	50	263	486	359	108	380	294	368	96	152	330	500	264	231	146	60	425	103	168	400	428	252	135	402	442	144	433	488	80	205	130	76	68	539	326	520	355	299	451	205	114	220	27	226	305	371	21	179	374	131	488	212	455	332	355	92	154	468	41	270	414	466	469	60	554	252	485	62	296	549	262	0	282	264	473	516	503	113	302	449	55	448	134	464	160	250	267	125	150	461
490	382	379	125	520	35	295	75	523	408	324	436	12	213	260	360	265	253	111	159	195	69	65	310	423	66	255	458	410	377	298	394	4	451	226	309	1	518	363	200	355	326	55	213	215	190	63	269	101	66	30	409	63	181	279	105	292	551	501	182	59	527	469	508	515	99	257	282	392	184	240	492	514	170	480	431	18	454	475	88	103	394	0	118	455	343	504	438	263	400	1	141	409	182	7	500	483	432	311	365
378	153	141	435	485	41	496	475	435	229	455	182	416	524	23	78	262	159	483	195	115	187	282	62	363	104	517	209	354	377	279	49	94	427	395	22	483	420	306	120	182	358	342	60	4	276	429	409	224	69	284	171	554	62	230	499	34	474	545	171	479	382	494	412	252	116	267	443	120	542	41	124	411	108	95	5	489	17	265	158	37	174	348	0	352	31	525	306	490	310	283	490	205	272	28	396	467	466	66	240
245	285	555	353	452	10	356	478	196	226	536	181	118	555	433	79	339	527	298	330	454	274	538	468	160	555	516	365	386	14	477	356	103	332	176	29	196	442	458	367	145	536	140	59	449	248	72	306	331	258	324	31	281	400	483	438	399	427	445	204	427	177	525	319	164	80	531	269	82	214	436	366	481	270	157	222	444	383	171	193	31	325	317	424	0	174	100	359	252	242	416	2	439	472	409	147	140	120	112	267
413	426	125	525	269	106	537	207	162	21	223	184	403	160	130	450	8	220	335	25	168	542	454	479	70	518	513	339	251	34	251	478	246	132	292	9	418	419	540	489	267	193	28	288	548	534	123	309	350	19	500	385	504	12	301	424	174	500	376	223	490	429	191	35	442	59	152	30	399	227	472	301	474	377	511	357	447	259	45	49	272	325	436	360	278	0	84	489	283	71	258	261	214	526	408	148	14	116	69	359
46	256	526	15	221	212	320	416	545	186	16	426	83	159	397	443	459	237	481	164	156	523	419	325	266	488	489	496	444	374	318	321	432	369	399	100	156	186	410	194	264	394	154	363	81	320	107	397	61	253	323	498	416	427	531	537	46	62	446	305	484	364	107	42	526	249	339	292	105	133	123	148	388	376	517	302	108	183	56	363	163	543	116	197	395	521	0	473	60	371	289	477	182	448	326	77	53	46	124	504
232	536	55	150	361	383	498	217	308	452	557	88	347	448	145	336	147	41	361	252	321	557	45	392	129	558	88	70	389	173	280	58	207	275	541	413	72	550	545	294	506	467	391	228	538	38	77	295	60	99	542	432	367	303	232	274	159	107	120	351	504	320	532	154	420	558	440	257	239	71	327	95	437	519	106	451	190	503	172	20	225	436	264	295	38	313	119	0	472	280	243	33	76	49	390	79	15	50	486	461
77	197	245	59	44	446	263	473	442	20	120	18	281	161	525	284	532	40	171	234	512	255	447	248	230	75	312	365	129	474	25	83	355	419	315	499	494	549	105	414	459	404	164	295	391	95	409	324	356	388	325	304	355	362	527	315	506	107	406	477	168	146	58	156	121	353	154	437	67	90	41	190	305	182	321	410	75	55	230	192	19	7	168	391	463	262	536	484	0	426	494	209	340	509	196	96	529	398	105	245
201	188	226	188	91	126	49	211	273	363	221	163	65	10	149	51	260	147	40	391	142	228	502	210	491	555	133	177	50	380	266	104	380	25	357	59	104	264	374	135	558	493	358	290	299	550	18	268	56	413	7	549	384	166	449	36	492	162	372	24	529	233	457	512	28	365	339	553	71	223	126	496	321	442	327	358	325	65	495	393	227	305	540	223	469	547	379	305	388	0	423	134	348	425	208	91	125	547	114	84
540	350	281	139	255	176	546	280	67	211	370	503	56	385	446	482	418	387	485	30	430	102	275	7	107	316	270	1	163	410	387	238	173	262	438	199	363	426	277	470	540	409	108	198	416	185	139	337	110	149	238	215	366	405	111	370	499	384	527	441	184	352	515	180	125	223	491	160	49	17	438	169	36	175	262	105	226	269	488	440	62	262	86	99	553	152	28	150	471	117	0	415	234	192	499	308	251	283	355	13
352	64	487	188	49	307	47	312	88	170	279	150	553	7	309	4	55	337	151	405	163	195	11	289	249	280	389	111	100	178	254	114	433	209	11	238	151	461	271	258	511	72	371	399	449	164	177	7	237	207	358	486	47	230	312	383	29	530	439	12	148	45	532	493	80	530	202	306	503	39	326	529	412	290	468	301	359	374	268	462	194	132	150	239	206	333	265	183	235	458	193	0	176	183	538	253	223	71	195	314
84	504	11	91	491	400	174	345	229	133	458	508	77	110	186	77	312	458	369	57	180	61	89	13	382	549	231	440	303	542	306	373	159	417	473	26	5	296	542	91	309	157	343	200	137	220	365	398	133	73	209	211	344	18	295	341	499	1	518	117	109	435	59	11	399	86	155	537	392	318	91	9	495	128	444	17	426	114	533	421	145	374	35	482	144	332	332	379	16	235	518	127	0	138	345	517	352	279	324	245
320	487	283	360	388	346	440	18	445	270	203	477	260	303	401	512	201	516	161	98	527	337	385	467	347	277	202	482	37	498	249	478	487	175	359	201	114	538	48	220	461	160	209	443	157	444	493	23	70	36	142	390	455	323	352	93	551	401	102	284	264	440	211	289	185	158	385	506	280	167	93	319	6	120	238	441	217	69	507	19	528	285	106	358	227	482	145	269	402	498	158	327	117	0	167	354	507	220	360	421
396	43	428	454	36	264	294	15	416	244	118	356	411	232	500	323	493	91	429	196	410	69	50	401	21	139	309	125	533	76	172	487	175	215	87	228	376	235	2	25	512	282	395	74	371	451	250	42	534	401	543	353	377	514	163	550	464	194	371	278	47	347	316	379	388	87	295	173	79	271	439	401	8	419	105	255	57	254	12	413	126	101	409	368	59	80	326	410	177	30	357	134	328	550	0	107	242	558	53	56
303	245	496	531	79	345	2	487	323	192	170	555	399	305	140	400	360	142	530	471	11	202	276	446	198	93	219	205	403	454	15	413	94	321	131	146	175	219	352	160	296	262	303	188	435	391	491	262	408	231	427	246	19	368	313	297	533	176	236	443	356	120	313	48	392	188	273	344	480	42	452	433	319	258	21	392	161	369	340	21	334	533	278	516	444	119	443	549	537	352	289	89	94	319	149	0	252	104	493	454
38	142	374	388	81	172	157	107	329	233	143	176	525	56	547	191	255	513	175	509	377	394	416	94	62	453	538	21	286	419	323	489	293	485	373	528	307	212	397	400	282	210	378	226	95	86	554	33	463	53	270	181	302	315	300	412	349	196	371	275	75	366	482	429	100	419	132	450	139	291	129	160	86	216	555	52	537	89	344	39	292	295	407	286	246	17	414	19	77	303	400	282	325	377	411	233	0	6	243	442
195	121	288	199	164	500	244	366	471	248	166	454	459	182	11	90	406	74	228	50	121	38	205	106	80	558	103	390	226	493	211	275	274	329	342	332	184	313	527	91	365	476	227	121	326	162	256	41	301	531	110	484	288	100	108	302	316	164	5	538	32	276	404	533	368	92	218	461	287	476	402	423	157	340	80	216	407	184	229	443	538	490	433	53	555	427	508	107	178	143	150	16	166	42	68	106	142	0	534	47
469	425	465	28	542	28	453	508	475	16	542	516	391	140	554	257	89	168	374	292	419	269	382	139	365	463	538	428	309	9	93	66	18	196	353	34	170	331	204	196	249	198	447	80	16	529	111	350	431	508	516	420	332	247	89	283	130	347	96	532	200	390	191	251	173	541	289	224	376	440	482	235	200	543	103	274	398	39	223	361	259	10	542	245	260	458	237	289	65	216	363	226	510	137	379	106	414	91	0	177
3	103	20	547	247	357	397	393	142	65	154	64	15	197	445	53	262	20	337	231	226	223	493	148	483	111	447	184	232	521	95	323	547	159	431	347	442	193	51	548	34	77	121	267	25	380	427	64	451	461	284	138	484	483	364	23	63	556	55	54	551	453	517	127	92	89	461	267	226	420	487	325	104	214	417	465	278	399	312	203	244	280	102	448	173	299	202	28	399	105	95	498	42	259	90	7	92	262	515	0
