A	B	C	D	E	F	G	H	I	J	K	L	M	N	O	P	Q	R	S	T	U	V	W	X	Y	Z	AA	AB	AC	AD	AE	AF	AG	AH	AI	AJ	AK	AL	AM	AN	AO	AP	AQ	AR	AS	AT	AU	AV	AW	AX	AY	AZ	BA	BB	BC	BD	BE	BF	BG	BH	BI	BJ	BK	BL	BM	BN	BO	BP	BQ	BR	BS	BT	BU	BV	BW	BX	BY	BZ	CA	CB	CC	CD	CE	CF	CG	CH	CI	CJ	CK	CL	CM	CN	CO	CP	CQ	CR	CS	CT	CU	CV
0	247	251	318	472	232	232	84	210	449	400	123	483	441	51	192	414	8	294	429	407	21	72	147	393	28	221	147	203	464	45	207	338	539	380	419	401	300	258	333	71	354	509	224	492	225	238	70	510	247	492	163	434	228	12	179	54	120	254	407	430	293	347	439	337	142	108	385	297	415	536	424	426	181	214	276	78	329	81	126	262	370	8	190	507	525	101	144	427	502	96	504	336	251	489	417	263	246	253	82
62	0	464	369	32	346	513	189	298	444	282	84	380	450	357	394	159	398	375	176	364	44	427	474	536	311	116	218	174	315	74	359	11	112	243	10	252	498	2	504	83	140	462	183	112	454	466	146	58	317	475	292	447	252	35	72	304	252	136	514	476	433	116	55	468	475	125	74	26	81	205	201	204	395	194	330	143	158	317	55	244	62	481	408	449	19	489	480	42	40	267	428	490	38	196	501	264	126	496	59
218	27	0	453	369	60	430	479	321	20	123	63	43	496	146	55	524	520	220	322	286	480	39	250	83	124	218	100	195	208	363	363	38	91	128	298	357	217	461	288	61	76	156	324	218	137	496	114	298	407	94	354	128	199	382	508	508	47	30	124	35	520	294	15	516	147	327	156	289	428	70	374	493	35	136	145	100	511	494	324	249	1	113	381	236	18	365	356	192	144	7	177	527	41	504	330	238	524	56	344
225	178	374	0	458	113	429	120	519	456	101	387	279	218	334	90	335	391	13	249	538	137	78	315	43	426	123	138	28	34	355	149	84	333	28	99	480	79	509	319	287	533	429	22	339	500	57	7	308	175	68	438	134	314	390	506	34	19	487	292	115	5	527	285	432	381	392	171	458	78	521	88	273	108	537	448	364	187	169	91	277	141	28	277	162	518	324	63	362	411	185	311	329	488	472	518	499	20	368	195
507	258	137	1	0	310	519	158	277	405	66	372	201	528	345	354	396	268	491	188	514	502	515	222	63	433	279	326	483	227	405	193	320	440	258	492	326	388	272	432	467	181	289	13	19	133	452	359	392	4	290	331	32	330	421	30	81	148	56	156	274	192	169	429	259	43	200	264	74	273	437	298	393	521	497	37	262	115	113	159	146	42	167	461	275	341	325	67	35	97	191	101	50	157	522	198	533	198	344	42
538	61	442	28	56	0	14	298	103	175	239	222	371	427	171	327	429	47	433	466	108	429	378	179	475	134	275	149	15	4	168	298	82	117	186	255	180	252	86	106	74	310	155	488	512	119	244	534	34	106	125	311	527	270	520	299	332	187	507	467	413	303	482	345	200	398	136	190	422	75	245	77	195	390	128	243	344	527	172	412	68	236	283	181	298	73	360	537	450	54	534	242	81	526	296	26	58	524	81	433
290	57	271	312	99	152	0	134	268	505	439	65	468	399	310	529	335	171	88	88	520	364	243	440	522	38	283	410	156	490	346	378	516	488	465	82	3	215	469	381	518	509	125	60	171	192	361	6	218	309	437	73	333	337	212	98	209	85	378	500	95	94	41	143	260	192	431	417	252	29	24	344	65	72	258	71	81	135	242	167	408	387	95	216	342	55	340	254	15	10	397	534	259	465	51	371	332	489	214	89
303	450	151	307	388	36	104	0	321	429	283	504	164	286	375	64	27	113	428	79	95	299	43	298	109	460	60	212	45	395	372	209	42	139	259	511	386	160	271	227	304	435	247	270	479	527	115	498	40	279	255	107	202	39	388	232	534	38	495	364	363	90	232	304	147	307	3	520	344	344	30	306	164	249	269	294	220	468	388	411	418	14	229	70	454	368	522	444	359	391	214	426	487	447	183	457	144	467	104	456
262	438	527	333	249	448	29	141	0	273	364	387	9	289	418	163	410	235	200	235	218	72	58	191	374	217	332	406	406	346	183	166	244	165	269	96	212	113	264	523	152	212	274	327	33	111	537	189	389	169	313	173	63	353	99	57	477	374	135	148	502	414	521	528	291	430	101	335	311	150	347	125	21	229	374	23	99	149	214	401	447	14	178	178	502	68	333	14	179	11	1	151	54	34	430	434	121	114	122	404
20	271	463	356	439	346	426	175	446	0	492	157	253	462	113	309	62	490	285	27	257	41	218	328	472	222	538	528	293	394	84	442	470	454	420	83	22	508	203	174	40	235	408	519	134	148	311	225	67	471	228	469	253	5	204	447	11	147	380	504	200	20	219	62	227	243	363	517	417	170	458	403	201	128	521	436	181	278	23	81	354	103	94	371	525	322	51	307	122	23	516	415	320	243	93	487	176	266	27	107
211	352	224	65	530	495	498	103	180	355	0	66	186	454	239	337	298	151	138	69	459	303	316	69	40	456	172	459	461	279	402	220	454	154	20	95	138	261	144	23	435	426	251	329	51	85	36	220	413	356	242	366	367	204	504	436	185	67	361	240	73	479	68	377	170	43	115	381	445	450	72	279	330	471	133	168	290	65	428	113	304	190	520	71	518	480	393	494	156	276	4	458	37	433	437	87	418	122	469	510
256	498	191	495	307	23	212	474	230	302	451	0	4	110	181	493	62	332	458	323	232	101	455	396	307	197	315	302	193	502	539	237	59	296	51	516	415	318	420	503	307	439	310	399	190	41	56	189	97	46	255	168	377	537	291	44	267	45	517	80	262	401	503	359	308	490	236	400	179	64	456	109	251	149	286	120	7	132	249	34	151	499	57	457	169	337	189	43	290	343	336	34	466	454	49	85	373	368	94	261
105	119	152	384	432	311	446	195	87	337	42	417	0	125	44	77	386	432	504	489	415	108	154	451	99	103	459	307	379	212	208	350	169	3	168	460	516	501	61	292	85	300	447	170	250	310	455	218	377	298	304	200	223	449	121	357	233	129	263	260	293	214	398	355	112	204	322	248	11	282	51	504	130	320	187	170	521	488	297	373	276	44	516	160	27	202	446	333	65	218	225	58	526	112	195	26	143	92	219	177
107	166	237	445	203	522	500	169	493	465	201	123	166	0	51	84	136	19	33	8	97	203	164	372	346	379	74	150	450	291	42	295	196	61	259	148	245	176	77	263	179	129	88	404	199	65	283	276	399	187	39	343	85	33	322	487	447	411	499	488	343	37	245	248	196	229	155	280	89	88	95	399	175	148	343	79	132	427	364	100	59	31	19	371	306	309	412	410	192	96	351	520	154	285	419	279	346	517	392	109
487	512	204	181	358	529	357	265	205	186	517	157	501	469	0	102	316	286	241	209	243	189	357	359	522	460	146	499	299	202	372	158	79	246	292	509	244	469	457	190	517	108	324	188	74	460	239	384	216	273	220	518	462	455	400	157	59	271	521	147	127	526	146	125	499	373	438	93	345	124	274	223	494	524	447	45	380	279	17	445	290	439	497	157	376	373	378	153	146	217	43	280	243	273	349	465	174	258	223	471
337	110	63	318	269	510	255	21	73	346	56	315	279	521	62	0	142	226	158	524	441	276	380	183	209	374	62	275	402	532	132	234	192	450	494	392	313	387	21	147	531	298	92	163	303	44	456	8	198	466	82	45	356	253	124	4	495	304	172	167	473	401	517	353	377	479	535	265	153	54	498	266	50	366	92	437	142	154	301	504	112	532	382	324	470	250	42	364	191	378	143	212	411	428	437	159	445	505	133	87
344	125	292	132	127	450	151	133	464	345	501	270	261	59	185	254	0	428	361	474	273	495	289	331	180	307	33	232	364	51	482	353	169	270	405	227	29	459	518	133	493	217	6	7	396	234	153	496	80	322	498	306	407	343	365	423	17	421	475	175	464	481	247	373	63	488	210	14	385	259	20	123	402	242	49	401	506	134	483	492	456	212	393	207	220	321	141	230	374	354	358	169	359	509	147	247	46	442	296	379
280	196	275	443	167	32	208	203	242	196	475	172	491	276	483	414	96	0	295	525	273	113	267	108	513	343	183	268	535	70	491	128	386	353	218	530	106	148	337	348	313	169	398	381	31	17	167	279	104	334	164	51	378	204	206	511	431	218	407	383	273	348	349	27	421	483	518	35	299	180	179	7	185	217	34	105	507	430	163	417	269	235	119	351	278	518	514	24	362	273	4	290	259	74	87	253	205	43	1	496
80	396	179	78	9	185	14	242	273	32	475	130	397	148	229	297	70	461	0	201	423	216	136	191	321	286	533	243	28	204	386	416	425	468	525	17	264	434	527	105	291	402	385	105	92	142	263	416	147	392	381	344	105	375	459	279	107	25	523	97	199	277	501	254	253	187	239	509	59	380	447	180	209	304	75	81	234	285	115	444	460	226	529	180	312	4	405	159	463	391	132	347	181	16	349	532	306	232	315	48
121	49	455	532	489	209	99	528	507	219	304	389	212	475	13	44	533	292	467	0	490	293	490	107	200	216	164	53	453	158	22	193	362	451	83	172	143	277	439	315	350	464	422	53	411	357	419	484	361	227	37	500	149	223	104	426	67	504	19	242	492	121	182	420	476	18	418	401	407	203	352	411	136	316	156	68	496	33	338	40	341	512	141	109	62	466	448	71	7	196	307	109	457	83	227	214	191	432	174	185
222	7	367	173	532	390	165	409	445	176	457	294	99	181	326	164	475	528	279	222	0	67	360	453	463	337	501	519	81	83	423	116	36	520	27	320	1	276	225	303	267	289	349	480	415	292	285	362	88	261	297	129	259	436	35	489	318	283	528	91	501	82	64	120	18	199	60	443	495	438	369	247	413	221	246	184	285	158	480	7	474	9	338	512	463	59	169	71	350	515	443	117	217	451	506	88	31	488	309	377
292	414	197	525	164	429	289	449	409	403	200	427	302	425	83	327	91	335	178	177	367	0	33	223	150	458	498	173	90	165	33	9	508	453	181	100	445	61	331	324	85	38	23	148	500	120	397	137	442	450	55	203	162	348	143	303	49	441	99	518	344	90	3	507	205	220	98	516	389	480	144	410	308	20	467	400	191	73	409	169	462	154	219	294	374	493	179	188	362	64	203	127	160	356	185	193	407	53	273	454
523	36	392	35	270	78	214	36	255	410	182	428	517	120	423	100	280	208	304	212	483	435	0	16	98	272	133	177	141	124	502	294	130	342	200	80	411	435	147	126	166	299	36	377	60	100	260	261	330	438	348	484	193	11	200	508	83	324	213	225	386	242	103	365	307	453	39	435	347	427	431	237	133	403	427	155	131	247	256	175	197	432	28	278	239	22	319	423	529	241	445	45	21	287	415	136	172	95	362	243
347	533	260	445	154	470	154	496	274	334	416	87	172	37	449	69	356	321	523	235	484	70	169	0	420	85	484	282	219	317	369	326	18	66	33	429	179	252	313	78	45	16	169	538	148	385	120	89	343	228	12	301	402	350	420	522	406	383	507	483	297	272	322	489	245	316	67	292	399	24	391	500	33	116	90	335	531	58	268	227	134	152	76	258	224	248	48	16	177	344	508	432	316	238	101	255	69	94	385	227
461	257	267	182	221	488	110	138	132	322	132	344	536	168	204	339	230	356	473	357	254	444	503	483	0	10	241	231	285	498	350	403	226	384	302	124	31	151	393	55	38	513	399	256	22	247	482	364	364	411	61	277	376	166	461	64	343	90	83	296	26	501	89	133	405	381	334	45	164	79	155	537	263	40	367	77	518	133	99	122	507	209	315	391	479	184	497	472	99	434	327	474	199	404	412	221	398	515	375	59
527	292	454	42	440	162	321	516	527	336	327	390	355	433	512	310	112	508	85	467	321	57	50	433	505	0	465	122	509	352	134	222	95	92	285	375	152	514	531	236	46	323	268	283	464	328	342	19	539	255	281	492	112	411	362	321	380	384	532	60	72	445	300	428	527	221	302	315	501	150	329	426	177	18	247	470	529	248	409	318	140	182	75	168	278	139	436	454	513	476	498	525	201	232	188	395	380	504	518	264
302	263	123	21	397	462	154	534	497	48	208	393	157	329	10	529	321	290	392	217	234	222	280	239	243	185	0	59	532	196	402	395	282	403	223	185	124	68	526	276	486	178	12	217	465	174	252	441	301	72	430	458	509	279	476	301	314	521	3	307	3	68	287	50	380	125	286	35	356	389	70	509	163	41	112	270	57	424	323	60	369	40	499	462	313	65	4	63	36	463	262	188	151	366	183	134	488	95	344	411
436	347	137	347	391	118	452	394	52	176	44	6	5	99	194	6	459	340	508	372	429	438	215	81	7	392	433	0	291	278	281	336	253	322	146	458	485	127	15	93	14	264	114	346	225	46	227	176	448	62	71	519	197	445	112	250	56	56	307	436	513	45	169	294	390	327	326	412	57	233	67	109	483	265	435	186	307	326	498	20	118	374	168	210	286	165	87	308	13	449	197	399	220	212	162	243	66	527	511	107
514	469	200	196	292	69	157	492	26	232	378	462	210	395	7	87	440	416	460	40	77	321	112	472	361	340	483	83	0	511	317	508	380	290	175	100	91	380	372	348	73	41	499	292	247	394	499	57	537	21	509	370	421	177	511	265	52	388	118	279	289	404	75	443	261	486	448	266	348	101	537	117	318	417	483	163	235	255	362	223	180	35	340	247	345	354	484	347	363	387	359	412	134	169	396	297	2	456	65	172
46	206	374	84	1	472	401	159	483	382	136	107	295	478	416	88	273	289	103	469	531	407	504	377	429	406	252	147	228	0	270	83	172	249	72	302	305	474	22	434	134	486	380	396	210	223	150	347	174	97	52	14	528	271	14	166	328	36	274	475	148	98	17	13	51	41	403	324	510	250	194	524	310	136	502	66	78	355	344	78	249	172	486	332	184	85	527	418	201	152	40	350	466	490	58	419	514	79	387	67
107	263	385	309	359	504	87	176	58	507	461	291	48	358	204	461	311	156	380	29	69	226	199	132	129	528	79	124	49	347	0	388	356	339	381	492	398	278	506	336	284	390	311	414	244	339	424	506	334	427	497	129	349	537	303	262	357	17	237	279	40	119	196	223	35	220	397	438	137	180	537	178	194	166	311	33	169	189	177	11	507	493	208	326	11	417	494	452	92	331	340	508	417	456	108	498	488	187	256	470
504	2	421	481	162	393	225	229	152	277	360	55	529	194	442	52	365	504	414	323	430	274	226	146	298	299	272	169	52	428	393	0	148	356	23	429	109	185	131	401	402	301	479	494	445	89	196	468	488	26	262	237	282	101	234	158	317	422	36	16	311	127	146	496	270	64	320	506	525	302	7	102	231	487	286	482	290	234	368	356	355	35	275	180	145	407	86	114	514	292	185	455	107	93	141	221	533	404	442	449
459	276	158	432	88	74	442	368	222	367	203	534	169	432	250	334	208	229	205	223	163	243	394	30	144	447	29	87	524	473	269	310	0	281	126	116	529	508	227	429	466	299	10	94	32	435	257	184	59	10	397	311	74	190	207	465	79	221	312	311	419	5	491	214	142	392	439	389	219	66	67	529	114	354	267	264	380	437	156	389	32	224	125	64	333	174	533	518	429	436	96	95	123	170	448	426	398	113	38	342
102	36	215	539	282	218	358	195	458	49	270	518	48	453	197	363	408	481	284	367	513	434	301	49	399	430	265	422	287	323	437	479	338	0	442	144	107	490	103	425	495	5	164	303	244	468	342	341	260	415	276	384	474	25	415	319	457	228	321	440	292	83	5	390	299	420	270	221	102	373	20	88	14	121	389	16	299	308	75	474	224	87	403	404	42	340	102	471	247	271	444	132	356	9	480	224	342	190	289	247
384	422	302	304	213	490	391	163	210	12	520	481	405	61	229	150	435	141	329	214	360	245	535	308	521	148	15	290	304	399	299	385	372	220	0	215	160	42	286	7	205	415	268	198	285	260	238	191	272	404	306	108	408	297	245	321	114	285	69	133	177	171	18	332	440	54	73	507	468	288	70	383	6	451	328	199	361	196	400	452	313	357	488	476	533	485	1	287	532	379	419	9	367	228	73	244	299	279	230	227
428	387	412	7	178	12	44	39	9	239	368	464	132	91	58	418	359	491	381	405	305	392	151	237	132	457	38	399	157	422	292	306	215	493	497	0	256	517	406	185	271	458	138	307	358	278	310	95	132	222	335	38	7	388	384	256	447	23	195	337	482	493	251	282	432	73	68	415	209	345	450	429	329	195	495	224	188	97	167	149	282	493	485	276	84	69	351	53	34	310	126	104	33	170	134	104	67	266	347	317
159	121	303	102	97	533	11	225	63	419	476	449	344	309	161	394	100	379	312	111	352	48	74	154	256	252	82	157	109	276	472	56	134	523	359	244	0	378	193	48	265	515	352	321	232	329	92	237	232	492	199	130	226	301	192	449	302	90	285	347	43	471	378	235	422	377	97	47	183	120	25	71	14	163	359	126	397	422	172	297	367	454	228	349	508	479	130	205	285	523	219	186	311	253	447	300	187	445	416	418
521	24	122	82	463	244	386	232	184	325	175	36	295	271	426	126	532	468	345	101	423	391	360	104	416	380	359	530	181	91	243	455	364	330	429	346	177	0	175	160	415	103	516	250	215	399	211	337	325	517	346	6	129	159	114	409	103	215	244	369	253	7	400	411	391	417	467	266	460	56	162	253	529	270	492	198	405	469	36	176	90	537	283	170	61	159	249	441	354	399	406	48	371	510	226	171	178	534	132	202
67	190	252	250	179	424	313	198	490	518	523	356	238	252	138	65	25	472	349	380	447	305	379	218	497	14	302	227	536	512	376	418	58	113	226	82	16	53	0	449	150	71	112	60	294	218	175	71	205	181	517	41	445	261	158	482	266	30	13	340	209	462	392	403	409	459	321	295	137	311	411	339	308	25	247	106	51	67	136	265	367	83	288	29	350	379	63	109	213	9	419	295	446	285	203	323	259	410	199	183
77	381	51	434	443	26	454	130	176	371	144	247	426	240	424	195	112	269	254	31	388	350	221	11	102	43	41	228	93	184	66	369	434	445	341	385	469	142	430	0	39	60	132	240	438	502	361	507	447	377	385	510	501	231	243	185	179	26	97	474	413	371	516	309	356	370	198	373	341	318	315	184	278	435	270	439	477	52	114	90	139	375	268	479	433	191	389	449	36	457	124	480	123	473	302	49	206	257	154	316
131	76	187	52	395	146	156	203	72	141	517	519	516	400	48	160	359	405	243	59	43	438	503	438	4	524	359	267	147	416	417	259	88	424	165	384	415	45	262	323	0	120	525	354	515	160	364	85	182	533	319	453	28	141	507	369	78	400	479	235	420	31	504	66	396	96	419	95	444	517	420	48	162	217	276	477	450	49	363	75	32	418	411	450	87	247	492	258	23	256	156	158	240	409	186	117	235	499	176	34
424	22	514	535	485	39	33	457	288	161	480	291	159	517	210	95	237	93	46	437	223	463	532	501	444	388	463	314	490	346	517	115	222	499	190	412	229	207	374	124	398	0	361	173	259	537	278	402	247	60	447	178	137	90	241	42	158	172	132	405	326	81	352	166	105	216	273	245	156	129	457	279	395	468	249	278	476	267	517	462	201	393	457	227	23	253	161	277	38	30	426	131	174	527	450	151	357	250	129	356
422	64	369	153	278	320	148	323	304	471	342	90	81	195	268	310	507	498	228	35	238	372	29	88	526	53	285	474	49	417	148	174	278	399	278	329	480	297	507	449	190	125	0	238	319	279	63	87	159	96	199	36	275	484	444	355	256	193	128	198	94	135	322	359	531	138	13	277	68	13	491	336	213	159	281	530	477	32	189	213	423	75	70	344	389	14	352	219	269	463	234	213	90	176	191	47	383	89	258	435
262	452	516	181	506	73	177	166	357	521	278	196	201	71	240	251	203	396	238	20	200	215	481	214	396	488	488	449	528	300	342	401	387	128	442	275	175	31	446	410	507	181	470	0	530	531	514	339	352	76	508	61	332	115	261	340	191	32	344	130	58	488	391	266	32	155	85	320	162	236	283	401	263	154	37	54	357	45	282	436	69	382	159	237	145	536	410	106	2	529	472	485	268	458	71	459	88	477	93	246
165	122	491	241	219	127	277	312	379	350	426	226	268	242	2	448	417	182	183	424	533	324	394	516	233	233	208	384	237	426	343	28	482	112	401	413	357	47	333	372	59	422	423	515	0	88	232	113	86	198	487	423	371	71	355	20	216	278	77	512	239	9	50	190	422	162	504	486	281	155	192	227	65	111	121	101	130	62	451	443	180	240	122	14	440	255	472	444	100	198	205	419	76	233	331	522	207	388	372	142
498	473	428	19	127	298	394	267	224	252	539	47	271	45	195	131	450	266	254	386	163	405	157	324	126	73	64	345	458	159	388	384	65	352	446	134	450	404	112	183	208	64	26	126	201	0	15	526	454	91	306	327	352	53	168	1	261	156	479	31	507	299	487	429	466	521	395	465	157	476	303	494	522	524	135	352	184	140	357	141	429	446	129	248	184	435	469	351	503	238	92	194	386	271	127	341	196	535	37	330
203	474	37	94	491	166	480	11	466	229	152	58	287	18	501	143	52	170	6	51	338	260	390	303	500	57	281	534	22	379	423	491	509	3	109	20	420	171	213	162	45	324	120	346	293	173	0	180	523	526	132	539	323	495	314	271	202	28	519	56	47	138	243	238	95	302	313	220	439	126	148	337	84	331	30	102	174	150	491	492	517	530	75	12	337	5	11	174	336	485	207	365	400	229	178	464	474	269	401	411
110	400	226	12	436	389	521	321	3	83	538	287	221	53	228	172	103	245	24	63	432	51	402	74	192	347	464	236	508	361	33	356	471	56	298	342	18	487	281	73	365	240	133	288	289	269	319	0	252	330	87	515	400	263	396	447	520	489	451	518	240	6	215	13	75	352	396	281	98	384	13	142	276	304	348	215	353	228	161	77	222	429	243	325	473	191	506	421	326	161	335	70	505	149	212	108	390	400	485	232
313	406	241	492	341	80	493	27	43	537	488	138	341	348	517	171	80	292	198	421	469	414	171	49	485	528	466	18	328	52	531	473	337	163	114	527	82	125	430	279	533	110	375	60	419	140	538	224	0	481	29	15	217	178	531	407	203	141	439	464	349	327	455	523	301	40	324	233	512	528	267	365	526	142	259	133	32	299	228	173	485	248	291	149	273	60	521	68	236	421	328	455	189	340	528	59	505	189	447	174
292	311	2	71	198	143	258	142	167	209	124	160	156	43	297	22	415	53	138	334	56	417	99	343	491	490	484	132	26	206	76	199	33	47	409	355	495	267	229	134	211	88	354	347	78	198	191	280	256	0	421	193	47	22	316	339	399	496	42	52	208	5	164	134	110	128	153	166	488	4	53	192	400	372	483	502	414	244	237	153	71	465	524	47	398	1	100	102	278	477	43	310	141	457	471	183	365	253	272	128
187	427	37	166	522	161	203	234	414	498	391	383	532	238	415	486	296	373	255	419	362	453	25	344	210	10	53	170	197	421	328	392	302	299	475	305	176	504	178	123	283	205	432	512	350	478	156	270	16	190	0	86	479	187	469	167	435	441	325	334	486	510	249	339	200	516	372	69	35	232	129	38	246	533	495	303	320	30	110	383	78	337	407	205	139	115	158	192	256	115	140	488	159	27	101	312	108	3	142	369
139	47	12	272	153	127	337	364	148	56	167	194	407	395	94	49	436	519	509	520	142	40	419	197	429	177	400	425	50	94	528	271	193	533	80	472	381	15	245	140	312	141	166	535	218	499	170	231	138	348	69	0	392	324	67	366	510	318	230	139	155	311	8	101	466	127	198	233	291	144	143	474	490	325	291	150	204	107	288	168	58	196	532	111	479	111	430	485	387	252	79	293	334	252	472	193	360	65	432	10
16	46	428	489	427	37	260	174	132	8	247	90	80	177	311	468	219	106	477	181	307	40	338	341	451	29	409	227	35	439	354	449	110	493	324	98	49	284	151	231	201	34	20	528	309	451	170	468	115	43	371	363	0	414	1	218	328	259	239	352	9	340	279	495	482	186	354	446	182	113	115	51	240	440	103	472	508	259	495	271	212	41	395	288	397	462	41	174	473	177	81	237	486	385	381	61	499	41	495	54
443	217	452	159	38	534	480	12	28	244	109	38	85	38	446	413	84	231	191	200	489	102	278	294	241	206	31	30	77	531	174	480	277	507	536	21	388	171	325	12	294	81	164	481	271	533	114	386	491	396	480	398	414	0	215	283	46	122	124	145	393	132	222	320	124	10	448	500	480	355	457	198	273	364	144	57	330	234	414	143	181	13	469	265	367	181	480	346	402	459	360	373	406	463	79	390	307	80	324	174
183	531	450	536	383	528	379	104	476	304	212	85	161	207	435	410	385	174	521	470	122	278	483	129	147	529	485	413	489	502	305	186	506	315	1	436	425	384	476	222	136	34	293	514	419	198	136	304	83	375	534	106	183	395	0	7	426	132	473	67	485	341	477	96	446	52	492	21	296	235	264	13	87	119	195	290	235	509	305	116	171	242	6	94	527	229	177	452	186	54	252	484	51	26	188	118	153	7	45	428
288	371	337	401	52	256	261	148	353	1	48	171	165	483	310	96	126	294	449	488	450	119	145	464	460	471	325	252	409	452	292	148	359	107	2	228	308	331	267	121	525	215	216	123	240	2	98	516	57	518	167	279	127	458	381	0	376	492	276	51	517	36	116	237	113	26	400	369	91	253	66	500	16	201	388	137	331	436	258	8	195	26	462	234	422	19	63	519	149	128	173	479	216	169	331	192	283	327	194	160
465	480	200	91	164	288	41	75	526	453	233	47	392	309	209	469	528	32	190	524	290	502	340	224	34	527	26	246	481	39	126	406	446	497	186	169	92	207	348	173	94	300	43	520	278	251	59	328	74	529	462	316	391	89	150	297	0	320	525	278	498	207	188	269	289	228	438	179	145	273	387	235	239	491	475	128	165	97	68	118	351	347	320	195	359	21	256	195	365	186	525	305	521	290	235	146	44	527	112	356
35	265	200	16	503	388	375	272	425	167	376	447	80	357	40	535	117	295	179	135	307	54	401	129	197	343	387	108	395	347	71	62	377	310	245	328	99	329	287	129	487	56	382	179	345	441	348	177	213	313	337	260	156	142	285	524	49	0	471	373	500	331	319	29	352	401	179	201	202	221	354	82	299	185	313	282	36	304	12	11	47	151	221	280	453	470	320	374	147	78	487	326	78	395	172	56	56	120	73	523
123	245	86	45	442	510	513	470	352	29	419	465	48	165	351	262	34	185	424	248	164	38	121	326	150	184	3	172	315	516	537	448	87	307	109	439	405	517	331	182	396	28	396	431	89	466	444	44	71	510	275	299	526	83	392	81	462	25	0	249	433	62	502	138	2	399	39	7	406	48	292	439	356	344	458	470	375	48	368	128	51	408	252	473	2	230	490	462	70	353	442	418	52	170	5	434	75	67	279	304
526	233	292	395	527	310	89	456	526	103	373	335	512	295	440	305	273	225	254	237	460	510	383	45	14	409	306	42	44	138	383	339	185	333	332	391	243	433	154	13	506	311	204	421	278	154	386	73	438	167	313	54	397	491	396	363	87	135	330	0	4	215	80	515	482	388	344	204	404	100	159	205	363	415	89	322	123	243	364	232	313	507	313	101	319	129	442	119	338	104	435	495	130	281	485	485	79	436	104	401
205	391	116	356	531	503	505	45	248	4	140	39	84	76	287	217	475	281	376	212	118	213	147	368	76	396	440	360	534	388	140	417	499	272	1	419	444	123	465	412	304	451	120	224	301	500	188	380	407	24	214	353	410	98	529	72	411	13	96	210	0	99	261	363	304	46	266	342	421	257	62	497	70	487	217	111	402	393	127	217	409	322	280	534	226	293	68	121	3	265	392	375	423	63	210	342	458	235	38	91
204	464	261	482	344	318	538	439	355	371	360	341	497	452	346	338	484	28	386	249	142	35	142	244	110	23	392	459	503	86	480	387	187	270	363	25	268	43	342	53	314	497	399	256	434	328	73	367	173	530	30	337	304	266	125	528	22	13	273	157	113	0	309	102	303	195	479	406	229	517	449	98	30	307	82	231	125	423	423	72	187	114	30	167	506	467	211	395	13	185	332	521	215	379	46	264	523	16	490	93
26	160	466	62	274	347	299	128	375	235	198	277	32	452	63	435	267	517	488	277	457	488	49	410	456	352	47	293	193	64	78	407	20	144	18	77	280	65	329	236	138	398	249	45	37	444	215	50	228	266	48	479	446	449	125	118	364	366	105	535	456	196	0	402	56	530	117	407	91	27	57	171	297	156	496	323	420	54	189	255	76	19	325	301	437	94	457	82	16	215	504	28	496	68	424	261	68	24	181	392
119	328	488	4	441	301	148	235	283	5	400	357	353	48	502	394	125	89	65	340	7	155	478	494	217	392	244	538	329	299	175	253	76	191	445	346	530	378	51	63	255	387	349	379	518	509	385	37	147	171	234	126	161	476	70	95	244	361	373	226	365	408	538	0	242	263	470	244	47	277	153	409	14	391	133	499	229	234	460	89	384	69	300	8	7	48	1	500	80	405	145	466	476	186	386	110	99	221	514	237
246	90	132	187	262	18	136	470	301	250	94	249	58	471	357	134	374	271	380	6	323	324	514	337	26	328	199	277	252	78	170	322	525	247	278	465	159	84	174	198	312	355	196	79	81	77	513	394	472	441	364	492	513	201	432	148	121	435	196	329	444	403	49	494	0	264	333	42	525	193	179	161	468	524	358	149	262	401	147	183	445	218	136	525	534	498	226	369	420	380	493	32	338	534	2	35	523	201	374	306
424	463	16	394	82	335	496	351	42	325	449	337	136	466	290	104	309	372	198	147	539	292	34	244	54	460	37	131	352	45	123	335	219	38	378	467	13	220	208	304	340	217	355	430	4	512	276	317	469	138	463	434	207	479	65	360	245	490	43	272	284	536	131	199	426	0	379	348	223	330	79	513	252	492	58	308	297	298	222	397	403	317	444	10	134	328	345	142	444	331	30	165	285	363	57	506	27	13	49	273
528	141	203	330	403	13	370	232	117	351	151	146	54	194	448	502	260	388	307	531	430	498	253	21	206	424	211	481	161	210	525	254	360	222	5	476	307	321	493	93	181	314	181	444	315	333	308	500	320	352	371	388	238	139	28	386	431	110	518	355	304	345	345	195	92	286	0	33	347	503	177	230	395	304	247	43	170	333	165	9	316	102	407	352	92	461	462	474	494	326	25	118	354	231	47	242	108	58	296	186
174	152	285	334	420	207	436	299	435	196	412	517	195	292	479	318	27	404	124	257	66	250	30	339	479	435	498	196	481	177	529	84	297	356	43	290	433	489	171	23	13	67	327	290	437	471	517	295	260	64	104	539	334	59	471	331	369	318	148	317	91	136	228	318	411	356	404	0	38	146	462	87	58	67	71	473	98	100	131	371	457	490	282	268	114	263	59	467	75	229	461	90	351	529	198	209	330	74	40	457
207	122	138	325	142	90	90	262	442	522	363	15	300	76	474	357	519	323	287	438	130	39	33	205	240	445	486	271	473	513	288	380	239	315	52	403	338	195	525	356	5	104	251	496	213	7	49	324	155	471	147	357	377	113	435	226	303	479	116	159	247	195	295	108	347	280	417	452	0	32	306	512	435	284	210	132	485	68	284	57	72	61	323	184	148	349	521	8	264	437	348	165	145	483	311	110	350	105	133	270
277	369	48	410	533	325	77	157	248	200	175	48	238	472	267	507	259	410	235	21	89	360	271	327	407	215	521	298	515	237	438	159	492	231	214	180	533	168	147	322	269	479	482	189	159	77	424	421	420	40	115	324	246	447	12	464	186	502	291	137	539	503	509	167	58	533	315	480	2	0	445	234	371	396	70	346	429	247	11	537	446	96	282	455	405	401	419	340	277	334	30	484	464	426	345	446	242	476	99	437
124	471	523	337	371	358	112	382	106	144	313	255	289	303	526	334	386	382	437	264	152	533	236	393	272	159	255	95	64	225	65	111	382	409	497	534	130	188	324	225	411	420	74	414	38	150	287	377	524	164	455	339	75	506	273	50	8	120	399	509	428	387	170	63	286	380	330	244	93	212	0	305	517	449	456	150	480	436	311	280	212	230	65	236	243	228	404	9	422	38	413	293	430	470	25	379	31	408	60	501
326	295	481	24	325	224	358	105	488	336	68	383	173	467	428	298	23	26	151	141	370	41	363	301	262	415	503	432	58	127	265	538	504	353	94	56	190	28	491	182	150	392	430	526	115	45	184	465	475	345	520	472	235	454	335	473	401	347	185	324	59	7	186	237	482	60	202	10	207	506	477	0	35	61	356	451	82	325	518	456	469	271	521	262	343	242	267	78	426	446	406	502	147	525	510	334	155	213	351	206
294	392	137	145	467	248	80	123	350	208	17	138	512	32	434	334	318	380	285	29	397	527	126	109	372	15	533	71	87	278	522	162	285	123	301	355	389	6	163	209	29	461	163	207	423	171	526	45	508	171	446	403	133	212	205	189	467	484	446	374	289	318	339	424	141	162	20	276	389	80	25	322	0	5	242	48	147	393	10	137	260	152	407	262	352	142	48	394	71	133	51	133	98	36	329	516	312	492	210	348
516	134	76	159	265	125	482	181	388	520	490	292	223	107	362	168	184	533	374	62	34	117	31	7	86	427	77	478	6	203	531	47	345	94	408	458	267	42	204	439	471	284	309	11	290	174	107	15	436	112	498	200	438	221	306	162	63	389	97	514	151	83	536	384	9	488	91	65	231	519	487	276	188	0	52	19	228	339	71	127	301	185	473	213	41	224	384	44	143	521	116	326	231	31	204	110	387	239	443	17
170	56	493	525	354	476	514	386	41	449	101	156	265	333	191	196	327	261	134	408	424	448	309	336	435	55	206	331	154	34	3	441	83	380	261	131	470	96	503	239	409	447	204	202	490	238	250	318	379	365	154	42	167	430	108	250	21	115	498	82	434	309	516	505	419	331	84	65	125	427	463	487	315	407	0	416	323	404	284	86	1	322	407	531	73	247	208	358	396	226	31	482	6	202	90	51	42	285	123	292
232	338	426	223	265	190	242	223	73	377	157	487	477	525	194	168	340	78	385	129	139	456	99	78	152	222	229	399	531	393	426	382	324	90	449	463	403	187	256	16	176	538	133	534	275	18	8	272	417	277	427	371	365	161	329	105	373	156	68	61	447	216	190	450	154	233	237	4	358	167	289	68	469	196	135	0	488	297	138	416	508	109	34	302	207	29	312	56	334	252	283	20	109	307	286	111	30	359	456	274
167	420	398	172	488	52	50	339	435	167	400	474	253	122	356	507	507	403	11	251	110	307	427	222	238	401	264	284	401	258	444	282	458	345	304	510	221	47	315	286	316	296	7	140	342	28	206	255	22	276	206	510	436	237	231	192	535	218	467	268	279	2	508	188	282	219	467	479	147	486	392	369	18	117	450	531	0	147	363	21	126	312	145	418	152	347	411	17	440	168	517	265	348	479	160	227	58	41	517	424
213	176	317	24	370	334	313	3	291	202	492	133	236	120	227	78	409	283	348	90	49	354	466	57	89	504	66	9	182	423	453	528	168	288	405	161	350	488	461	195	226	367	264	498	410	357	481	102	3	260	362	103	291	329	174	191	92	514	196	458	262	407	181	515	89	275	161	99	95	191	474	533	369	185	208	471	499	0	56	434	469	412	364	155	344	454	409	92	402	318	29	534	417	492	184	451	129	161	315	388
494	289	46	295	522	345	141	187	453	535	3	16	175	494	190	276	77	243	84	98	173	287	519	234	91	88	520	344	340	372	391	331	56	308	410	79	431	484	183	128	5	135	512	508	248	322	204	390	55	474	296	510	437	221	96	351	529	235	255	230	253	258	181	407	481	409	304	210	182	159	274	411	145	353	397	144	255	244	0	390	311	282	259	25	287	457	29	494	415	175	144	375	290	410	228	455	528	61	505	163
183	157	42	134	206	156	440	306	233	410	354	57	46	138	323	9	87	357	6	534	477	439	249	27	55	355	464	351	439	151	158	145	288	353	436	8	267	72	418	213	366	151	17	200	418	76	294	410	380	190	416	485	261	79	484	319	386	125	278	528	58	106	298	291	498	104	437	475	515	127	500	529	495	477	289	447	16	88	345	0	189	220	371	48	237	195	94	232	49	350	398	122	386	131	162	522	443	35	162	491
333	86	114	286	42	385	47	372	309	435	11	16	250	139	278	105	108	491	321	99	231	368	103	173	254	301	500	103	186	103	241	480	126	299	209	212	95	37	483	440	120	319	116	76	278	421	163	63	482	72	242	258	317	119	528	90	422	326	293	166	308	236	243	515	362	324	420	112	456	449	401	484	29	414	261	46	366	489	218	307	0	256	217	517	434	530	337	69	323	1	84	506	465	446	200	514	490	332	162	4
162	312	78	526	239	104	128	283	37	365	256	89	186	43	51	384	429	313	318	477	76	206	507	166	215	506	375	238	114	201	431	212	64	341	460	226	473	398	187	80	256	194	106	309	470	511	474	435	265	399	44	166	89	90	144	361	223	453	197	403	382	235	65	171	503	320	163	102	147	193	4	190	385	159	475	227	146	442	115	368	208	0	462	309	520	250	28	10	166	522	11	217	35	334	237	186	302	491	85	5
504	378	378	496	330	122	13	197	261	413	296	494	89	141	218	438	361	494	433	68	207	92	55	17	384	406	212	147	509	237	490	40	226	481	296	473	5	393	303	37	187	53	157	506	323	30	136	303	296	150	109	22	430	9	286	69	68	11	208	196	182	407	225	124	297	441	339	204	43	104	492	381	296	526	533	301	250	25	98	126	326	122	0	37	96	471	73	357	137	45	334	493	300	179	460	14	494	249	422	515
378	344	519	121	538	526	277	326	157	435	511	256	165	251	261	416	454	457	84	127	92	188	44	452	320	120	369	88	506	7	506	187	458	41	55	260	390	374	226	345	316	276	535	31	161	264	265	50	233	70	359	484	51	375	460	365	444	230	268	158	167	260	197	126	138	447	463	217	194	234	264	406	118	233	285	395	459	401	253	261	244	47	326	0	85	191	17	29	445	476	422	406	11	12	344	164	85	498	430	485
501	66	525	489	473	513	508	511	350	181	247	539	172	354	467	355	390	495	443	440	510	176	410	431	232	200	348	98	261	173	408	65	438	160	489	264	125	398	49	125	392	343	410	337	161	538	210	71	410	305	468	298	415	423	493	79	153	101	187	447	259	194	348	118	2	470	303	173	420	14	243	337	269	431	532	527	55	320	92	170	472	462	46	446	0	27	261	61	144	477	71	40	484	163	87	449	338	236	523	250
333	286	469	408	169	215	483	334	402	495	127	351	263	111	218	11	100	478	146	48	148	112	116	19	339	522	234	435	207	231	192	513	232	148	440	225	197	339	197	146	434	519	269	279	436	436	491	279	266	235	264	517	366	108	413	458	286	154	505	363	327	51	66	178	88	453	492	231	200	249	179	414	372	213	176	77	257	132	181	32	508	331	309	14	76	0	438	189	125	203	309	445	159	216	219	58	401	256	464	282
303	8	421	428	255	174	16	73	452	58	451	207	202	225	451	212	232	445	104	96	360	140	493	92	168	429	531	60	494	319	181	77	57	3	362	477	26	315	116	291	159	4	30	107	149	225	15	23	424	380	528	150	447	123	326	526	263	461	164	305	519	470	140	507	289	156	43	348	419	323	487	256	351	272	84	454	186	433	158	311	412	150	419	57	259	210	0	14	107	275	203	95	418	91	58	385	349	32	373	42
501	446	160	467	140	348	240	140	62	525	100	161	324	232	115	538	54	450	120	400	344	189	125	67	416	484	148	335	428	340	126	175	505	151	131	390	41	62	184	485	110	474	417	384	250	114	186	351	177	112	303	54	528	394	5	309	42	507	173	361	221	139	514	49	382	507	150	328	284	375	537	245	145	333	122	408	124	535	472	213	199	26	221	168	95	507	267	0	171	81	208	371	410	359	310	225	469	56	150	26
262	246	184	347	368	447	339	536	46	45	310	334	412	93	274	467	404	200	207	368	60	399	202	444	359	182	166	466	333	484	313	89	461	391	459	209	437	51	416	231	475	268	83	499	504	456	476	339	55	91	147	174	173	272	461	529	290	5	8	316	112	203	149	328	477	378	190	156	496	222	188	508	310	230	220	494	127	359	8	128	501	116	496	519	11	531	355	180	0	451	42	11	539	473	329	382	533	9	352	483
218	290	427	445	530	313	319	225	242	8	148	4	265	403	114	368	189	40	225	279	158	393	506	510	412	359	40	352	23	193	181	158	349	129	257	538	72	327	261	482	249	268	436	325	76	63	321	250	242	463	306	492	122	4	360	200	450	168	498	460	472	298	280	334	57	362	512	529	472	258	379	147	411	215	148	358	390	9	349	69	198	315	483	284	195	342	33	501	527	0	141	354	211	239	282	491	518	153	471	397
80	256	62	161	254	453	428	410	27	447	248	266	95	334	508	389	130	128	62	65	180	316	45	11	18	466	37	153	472	524	372	70	419	128	352	53	465	336	277	503	18	113	373	144	340	252	137	407	271	309	373	508	298	216	40	534	99	29	454	40	32	416	493	374	397	253	349	238	82	419	242	418	19	523	97	214	522	536	28	146	148	307	364	107	366	221	482	161	350	287	0	313	345	223	121	435	72	330	27	225
109	57	338	317	37	471	371	9	163	54	338	78	537	320	192	294	475	69	15	46	534	528	202	133	247	33	538	10	289	168	409	409	137	322	364	135	465	263	350	304	279	125	82	362	456	70	423	440	27	341	269	354	302	352	319	323	48	501	180	81	176	366	240	33	474	43	154	270	213	382	284	104	108	161	99	351	137	255	258	2	162	10	176	385	195	185	276	445	267	284	302	0	266	506	521	197	55	67	330	400
470	263	157	533	283	524	31	366	405	450	77	142	502	241	84	217	175	383	273	1	347	213	258	354	179	327	364	283	6	471	339	455	32	479	437	90	364	448	222	97	506	48	270	357	184	336	48	174	107	345	450	282	539	2	134	199	461	183	450	302	67	275	45	50	53	307	112	62	219	3	474	538	149	15	354	83	487	478	512	181	522	2	394	438	170	102	210	380	247	79	308	506	0	458	25	535	490	281	108	481
398	400	290	340	29	362	162	441	180	406	148	398	198	102	517	107	461	486	169	270	84	388	252	51	354	406	505	111	99	303	263	9	138	132	257	493	224	143	260	466	47	227	268	336	456	209	205	422	364	332	243	168	364	468	164	509	62	194	48	76	398	303	276	400	521	477	26	132	397	539	411	407	36	33	307	159	260	153	321	160	501	190	371	98	462	151	463	352	278	46	183	42	316	0	497	104	24	456	518	138
357	374	531	493	84	65	155	413	205	387	373	46	163	369	205	456	393	195	239	450	183	185	481	252	439	395	406	11	147	35	38	139	529	342	499	406	474	532	391	399	284	121	529	452	497	530	101	351	127	295	356	456	201	415	158	286	407	403	106	457	375	230	445	345	286	25	49	494	496	380	295	280	528	295	440	238	41	409	334	359	378	240	371	355	298	110	481	176	134	407	414	410	196	520	0	498	181	275	440	413
34	531	447	503	227	514	220	499	183	332	424	370	41	203	367	231	394	15	32	252	388	212	484	159	395	445	302	118	163	187	396	74	307	173	40	294	107	424	173	99	461	380	488	326	228	55	95	154	374	523	359	299	445	76	197	331	23	60	393	117	492	482	112	224	154	389	59	5	497	330	533	111	370	455	8	109	206	382	211	235	59	368	3	31	449	493	215	373	426	107	269	489	472	370	93	0	483	467	36	220
260	185	503	311	316	292	154	438	439	368	213	164	150	291	423	68	204	348	197	512	131	347	6	364	7	118	492	491	92	455	367	38	467	166	445	96	262	57	373	23	159	103	411	19	151	132	288	65	432	287	116	209	465	105	433	533	193	260	413	338	242	370	352	272	477	389	272	233	133	432	409	177	190	516	123	453	284	86	372	7	121	358	465	457	72	215	486	506	302	113	476	281	294	43	296	453	0	49	170	21
51	325	127	161	400	426	517	59	510	10	155	408	252	93	357	351	163	258	251	17	510	14	125	54	525	183	115	496	176	536	420	120	9	523	507	167	326	349	126	251	407	519	163	492	289	295	292	253	85	473	291	183	178	229	22	51	192	356	293	250	314	215	290	28	71	405	8	120	21	138	260	427	409	354	216	343	123	322	17	332	295	457	485	398	305	174	82	106	176	213	316	286	368	6	376	28	122	0	327	54
509	148	363	207	258	296	15	103	270	524	446	396	481	77	240	109	23	312	392	122	215	326	34	34	242	259	144	364	327	330	515	359	17	179	259	39	91	108	60	322	270	504	380	249	254	380	143	54	449	396	535	441	29	86	391	74	246	213	238	73	379	463	187	307	260	242	104	49	32	386	287	192	457	505	274	349	29	370	539	281	441	53	135	200	346	292	516	412	439	267	377	7	3	528	182	510	449	391	0	505
420	15	42	221	310	174	303	517	52	84	396	312	57	489	328	433	108	250	448	76	316	293	426	240	401	10	217	484	427	35	404	82	270	272	59	495	405	363	438	336	168	271	371	39	533	384	278	94	44	56	316	141	246	364	119	530	459	482	487	54	126	450	435	89	537	94	444	133	436	176	364	216	274	372	377	380	300	111	371	350	272	144	219	193	200	524	526	441	503	399	486	248	288	115	175	196	149	46	248	0
