A	B	C	D	E	F	G	H	I	J	K	L	M	N	O	P	Q	R	S	T	U	V	W	X	Y	Z	AA	AB	AC	AD	AE	AF	AG	AH	AI	AJ	AK	AL	AM	AN	AO	AP	AQ	AR	AS	AT	AU	AV	AW	AX	AY	AZ	BA	BB	BC	BD	BE	BF	BG	BH	BI	BJ	BK	BL	BM	BN	BO	BP	BQ	BR	BS	BT	BU	BV	BW	BX	BY	BZ	CA	CB	CC	CD	CE	CF	CG	CH	CI	CJ	CK	CL	CM	CN	CO	CP	CQ	CR	CS	CT	CU	CV
0	96	43	177	18	10	175	470	119	116	378	704	731	539	332	687	192	632	418	270	168	561	305	707	173	616	170	230	582	685	341	561	703	266	727	248	444	728	292	36	104	429	138	505	54	574	95	160	463	591	500	204	519	573	64	89	6	732	110	312	669	398	351	142	288	658	231	723	80	209	471	709	290	360	701	365	476	151	427	586	31	340	147	736	190	671	623	285	156	398	41	305	419	326	737	589	606	445	593	9
316	0	88	693	166	495	155	625	692	526	94	627	413	223	595	617	622	554	43	170	149	681	550	235	643	421	482	228	279	212	566	345	426	31	273	266	439	663	409	543	356	574	618	509	204	640	245	501	250	272	183	410	539	614	266	82	20	730	640	52	619	538	93	468	707	486	717	46	611	91	246	149	328	41	395	22	387	687	100	528	464	589	102	476	529	224	355	162	743	714	306	282	554	432	222	268	2	489	256	676
445	523	0	466	717	253	111	372	292	183	20	602	619	583	436	187	102	92	159	343	136	142	381	8	590	613	573	382	737	89	670	462	154	91	112	605	203	744	662	194	236	389	372	290	526	36	616	539	75	456	199	486	668	242	181	17	192	342	154	354	655	51	190	146	140	354	134	316	276	580	591	626	621	643	168	517	82	576	405	152	116	677	306	395	166	122	77	387	339	649	235	339	51	71	393	254	32	650	287	187
548	718	548	0	477	145	154	112	141	89	113	601	353	105	34	384	19	261	94	619	412	682	701	62	431	100	548	533	23	149	739	321	92	302	657	39	98	598	17	498	190	339	615	231	578	215	226	358	435	137	466	467	132	196	678	278	467	116	161	108	128	211	737	176	518	517	576	568	419	363	369	185	380	190	457	670	258	702	573	323	644	84	453	604	713	237	24	440	240	504	458	455	676	422	442	276	283	580	296	671
520	321	444	175	0	92	411	295	53	88	594	143	213	507	17	155	227	65	272	130	267	369	637	153	469	585	63	394	700	337	327	244	121	181	127	271	191	494	249	730	271	160	73	29	443	637	195	515	611	442	1	303	224	495	53	496	363	9	359	161	404	401	673	80	696	17	302	179	487	481	415	567	165	223	264	318	98	563	690	282	232	49	61	176	173	417	397	9	195	229	502	398	636	661	447	242	545	302	6	320
93	492	161	516	569	0	399	330	30	59	577	25	148	17	453	689	715	676	74	152	335	101	77	652	453	400	106	319	15	545	220	650	714	128	249	684	143	463	289	172	721	201	487	45	585	562	184	84	745	700	538	274	587	461	160	293	264	560	698	523	668	187	570	126	322	357	109	292	702	105	480	497	354	228	8	303	527	187	550	454	404	196	126	694	702	249	80	579	585	719	138	236	355	505	645	141	554	39	352	45
594	348	91	348	570	421	0	60	744	42	707	737	182	608	687	597	92	153	380	618	262	632	387	505	503	651	539	328	667	108	580	1	483	509	507	388	454	598	527	524	404	176	410	400	397	92	165	182	519	48	256	221	396	546	238	629	235	245	98	5	729	21	144	300	206	613	687	525	541	178	369	67	223	508	34	298	454	416	576	415	740	426	414	369	308	256	688	260	618	229	408	463	665	634	638	505	445	104	500	288
601	262	473	446	377	666	311	0	595	699	634	74	353	301	171	21	494	276	432	416	298	401	636	384	523	296	466	696	476	412	350	603	468	491	181	58	326	448	370	386	14	432	248	729	169	358	603	704	404	398	216	71	115	395	309	100	140	361	622	459	320	267	71	336	238	512	601	302	577	5	71	278	491	257	231	588	320	415	248	401	581	507	182	617	135	72	408	73	731	214	227	338	678	199	650	695	138	199	356	482
622	354	460	502	707	617	586	489	0	286	60	103	380	595	679	458	511	537	542	474	41	230	612	504	22	680	473	238	364	490	661	697	47	56	58	283	283	183	206	133	668	551	113	562	17	564	234	621	350	429	131	478	267	76	481	674	551	319	106	725	236	409	262	420	584	436	233	496	21	242	217	687	437	722	449	91	646	18	336	131	64	289	241	690	328	71	397	173	49	419	714	417	139	566	369	619	657	128	609	617
129	666	93	18	93	170	460	379	321	0	737	609	544	164	37	434	284	35	200	560	534	508	251	529	272	678	615	218	137	326	635	438	742	239	400	373	248	567	366	589	370	479	485	659	717	697	292	286	559	136	292	265	416	655	411	273	269	517	606	84	460	539	523	427	474	305	43	127	615	73	19	303	719	407	426	740	346	105	408	159	517	131	572	525	283	128	298	92	166	39	343	217	560	65	507	269	247	301	270	684
469	699	595	416	118	134	71	597	732	90	0	125	664	320	503	281	325	363	357	386	347	675	423	7	187	633	281	533	123	5	358	713	240	1	557	310	166	150	167	666	210	505	503	642	317	675	510	176	582	63	466	537	154	303	220	152	273	120	384	533	287	158	608	466	465	382	245	488	698	574	255	88	631	94	624	276	208	304	676	191	249	690	573	115	716	386	325	382	46	184	160	45	285	611	37	377	335	188	349	279
27	381	225	146	429	200	712	473	394	632	625	0	522	701	579	276	142	697	431	618	345	722	36	130	303	406	360	7	646	86	257	438	664	601	88	687	203	603	562	225	578	727	720	568	255	731	487	299	637	669	508	699	59	724	183	560	572	128	721	387	620	519	533	358	634	483	209	67	396	462	531	587	46	443	88	627	490	378	406	672	192	252	589	178	610	459	402	255	32	272	629	173	159	486	581	676	741	276	75	475
639	351	650	677	539	83	574	296	702	616	8	327	0	201	532	446	684	17	26	473	46	170	694	492	449	599	726	313	503	408	82	690	394	174	187	205	138	550	433	327	369	23	312	54	360	468	194	713	521	654	249	538	27	512	587	120	706	197	329	185	90	247	442	600	418	267	1	75	416	362	463	343	43	397	260	45	518	723	64	122	407	290	305	65	440	240	107	465	573	88	300	266	447	80	695	51	253	44	650	408
507	59	218	519	267	324	230	267	522	720	630	78	422	0	186	728	137	558	110	337	732	215	497	179	182	127	142	137	622	304	482	719	647	78	172	647	145	363	321	688	540	507	593	171	342	103	515	453	715	147	264	725	357	121	220	473	630	148	309	8	636	510	144	240	342	451	167	725	475	594	345	420	509	726	722	316	645	396	391	315	555	682	502	169	122	588	74	240	467	389	118	340	632	620	185	233	428	159	361	398
130	148	476	158	217	716	243	229	4	590	125	289	76	8	0	258	206	224	611	286	673	259	254	601	415	247	110	560	344	612	33	222	227	742	529	697	740	664	401	563	7	595	602	644	369	180	533	89	559	553	470	114	13	97	517	566	176	716	191	263	217	122	315	144	510	121	454	98	543	327	205	571	168	625	296	603	79	724	258	441	136	695	414	559	355	80	342	596	265	260	119	322	11	375	143	456	708	606	744	610
316	329	567	429	465	663	390	544	210	389	81	124	589	663	116	0	397	484	321	310	110	220	420	26	481	267	428	419	164	714	172	288	377	239	71	1	59	517	94	560	134	397	513	313	326	631	370	325	417	427	89	502	347	412	327	564	177	386	110	329	507	367	134	233	259	22	221	2	499	735	224	474	407	366	672	513	124	581	359	445	645	714	666	13	439	461	198	487	461	378	549	276	211	374	18	41	305	359	641	363
89	192	523	672	680	54	352	667	213	495	513	107	330	627	227	153	0	460	672	455	84	261	742	113	528	635	677	499	230	726	188	486	470	279	663	19	587	87	273	133	56	28	591	46	695	682	120	614	629	623	4	578	72	696	26	2	149	268	660	232	314	312	594	522	106	121	695	49	716	271	689	138	286	365	528	427	134	400	661	424	577	367	144	102	21	101	402	396	59	19	612	492	611	583	151	255	323	12	411	357
636	606	145	345	115	136	167	660	335	399	727	537	547	580	65	492	529	0	739	459	177	437	286	661	650	19	465	582	426	613	589	366	253	479	184	615	282	113	486	48	273	3	88	268	183	642	25	93	517	340	39	122	255	95	66	649	671	517	139	547	460	160	176	346	609	434	141	56	555	473	102	265	312	67	224	470	281	538	167	588	35	348	562	98	623	715	66	378	143	170	78	355	94	72	416	236	608	610	117	97
547	419	213	721	646	263	325	362	732	63	280	331	545	661	62	166	613	321	0	29	430	424	490	73	21	321	129	657	394	619	681	591	318	70	40	348	46	574	338	679	229	332	19	116	674	364	83	644	158	155	684	459	440	675	402	471	17	298	580	596	569	717	458	136	200	81	140	169	407	403	722	339	122	72	190	200	593	248	219	585	362	224	180	719	284	364	557	717	728	744	340	494	172	731	132	713	447	505	66	482
169	489	630	276	238	381	512	505	57	123	163	671	391	334	741	473	60	103	735	0	47	585	87	673	496	177	40	307	602	197	28	685	448	253	431	739	302	360	645	612	138	284	275	364	458	732	547	445	543	204	221	725	319	178	509	589	113	346	450	200	256	80	447	276	347	123	450	517	566	172	393	505	675	126	202	672	208	523	91	580	34	180	442	384	34	658	644	227	383	605	623	641	311	41	382	412	511	533	69	206
443	371	118	37	327	367	599	744	373	615	5	54	179	449	307	324	574	694	531	138	0	238	231	166	163	570	84	528	126	193	13	130	679	744	59	255	696	648	614	278	263	96	700	721	48	229	194	265	732	521	116	439	680	422	439	633	241	732	626	532	409	288	166	626	170	343	68	582	98	704	621	60	103	174	588	481	414	115	182	31	101	577	246	431	428	358	98	627	152	436	522	516	98	454	91	406	705	23	404	529
26	114	172	195	343	637	597	457	714	362	332	690	161	270	561	455	70	193	597	378	148	0	643	734	660	294	467	638	271	178	52	615	744	558	317	571	240	75	10	14	96	49	233	681	744	698	151	209	701	22	672	421	663	212	162	367	359	262	460	111	347	7	616	350	729	77	740	40	485	491	685	692	249	311	453	202	392	195	404	460	132	500	305	710	555	364	430	79	671	136	62	624	364	507	715	741	363	553	204	108
188	412	603	156	708	557	118	28	406	181	63	364	106	36	544	370	601	424	26	310	467	607	0	63	242	704	337	688	377	210	498	717	63	207	29	697	673	661	18	616	421	117	231	532	325	325	395	95	700	426	404	387	124	146	688	719	237	517	679	208	378	389	582	14	651	393	184	732	717	630	183	163	705	608	353	103	258	163	305	316	439	744	501	118	3	659	20	714	355	345	464	523	93	75	348	599	409	654	633	707
219	318	521	406	84	7	553	180	704	745	111	732	284	417	626	563	220	311	102	156	44	567	185	0	710	16	602	721	560	696	117	408	743	84	432	696	741	311	519	63	591	218	518	61	425	524	610	165	327	51	711	381	284	102	253	511	232	730	688	145	400	419	541	215	291	282	528	341	694	343	465	382	363	123	269	667	394	700	313	608	81	603	651	626	490	61	739	603	455	404	18	422	274	124	309	655	131	610	438	573
140	198	397	441	358	93	467	569	172	82	305	150	162	516	680	146	568	305	232	508	198	448	329	448	0	451	374	114	429	35	158	146	536	518	243	180	721	692	599	621	740	452	655	635	482	687	43	490	599	471	672	567	596	208	139	364	375	373	187	456	690	632	156	166	61	630	413	373	37	49	66	328	735	413	575	307	413	266	391	238	338	45	542	206	711	215	479	373	432	558	443	666	680	489	151	216	313	642	722	610
85	132	125	591	739	188	613	312	289	661	283	460	111	713	344	553	117	525	511	49	570	680	493	684	496	0	507	254	307	441	175	156	551	553	607	563	24	56	222	681	460	613	564	714	378	42	300	288	220	333	507	323	269	346	346	678	179	470	136	712	601	370	192	467	327	316	86	197	236	61	689	232	588	484	555	432	241	707	501	446	102	474	452	337	60	216	454	344	48	322	371	103	142	12	70	354	239	287	153	606
462	184	462	714	707	97	359	38	318	473	293	396	534	103	593	38	546	567	684	519	130	520	198	218	74	657	0	268	615	647	9	221	65	49	693	702	742	542	233	436	594	549	50	529	559	353	130	132	680	551	357	452	262	97	408	466	148	655	554	607	56	320	389	352	640	417	15	318	335	184	481	70	149	276	679	374	576	49	621	538	264	293	495	94	558	342	425	306	72	169	603	294	16	212	268	710	466	716	305	32
475	712	401	241	397	244	695	735	438	73	54	103	46	570	286	627	366	531	207	655	559	503	179	264	201	471	187	0	9	291	699	17	273	330	177	105	300	147	564	231	380	339	327	664	609	12	565	494	570	607	407	534	497	143	314	278	59	520	314	607	556	525	624	688	176	695	638	383	78	377	451	327	365	355	696	34	466	379	637	176	140	740	86	118	196	615	125	594	566	61	229	276	100	570	364	44	431	57	451	331
256	436	258	248	120	30	683	234	461	200	654	215	158	369	536	628	638	85	727	738	65	134	359	590	621	619	595	246	0	511	335	108	322	173	385	193	568	302	81	181	572	342	290	627	253	708	253	484	352	692	589	212	277	589	420	464	422	468	350	573	263	680	48	619	483	74	604	190	518	305	573	349	112	394	539	528	344	102	37	283	601	715	262	659	646	235	359	629	129	261	655	689	260	78	647	470	699	628	672	205
356	609	264	515	58	46	23	620	476	453	237	153	289	14	327	373	577	543	393	240	679	329	254	424	367	379	618	368	416	0	58	58	504	439	297	448	509	212	729	452	192	63	304	623	673	676	175	214	632	271	589	159	248	192	680	183	603	218	309	182	556	562	145	350	637	720	296	521	593	609	329	18	696	601	421	522	13	487	350	516	19	741	490	260	306	109	105	237	236	333	163	543	136	439	278	12	515	442	674	641
642	649	375	232	99	35	116	371	631	155	29	507	511	149	694	149	513	36	51	410	328	713	553	660	79	354	200	508	491	114	0	139	421	425	259	439	139	501	488	183	285	459	194	209	629	372	174	333	231	115	589	395	720	40	350	392	163	706	698	151	333	238	432	548	192	91	11	418	97	24	378	670	168	91	208	342	620	493	440	161	632	197	556	109	536	195	483	303	167	414	497	304	515	569	621	237	375	139	221	132
263	128	597	17	201	257	210	612	13	573	196	126	552	392	39	249	685	132	366	492	357	516	399	124	514	740	570	264	637	403	309	0	679	614	287	369	582	431	605	530	448	471	136	375	307	474	661	206	40	222	185	211	514	595	620	694	413	326	429	311	146	423	164	310	596	378	251	680	355	475	378	567	661	331	359	330	121	393	185	636	70	650	526	39	115	428	83	625	411	641	154	81	251	244	626	51	314	80	441	102
430	161	256	617	596	233	222	485	47	485	634	445	703	21	498	349	411	615	476	297	404	631	486	330	567	164	581	357	651	450	585	122	0	557	24	14	16	602	365	440	593	154	710	616	448	245	659	622	173	110	676	228	311	366	12	201	425	92	251	113	304	697	86	111	575	502	299	493	145	668	742	616	693	559	536	739	430	125	332	399	616	571	250	23	729	374	219	84	73	452	397	311	498	284	563	234	125	668	737	117
247	250	519	651	393	649	45	500	655	290	67	563	700	572	33	162	254	744	293	219	624	244	609	356	128	604	249	544	630	670	244	559	209	0	621	157	576	512	293	570	588	476	110	226	200	203	97	382	86	405	373	36	143	441	390	183	440	271	13	199	373	453	26	246	27	370	544	593	381	628	485	126	110	149	684	418	439	270	493	743	21	744	274	5	525	505	227	71	125	211	645	660	25	411	559	713	679	108	372	554
715	524	370	443	421	314	530	349	173	698	526	51	619	346	600	261	437	62	184	133	250	288	192	219	372	177	342	398	411	737	699	361	53	337	0	314	524	272	275	206	140	474	150	336	232	289	386	454	668	477	653	271	711	26	104	734	420	618	256	515	503	193	293	24	635	604	393	302	133	85	699	397	343	474	544	335	5	668	428	676	389	597	613	422	91	162	169	222	58	661	655	426	446	335	654	124	630	734	318	100
444	445	510	510	257	91	377	206	453	189	85	188	398	573	640	252	615	99	579	344	427	677	485	513	211	732	745	288	672	522	731	673	31	93	358	0	251	472	717	85	697	264	674	593	253	425	702	137	577	676	635	461	672	303	26	213	594	109	633	532	625	130	625	464	380	606	215	65	419	68	607	413	126	526	328	423	463	532	245	702	361	278	226	414	676	364	688	104	397	510	365	115	569	692	392	685	619	211	663	302
31	314	130	169	706	524	675	634	265	546	455	717	86	631	663	276	733	610	96	38	493	259	280	37	141	673	79	697	295	310	239	698	178	631	631	507	0	376	23	706	574	714	165	624	384	166	312	148	293	315	232	125	234	585	9	629	712	230	62	725	16	348	228	460	128	89	622	394	25	622	466	176	151	283	558	613	578	57	485	295	401	13	78	144	179	108	87	498	727	68	633	331	745	647	21	644	715	229	33	262
189	708	694	541	553	597	160	259	441	403	634	467	446	400	36	352	539	591	219	503	506	85	37	675	117	1	324	577	82	15	254	223	201	331	652	641	590	0	58	63	205	427	374	656	134	44	720	598	245	719	674	404	107	734	301	710	6	516	441	533	536	698	68	321	9	714	577	539	303	464	482	643	198	683	706	522	737	559	168	85	699	139	244	335	11	77	435	539	56	285	287	714	376	189	194	92	409	466	349	507
67	485	175	723	465	346	274	348	689	424	69	272	533	69	189	474	260	301	586	5	30	411	384	578	23	215	656	601	83	216	462	71	689	331	594	530	348	159	0	407	292	228	742	276	634	95	653	499	709	145	626	24	661	702	89	484	700	523	535	494	417	695	310	90	251	357	301	163	633	470	72	170	691	612	461	262	654	288	337	534	24	288	63	739	385	689	577	194	527	135	19	737	258	88	212	582	611	199	548	369
319	71	347	244	277	445	100	238	133	299	23	293	203	16	670	145	522	480	582	248	616	29	8	658	410	52	55	100	154	215	522	326	28	605	390	170	569	172	550	0	219	697	353	62	493	429	715	231	68	16	477	431	487	278	592	685	647	548	581	202	323	256	200	741	218	393	553	161	691	116	236	315	126	487	313	17	700	49	473	405	597	269	505	624	161	328	72	557	283	524	104	460	220	671	600	419	164	587	732	638
743	595	457	487	233	11	384	126	200	333	725	719	161	174	727	504	51	167	437	344	745	196	632	357	8	564	524	308	183	552	601	187	31	304	311	520	373	120	24	50	0	115	355	376	299	205	17	407	290	317	678	563	195	498	180	309	657	424	606	31	353	195	725	97	562	258	705	407	503	631	385	742	516	724	487	548	84	726	718	384	348	23	303	478	152	141	64	514	550	118	228	700	368	395	247	188	302	727	264	455
381	601	317	413	382	591	60	307	47	391	184	463	282	477	664	451	145	687	76	453	67	521	91	683	354	121	429	577	173	626	364	216	2	150	88	642	613	365	390	232	31	0	348	449	3	688	517	445	191	639	120	192	590	364	727	298	359	621	266	606	204	249	467	322	526	406	381	428	614	575	254	50	34	418	625	335	718	109	511	146	390	401	390	275	567	352	730	615	562	112	15	164	698	155	672	545	204	692	192	10
449	163	196	402	471	316	690	141	11	10	502	260	142	264	123	160	165	53	405	434	490	684	587	35	612	549	53	154	228	174	42	117	441	30	223	445	743	68	72	245	429	415	0	318	430	237	692	40	352	344	96	653	226	355	586	47	78	602	1	26	535	355	536	162	613	237	442	258	32	594	392	80	145	430	591	200	595	150	350	591	366	467	553	227	107	578	166	77	690	726	470	628	712	729	715	33	70	192	136	233
168	167	36	434	508	667	496	188	364	397	346	387	627	644	278	247	695	33	292	577	477	589	528	135	72	506	712	529	341	394	424	499	40	455	494	659	286	176	248	77	113	100	182	0	181	129	306	281	337	721	744	223	251	158	603	610	745	151	153	274	485	39	277	472	511	151	239	553	118	150	256	355	176	542	210	177	243	351	404	580	582	482	364	474	182	159	424	737	44	211	212	520	201	519	422	657	403	236	561	237
121	435	125	140	565	707	458	260	734	143	698	535	693	523	706	318	484	333	642	183	485	459	259	689	689	347	580	118	108	583	230	718	136	18	455	546	160	238	133	59	425	709	247	709	0	314	497	552	514	456	155	589	194	282	295	169	368	52	284	634	502	150	678	541	173	78	681	67	192	201	151	587	22	389	234	574	649	394	331	739	672	572	113	539	391	88	458	343	381	35	355	482	465	298	714	614	495	707	258	36
382	562	560	618	400	458	472	342	300	518	427	702	192	206	602	497	212	632	392	207	398	282	150	538	604	738	353	616	167	211	242	568	149	541	424	240	303	354	348	638	25	441	468	113	640	0	5	586	668	110	42	732	723	512	570	382	707	300	393	410	158	322	221	267	208	599	516	430	1	641	632	132	479	690	321	121	604	605	728	667	586	398	666	300	80	47	146	235	309	305	412	270	27	28	367	598	370	326	170	473
406	573	561	502	377	664	715	558	310	9	20	558	356	716	468	39	692	516	743	440	386	178	614	102	476	706	29	246	692	123	431	418	135	54	410	141	108	271	715	316	191	650	625	316	383	690	0	326	10	252	144	65	239	203	543	575	470	219	203	586	735	169	323	156	320	680	134	87	480	269	247	541	392	214	517	630	237	127	706	215	665	231	744	451	730	80	465	246	187	593	218	188	580	453	336	351	424	662	429	566
540	716	12	731	210	658	128	257	640	420	433	617	584	297	392	237	86	267	504	172	521	64	84	703	601	615	610	659	150	604	302	11	82	286	553	187	158	718	616	409	101	208	10	64	360	366	652	0	491	699	551	638	724	68	28	118	147	526	12	438	133	533	536	566	596	342	569	716	714	77	24	617	514	569	22	545	269	428	625	249	325	260	221	373	218	143	503	462	132	56	456	285	141	68	178	220	40	67	507	335
611	49	397	477	484	432	77	576	651	688	244	593	76	651	727	491	685	312	612	608	57	182	193	526	585	536	642	206	452	487	91	14	343	134	176	210	236	74	168	615	594	381	531	595	726	204	99	530	0	247	245	17	204	338	569	283	158	631	483	627	723	312	495	163	180	728	656	54	460	117	218	704	726	328	180	690	255	7	43	544	342	615	462	734	141	382	324	367	446	384	13	558	361	425	566	295	428	69	717	340
665	410	545	68	509	129	411	561	435	118	388	55	328	152	655	166	452	311	671	411	681	442	421	17	94	607	135	375	201	25	13	84	251	452	719	581	2	662	131	369	704	406	19	552	458	262	51	373	711	0	601	626	699	520	268	193	597	106	584	173	36	727	497	194	732	140	608	526	173	34	689	721	629	429	426	41	462	620	503	260	680	295	223	549	209	157	710	543	77	378	513	11	161	91	523	517	233	218	56	669
491	609	207	14	505	145	442	120	153	375	160	508	455	245	619	317	610	492	163	367	552	532	666	34	293	121	593	249	244	378	196	511	405	658	481	147	179	327	701	707	331	630	719	654	572	724	438	585	237	627	0	639	443	651	251	243	306	273	4	679	461	652	182	525	346	160	681	236	427	389	52	646	34	18	312	375	510	327	200	430	408	175	107	383	623	57	218	238	118	441	722	168	166	255	53	604	668	404	536	705
282	514	712	17	429	745	46	318	31	171	171	171	516	159	320	198	8	578	153	298	348	594	326	395	564	274	17	665	710	451	697	94	722	548	194	532	19	172	514	149	206	325	621	403	76	97	175	528	165	219	688	0	622	54	236	599	142	335	196	168	353	210	444	125	322	36	687	613	240	325	149	243	524	154	727	190	408	335	432	449	551	22	298	197	684	371	413	20	264	513	626	404	306	160	126	157	632	424	236	663
567	474	667	149	640	291	108	551	714	602	145	274	197	440	360	424	121	270	464	628	352	541	409	530	84	682	290	416	396	40	374	370	521	140	106	312	688	582	609	698	132	321	65	11	1	357	536	538	129	298	429	448	0	304	531	603	548	462	577	291	710	522	183	502	47	400	127	191	371	188	326	34	504	286	46	414	431	198	460	689	428	370	22	656	249	276	88	681	456	568	44	419	31	614	473	51	490	542	437	454
560	423	717	723	193	726	425	79	156	393	532	606	180	308	432	30	119	532	617	628	656	446	177	306	177	391	250	579	621	210	577	2	703	178	221	513	306	685	432	212	22	633	308	46	263	481	59	229	335	459	421	270	589	0	639	637	433	366	626	222	605	506	339	501	407	542	386	442	216	259	37	525	508	575	595	84	97	490	60	135	33	292	332	238	398	234	456	666	15	745	552	605	280	329	503	123	224	411	291	580
321	486	278	497	392	625	682	291	445	503	612	668	419	169	710	496	8	483	136	477	360	106	726	280	579	21	112	296	342	636	15	688	548	393	673	177	389	267	77	184	453	513	547	337	492	3	346	47	548	652	335	609	396	181	0	535	583	327	400	220	705	722	375	529	602	195	262	354	474	439	271	50	364	350	138	695	318	492	743	27	658	90	458	618	454	182	581	439	552	311	42	156	84	523	9	503	127	235	491	50
266	203	680	653	110	634	135	594	91	204	130	606	219	348	355	666	487	721	110	247	566	127	690	621	141	424	585	600	424	686	222	553	453	460	692	720	16	217	409	370	198	105	27	12	241	203	248	371	506	688	124	656	288	84	2	0	530	126	431	111	367	60	263	414	275	230	622	69	347	87	73	366	61	596	392	338	169	489	647	139	462	54	2	585	21	620	116	414	191	38	318	340	399	408	471	655	470	153	327	250
252	66	22	264	689	366	49	551	612	525	210	213	706	590	336	737	333	635	569	106	67	7	377	500	92	696	84	126	172	648	233	666	430	282	64	480	539	473	649	282	162	189	649	674	118	635	40	648	571	64	670	231	726	271	554	303	0	120	119	520	241	525	172	668	138	359	156	724	240	480	348	166	35	431	178	485	718	580	159	407	348	343	417	313	678	735	539	566	324	223	57	287	247	35	190	558	317	670	306	423
461	693	359	376	28	160	116	91	744	227	121	366	476	38	710	554	219	58	110	528	466	362	644	572	240	75	660	605	305	591	116	470	166	490	547	327	39	468	700	209	262	6	504	369	152	127	700	491	694	590	599	216	511	312	631	389	733	0	82	721	317	284	165	245	200	207	320	739	261	321	516	112	161	218	443	230	641	674	336	587	535	174	161	678	263	281	71	49	528	216	418	140	559	658	437	741	501	434	442	605
392	287	695	146	635	247	694	465	661	178	98	331	222	243	402	252	173	419	109	444	378	235	218	409	541	621	631	28	50	424	444	366	280	15	624	697	346	384	734	716	308	93	303	114	232	595	207	456	347	641	223	257	105	688	14	723	416	423	0	317	328	113	85	17	310	102	177	186	464	232	650	520	52	234	700	300	442	535	668	152	586	188	313	256	363	517	240	114	466	296	462	290	574	507	501	445	511	302	371	394
56	2	171	133	375	244	354	193	351	691	369	665	648	54	700	230	723	358	498	173	594	467	2	168	326	32	524	371	736	357	293	645	653	68	593	369	235	170	402	27	27	8	151	603	394	23	604	445	174	502	731	260	728	429	261	560	281	134	31	0	70	83	297	433	495	132	491	578	496	142	153	494	242	369	139	357	573	112	279	243	580	322	669	685	330	150	377	404	222	81	370	727	324	249	249	154	235	430	380	90
49	568	242	514	65	576	717	21	155	231	595	385	429	291	633	638	409	269	716	677	587	526	209	131	324	329	706	318	419	360	161	564	355	238	219	270	295	180	363	317	491	203	440	20	472	86	611	282	548	383	473	639	250	185	588	244	86	306	36	99	0	359	94	541	346	547	96	163	574	541	715	316	40	679	395	320	9	630	426	105	165	716	491	600	517	400	263	636	112	39	128	256	575	8	552	372	567	449	459	470
117	50	670	133	119	141	121	337	515	119	64	60	609	711	30	10	160	500	346	286	518	280	646	139	398	14	676	490	219	602	102	456	142	609	135	358	333	399	429	207	159	185	641	320	504	13	241	549	223	406	523	329	520	137	169	408	15	632	656	258	304	0	241	412	86	572	91	284	6	229	415	160	457	281	43	49	717	270	729	130	322	709	16	45	484	61	619	59	700	133	141	185	479	474	310	528	727	659	280	367
164	69	294	299	560	190	242	695	118	566	688	198	721	371	488	650	444	213	630	507	485	445	673	261	578	287	340	40	21	208	437	88	149	593	10	674	337	701	49	629	374	249	80	593	397	672	631	629	251	638	475	165	744	302	360	596	176	369	253	712	543	207	0	59	403	694	331	604	423	31	639	363	640	48	473	311	508	547	159	293	27	578	682	108	703	312	138	580	487	45	396	648	578	333	255	570	243	243	126	132
515	463	464	478	547	128	530	537	505	715	25	439	167	401	96	472	255	134	88	442	8	311	17	1	422	39	255	338	591	248	501	84	374	626	136	4	578	211	21	730	100	622	742	634	411	321	428	338	134	679	169	329	87	681	193	743	647	155	95	557	274	173	667	0	148	511	345	463	671	679	254	446	736	616	505	436	670	316	499	449	401	335	20	286	597	550	427	145	27	629	325	310	125	518	725	105	113	709	628	346
694	205	405	364	413	360	623	656	588	274	637	600	208	339	340	495	266	80	183	682	218	362	259	207	590	574	506	199	660	240	328	486	313	226	3	5	376	706	406	192	125	487	544	554	322	27	427	484	51	53	242	161	127	212	235	688	687	36	226	380	186	476	120	124	0	565	317	469	306	323	32	366	537	630	21	465	670	214	671	255	485	507	707	538	107	129	714	254	373	51	9	8	41	469	235	264	660	99	211	471
249	392	185	43	599	183	487	180	5	181	86	581	724	478	365	7	693	253	463	220	8	70	304	44	320	95	268	317	557	43	338	512	301	556	508	364	290	679	639	275	493	225	277	393	741	37	266	667	83	13	484	501	353	227	379	589	130	110	99	269	353	713	657	494	190	0	4	368	3	744	551	678	103	591	585	243	723	551	507	646	568	302	1	693	220	256	101	601	507	302	33	508	344	627	31	656	562	615	371	303
127	258	454	412	108	112	213	572	188	179	410	657	316	567	221	611	707	468	226	317	621	294	599	699	461	270	502	275	671	398	79	576	193	150	8	256	547	396	696	403	58	532	180	601	450	305	501	274	124	268	531	706	610	445	75	626	309	662	682	177	349	544	35	257	228	1	0	633	593	120	549	159	147	82	382	151	216	283	730	420	608	116	578	509	253	294	116	584	505	32	574	422	646	325	465	559	239	305	545	412
142	723	552	671	684	262	40	302	474	343	682	61	398	634	670	136	185	405	417	245	671	725	665	479	6	206	225	362	190	174	122	65	154	587	211	9	600	80	685	412	630	43	517	403	236	93	176	631	153	475	332	695	107	99	438	381	125	521	108	258	63	534	214	363	125	498	117	0	302	129	507	155	327	47	264	453	255	224	563	695	7	645	483	240	428	355	561	268	439	588	308	416	569	466	394	493	304	231	671	42
371	138	718	418	378	734	431	636	547	217	649	698	424	632	589	711	20	191	618	513	501	419	139	275	185	619	11	633	17	484	360	744	162	543	443	299	346	516	692	555	168	734	80	580	530	435	80	84	725	351	424	656	503	693	493	51	48	448	338	708	45	54	557	512	346	201	372	615	0	73	140	386	140	715	528	415	271	362	226	194	434	215	130	255	530	8	348	408	207	207	218	637	618	42	705	413	429	499	477	420
176	76	128	613	119	14	547	501	219	535	547	740	89	482	546	530	512	339	343	700	658	429	205	30	511	472	709	181	113	540	16	453	327	507	320	167	159	739	280	244	648	261	650	721	390	180	509	221	203	352	434	114	210	545	650	728	668	688	369	447	684	530	133	478	314	392	608	322	9	0	36	592	473	504	140	710	509	260	182	153	591	288	145	541	336	2	567	693	262	229	318	96	45	170	75	174	115	407	648	289
113	219	503	77	319	299	675	163	342	495	262	519	716	143	74	144	207	555	191	20	95	451	188	567	95	419	700	347	58	427	494	361	733	572	296	233	388	136	662	277	53	608	673	469	717	246	675	441	370	181	369	671	616	415	650	680	398	600	736	103	41	175	83	573	454	348	545	153	191	670	0	189	550	390	138	688	732	743	81	529	704	329	291	315	671	283	362	573	704	635	641	565	722	677	130	157	468	28	291	641
213	14	309	50	318	513	450	408	97	738	354	168	285	147	154	121	693	186	336	409	644	224	201	316	434	288	659	211	573	690	414	54	41	632	289	397	637	184	91	545	229	629	465	500	225	564	37	293	269	418	450	257	742	682	114	14	305	420	581	154	313	647	164	631	177	441	690	470	126	406	715	0	409	516	446	715	201	522	726	702	524	237	556	131	394	574	462	617	416	199	325	516	222	217	489	271	54	12	380	289
230	380	42	372	144	305	451	690	677	716	449	208	241	259	457	73	553	366	398	404	183	563	236	328	245	145	108	187	306	328	100	211	704	422	577	601	69	76	512	616	484	674	284	432	180	218	150	564	328	105	731	341	551	47	215	232	411	260	647	387	560	565	735	174	93	497	113	342	701	262	285	153	0	332	317	564	165	159	620	133	31	173	553	12	530	727	476	471	314	647	623	355	212	704	317	664	89	125	186	103
679	8	603	403	621	589	300	39	702	87	418	200	617	247	223	265	427	589	316	450	349	602	514	577	383	374	301	478	550	494	60	412	42	283	554	500	53	170	244	712	75	323	128	193	55	72	259	481	80	632	59	235	98	687	354	558	504	311	589	255	324	176	617	251	357	50	294	474	495	234	526	133	521	0	440	535	737	280	585	329	138	192	562	233	576	60	607	319	646	135	644	473	354	340	704	388	357	649	460	700
722	286	133	414	5	93	248	554	155	737	402	499	345	593	665	321	624	69	536	160	607	519	664	184	35	233	187	177	481	481	321	120	183	743	663	547	377	34	667	452	364	534	215	621	703	613	705	325	614	499	165	520	185	15	55	493	280	337	630	502	596	280	531	709	664	107	130	136	320	473	249	334	58	82	0	486	385	621	203	320	162	157	510	484	437	473	148	464	155	208	720	108	271	298	745	433	666	551	585	439
141	417	742	22	199	476	261	424	437	188	203	222	314	584	131	182	737	37	268	472	110	135	591	206	320	618	233	277	313	245	245	476	127	247	108	495	342	543	416	652	347	345	602	31	645	466	676	195	532	196	384	683	575	655	531	689	620	592	142	182	532	79	143	247	200	172	179	705	609	164	236	287	353	319	644	0	351	170	23	630	578	102	705	248	312	452	501	695	705	123	394	509	736	744	91	169	662	359	4	137
574	526	376	700	486	157	395	458	78	484	476	577	539	186	191	272	31	342	159	98	617	32	111	158	718	369	305	564	228	25	8	43	219	173	323	623	477	66	171	368	668	123	489	661	17	154	628	466	389	726	325	61	89	734	33	52	209	71	541	480	323	273	592	660	527	648	511	328	580	326	45	80	294	622	95	576	0	101	551	574	465	721	300	315	75	443	56	376	311	112	486	179	481	661	511	545	421	687	328	34
427	727	83	334	684	396	10	82	283	9	614	668	684	480	612	395	108	268	47	249	513	365	368	339	737	553	517	370	582	389	212	664	263	503	559	649	398	353	257	361	240	436	237	667	304	6	188	479	384	678	56	420	233	737	627	145	123	569	264	117	403	6	17	183	182	433	283	264	435	79	265	64	668	427	579	518	725	0	621	366	634	3	398	565	679	287	718	207	443	140	363	343	363	55	713	718	451	672	571	235
150	325	299	2	62	716	452	730	348	340	658	87	552	338	606	418	289	446	162	24	689	718	490	516	258	55	340	475	682	403	278	94	233	384	347	515	562	201	739	435	384	101	209	614	658	739	504	421	128	156	14	434	421	330	547	347	193	360	423	256	349	585	219	563	474	299	73	389	745	360	79	182	743	421	601	224	164	53	0	484	237	559	290	460	94	236	436	394	186	420	164	509	509	690	594	578	91	135	348	56
240	503	103	448	147	93	225	195	165	394	544	529	2	56	613	219	50	313	337	300	565	208	14	239	522	73	131	110	131	76	313	78	358	600	421	100	398	165	139	348	407	327	691	28	295	228	325	256	463	1	350	590	698	440	202	108	580	212	668	342	135	223	120	54	657	420	592	208	40	350	88	237	286	699	22	655	713	142	719	0	535	350	95	136	15	309	577	242	258	598	177	631	127	322	293	52	594	501	85	718
557	193	72	119	191	243	653	581	165	471	101	184	339	191	359	700	318	5	118	631	438	389	166	574	591	734	575	87	335	118	480	543	646	745	432	701	139	472	692	733	738	566	330	723	39	334	422	126	58	483	590	620	449	556	583	725	437	498	719	575	700	186	631	662	6	652	77	429	745	701	451	78	453	12	297	686	585	654	314	140	0	396	82	258	707	176	663	177	225	557	682	234	435	695	2	304	669	314	572	395
386	232	412	5	600	340	194	401	230	141	646	305	547	50	674	399	445	742	36	81	324	441	331	504	672	266	130	331	536	385	10	495	418	498	279	612	312	124	674	250	167	123	423	695	106	692	48	344	514	649	230	124	181	669	331	512	408	736	706	23	127	474	445	184	258	125	12	503	286	168	308	734	704	57	664	283	610	53	118	568	293	0	517	446	313	586	723	492	331	688	676	89	729	217	614	65	733	607	588	463
640	530	194	644	115	71	618	249	230	382	482	19	60	490	201	78	736	736	185	344	691	350	672	181	654	619	206	191	89	388	437	320	531	348	447	501	400	305	16	469	690	347	468	423	717	74	662	317	298	394	291	110	659	496	645	280	113	427	423	660	209	616	667	297	586	46	544	729	584	144	205	743	173	640	588	146	186	419	64	65	607	725	0	262	130	594	504	576	363	188	140	631	403	659	715	490	674	383	32	466
405	296	271	339	739	644	230	398	561	62	282	6	385	539	175	231	604	165	399	535	311	427	580	6	27	732	97	267	263	325	311	497	700	565	4	294	116	389	449	230	446	395	677	483	282	175	101	224	167	122	637	659	110	195	52	22	127	375	459	740	460	387	274	626	684	2	561	373	134	6	101	373	745	178	519	684	469	732	731	688	37	724	101	0	267	486	69	284	565	247	53	540	104	444	681	415	169	8	217	720
344	346	126	405	210	612	411	346	424	142	259	555	500	27	334	669	101	355	7	574	14	335	625	624	597	281	381	376	473	404	663	354	530	55	72	683	652	31	612	268	742	219	613	424	34	157	111	311	639	493	387	400	274	461	457	193	302	496	553	11	650	536	584	468	348	299	8	20	68	281	340	588	641	262	486	199	322	150	433	189	578	300	505	585	0	300	99	449	295	305	496	291	44	324	437	274	169	231	690	679
366	353	151	192	111	364	200	417	258	551	620	267	129	633	258	379	383	601	353	266	202	708	542	579	267	459	213	702	412	403	656	381	327	740	135	201	608	410	197	605	161	279	532	265	326	326	317	93	497	409	694	298	427	58	522	596	90	669	321	293	714	564	352	600	286	18	308	178	328	83	461	25	64	508	463	58	127	89	155	493	451	518	242	522	234	0	575	211	568	277	7	701	447	616	438	444	226	49	439	519
511	71	398	284	647	420	682	212	665	621	247	239	478	600	502	277	297	626	406	176	26	8	463	145	482	659	343	150	154	102	436	396	5	448	501	578	449	43	292	294	678	182	546	303	655	212	523	128	468	159	211	693	238	514	689	363	659	27	167	420	232	397	273	655	25	99	412	453	198	359	731	517	575	466	504	35	86	508	152	606	394	654	187	202	743	483	0	128	283	443	541	491	726	467	127	465	193	176	148	537
55	611	469	88	152	324	389	342	133	322	107	191	453	642	69	651	531	721	521	174	424	177	251	175	270	390	743	744	103	693	371	698	295	588	407	204	533	75	421	210	634	62	403	276	154	540	55	688	634	470	454	250	42	422	132	418	39	744	417	235	379	61	167	168	145	655	394	311	21	151	427	160	613	188	620	574	173	707	181	115	511	663	684	449	66	150	3	0	301	114	48	589	607	62	183	684	266	299	454	416
40	67	327	300	234	429	621	118	420	116	311	320	598	101	163	411	344	636	677	331	164	196	503	61	429	699	428	270	287	360	259	699	164	417	68	169	288	38	303	654	184	743	495	157	21	280	57	642	616	444	161	183	541	225	288	199	446	223	11	457	90	580	80	49	348	127	517	26	301	410	378	546	480	744	192	536	396	617	201	435	381	60	264	385	668	582	3	305	0	383	515	343	472	179	480	29	506	196	505	190
165	380	337	698	471	451	315	691	379	505	486	161	215	242	166	697	128	154	181	536	258	648	660	239	268	471	539	230	19	562	213	214	273	219	25	549	707	525	54	234	444	533	699	144	638	466	298	356	514	24	127	14	697	667	718	134	5	323	469	549	577	480	492	533	673	374	432	268	513	349	357	642	209	236	424	417	298	651	97	704	199	226	65	62	540	114	220	43	336	0	208	290	246	128	659	334	651	210	333	378
587	637	24	556	578	82	39	616	441	730	555	158	543	713	24	574	704	474	737	554	352	326	21	109	97	158	277	557	200	392	703	519	336	656	3	221	393	16	720	176	609	440	743	249	694	154	664	527	319	183	702	251	397	36	290	684	181	194	44	362	24	741	471	690	374	51	59	581	731	569	613	286	182	141	134	423	451	192	628	284	329	496	174	358	210	585	624	544	245	563	0	725	253	521	266	733	101	250	411	256
445	691	464	602	301	116	125	714	389	665	420	679	417	189	100	115	222	634	59	693	513	329	354	508	57	8	364	169	424	449	474	716	219	662	706	126	214	394	108	501	98	717	231	556	320	441	69	341	370	236	695	255	583	215	513	510	287	467	215	315	90	318	606	517	100	288	550	133	38	35	586	576	166	506	129	181	504	223	95	377	116	699	113	662	275	155	127	378	299	110	4	0	343	240	619	480	401	225	516	122
89	218	205	262	99	558	711	180	86	200	531	366	171	650	1	216	340	303	432	730	537	210	401	128	383	287	198	108	209	167	398	133	612	313	25	467	478	541	388	565	210	681	348	345	64	334	57	21	677	362	326	423	84	283	745	31	688	388	457	222	46	325	622	587	683	140	276	269	381	566	472	113	15	596	531	233	167	641	347	172	731	656	494	145	624	698	198	576	190	602	529	355	0	95	668	188	246	581	713	630
605	609	605	452	134	444	383	296	234	736	636	369	466	30	99	495	371	561	222	344	65	608	35	609	356	703	315	51	206	469	211	136	717	289	329	241	71	128	107	43	16	285	350	505	568	33	660	300	612	363	534	662	578	271	473	200	497	179	460	441	429	439	92	265	573	264	418	166	8	183	471	262	315	477	275	174	384	210	210	640	707	128	11	405	674	512	223	558	581	388	476	539	708	0	726	480	45	351	649	283
438	337	256	317	263	120	297	173	302	428	246	294	521	373	392	117	656	142	417	712	386	408	684	513	260	367	455	659	581	729	706	724	420	544	640	422	454	264	634	155	233	26	508	633	512	383	639	40	106	419	398	395	230	184	256	491	688	577	130	12	652	70	567	655	616	389	424	172	502	180	524	620	277	93	656	331	579	353	396	216	283	159	607	741	382	315	131	91	165	60	603	15	517	218	0	273	733	240	198	182
258	585	415	213	283	229	338	439	249	533	679	57	563	729	440	493	14	595	42	664	707	568	508	341	364	398	198	664	118	413	679	197	620	241	648	259	259	712	310	324	372	449	606	433	568	202	145	517	483	103	37	660	276	445	398	453	39	514	43	22	220	147	202	707	569	135	336	200	263	727	553	128	687	39	564	389	254	223	40	704	471	731	604	670	410	154	94	463	291	619	332	338	42	467	230	0	388	656	349	161
597	715	89	103	437	401	16	373	325	617	645	483	159	447	137	618	358	111	613	641	637	544	562	14	291	70	25	398	608	298	253	34	548	289	333	577	240	466	132	520	358	508	682	564	458	246	169	33	423	618	155	305	427	220	241	475	727	488	618	580	732	428	632	702	278	214	477	533	305	633	576	124	371	638	29	449	673	636	714	678	200	185	328	88	450	493	210	46	424	326	396	291	47	75	522	645	0	566	596	237
328	289	366	249	586	223	571	5	354	278	706	720	342	379	681	686	143	421	97	524	289	371	273	146	231	611	377	237	390	220	585	458	291	117	601	467	250	38	173	577	100	46	431	158	220	529	592	523	15	578	83	337	327	84	51	389	565	413	598	666	639	502	354	96	346	59	651	121	617	82	297	369	687	205	68	359	291	649	384	593	143	369	8	125	703	464	675	424	34	191	587	51	181	223	156	86	156	0	514	490
537	447	344	103	572	545	128	75	531	348	711	130	295	85	161	579	239	333	145	224	398	634	699	214	83	182	405	106	657	678	688	519	298	64	192	120	150	182	270	669	421	333	266	519	31	82	183	660	700	298	417	593	623	515	451	61	592	350	481	432	384	400	723	96	628	426	664	162	505	687	311	278	179	628	533	362	214	534	326	484	428	283	445	505	433	426	587	220	324	398	99	577	198	500	442	574	737	534	0	633
174	502	201	329	659	43	416	331	345	230	28	286	326	686	677	474	603	134	348	382	186	672	298	88	447	105	96	688	451	361	293	560	521	237	580	188	249	410	726	477	66	478	82	730	653	207	194	273	449	559	58	196	728	406	384	602	635	427	519	433	602	383	18	506	617	617	209	593	308	597	628	113	130	402	420	525	381	682	584	341	5	248	31	282	212	128	6	405	329	524	665	114	523	378	42	416	161	161	481	0
