A	B	C	D	E	F	G	H	I	J	K	L	M	N	O	P	Q	R	S	T	U	V	W	X	Y	Z	AA	AB	AC	AD	AE	AF	AG	AH	AI	AJ	AK	AL	AM	AN	AO	AP	AQ	AR	AS	AT	AU	AV	AW	AX	AY	AZ	BA	BB	BC	BD	BE	BF	BG	BH	BI	BJ	BK	BL	BM	BN	BO	BP	BQ	BR	BS	BT	BU	BV	BW	BX	BY	BZ	CA	CB	CC	CD	CE	CF	CG	CH	CI	CJ	CK	CL	CM	CN	CO	CP	CQ	CR	CS	CT	CU	CV
0	35	4	169	414	325	404	70	124	116	321	4	201	260	148	71	93	196	232	414	296	68	307	113	360	161	212	295	22	295	372	74	229	70	241	123	163	297	12	92	234	134	137	329	77	105	121	169	317	376	188	220	27	383	251	305	149	52	288	204	72	161	263	383	271	86	154	178	372	251	197	156	107	395	204	376	312	383	352	344	392	235	286	176	145	234	25	288	15	175	373	168	86	170	276	2	328	206	243	65
215	0	356	81	139	91	188	152	293	92	39	370	248	8	15	397	193	93	158	321	59	82	29	8	189	33	338	346	329	218	119	38	361	122	149	176	401	367	72	8	257	291	78	27	386	296	215	23	168	200	248	363	158	379	218	399	129	347	39	22	291	320	381	233	342	355	282	161	73	222	212	101	138	7	260	6	273	56	358	186	344	252	219	233	214	185	395	273	58	21	149	367	368	18	218	266	318	115	406	342
145	308	0	342	66	247	229	203	373	412	305	185	84	341	403	123	311	359	375	365	365	245	66	194	120	382	362	109	411	45	234	214	322	309	236	222	34	405	386	300	118	317	256	406	168	145	272	114	413	8	413	171	247	49	30	332	213	304	380	258	270	53	93	130	126	164	413	157	350	340	267	52	23	381	232	302	306	278	222	381	294	415	35	34	400	257	170	15	11	409	25	407	147	233	55	164	343	307	188	108
105	214	50	0	416	318	107	290	200	201	345	412	142	392	416	210	288	323	71	365	173	309	192	276	277	78	211	232	274	162	260	325	376	413	360	285	283	397	157	342	227	378	258	28	280	257	258	24	5	142	218	339	119	239	132	240	370	214	377	331	320	164	283	54	277	25	133	52	233	209	90	12	22	164	182	24	55	191	319	397	184	291	224	171	334	326	337	3	321	314	405	412	412	33	89	329	113	167	283	244
254	110	22	347	0	222	347	231	378	307	233	303	305	215	184	231	245	136	97	141	58	120	16	413	315	400	241	123	127	285	315	150	246	411	139	359	343	97	202	383	309	28	279	413	412	145	5	331	92	376	146	391	184	134	223	204	126	52	55	231	270	131	219	319	54	42	118	387	29	415	410	124	13	183	398	228	198	255	138	267	184	328	166	14	177	406	44	66	96	311	208	113	117	272	93	89	88	333	139	197
280	25	191	177	4	0	362	11	326	366	277	337	189	119	82	278	87	147	143	32	143	349	329	150	148	170	84	171	343	254	80	280	389	2	187	183	232	264	8	33	311	145	344	386	342	216	14	161	399	343	60	108	220	378	211	403	11	229	106	256	18	185	64	94	373	82	199	56	140	127	180	148	403	325	271	281	168	226	92	107	195	268	99	345	386	295	206	108	278	220	282	252	229	324	185	20	109	363	27	376
154	402	226	215	8	193	0	9	25	195	25	284	382	290	310	77	116	273	402	265	203	334	313	44	317	182	235	32	309	26	258	127	416	200	11	194	105	156	198	237	192	22	363	50	387	137	194	126	237	270	356	68	327	221	36	234	184	20	68	174	253	91	389	103	235	328	6	136	54	148	20	272	82	303	253	382	109	18	27	139	70	41	309	161	177	135	35	302	362	19	217	258	318	225	153	328	386	359	395	110
358	8	345	195	20	128	293	0	272	209	327	394	118	268	144	105	316	243	61	333	170	290	416	293	89	214	6	240	183	40	46	203	123	217	15	5	67	362	101	314	67	302	87	311	28	176	127	7	333	194	225	310	158	292	3	90	287	395	221	223	250	137	351	43	306	74	238	41	229	245	330	356	305	355	317	206	177	82	127	415	317	362	250	416	283	3	240	387	45	364	123	72	15	38	349	251	382	136	93	184
108	361	95	277	171	214	290	373	0	356	193	304	328	344	349	14	75	151	322	388	99	125	246	303	219	42	188	248	308	33	389	79	352	114	247	22	288	188	80	189	132	102	145	314	353	368	355	281	411	55	280	75	203	231	149	172	166	81	98	247	28	337	44	323	172	168	59	350	323	227	46	307	257	335	3	73	54	37	20	248	199	282	366	261	221	292	280	123	343	138	197	361	234	368	25	399	268	349	335	216
172	36	280	88	415	214	337	262	64	0	356	302	302	234	193	216	231	143	387	41	117	160	9	329	158	38	289	189	118	380	327	148	387	391	402	137	77	32	348	230	241	348	141	408	149	132	102	82	324	403	92	240	176	5	398	198	141	300	82	307	388	187	362	398	27	110	286	125	104	88	69	175	305	110	337	271	226	221	277	270	250	206	225	370	272	259	366	415	101	331	175	169	313	26	54	80	163	356	293	187
275	270	64	391	27	307	120	233	207	97	0	113	126	2	311	196	57	7	398	364	391	164	269	333	240	292	353	298	265	369	262	298	299	56	380	261	12	386	248	380	140	39	140	394	371	102	219	179	190	245	12	248	344	270	13	222	359	49	129	406	331	111	157	52	236	310	333	146	328	147	139	122	92	216	73	205	249	82	15	329	11	391	133	353	132	416	240	409	294	48	101	292	112	117	354	64	77	198	35	106
39	70	369	224	235	44	210	359	161	38	317	0	228	392	191	108	357	349	226	369	286	344	390	182	294	235	323	7	367	244	343	391	156	358	82	37	335	390	38	93	109	317	65	5	23	185	44	196	211	68	98	402	274	72	396	251	389	376	53	130	389	414	28	55	3	68	15	273	144	347	233	305	216	176	252	151	350	339	73	405	144	352	384	395	173	220	97	298	308	18	93	33	242	177	311	91	163	247	366	249
286	273	359	162	330	167	47	198	399	277	223	136	0	96	101	399	37	103	246	328	98	311	200	129	243	344	280	26	204	135	348	255	118	93	56	370	94	407	246	16	276	79	185	257	228	45	77	59	217	8	336	79	274	383	95	335	120	412	310	396	84	194	111	231	370	162	388	332	31	305	214	84	49	326	190	270	199	141	323	90	25	112	191	52	32	42	331	50	349	149	108	291	372	175	54	179	50	372	27	26
8	390	312	9	100	372	34	364	5	200	415	357	74	0	395	291	118	392	247	304	121	37	47	109	142	399	309	279	395	115	131	415	168	94	412	259	163	355	25	367	3	188	366	300	162	315	243	301	342	79	109	131	360	252	294	370	84	386	231	14	305	56	43	329	345	43	52	69	279	407	300	17	133	61	337	58	333	103	244	240	94	153	186	103	415	32	315	11	321	228	261	45	44	280	276	59	416	48	374	101
295	408	280	153	96	325	231	26	337	397	10	220	125	51	0	264	20	119	253	86	48	393	204	242	274	135	107	270	222	329	407	165	70	409	348	162	364	314	114	331	301	278	108	3	364	51	318	55	328	388	281	134	294	303	306	166	404	65	53	365	57	271	116	57	247	310	229	402	315	4	176	323	340	108	79	411	18	124	169	242	6	385	97	161	129	23	159	296	239	310	334	147	338	294	119	146	160	246	61	410
239	78	246	415	288	144	143	239	274	405	142	322	379	286	145	0	96	113	134	407	213	301	247	55	373	111	106	25	235	119	351	52	112	284	222	309	5	291	105	114	173	104	6	22	183	234	371	313	171	36	73	45	124	52	180	416	118	27	248	92	153	262	343	233	210	52	16	309	14	184	1	48	16	87	284	288	329	187	396	290	143	383	291	182	181	204	287	124	321	363	168	229	401	168	12	255	360	351	211	134
237	101	106	63	90	244	279	276	220	101	207	325	272	349	123	27	0	254	99	310	311	42	231	208	200	411	38	252	370	224	192	137	218	275	264	348	181	318	226	104	316	34	171	411	361	133	24	388	94	100	389	272	373	301	9	39	94	279	131	371	208	111	285	135	210	145	7	241	363	160	382	138	167	203	197	202	277	118	151	298	241	76	273	297	207	39	291	7	403	133	228	172	133	365	277	367	405	149	304	174
21	55	108	361	141	38	410	52	294	341	359	242	225	301	244	72	363	0	41	80	281	182	411	382	22	401	368	320	117	234	41	142	391	98	141	379	258	192	318	346	198	117	366	140	284	383	384	320	301	177	376	247	233	129	109	12	77	45	134	182	289	286	243	75	410	167	273	401	292	149	57	32	185	287	149	206	414	361	242	60	155	365	173	213	126	386	184	315	361	40	378	98	72	94	26	388	165	310	192	374
56	229	3	4	372	183	382	314	234	164	202	14	186	340	14	397	135	327	0	137	231	371	160	351	71	255	233	342	260	349	114	59	192	390	358	345	217	194	48	45	303	65	93	347	126	414	326	232	77	217	366	224	226	190	125	356	181	319	345	241	280	327	206	309	389	370	26	414	267	389	248	188	348	170	254	96	365	313	9	130	379	379	255	317	403	134	65	138	270	23	144	55	27	99	275	265	236	293	258	391
251	243	404	42	57	380	95	134	398	162	340	196	351	269	178	154	325	241	4	0	169	209	352	326	334	138	387	103	106	302	115	186	384	47	286	270	399	149	171	228	352	242	266	149	106	99	311	217	21	298	67	157	191	165	290	316	309	162	120	218	269	10	406	195	79	298	195	298	102	166	70	18	400	249	112	229	159	368	70	190	202	151	12	406	202	302	412	5	324	51	15	365	394	351	245	260	360	144	68	193
102	202	243	220	7	254	190	335	132	375	173	151	313	288	368	358	98	130	341	129	0	238	377	299	144	283	347	269	368	161	245	406	39	141	68	31	361	85	337	91	396	411	346	81	308	302	100	17	273	289	191	49	289	69	318	316	81	139	363	403	55	44	32	389	383	95	74	122	65	255	41	330	375	100	56	382	325	148	83	159	285	414	220	236	308	351	38	13	205	259	193	379	8	31	285	76	198	132	314	123
266	357	33	19	119	21	226	183	250	109	230	78	397	358	68	342	58	300	261	321	329	0	233	79	382	155	62	317	197	206	248	245	253	164	389	230	292	87	77	404	192	349	177	383	331	100	257	258	91	12	340	393	329	140	367	60	285	297	355	246	393	34	83	229	212	338	194	36	142	31	145	57	31	50	108	404	129	252	386	22	289	257	90	309	20	207	272	370	128	336	165	99	207	94	387	19	45	342	203	223
414	64	348	29	227	348	348	182	186	29	129	394	206	26	106	297	386	392	266	97	258	35	0	314	77	93	351	25	156	182	409	39	133	164	281	57	270	267	84	160	277	47	14	49	83	368	345	18	147	187	33	213	98	397	77	370	187	270	304	171	372	215	2	39	26	65	382	382	78	278	274	59	8	69	357	132	177	301	103	176	203	74	8	183	230	354	395	210	251	10	375	268	28	394	152	167	150	291	245	127
178	238	250	194	409	126	323	122	381	185	276	383	87	73	191	30	108	314	227	2	26	35	301	0	19	23	127	138	231	404	389	201	242	138	357	373	379	414	125	322	389	108	110	331	94	16	18	46	9	379	323	108	48	96	410	19	220	143	402	380	411	6	36	361	336	274	336	3	251	374	203	318	277	140	257	196	37	62	108	168	185	413	362	62	241	50	198	265	183	321	130	185	391	368	125	135	21	416	23	161
111	123	28	119	20	348	223	206	359	77	393	252	389	400	44	90	410	14	298	242	122	323	43	270	0	164	344	377	81	209	379	410	232	399	249	51	333	362	124	101	359	257	260	266	254	163	374	365	292	183	61	230	202	367	128	366	110	252	179	376	24	229	27	318	259	150	93	62	306	175	186	393	25	377	20	268	364	51	374	224	338	2	138	232	413	169	386	297	175	350	94	138	313	37	131	229	206	162	37	296
55	166	404	357	228	270	265	396	227	216	202	369	338	13	12	39	317	200	117	82	98	242	348	359	386	0	362	374	355	262	379	233	349	96	40	212	140	396	325	274	313	64	290	117	324	72	233	216	20	227	297	157	72	95	240	401	130	266	16	113	408	151	354	66	392	21	76	388	60	283	368	229	328	198	43	316	351	305	21	105	358	47	40	304	130	347	294	177	110	159	16	301	373	413	340	235	216	215	345	364
265	87	186	279	137	170	175	342	286	166	294	247	4	413	281	270	107	155	214	36	13	111	172	284	88	334	0	264	66	80	72	247	70	305	174	346	383	127	385	154	3	303	57	105	35	212	307	171	136	362	53	14	178	244	320	184	4	283	335	72	166	285	20	162	314	225	262	141	88	113	130	14	128	260	176	41	228	374	396	138	342	235	53	320	234	382	171	6	402	250	63	345	102	149	388	288	103	405	389	314
158	257	87	104	197	159	270	346	131	211	22	356	141	395	122	282	55	211	238	90	55	349	144	310	217	296	15	0	291	104	220	284	231	27	160	344	299	416	283	416	249	220	202	363	204	196	158	327	149	319	374	252	177	379	104	78	262	388	347	89	382	145	3	55	306	303	63	66	30	183	271	340	352	275	395	365	204	363	295	139	286	340	330	309	23	60	209	325	139	262	339	57	270	340	353	203	381	197	373	391
375	73	309	1	303	228	292	375	3	108	187	146	407	375	216	118	351	18	359	31	59	341	125	111	380	67	332	178	0	260	8	386	271	49	274	201	263	74	53	398	209	316	21	44	175	284	308	230	149	246	189	82	111	63	400	357	47	355	69	38	298	145	165	207	393	201	369	324	31	290	53	200	162	119	121	156	180	310	74	408	131	280	356	272	28	273	233	171	289	284	80	410	80	38	293	5	249	262	12	1
396	162	282	91	313	116	338	404	278	270	209	396	212	316	257	300	215	389	310	317	170	259	222	209	396	73	253	19	241	0	128	331	317	189	293	241	337	394	106	296	251	363	144	308	94	87	78	28	223	109	401	187	34	373	68	342	268	348	223	392	225	76	308	239	297	229	264	219	381	103	409	415	90	84	243	239	148	75	145	356	51	68	408	377	377	303	207	49	62	325	182	317	350	325	330	146	326	405	408	194
122	244	12	147	32	276	298	411	147	326	255	266	60	211	63	173	184	408	220	187	236	191	257	47	23	124	118	134	54	331	0	128	148	382	247	316	387	229	128	23	105	26	243	62	397	210	369	333	144	220	65	355	227	110	384	81	61	197	305	180	198	88	410	125	216	108	236	288	172	251	246	93	326	89	147	159	96	373	275	312	197	238	62	222	129	288	112	345	93	338	410	113	124	233	388	322	53	157	126	276
107	150	99	383	156	29	223	103	7	114	278	410	344	387	373	42	311	6	95	42	274	99	159	413	43	312	164	131	249	272	381	0	37	353	145	301	108	99	30	262	107	23	86	353	345	19	112	195	233	32	354	159	341	199	108	155	128	220	197	395	210	125	34	82	292	395	207	411	182	257	318	294	197	201	412	282	221	330	215	96	60	323	354	210	134	143	37	7	415	233	416	319	48	307	201	182	213	403	141	267
57	169	222	196	75	185	200	88	284	103	363	81	394	287	217	240	111	81	1	359	27	131	76	31	301	388	415	325	284	255	122	16	0	319	20	339	126	390	229	177	105	127	351	100	192	348	212	314	369	274	383	385	141	215	88	261	221	287	280	188	10	145	17	179	408	330	126	227	198	40	219	174	305	148	12	171	48	314	22	306	159	34	398	280	235	60	299	341	71	385	60	394	389	270	223	9	189	297	264	220
380	204	3	292	170	173	278	93	199	16	276	211	325	395	107	21	201	77	83	313	364	54	224	350	38	189	129	393	12	142	373	370	350	0	251	382	365	347	394	256	298	204	290	156	293	336	218	32	365	10	327	194	42	332	185	389	90	235	272	50	220	363	72	176	166	62	232	35	259	47	130	313	103	207	51	395	406	345	147	262	65	131	382	374	360	228	269	382	291	347	411	119	338	298	117	137	258	160	105	12
1	209	400	396	283	103	101	304	292	284	22	194	103	111	336	115	12	263	198	374	4	294	399	120	415	254	198	277	96	108	365	153	77	10	0	1	17	213	59	98	136	61	271	339	325	123	330	185	169	201	339	187	80	248	223	169	248	401	211	400	406	283	169	317	3	310	206	25	72	288	365	29	266	288	157	362	91	29	314	399	126	268	11	382	80	292	32	325	87	123	13	276	106	63	27	338	31	78	42	268
125	267	43	358	284	143	260	245	363	386	242	355	7	53	136	286	304	235	185	261	51	156	152	133	263	383	19	188	155	128	298	226	106	198	271	0	69	296	136	402	259	328	279	56	329	377	183	356	119	43	20	329	299	76	208	44	171	287	385	249	318	10	38	40	342	313	314	198	178	113	388	310	85	118	71	34	385	236	359	191	85	151	9	265	267	387	373	108	3	326	325	158	50	252	61	11	398	381	321	378
317	407	356	31	21	189	398	389	42	150	229	294	119	384	331	395	97	110	33	121	75	399	345	125	46	401	18	325	121	55	357	387	262	110	260	156	0	100	162	239	409	338	349	70	241	114	309	353	144	108	96	416	32	113	53	356	249	107	379	193	369	127	187	120	81	154	2	308	63	281	255	400	187	305	361	165	109	387	363	152	116	48	243	280	108	257	210	203	24	261	44	95	34	205	310	285	390	96	310	341
25	192	51	87	353	105	154	236	70	55	71	126	110	291	88	382	273	149	131	6	117	221	6	17	60	89	315	234	319	172	56	198	58	206	163	341	271	0	79	280	8	261	394	297	315	299	53	387	135	276	387	197	5	194	258	206	258	53	349	321	119	168	51	191	57	123	334	414	121	295	295	262	357	210	248	355	84	242	172	142	225	149	257	282	116	374	118	286	14	134	70	47	20	207	304	273	369	343	261	322
399	344	389	266	306	201	11	237	43	253	79	1	232	278	80	389	230	154	415	150	44	330	415	79	55	402	172	216	39	246	253	171	354	192	199	125	323	67	0	225	211	398	140	374	371	405	38	376	32	211	365	203	259	146	252	106	371	302	257	178	68	228	308	80	8	193	376	169	281	310	53	355	303	204	3	85	286	386	79	372	201	124	414	91	82	6	217	211	232	90	412	54	226	124	88	314	212	108	25	282
155	406	380	127	54	6	312	290	317	53	2	188	146	411	367	97	250	301	33	343	199	207	169	40	62	122	238	390	252	81	150	319	179	75	264	317	375	247	282	0	55	376	309	190	318	395	113	217	121	10	110	69	81	356	210	227	385	383	203	117	262	359	133	354	231	42	410	217	333	174	74	413	406	208	38	346	134	394	127	54	168	40	132	294	212	395	266	273	200	9	211	309	412	416	309	312	198	12	65	251
256	384	168	318	324	10	46	230	406	54	17	150	390	293	14	139	374	35	225	221	294	61	264	206	307	110	52	243	254	226	134	9	351	390	38	124	232	331	332	280	0	63	244	250	359	128	248	361	262	80	154	80	152	212	407	345	241	262	156	187	173	411	345	86	208	104	374	78	390	56	70	215	94	53	391	208	56	367	25	361	164	162	410	81	75	113	378	320	364	400	118	52	10	97	252	145	266	259	89	187
264	384	336	162	71	43	245	6	331	90	415	307	237	124	38	88	66	14	350	32	33	184	319	265	274	199	269	213	340	290	102	314	168	347	248	66	52	341	59	272	115	0	118	157	151	199	199	157	390	74	328	351	245	93	395	128	264	195	81	118	31	316	8	163	271	102	315	301	267	22	94	53	270	387	94	185	79	272	413	12	390	326	94	263	339	318	187	367	172	277	233	243	47	362	345	175	307	52	202	138
167	317	81	145	75	373	345	48	280	257	302	231	4	156	78	192	117	5	287	278	236	43	229	395	1	94	394	67	279	149	301	163	398	19	402	321	40	379	359	20	359	87	0	276	150	18	166	299	342	79	202	346	190	357	77	114	224	288	347	384	220	403	25	21	144	260	254	85	373	305	320	173	255	104	372	328	63	100	299	208	317	212	33	273	271	1	155	130	139	239	402	306	29	22	320	383	324	259	15	310
342	313	203	151	353	377	274	246	226	326	226	230	168	269	259	401	188	358	263	141	96	255	107	381	120	163	45	320	84	25	376	394	259	322	37	100	69	19	147	351	382	271	156	0	78	253	377	142	312	356	366	4	109	347	124	173	406	348	335	363	107	49	406	47	380	354	344	233	81	170	328	247	172	160	86	245	163	171	313	226	192	355	12	314	17	3	42	117	342	99	256	261	322	393	68	73	197	323	209	358
303	258	36	21	98	370	279	93	39	186	86	43	243	392	244	309	254	183	389	70	367	178	13	373	81	412	303	69	238	254	19	89	55	190	185	256	415	316	284	160	258	215	1	150	0	81	113	126	337	307	163	250	17	178	206	13	384	386	230	400	121	232	7	255	287	188	43	342	94	48	213	344	86	286	258	125	343	14	381	120	199	187	35	285	21	337	14	347	26	369	267	218	310	39	388	153	383	12	196	218
10	356	150	28	287	405	396	56	81	40	304	111	157	298	49	137	131	210	388	128	18	240	126	366	316	137	63	96	209	407	109	45	55	264	281	111	14	363	365	135	407	213	364	198	5	0	42	75	310	33	37	216	385	398	411	277	193	234	178	252	112	217	245	323	154	352	395	223	93	354	300	328	239	87	391	161	286	284	75	379	168	12	190	405	157	147	414	21	332	162	107	352	144	205	152	257	236	42	2	280
310	244	190	360	170	278	264	212	314	29	153	68	281	180	285	330	139	74	322	387	346	108	252	326	75	307	110	121	406	44	57	97	170	310	402	90	265	5	212	210	393	14	279	329	413	94	0	63	260	252	151	352	254	160	29	321	405	48	251	282	247	87	290	238	131	345	77	207	360	105	72	187	175	218	209	370	111	197	213	68	64	138	384	353	367	307	325	350	36	69	294	140	355	66	207	293	25	387	202	403
79	378	416	168	313	160	412	275	145	285	236	371	150	30	413	200	322	17	108	15	255	319	291	199	187	162	150	51	258	281	68	218	6	400	90	5	290	90	215	342	315	117	414	348	340	155	211	0	385	61	6	190	357	231	4	250	90	299	308	365	274	258	391	352	127	40	8	59	363	348	414	151	406	122	138	77	410	242	388	39	193	23	154	2	236	11	134	84	370	283	255	21	104	254	24	68	335	249	141	238
340	402	222	222	284	310	330	304	404	380	278	84	161	214	108	247	408	407	284	119	29	365	275	56	276	323	253	262	105	45	80	394	97	179	77	304	88	115	99	246	275	390	244	229	55	8	370	129	0	275	256	242	394	233	342	76	64	23	9	306	143	289	305	400	19	281	38	258	156	31	55	206	223	198	192	18	7	125	384	205	75	195	191	188	134	29	261	354	237	288	295	416	152	384	289	144	412	66	56	355
348	345	224	261	156	363	144	237	95	376	359	354	410	112	115	12	309	232	254	167	398	162	111	141	2	304	260	162	377	109	94	17	268	63	122	158	304	32	87	110	211	188	43	13	157	36	384	390	12	0	120	291	61	153	130	375	84	26	410	365	334	309	19	407	392	298	283	40	188	331	159	4	199	169	273	167	222	272	181	169	296	376	257	206	192	359	265	260	161	352	73	63	232	224	45	179	109	100	29	351
329	405	268	378	99	19	392	157	211	226	360	368	236	258	44	227	302	44	16	373	104	306	223	263	120	139	72	106	128	218	296	49	348	158	60	402	133	229	115	413	84	89	61	176	397	211	121	225	123	186	0	5	416	330	264	298	290	148	382	8	206	374	113	57	200	146	266	239	159	10	326	43	72	364	341	248	90	289	396	149	274	346	396	15	155	276	123	148	281	234	372	150	143	388	116	286	315	393	248	116
140	170	1	305	20	202	45	42	266	343	398	91	95	410	275	259	228	21	150	333	360	44	229	160	152	43	60	44	154	165	277	352	371	183	348	345	282	185	147	63	322	305	97	78	156	255	242	366	251	226	319	0	170	336	344	246	292	251	28	227	323	235	373	76	340	128	240	120	106	275	361	62	389	114	79	19	167	411	348	407	7	317	341	211	356	72	268	117	19	3	404	84	103	325	11	32	7	212	258	340
314	11	296	141	13	150	398	133	85	172	327	241	367	385	347	122	91	247	138	128	38	132	385	192	93	122	229	216	54	182	212	270	57	160	352	384	310	299	175	284	210	101	140	90	297	103	56	30	70	119	345	83	0	280	375	131	317	156	94	343	230	69	158	150	347	195	97	112	9	168	251	1	164	73	30	230	145	16	116	37	276	52	285	296	121	59	309	379	18	359	63	342	143	305	137	400	53	306	108	342
369	206	145	65	257	25	298	344	145	8	119	176	102	339	18	209	236	123	280	231	232	219	257	207	6	177	209	23	41	116	154	4	415	103	93	145	306	235	412	193	30	81	84	146	401	117	342	189	367	136	404	251	48	0	284	147	124	93	144	397	249	347	87	16	327	206	78	58	132	182	301	302	225	69	403	413	96	136	59	141	129	109	292	57	189	52	65	263	151	245	174	106	207	35	236	187	264	356	333	6
170	178	309	41	1	165	271	101	55	28	190	307	215	142	248	278	367	184	108	299	107	189	209	115	309	328	25	387	407	7	340	214	327	400	216	209	47	63	215	154	241	196	132	346	275	9	92	107	232	317	217	251	50	341	0	114	137	312	14	75	394	26	90	48	31	301	80	22	38	254	414	384	54	382	309	359	316	248	352	274	286	15	13	266	371	134	53	390	202	39	48	107	63	412	268	75	343	351	335	406
380	200	195	150	139	66	4	125	283	32	375	18	48	212	282	60	94	112	215	197	58	27	108	368	95	186	386	218	25	172	288	322	191	128	255	369	314	73	245	174	325	233	64	69	411	324	141	2	144	263	407	261	385	143	306	0	71	265	375	206	170	243	246	247	8	257	331	99	339	98	48	330	224	288	272	168	315	371	30	53	233	76	102	290	41	217	235	342	247	368	256	228	129	47	359	121	44	56	250	258
325	240	347	134	252	349	50	180	257	122	309	393	282	151	149	179	307	319	285	248	276	209	404	41	189	310	3	89	150	61	259	97	280	344	314	267	359	357	171	154	368	324	123	252	291	216	65	105	253	355	285	234	167	187	23	178	0	276	40	224	413	239	124	49	317	404	56	229	324	90	131	179	253	350	391	140	220	127	67	128	269	412	71	290	106	113	71	340	95	212	55	327	230	253	159	238	12	307	101	144
321	38	183	303	355	301	110	280	134	74	237	204	168	204	376	410	204	290	235	98	409	94	82	114	1	219	154	207	413	43	241	340	155	275	243	277	290	37	109	27	300	286	59	195	148	19	37	30	268	122	345	67	412	119	396	195	41	0	119	359	201	257	86	71	46	47	279	327	91	206	335	381	22	353	260	47	142	72	162	265	165	214	115	396	89	333	317	376	217	178	144	386	28	273	341	36	161	209	52	6
385	383	392	349	214	140	124	255	414	61	99	249	330	411	374	92	248	393	380	240	83	243	178	174	361	143	368	348	383	14	285	291	322	60	57	82	151	222	139	267	268	60	185	399	320	36	387	186	29	306	167	294	165	348	252	363	377	3	0	342	69	134	375	397	115	10	245	235	75	351	43	229	130	23	327	4	316	361	396	321	72	395	62	5	254	183	81	248	377	351	209	386	407	109	222	77	39	186	196	46
115	22	108	38	121	60	182	72	244	109	36	308	217	72	115	340	232	290	262	224	21	110	227	276	96	383	25	362	104	11	215	205	18	253	50	185	231	360	258	264	206	39	232	25	216	135	194	174	79	161	209	123	124	397	25	18	151	123	264	0	73	108	236	409	123	394	189	267	136	210	156	204	223	255	87	61	316	62	111	260	301	95	235	170	298	212	82	62	370	262	36	250	164	336	331	17	55	331	217	413
250	234	270	181	140	27	390	2	59	190	106	55	391	166	206	13	383	47	212	229	63	170	195	236	37	45	97	275	243	371	251	28	245	181	44	263	129	36	363	191	222	251	408	39	409	164	16	136	8	147	100	40	55	170	262	104	385	273	163	62	0	212	268	343	342	225	24	45	142	318	54	7	238	355	210	49	359	127	119	165	241	269	78	134	296	129	17	321	98	374	409	247	247	382	263	336	398	318	254	314
77	377	239	181	128	176	205	42	213	313	276	227	52	209	414	373	301	226	254	305	100	398	242	1	159	295	342	26	154	329	217	406	306	287	197	223	339	309	192	325	113	408	48	345	141	251	373	288	49	67	173	80	165	235	228	115	266	142	198	100	72	0	207	323	276	252	366	334	222	239	52	321	54	329	170	178	212	161	392	61	352	373	65	184	246	362	183	238	17	399	292	64	341	70	350	355	175	411	302	207
399	353	301	219	184	129	109	103	86	333	352	10	240	16	26	238	346	393	103	241	366	345	209	29	214	67	85	125	187	166	99	306	10	67	214	306	414	223	188	113	112	308	414	263	174	206	415	358	353	47	210	320	14	46	133	364	165	110	311	102	181	113	0	332	333	167	298	309	365	11	282	11	305	112	357	212	336	413	16	127	50	293	247	389	207	185	101	394	206	64	131	107	208	160	60	27	403	45	47	241
91	123	58	78	272	168	52	279	176	253	346	378	95	106	301	23	18	120	45	370	30	148	316	161	73	137	219	314	303	329	352	245	153	115	385	233	85	65	126	352	121	207	146	118	85	240	249	144	281	94	158	86	222	306	391	26	27	398	391	99	114	20	239	0	275	384	14	316	312	90	331	93	341	120	152	112	217	174	257	340	68	171	355	376	234	156	314	285	65	413	266	132	156	80	216	121	326	95	18	199
134	41	214	256	45	132	248	8	280	285	258	247	260	295	93	138	354	302	394	360	358	107	379	281	197	184	193	79	46	84	367	351	323	330	242	84	279	17	195	407	299	203	170	119	57	20	382	223	120	178	405	122	62	344	230	325	284	369	17	99	106	175	401	341	0	73	118	26	114	39	232	166	151	174	37	295	191	5	72	331	85	297	133	331	258	364	68	143	374	408	79	196	276	134	370	123	413	343	249	188
33	78	125	156	167	122	63	192	89	58	111	257	147	277	407	214	22	291	188	199	19	11	194	312	282	34	281	137	284	262	247	280	215	370	48	2	135	393	97	3	327	129	338	365	140	118	369	370	229	41	23	84	106	174	206	222	83	39	67	243	107	388	349	334	285	0	176	117	186	190	115	138	399	175	316	167	377	42	69	225	214	129	394	291	217	33	406	42	289	84	337	274	98	338	143	112	226	41	74	405
12	88	93	181	28	10	246	330	10	143	16	4	90	80	105	110	278	220	166	73	377	52	137	217	4	64	62	355	208	263	150	199	88	398	268	127	320	311	259	383	66	353	180	91	84	111	201	76	337	284	17	230	21	367	239	119	34	379	34	372	407	80	67	82	210	345	0	76	315	214	415	264	231	150	23	190	170	26	273	25	4	363	189	366	398	350	171	19	57	396	371	135	224	409	279	162	408	403	215	43
255	364	113	410	97	23	263	140	136	247	149	16	162	24	9	370	280	339	53	372	349	377	78	191	382	11	159	412	382	136	139	404	21	150	351	105	85	354	16	255	61	359	37	215	46	233	278	257	414	306	368	260	127	100	97	109	259	309	286	316	372	183	377	321	106	26	35	0	125	71	343	247	330	158	362	107	265	266	157	239	253	152	100	49	258	219	389	198	171	94	92	368	406	19	112	106	397	124	116	363
51	89	181	363	244	401	348	41	398	405	101	203	353	285	193	55	340	49	179	37	68	392	219	346	61	197	268	82	225	315	158	54	251	338	163	104	225	39	188	136	238	127	89	279	298	198	14	109	346	379	34	262	108	301	222	241	376	32	411	93	154	332	240	276	9	253	39	88	0	60	363	1	240	42	71	276	168	166	57	116	394	313	164	13	304	100	110	299	182	32	151	1	262	337	213	319	130	395	91	397
383	324	177	349	181	104	236	56	94	220	404	16	18	156	78	295	272	45	249	36	117	355	370	325	278	394	333	341	287	85	296	240	326	187	292	117	85	246	369	30	354	225	91	164	186	234	177	45	242	238	40	45	295	133	22	120	83	100	346	34	238	282	232	7	157	127	136	99	85	0	80	292	327	48	353	27	309	15	172	385	305	63	222	343	372	372	199	50	85	51	215	327	180	391	143	95	316	238	148	201
360	249	161	303	414	141	23	310	396	388	105	259	240	367	232	34	338	227	349	233	14	233	270	369	260	185	319	241	247	365	206	162	363	230	281	236	105	184	294	140	370	301	40	268	266	306	255	196	218	97	8	153	390	150	106	31	286	378	110	83	133	363	228	267	10	199	278	24	232	411	0	205	175	307	192	254	51	298	154	384	262	394	28	150	221	162	234	263	59	214	63	104	141	344	18	389	41	283	132	119
336	382	325	60	344	247	186	169	245	131	338	144	74	249	234	213	293	145	326	220	51	71	89	315	359	202	159	299	149	388	233	165	365	198	156	368	80	209	258	184	167	226	384	401	210	76	63	7	363	256	69	38	77	139	106	370	413	340	247	23	39	392	5	384	305	90	300	108	408	357	125	0	383	336	405	125	225	270	201	53	63	72	22	147	230	205	259	56	15	341	95	320	393	114	208	176	246	248	240	408
42	154	308	24	26	361	258	238	42	400	148	72	199	202	145	109	257	127	392	181	336	199	112	287	329	212	355	139	162	197	115	222	193	315	347	58	106	361	279	185	6	5	26	132	37	208	38	20	243	160	241	406	23	1	20	396	396	61	227	416	261	148	185	278	111	371	123	39	409	390	222	267	0	112	257	237	260	335	115	3	90	44	82	172	29	403	150	237	346	140	276	261	24	142	187	113	241	355	314	339
146	20	110	166	330	319	143	218	358	308	32	201	385	19	153	364	114	7	286	63	82	370	367	95	17	97	321	171	6	393	281	409	113	232	401	258	113	207	180	389	10	280	282	349	239	130	314	20	127	339	236	118	402	27	206	20	268	347	257	345	80	243	383	375	162	352	42	175	49	190	99	200	57	0	174	16	79	271	362	71	168	171	275	64	408	291	327	259	189	264	365	158	215	56	6	276	263	317	151	84
320	299	405	380	377	137	31	26	166	228	298	323	316	295	281	312	364	80	364	257	31	349	211	128	94	409	294	414	3	251	409	246	401	202	206	242	272	401	43	14	132	289	277	100	291	338	281	411	123	169	316	385	327	45	369	277	63	35	16	254	4	377	329	114	397	405	111	24	372	103	46	334	350	285	0	179	125	91	8	389	343	412	14	78	245	105	176	1	341	385	266	237	94	38	413	140	377	356	307	335
358	369	294	372	416	223	110	15	27	85	343	278	101	344	174	280	193	412	85	59	355	330	13	377	26	392	63	131	34	340	2	160	1	253	145	365	402	58	404	207	397	53	257	397	317	348	266	137	63	157	307	138	25	221	411	139	293	336	118	74	20	380	15	217	394	248	251	359	20	392	246	259	60	299	61	0	73	166	150	52	321	33	262	398	301	407	242	269	128	243	234	327	278	2	194	126	303	10	18	140
245	107	192	67	284	336	217	22	130	396	112	320	183	241	407	122	298	353	51	57	390	58	348	348	125	388	310	119	268	22	22	360	371	212	216	136	363	414	77	4	393	170	207	37	112	254	44	240	169	31	263	338	165	399	62	128	27	2	275	82	360	191	26	161	223	9	235	155	248	252	84	351	289	9	383	331	0	371	181	329	301	220	38	92	106	326	316	142	190	357	270	266	19	85	152	25	227	1	150	336
187	54	371	64	141	409	321	253	266	224	31	168	159	100	210	343	216	129	82	368	94	3	153	108	271	157	19	288	393	24	71	277	361	226	14	8	61	297	345	284	282	216	221	196	218	197	261	40	211	143	205	238	229	184	405	190	280	160	62	329	24	1	155	176	385	6	224	298	18	374	340	262	331	377	42	38	409	0	269	14	263	372	120	322	106	229	94	349	294	10	298	31	29	311	27	72	276	190	285	369
46	155	349	332	80	117	97	63	348	373	279	231	314	291	263	186	302	182	393	84	123	202	201	149	205	327	153	192	192	237	50	137	179	76	92	140	173	397	295	44	67	328	93	213	83	370	61	205	130	105	7	121	233	282	321	393	255	272	30	164	38	294	406	91	201	70	234	76	375	201	351	98	225	389	394	398	230	336	0	80	125	34	70	23	382	30	324	74	274	243	62	408	329	282	414	283	127	387	299	104
21	300	96	347	120	230	102	43	341	216	210	337	385	393	100	152	262	82	283	407	397	62	361	215	247	12	255	100	119	89	61	301	402	360	22	53	255	278	86	373	263	207	63	384	216	262	369	227	191	147	123	1	44	315	171	299	401	68	286	104	376	117	244	249	27	80	2	386	217	125	156	273	292	132	61	69	235	288	376	0	67	271	130	164	265	372	212	20	319	309	323	22	315	189	226	263	192	260	408	133
112	194	162	75	270	299	242	366	2	345	409	260	351	324	268	333	174	31	138	77	65	268	267	174	406	38	310	374	5	372	406	372	287	23	217	97	65	227	132	350	242	416	101	16	362	380	119	352	254	404	167	154	281	387	300	249	365	283	294	335	383	34	125	319	52	151	151	41	62	252	210	224	25	55	343	357	247	151	8	115	0	356	260	31	147	316	270	378	119	412	214	359	215	301	78	69	304	398	282	133
145	55	216	296	233	198	243	205	42	283	87	363	37	314	179	217	319	194	196	63	37	14	396	89	306	294	150	142	68	225	288	19	241	304	325	396	403	16	337	395	325	307	161	13	219	222	48	249	311	47	364	402	402	108	189	244	199	28	291	213	16	330	21	135	183	296	299	227	58	217	70	408	72	334	336	285	29	313	77	288	185	0	341	145	377	343	403	334	314	128	137	28	50	50	87	82	374	399	352	26
214	348	354	232	206	164	219	133	316	55	55	283	10	415	314	52	330	387	201	153	298	395	412	13	287	299	122	96	139	1	112	410	114	23	240	189	190	155	74	256	165	13	175	191	34	338	99	71	16	321	320	13	239	281	132	172	365	99	15	305	114	188	172	90	234	266	232	243	326	147	147	398	403	170	138	147	348	100	53	127	53	414	0	249	353	173	19	395	142	134	278	217	153	344	82	271	390	65	242	237
117	315	277	214	104	93	179	41	166	334	117	415	10	68	304	362	369	198	127	351	112	351	332	133	368	275	409	298	217	405	39	139	308	97	15	395	410	254	187	108	223	411	205	271	133	66	153	294	151	410	137	35	152	246	220	24	68	72	129	317	341	402	355	396	191	75	205	176	412	127	274	368	211	299	371	404	45	80	409	185	333	74	164	0	184	30	120	322	60	88	142	300	169	264	94	60	257	181	215	51
210	129	96	321	173	100	135	335	72	52	48	90	257	393	274	3	151	101	314	353	274	60	208	194	228	220	63	202	90	134	111	120	291	61	208	275	271	339	227	64	138	75	239	80	377	138	182	102	197	93	116	411	23	357	246	198	72	383	252	220	137	269	91	104	342	112	335	172	387	406	94	132	237	251	112	289	272	67	332	185	381	387	132	13	0	380	131	81	390	291	78	309	150	206	305	340	301	340	96	254
88	28	15	376	296	146	292	193	55	125	176	281	130	378	401	21	285	235	361	111	79	272	273	249	287	335	164	399	49	199	159	324	334	342	171	245	104	99	318	259	195	386	176	183	183	205	142	221	300	395	332	85	48	124	94	240	400	238	413	194	138	219	214	6	171	290	252	139	9	143	39	270	406	203	267	366	244	215	78	342	301	267	235	237	72	0	254	78	146	80	386	305	113	3	320	129	233	253	72	350
240	235	112	310	146	245	163	346	314	247	29	288	162	171	383	177	238	280	170	376	124	33	228	97	147	176	55	373	186	172	29	228	248	138	205	352	318	59	153	138	170	396	15	263	232	163	206	210	376	357	116	203	41	354	34	92	381	354	362	414	242	46	89	1	17	107	115	324	272	211	83	210	326	273	139	260	238	96	177	100	297	58	215	191	18	279	0	312	51	262	314	247	292	88	217	179	7	342	233	122
95	53	353	242	24	411	407	180	75	295	390	342	180	368	193	211	188	262	275	324	36	131	144	119	406	100	322	283	221	375	163	225	72	123	245	271	382	243	213	239	215	358	163	140	192	69	193	99	298	204	197	209	96	323	195	230	99	148	55	378	348	380	227	183	56	149	231	97	298	159	187	72	199	99	33	280	127	13	35	291	72	365	262	59	283	278	223	0	337	366	292	134	230	71	199	246	106	145	189	96
181	368	321	240	27	214	81	330	283	319	307	295	170	336	67	256	206	221	324	56	281	19	395	144	406	135	332	230	164	308	137	247	55	141	126	134	360	185	91	19	261	118	208	44	74	262	308	168	32	90	332	125	269	208	204	226	248	73	189	287	399	202	352	384	355	159	389	106	41	48	168	252	215	25	249	250	99	243	258	283	208	67	238	179	379	328	72	308	0	17	120	226	156	72	95	191	333	359	364	218
172	276	160	76	166	278	274	190	103	232	47	76	392	375	364	408	109	395	261	242	271	362	22	312	60	303	254	76	277	103	268	392	162	198	273	171	363	371	297	40	130	322	14	247	91	49	200	319	195	167	378	358	23	157	380	350	411	158	369	278	50	122	400	307	366	4	310	119	1	69	332	377	331	406	99	181	330	248	341	110	64	81	408	28	312	382	195	284	405	0	359	343	194	265	378	39	352	186	199	175
374	155	25	350	36	251	155	196	215	118	209	76	4	320	190	371	166	115	385	32	270	319	140	199	245	410	205	62	309	244	230	350	94	339	191	140	220	410	352	187	101	197	351	258	10	241	206	27	163	134	139	178	414	400	399	71	264	299	160	250	298	268	279	269	7	367	331	386	407	275	409	396	335	229	250	282	27	342	290	56	154	49	397	172	416	327	229	187	132	293	0	333	168	225	404	361	150	70	229	54
209	338	121	22	42	71	208	83	208	339	111	46	70	89	298	156	70	207	176	84	221	326	188	259	305	279	29	368	143	297	12	74	399	195	374	220	42	395	160	156	196	225	390	208	37	129	19	4	174	281	310	136	85	334	339	211	180	184	2	319	296	42	151	51	364	149	39	108	195	137	19	337	198	371	360	118	286	344	68	175	121	218	263	336	306	93	58	222	115	265	215	0	189	61	284	170	182	136	84	34
218	180	75	67	379	272	319	36	339	88	355	367	91	2	389	250	410	416	90	155	187	21	349	163	65	140	131	254	254	1	57	110	141	236	82	53	218	228	376	90	363	333	252	233	373	11	227	62	188	406	248	376	244	144	312	171	395	365	14	209	259	132	315	346	401	47	364	258	66	38	254	171	381	76	298	300	90	31	218	340	136	267	267	344	365	142	95	402	1	275	185	264	0	203	31	127	166	142	34	94
267	34	309	214	300	126	359	249	156	247	184	67	284	283	256	61	120	309	120	330	333	163	40	103	337	317	367	242	23	288	171	245	15	290	182	398	350	37	318	185	341	27	189	130	296	88	79	367	185	380	118	87	284	156	387	32	376	327	155	82	389	37	54	302	45	206	408	228	357	103	48	332	319	201	202	10	73	370	107	107	172	36	246	90	84	141	382	23	209	10	215	32	215	0	250	290	291	347	262	60
413	392	282	57	241	76	105	78	386	122	222	236	17	16	221	134	261	107	360	111	173	134	130	371	191	235	27	371	300	11	50	229	230	67	184	416	86	354	156	114	312	386	54	66	242	280	126	382	346	147	409	396	212	122	375	80	77	63	378	361	131	129	297	175	140	329	283	303	286	380	102	257	350	393	399	139	196	120	386	164	23	61	164	290	232	381	295	75	73	81	265	308	49	113	0	229	107	408	184	34
123	415	399	334	338	335	345	20	144	289	167	280	205	260	106	408	134	184	177	371	365	263	248	131	353	182	406	248	128	363	88	224	326	347	295	414	370	80	395	20	371	141	76	187	167	53	401	150	278	133	224	183	357	300	192	210	35	312	377	41	121	408	297	376	145	293	340	278	37	307	194	157	353	365	59	189	61	378	358	141	288	21	300	242	349	70	312	211	324	174	29	89	29	416	190	0	272	214	302	373
362	273	164	147	148	17	97	51	54	138	9	381	121	388	216	257	214	183	173	278	44	392	345	281	204	120	188	321	362	134	349	71	199	22	155	156	64	332	406	200	242	90	153	271	27	72	133	143	104	132	5	119	337	348	38	299	105	374	384	357	6	20	373	319	44	413	291	384	22	297	403	118	409	288	180	211	89	198	113	278	358	142	391	46	173	307	106	85	17	66	410	193	302	183	217	226	0	299	243	342
357	198	349	9	239	202	220	416	186	245	323	362	388	269	20	157	102	98	359	112	280	205	285	49	230	188	257	249	279	376	59	84	230	142	62	136	161	46	378	78	243	83	73	375	233	20	155	301	118	39	348	18	134	122	372	35	240	74	41	179	14	306	26	240	58	151	48	160	406	267	236	42	45	257	103	318	250	81	360	198	401	38	25	213	126	248	341	53	235	294	68	347	276	108	348	170	172	0	140	297
260	31	112	81	24	259	384	120	122	135	76	103	300	13	249	145	33	20	24	240	29	167	392	280	331	356	209	287	320	274	41	290	327	99	361	199	115	51	162	344	50	262	207	47	360	129	279	335	364	43	316	94	130	389	75	416	164	393	44	396	339	159	9	39	263	294	289	202	154	215	199	130	166	359	189	65	80	278	72	356	232	146	196	119	250	60	135	162	168	365	150	325	39	386	246	187	258	225	0	336
409	325	277	108	201	106	206	6	30	224	21	175	357	265	53	24	194	406	292	13	281	33	284	387	216	299	190	57	251	394	374	158	297	87	221	60	360	89	143	91	25	232	96	161	265	251	397	237	285	54	113	377	219	196	231	85	410	139	371	374	310	217	113	284	344	405	370	139	288	368	145	134	257	147	110	19	85	145	308	181	262	411	274	160	292	339	195	277	91	116	15	172	256	290	224	206	133	390	316	0
