A	B	C	D	E	F	G	H	I	J	K	L	M	N	O	P	Q	R	S	T	U	V	W	X	Y	Z	AA	AB	AC	AD	AE	AF	AG	AH	AI	AJ	AK	AL	AM	AN	AO	AP	AQ	AR	AS	AT	AU	AV	AW	AX	AY	AZ	BA	BB	BC	BD	BE	BF	BG	BH	BI	BJ	BK	BL	BM	BN	BO	BP	BQ	BR	BS	BT	BU	BV	BW	BX	BY	BZ	CA	CB	CC	CD	CE	CF	CG	CH	CI	CJ	CK	CL	CM	CN	CO	CP	CQ	CR	CS	CT	CU	CV
0	159	433	728	944	166	923	929	608	448	376	374	448	931	828	251	512	375	76	873	83	291	237	170	603	675	30	13	597	447	39	961	199	208	796	717	475	233	695	345	849	626	19	465	613	849	95	204	71	958	857	945	855	323	666	291	562	765	529	562	650	975	354	144	597	873	194	432	558	255	277	404	971	648	264	966	386	411	962	243	631	505	601	953	888	485	786	873	703	434	324	716	75	88	967	860	800	335	134	342
963	0	75	33	50	110	606	109	314	394	804	32	301	201	105	933	154	308	529	810	493	339	966	797	634	265	619	798	612	83	161	3	373	114	863	14	635	177	818	912	410	654	873	122	242	886	517	955	865	395	705	540	479	736	313	345	727	781	139	637	797	480	83	714	638	257	686	911	430	219	729	725	368	228	430	577	705	513	644	647	477	377	190	555	595	574	365	817	523	20	810	791	427	19	91	929	533	511	266	757
626	459	0	174	65	135	950	39	113	811	132	488	143	560	700	632	87	5	672	74	97	907	256	916	16	892	129	507	78	306	80	499	400	883	213	172	277	79	755	631	765	754	907	744	487	524	563	613	836	809	10	581	327	410	673	725	59	177	94	318	351	661	801	738	598	851	887	132	542	757	731	975	885	114	883	984	287	377	625	600	782	819	322	951	599	305	846	594	298	527	425	125	648	470	745	936	38	861	261	956
448	238	628	0	814	687	908	523	738	104	669	118	554	412	840	140	434	235	511	268	805	689	1	831	971	947	779	91	871	928	41	920	282	286	439	271	66	568	40	161	100	745	646	186	913	3	969	263	246	535	115	754	754	381	492	436	849	683	811	556	646	688	910	97	949	100	494	393	294	46	285	483	502	830	251	173	929	810	414	811	493	414	401	730	607	874	529	807	147	690	76	100	676	445	392	792	653	369	497	694
645	125	882	260	0	2	797	291	49	582	784	457	352	340	666	500	434	921	890	714	729	332	427	961	345	228	444	292	696	352	571	686	873	395	651	346	343	177	638	797	189	446	394	585	810	102	735	291	473	452	895	515	193	727	398	526	557	663	71	510	726	370	617	376	972	310	92	326	217	224	418	662	837	688	784	694	466	221	178	650	464	586	813	28	843	513	398	163	634	587	336	286	662	555	388	205	644	422	304	302
785	442	109	367	183	0	125	209	745	252	211	424	540	696	735	726	124	810	159	494	693	211	229	403	266	295	848	337	359	185	926	525	861	430	462	824	210	939	392	386	289	155	340	784	45	277	192	447	162	65	710	398	181	117	295	425	230	956	100	904	502	449	466	317	589	687	189	506	151	103	159	684	823	856	303	614	512	328	581	185	157	874	589	348	442	227	383	107	477	83	715	814	282	88	962	305	507	19	150	73
284	858	502	801	596	492	0	502	472	547	709	554	646	391	592	563	125	94	232	631	953	134	829	611	11	191	81	88	361	441	903	327	110	19	344	129	121	663	82	375	28	420	692	100	276	716	52	262	12	522	542	169	737	114	246	273	621	100	539	88	594	626	577	54	217	245	452	716	683	807	249	573	417	151	891	978	932	762	944	287	673	822	890	642	405	534	101	722	43	101	912	354	883	314	49	982	495	489	670	184
746	727	263	81	210	907	94	0	281	955	351	445	183	475	256	405	644	767	86	454	713	665	627	713	611	127	455	305	412	268	413	787	86	644	891	7	868	706	295	356	664	90	411	153	352	533	147	957	893	965	628	579	202	227	877	775	187	298	804	612	521	791	612	541	725	947	499	489	827	544	279	394	635	931	636	49	112	868	541	976	121	182	961	370	455	244	469	969	241	469	372	794	443	103	972	264	342	307	96	86
528	320	166	567	846	779	120	1	0	255	467	117	563	255	78	426	488	570	103	801	828	240	854	741	8	497	335	202	126	242	69	781	354	527	225	835	446	746	877	36	440	726	566	455	63	181	169	519	24	541	941	961	722	306	497	114	434	689	8	714	560	398	115	247	31	76	139	756	484	585	153	27	384	96	878	620	509	694	947	622	47	189	877	6	909	360	843	829	570	54	412	52	789	499	443	372	956	401	222	218
685	726	121	497	9	606	873	253	165	0	525	407	853	566	212	604	963	53	596	946	824	278	891	204	850	521	384	234	942	948	782	524	734	74	136	792	478	681	483	16	913	64	663	39	165	172	787	425	2	594	262	226	237	281	71	835	287	181	417	812	820	716	710	538	349	881	658	324	759	470	962	383	231	920	352	308	505	354	702	84	449	905	455	506	233	459	271	152	251	419	198	688	927	45	303	805	797	803	246	517
67	122	781	32	500	913	42	878	865	22	0	838	708	825	224	848	10	841	854	602	393	897	526	949	523	739	81	360	369	479	266	709	933	241	544	462	634	641	722	212	635	837	807	74	862	539	699	679	341	53	752	874	800	966	548	133	427	28	509	267	390	170	32	362	416	431	701	136	490	223	935	243	305	454	640	569	28	870	826	356	557	319	699	72	802	862	482	966	581	232	367	864	29	679	241	212	24	917	107	325
890	526	575	137	133	494	143	126	33	84	758	0	120	692	759	724	983	925	457	405	87	56	411	696	107	976	527	588	756	919	898	188	49	395	177	149	33	19	799	621	501	36	24	864	920	495	893	235	796	138	246	488	902	823	242	350	233	685	577	810	113	170	499	958	819	72	101	893	440	316	811	788	808	887	600	452	761	117	607	931	895	400	369	814	547	605	157	533	744	439	784	486	804	754	48	111	884	490	19	203
54	858	287	698	656	519	696	425	177	156	402	155	0	930	405	758	480	442	275	474	792	39	73	935	866	230	886	570	638	350	268	778	736	951	75	749	365	457	7	928	570	218	841	731	446	773	455	422	708	674	321	336	976	473	216	131	786	272	911	126	575	378	307	215	252	962	484	696	382	962	65	229	431	106	555	742	589	12	824	836	88	518	124	656	179	167	698	755	255	61	794	141	546	278	776	348	933	488	791	867
546	778	338	759	478	69	840	513	37	634	250	810	459	0	206	6	206	589	906	41	380	160	549	617	523	184	409	297	224	758	51	4	763	280	240	269	556	266	265	132	445	792	946	568	276	455	189	552	912	249	150	857	151	769	71	413	126	774	801	383	514	851	799	919	470	211	171	137	420	290	675	98	759	295	519	649	389	676	739	511	244	40	51	516	266	2	21	66	752	735	692	18	479	299	535	755	745	324	965	659
964	515	69	522	520	851	271	352	556	362	463	663	269	610	0	341	262	103	511	604	546	834	414	10	774	306	67	125	333	906	595	429	391	189	938	508	643	718	480	364	899	811	45	718	737	672	465	681	81	953	123	605	547	453	778	195	680	683	858	877	981	263	423	288	263	812	353	890	683	206	413	682	451	134	196	142	488	105	688	420	58	562	355	13	203	67	615	442	63	925	808	91	362	682	915	494	905	676	966	27
681	346	231	948	586	551	892	223	414	715	253	335	703	891	379	0	942	820	696	129	104	210	137	506	541	860	466	335	302	49	691	639	56	106	795	334	574	981	632	717	822	718	592	612	681	906	446	663	485	285	327	162	287	150	624	792	405	692	610	493	496	10	217	352	7	212	200	980	171	618	595	635	707	793	948	458	357	677	855	777	508	782	794	920	82	159	76	647	679	935	388	478	150	205	624	572	945	648	555	894
803	160	133	248	416	443	901	352	952	711	293	404	444	795	299	622	0	258	158	801	949	78	202	590	3	580	353	727	780	670	355	919	891	813	836	426	720	143	196	867	511	375	541	409	605	261	380	19	179	77	487	924	505	385	782	274	481	700	117	754	606	151	731	59	37	29	678	198	748	924	710	553	649	586	152	243	382	480	512	900	202	179	920	132	395	487	308	258	293	269	175	654	378	805	421	98	103	889	37	831
118	453	637	891	692	572	237	925	333	857	851	457	583	424	633	531	828	0	811	677	427	972	514	81	24	509	886	974	657	188	177	356	293	289	894	414	69	70	839	890	952	715	284	534	429	813	339	774	490	72	165	717	870	756	334	829	595	869	270	367	820	903	272	47	915	365	155	208	664	605	771	548	953	944	860	473	707	622	47	809	727	873	962	278	851	750	180	737	359	336	296	649	944	261	556	262	87	966	122	739
812	65	823	309	972	310	220	685	617	207	265	119	67	635	847	239	554	897	0	418	515	91	533	23	882	415	428	208	713	632	142	48	376	170	159	814	196	694	656	61	984	457	800	221	510	882	191	360	713	457	37	685	184	973	719	804	471	455	671	30	543	384	760	803	827	925	837	308	576	37	812	975	679	332	763	674	786	511	208	265	62	79	297	588	603	482	65	766	599	134	806	718	521	310	882	597	647	553	718	329
512	321	723	330	920	192	131	681	368	498	265	161	301	36	337	394	728	289	596	0	117	6	549	568	849	372	776	889	506	58	964	703	740	892	346	666	524	708	463	147	127	793	910	518	547	811	898	264	528	639	924	42	228	617	458	74	249	750	62	839	867	54	244	79	791	537	326	869	956	65	535	816	825	347	653	282	178	121	81	224	944	137	404	423	968	457	78	679	341	312	142	280	623	144	628	688	244	318	25	863
119	514	523	309	409	367	822	110	950	433	541	499	871	347	894	49	926	542	547	547	0	654	635	961	667	507	732	905	888	43	387	975	699	280	453	641	748	501	880	43	882	356	607	254	343	685	257	159	869	358	360	114	922	493	493	831	823	322	42	570	737	332	746	178	193	696	193	192	693	282	201	242	579	452	236	359	823	983	109	833	837	744	684	958	830	407	428	99	86	710	947	151	715	746	918	443	576	335	353	953
145	615	627	269	890	549	853	355	246	201	643	65	983	727	90	385	966	295	52	611	787	0	195	283	947	817	512	774	137	499	497	171	536	707	801	184	951	695	539	556	566	202	190	558	655	365	670	271	454	498	873	902	869	979	761	717	380	725	268	326	392	911	68	787	382	361	159	719	164	911	136	246	647	983	957	692	657	444	389	754	112	91	83	244	195	758	338	115	767	729	396	19	277	853	810	15	976	354	334	7
333	750	876	471	399	800	615	246	966	616	770	345	49	218	346	826	243	795	116	692	916	869	0	475	368	974	512	905	685	573	936	531	691	428	972	910	851	332	221	700	738	17	192	261	798	593	425	163	656	115	293	272	283	475	832	242	459	559	733	677	438	834	258	749	91	951	258	924	513	915	665	761	406	386	704	341	584	49	52	468	829	619	932	110	654	354	248	904	27	644	322	285	671	574	423	196	701	630	658	306
211	919	802	830	366	229	664	180	183	794	417	312	323	709	492	492	692	294	409	901	123	300	405	0	504	217	254	163	910	97	942	161	684	567	644	697	548	383	163	271	229	800	506	555	487	246	237	280	265	700	295	570	219	700	719	778	960	892	178	905	343	514	390	493	286	618	890	529	78	67	537	210	980	185	100	418	751	749	655	654	793	527	770	837	896	460	321	115	759	518	919	355	171	730	860	934	573	104	691	256
904	781	608	706	87	920	91	702	468	735	599	268	525	360	185	877	627	721	190	21	573	286	16	790	0	759	573	961	584	750	51	124	258	164	392	922	688	696	267	55	218	892	66	221	410	573	106	977	833	151	258	55	730	401	189	127	877	723	727	557	427	584	524	24	530	849	255	478	954	602	465	615	211	896	211	683	959	143	465	115	913	649	301	890	104	222	688	370	645	195	896	710	872	341	930	271	151	13	42	474
573	976	757	720	577	929	835	555	707	406	337	52	663	738	566	286	322	892	142	442	531	661	491	127	482	0	764	327	683	139	237	633	915	511	674	812	879	750	738	443	621	220	416	299	113	343	500	494	746	370	649	769	909	867	173	631	438	555	966	409	864	723	703	681	651	68	706	782	215	761	192	295	127	846	710	182	175	834	260	335	697	907	496	159	611	607	221	207	39	267	151	358	240	431	380	676	489	478	205	44
188	266	371	198	22	88	82	135	493	762	25	428	918	463	225	676	693	801	308	415	750	199	652	879	315	836	0	283	847	462	671	970	849	736	632	250	306	495	231	740	847	28	237	833	527	942	92	161	212	117	614	185	372	946	439	66	153	354	499	173	663	205	65	580	869	537	43	452	977	931	692	71	665	156	200	242	966	336	928	131	277	136	235	82	794	166	182	411	964	285	952	582	847	680	51	469	374	215	763	467
175	691	325	757	109	583	70	913	737	145	775	802	38	698	653	902	358	125	20	126	138	78	597	216	418	840	686	0	116	17	771	227	344	753	45	66	949	395	575	44	640	530	412	830	365	385	880	107	51	22	66	548	632	705	448	976	523	983	836	209	708	932	291	777	292	102	99	485	419	265	447	807	748	283	264	609	382	651	279	248	250	849	768	314	121	824	702	527	949	936	216	759	727	656	781	19	440	119	447	591
12	966	572	316	370	262	314	975	38	881	165	900	381	650	951	807	580	231	137	811	956	403	832	813	394	40	826	495	0	304	317	32	474	941	811	104	448	147	121	363	815	541	299	954	737	960	107	902	679	940	223	533	45	189	560	164	539	354	940	647	502	905	78	524	754	807	821	546	898	393	144	230	607	229	961	378	41	982	440	968	341	575	169	747	756	948	161	530	566	266	776	437	231	60	890	562	506	370	526	611
441	241	896	9	849	758	635	878	806	659	807	20	541	350	974	35	690	683	960	646	508	928	834	823	548	783	182	11	624	0	94	637	512	971	18	279	832	519	633	410	838	592	731	236	934	230	721	785	518	872	713	906	616	47	706	46	563	96	932	170	684	344	522	122	676	269	490	272	802	544	491	212	133	579	699	252	922	455	834	303	587	952	769	596	329	898	922	655	618	829	929	637	391	582	53	475	120	887	9	433
53	605	623	931	849	149	652	304	40	430	638	60	452	681	392	660	777	440	873	291	437	644	727	889	262	117	830	186	377	755	0	617	813	580	897	866	830	520	227	644	874	589	423	516	122	902	277	209	576	389	86	431	584	591	879	782	36	720	64	578	388	409	80	953	975	783	858	487	926	2	858	88	862	869	58	108	132	853	557	207	781	155	628	214	719	482	875	351	710	859	134	317	136	206	162	38	926	861	220	915
220	956	122	495	479	729	940	318	524	497	124	895	742	837	822	734	492	726	431	419	928	213	413	502	78	248	329	448	359	252	971	0	141	803	11	445	598	57	416	916	734	350	957	656	791	624	480	117	90	423	672	948	802	237	445	506	44	580	173	116	975	771	691	453	939	724	960	569	253	165	596	75	743	715	410	760	286	537	442	532	239	126	503	882	118	838	917	593	224	30	477	521	801	473	22	808	114	70	269	459
913	984	62	887	522	247	501	555	71	214	597	792	198	759	670	433	354	801	543	816	98	70	919	836	118	700	196	888	322	499	416	591	0	739	309	782	503	316	261	195	274	557	340	932	876	162	66	61	665	194	858	656	910	616	620	118	551	982	643	909	863	469	472	581	581	857	115	211	615	980	506	471	708	362	388	705	10	394	213	958	610	781	186	883	456	870	865	625	44	759	264	955	760	876	854	874	169	693	15	550
945	373	397	502	229	594	470	628	514	849	57	765	20	524	623	644	523	102	46	704	170	651	627	846	259	545	909	765	120	662	830	601	238	0	177	952	271	463	425	348	606	872	433	578	616	862	953	725	34	31	853	394	619	932	448	50	834	366	337	429	580	478	801	733	226	864	19	433	722	299	59	193	299	794	224	469	483	474	146	132	942	836	331	266	36	659	275	584	48	458	911	213	532	803	581	112	112	914	767	149
970	824	833	566	869	886	862	940	461	30	565	91	177	355	866	353	81	537	634	268	961	825	927	516	71	958	976	981	749	849	850	696	935	533	0	629	14	45	884	194	777	622	222	328	296	772	896	588	897	172	82	311	342	241	567	574	203	860	245	692	787	323	637	416	925	452	288	315	43	12	650	170	619	875	676	568	58	330	886	384	179	182	882	243	120	782	394	139	149	509	393	735	809	56	487	301	697	504	907	340
712	581	590	730	542	503	292	41	163	342	903	650	864	719	314	435	328	18	502	327	765	603	804	762	483	678	543	228	15	134	126	931	270	861	680	0	31	249	385	167	48	854	481	314	396	581	73	774	868	906	567	385	843	697	453	456	671	889	351	469	527	115	14	714	402	83	211	133	791	319	783	659	530	527	351	676	168	835	562	431	904	854	10	739	165	218	368	648	653	213	541	526	208	142	507	33	129	612	725	871
193	23	966	184	744	894	247	979	389	176	545	76	486	441	494	774	956	846	435	781	21	979	840	709	582	922	106	802	327	143	242	851	286	609	570	835	0	809	173	945	909	300	260	17	797	974	459	474	194	678	528	170	566	91	934	853	197	148	68	226	149	56	602	653	639	321	616	920	423	756	342	638	931	696	624	865	744	336	625	51	902	409	58	584	633	642	163	181	886	308	419	632	936	391	556	794	562	41	72	400
748	176	640	622	11	80	411	152	855	942	981	113	67	321	23	413	641	528	514	188	833	910	878	296	975	661	586	81	214	289	872	762	865	327	808	663	882	0	85	147	235	55	499	782	230	697	116	693	837	563	645	941	743	591	866	770	488	715	754	696	122	48	250	393	107	683	609	576	478	786	46	371	340	225	160	277	654	39	355	975	58	389	848	736	172	945	164	686	765	717	281	916	639	52	778	640	358	120	759	190
52	851	654	332	867	381	715	406	120	729	800	657	178	574	366	946	66	678	622	913	401	97	587	398	199	689	376	420	431	389	795	658	196	144	84	793	502	902	0	808	31	977	418	99	478	641	190	866	850	394	548	707	17	776	966	918	586	956	872	900	956	316	316	511	826	328	148	914	238	392	819	319	472	883	261	301	343	371	830	815	816	856	727	951	440	693	207	242	129	931	247	35	304	456	666	516	906	665	596	489
807	477	190	160	827	283	863	950	237	709	927	279	765	61	30	10	183	477	254	334	387	301	125	244	282	340	388	909	69	62	34	766	339	983	780	178	755	744	422	0	441	562	903	503	338	404	467	135	387	766	854	384	367	313	686	722	266	113	240	874	604	297	758	40	650	912	623	945	417	832	430	312	59	563	372	260	230	15	235	113	814	726	107	280	646	51	942	971	706	206	92	72	516	863	252	512	554	736	757	30
267	37	952	239	699	900	578	53	147	180	278	771	590	518	652	604	233	59	698	926	771	85	530	683	212	457	402	572	281	18	681	536	822	866	698	210	330	973	781	126	0	938	833	902	623	303	255	595	609	537	246	415	464	215	110	948	150	695	49	774	711	965	693	226	465	386	367	31	438	261	956	82	858	17	918	755	82	571	224	955	377	647	286	945	154	451	428	907	22	528	373	809	617	754	283	645	756	430	374	971
900	307	109	140	915	767	789	414	143	909	402	760	248	104	450	121	288	776	619	963	645	940	797	703	524	294	294	709	65	149	569	505	801	399	383	469	670	794	258	482	61	0	316	323	569	168	834	190	265	71	177	950	510	581	798	373	860	612	85	501	205	348	933	889	439	467	882	524	492	123	826	145	115	88	715	619	943	891	363	914	2	263	800	309	69	215	165	181	280	430	91	204	228	205	94	949	722	37	119	312
394	15	306	388	722	402	416	231	661	328	650	785	332	172	391	756	278	363	688	490	800	68	424	243	392	320	58	741	253	213	166	769	500	384	391	519	143	103	653	775	524	679	0	53	875	763	101	603	640	966	532	594	647	361	818	862	274	462	238	976	189	768	490	798	477	650	699	17	249	559	396	862	527	490	288	546	502	89	136	645	474	827	409	815	314	234	387	919	647	573	127	812	856	875	450	1	288	552	817	100
411	560	81	150	868	655	859	848	436	161	831	93	829	718	787	5	107	198	859	811	167	467	973	636	859	702	370	335	875	206	328	609	538	679	179	424	142	27	641	770	367	29	270	0	197	146	159	63	267	864	838	195	476	684	15	456	596	369	830	90	903	516	344	708	339	921	573	902	949	305	228	422	736	197	196	532	394	267	438	34	701	547	454	169	842	886	781	70	134	202	448	495	236	899	672	225	815	175	195	916
904	346	946	657	741	116	525	129	248	639	937	599	144	933	858	379	979	300	432	503	328	442	448	942	215	483	322	741	887	567	147	407	225	515	651	529	682	307	136	19	789	935	321	97	0	263	334	418	775	111	264	811	384	51	273	381	818	660	9	869	366	441	185	645	438	32	415	139	491	297	890	794	201	611	507	847	253	461	679	537	769	398	896	984	446	714	378	630	662	982	310	547	716	837	199	287	644	74	778	169
621	313	442	832	125	703	107	571	573	588	25	412	414	669	355	836	4	390	534	634	334	780	95	854	84	12	969	828	848	795	408	669	758	472	831	984	325	431	867	81	513	945	438	603	254	0	371	933	497	349	611	635	585	726	893	906	165	672	516	47	321	848	983	469	129	919	680	862	348	893	612	647	212	501	368	210	981	860	255	126	888	222	467	918	959	402	516	948	942	208	676	307	272	346	256	583	665	890	569	641
108	482	273	614	181	538	939	15	823	390	961	536	814	294	114	128	515	509	950	982	149	83	609	58	189	668	544	842	965	183	365	787	68	180	161	59	918	779	610	490	93	291	708	861	962	707	0	156	580	584	826	20	113	402	112	213	750	847	712	617	79	975	93	900	514	152	936	529	845	5	486	627	831	556	766	387	738	668	629	777	33	743	795	901	73	926	188	652	591	969	79	19	926	751	861	443	578	544	868	167
300	492	196	370	30	574	29	434	418	878	595	126	429	153	844	821	256	296	903	709	663	649	512	4	820	233	223	226	499	405	941	450	346	438	737	806	579	29	577	546	84	608	893	958	102	528	568	0	599	444	374	874	855	360	721	424	128	454	380	342	26	378	428	173	255	868	849	928	292	244	892	301	907	690	491	939	194	376	513	270	824	636	787	589	546	980	347	815	396	341	12	959	538	84	416	941	513	726	79	527
772	916	363	769	783	9	663	823	19	311	491	665	295	884	441	564	58	217	149	298	32	733	160	9	429	116	712	937	125	658	262	302	713	878	679	604	588	444	260	639	214	385	509	444	613	344	287	976	0	358	22	642	608	641	407	895	555	229	237	314	749	261	812	350	849	918	741	51	972	278	248	423	939	229	102	309	597	326	27	293	340	264	350	526	98	198	72	371	690	748	159	407	583	861	790	70	473	643	518	168
934	215	490	20	205	943	582	789	50	267	200	518	354	649	576	198	70	439	452	316	649	70	408	839	17	331	195	195	741	314	403	218	445	664	124	918	749	938	58	40	686	248	571	512	78	68	153	905	932	0	807	332	174	59	251	657	740	310	884	149	436	751	317	419	205	313	288	981	43	99	88	283	843	105	69	412	250	583	181	478	950	368	784	850	155	519	607	901	304	130	868	252	457	531	853	378	390	643	393	373
74	437	501	570	681	447	21	841	616	399	482	381	169	459	891	984	790	655	783	321	591	42	525	384	860	731	911	482	564	20	942	250	756	487	99	84	316	717	144	225	709	638	930	311	688	262	100	773	179	612	0	733	69	949	76	80	885	314	343	796	190	967	357	949	824	142	117	235	23	494	170	967	896	417	355	904	235	870	402	707	495	286	120	414	312	501	430	555	329	567	964	679	240	846	661	73	6	53	326	194
523	346	728	854	95	168	598	771	508	688	120	294	588	619	394	738	934	720	131	642	357	701	606	19	221	800	371	307	618	495	630	98	37	387	21	908	622	258	340	661	368	298	205	928	304	318	367	708	769	608	317	0	727	813	578	640	76	827	734	906	332	179	570	324	757	818	324	975	121	948	127	577	553	392	578	476	419	464	130	736	542	17	320	183	747	415	341	556	618	320	812	827	450	50	684	887	558	41	465	508
494	483	956	88	889	794	464	517	819	664	905	601	729	419	874	134	187	920	617	490	87	221	513	708	369	610	957	212	757	347	173	316	563	473	741	668	950	120	237	46	604	782	332	184	514	412	802	234	374	476	367	890	0	385	571	546	174	350	204	364	460	825	559	406	381	757	314	273	148	741	58	694	24	428	874	626	373	162	790	550	13	6	695	291	167	631	858	310	870	618	907	728	775	79	170	968	153	342	143	581
949	799	323	420	271	17	117	933	761	257	67	524	894	199	511	926	280	520	288	413	2	496	103	467	715	314	26	359	853	800	20	588	240	420	416	52	477	261	975	674	522	732	971	446	519	593	100	84	614	630	750	403	512	0	525	683	846	821	106	195	917	438	440	952	915	95	611	95	976	530	618	74	503	567	792	48	705	724	772	690	847	516	410	678	396	254	339	151	475	214	136	68	817	876	650	226	385	475	921	720
639	627	262	182	812	191	482	752	144	945	155	23	284	533	563	485	298	73	700	731	269	640	981	929	472	413	471	204	377	489	493	215	170	863	631	192	485	785	859	183	701	592	217	611	834	378	20	539	638	178	954	607	516	204	0	63	814	434	202	654	296	647	621	469	670	340	292	325	935	806	314	604	372	16	260	948	157	3	145	847	219	797	282	234	807	468	220	666	135	789	725	391	413	481	827	226	918	803	966	940
802	272	157	639	566	815	899	706	984	644	819	779	689	269	649	125	939	99	526	966	275	206	580	181	587	937	396	760	103	214	918	827	948	157	910	439	864	412	176	518	568	284	954	177	409	673	344	600	348	850	618	311	100	919	297	0	274	33	450	773	90	510	894	390	340	337	142	22	722	299	447	890	65	702	435	951	669	666	900	288	19	243	540	389	679	187	108	470	158	189	597	281	381	129	838	933	247	262	348	785
335	962	27	893	844	968	227	563	909	888	312	52	839	887	819	364	832	795	285	172	894	877	685	348	594	667	127	511	720	131	382	565	222	534	761	20	394	947	1	599	942	698	377	206	830	282	414	157	671	527	264	600	242	427	139	959	0	329	269	79	312	425	401	384	803	166	850	781	376	777	420	813	970	76	516	118	33	812	481	790	113	509	211	599	739	634	965	436	419	608	640	944	555	461	473	693	67	574	860	737
718	177	691	86	856	245	665	623	59	857	711	981	936	814	310	580	436	954	711	133	179	781	13	399	465	763	907	346	185	795	169	785	854	352	324	917	233	959	501	714	511	278	423	126	745	638	65	155	470	827	95	483	285	130	559	556	615	0	462	35	659	850	765	795	968	480	551	115	731	374	655	537	739	334	347	809	708	119	115	795	875	755	716	171	80	654	640	216	637	815	406	426	594	316	900	607	566	909	345	70
44	390	603	667	975	479	945	958	361	126	393	34	280	838	335	872	601	898	738	236	74	158	467	260	952	596	513	200	547	930	862	714	615	40	755	484	5	455	878	552	970	70	44	452	222	700	961	947	775	837	560	501	938	531	718	548	308	310	0	932	308	208	504	898	156	598	620	624	959	311	284	682	321	753	270	24	781	752	203	388	353	95	822	904	571	843	955	327	736	778	601	270	825	212	966	815	494	325	590	748
957	761	733	477	427	17	574	382	49	841	753	460	498	755	352	789	216	78	771	109	20	701	422	603	777	315	725	201	689	100	805	257	347	885	701	770	29	892	330	294	964	238	664	844	784	74	200	9	290	546	626	832	461	611	616	602	286	678	550	0	170	719	61	16	825	780	684	704	180	542	724	465	202	969	942	408	722	347	298	630	874	296	277	745	142	34	754	638	401	44	185	222	403	895	636	765	628	797	27	666
953	454	200	428	283	264	138	816	292	596	237	336	355	795	225	704	259	124	553	835	689	501	551	278	316	458	794	333	48	521	494	738	965	208	674	249	934	577	744	913	863	75	25	813	694	959	293	752	318	21	691	43	640	667	520	574	420	148	415	880	0	214	524	21	600	847	201	1	180	742	674	789	852	375	719	660	850	406	57	704	293	773	864	887	74	409	126	29	605	706	32	881	659	613	4	465	405	413	11	736
761	404	301	924	2	818	623	308	245	131	775	593	885	837	861	584	200	862	6	559	863	584	491	374	536	319	447	39	783	186	428	248	377	123	718	331	519	337	703	195	391	14	538	933	381	161	776	432	91	49	183	948	959	299	4	376	980	780	580	756	496	0	916	133	655	42	196	188	934	706	621	635	323	847	969	927	399	282	560	87	197	128	567	147	494	828	603	170	770	619	374	209	240	731	387	552	33	756	694	105
610	970	126	981	6	439	256	574	44	624	655	713	240	325	316	754	152	277	779	444	49	864	621	424	494	868	165	774	741	603	923	301	564	829	719	230	968	561	975	426	927	14	538	758	444	187	54	73	625	535	904	128	387	279	209	42	668	497	230	288	515	828	0	288	39	861	171	38	118	544	258	314	205	86	880	339	761	687	144	562	435	112	84	347	791	622	910	590	130	697	970	409	448	547	767	156	18	369	455	239
39	741	322	101	207	656	747	13	853	530	11	764	308	666	654	665	416	174	270	89	425	201	949	231	736	854	976	551	733	131	194	840	8	243	792	151	748	498	427	645	705	324	60	56	137	548	409	196	300	413	764	864	824	370	92	294	155	234	118	899	455	309	25	0	127	146	601	178	433	473	748	785	689	678	95	300	460	982	162	958	680	424	643	945	764	693	45	192	59	683	279	75	128	435	528	507	342	128	20	616
738	430	582	702	661	250	100	929	626	107	204	272	146	812	737	12	599	473	315	455	641	411	804	966	34	904	902	568	435	206	952	765	331	580	60	601	795	579	629	75	372	856	219	349	272	596	850	354	748	733	440	18	535	297	6	151	163	57	490	68	913	832	751	91	0	859	836	502	377	597	344	190	408	960	68	701	856	913	850	370	252	290	794	338	88	942	418	674	444	441	484	601	348	511	292	271	368	922	151	890
636	257	389	62	915	503	512	773	504	821	510	618	891	917	974	840	855	345	527	2	298	542	573	297	658	60	297	471	109	278	706	753	768	500	469	87	135	426	952	584	498	96	866	403	611	100	487	559	297	927	329	807	71	166	826	378	179	505	689	962	891	254	433	835	764	0	789	950	605	730	456	51	25	762	78	679	16	834	847	13	284	353	891	937	120	334	380	243	418	458	525	179	887	266	921	849	800	260	329	750
828	408	589	917	351	334	263	383	907	35	787	501	731	125	787	943	610	401	378	84	465	728	31	69	198	410	534	381	517	394	426	116	919	61	586	472	900	644	647	67	307	790	548	185	782	391	213	447	392	98	579	270	809	321	846	767	961	782	896	28	268	94	844	883	731	731	0	457	27	309	587	201	535	464	172	571	682	88	587	893	492	821	294	498	60	892	660	430	241	258	682	382	875	870	176	801	462	243	439	918
216	336	219	710	830	100	132	453	505	258	204	98	163	319	433	641	364	410	315	351	825	621	800	176	117	117	962	182	439	22	898	704	549	961	888	686	99	370	447	744	212	33	273	818	664	759	267	713	2	931	817	869	406	20	345	374	561	687	462	203	420	542	768	434	946	390	219	0	845	149	288	858	345	879	352	621	697	415	437	57	481	3	221	602	835	633	767	182	447	196	827	398	154	454	198	141	655	951	300	957
827	129	222	443	666	810	296	315	858	127	323	214	791	135	980	148	714	221	981	200	767	122	71	178	619	764	595	272	223	584	309	255	429	701	838	206	775	870	169	968	900	289	260	606	467	832	170	312	619	707	461	203	379	822	640	488	285	682	680	523	760	48	336	791	814	336	89	537	0	947	172	979	377	492	949	711	406	372	983	467	664	745	572	722	907	807	49	260	404	56	187	248	730	615	538	918	306	443	811	456
884	215	881	339	858	632	693	607	976	870	604	128	344	59	391	143	575	641	164	942	651	670	697	253	527	901	596	983	696	90	845	146	142	585	871	756	124	878	608	245	471	141	936	369	829	572	312	219	473	619	69	776	260	703	536	843	696	479	728	216	144	107	203	590	126	848	907	913	224	0	120	922	781	723	831	467	469	471	261	810	205	382	381	958	168	381	951	283	717	364	932	49	926	14	560	620	790	335	337	61
748	119	577	272	628	188	183	735	241	581	529	390	44	945	605	803	603	956	858	639	136	141	874	172	68	495	886	908	637	929	449	322	257	218	381	656	701	62	519	335	653	563	825	799	811	341	620	359	773	301	480	487	889	591	955	643	114	623	479	972	492	395	799	387	134	491	589	257	498	540	0	853	355	414	776	136	742	378	515	14	936	379	354	946	60	236	102	596	940	719	154	651	629	562	60	72	889	455	120	831
836	301	650	945	690	292	216	454	24	621	596	866	919	973	846	623	641	74	272	450	643	953	474	621	14	277	947	965	717	31	401	804	979	775	820	438	171	888	194	103	232	732	272	748	115	872	579	376	168	525	520	148	739	385	756	539	977	338	94	209	600	222	546	494	157	397	502	25	500	910	30	0	917	135	56	121	44	277	187	610	231	127	262	310	411	983	466	98	130	81	767	898	812	836	183	730	723	883	735	366
306	433	109	846	407	6	957	6	631	319	858	480	269	447	585	197	721	570	251	288	244	340	90	421	47	142	671	637	229	880	256	277	215	181	267	601	496	966	460	469	40	975	461	157	611	205	933	223	215	306	400	10	364	918	316	745	903	325	313	91	226	532	11	494	578	761	656	824	912	554	227	13	0	610	885	120	314	533	75	488	204	175	635	976	285	772	980	833	609	27	691	40	933	365	458	137	608	153	406	519
304	364	166	224	982	588	553	840	880	796	274	377	762	771	455	527	955	259	869	591	211	806	215	599	253	16	336	689	555	633	359	803	405	809	344	515	581	394	891	603	983	694	540	344	337	171	810	530	410	485	654	756	422	311	659	332	349	706	11	98	250	656	947	645	918	547	10	801	864	649	514	327	30	0	819	887	964	849	713	880	500	400	869	750	970	34	577	63	340	692	300	974	157	58	757	13	153	540	767	155
813	496	939	946	377	595	871	154	118	781	933	231	634	160	941	126	251	543	86	95	786	437	418	429	402	51	308	262	537	541	347	615	810	860	703	333	553	179	965	211	721	817	491	712	353	742	191	686	56	44	321	553	528	128	893	145	368	41	509	78	610	25	448	473	430	356	515	500	674	165	688	370	233	121	0	362	653	542	267	74	230	593	74	550	293	176	212	271	894	491	798	405	888	604	958	850	527	799	830	265
62	878	475	470	548	499	19	617	73	181	682	727	345	174	422	912	976	899	183	728	365	533	955	288	538	574	329	42	640	840	684	896	360	507	120	653	421	812	169	560	283	139	31	799	904	405	412	353	68	881	123	185	700	502	555	58	862	966	99	502	636	762	401	601	703	513	16	701	960	339	947	861	46	828	944	0	558	618	684	548	830	927	32	296	816	426	910	316	135	731	66	623	142	844	673	238	968	984	925	519
923	742	604	443	863	223	128	385	133	551	897	372	875	394	949	65	631	446	339	978	310	850	43	409	577	172	535	421	575	158	183	379	935	296	833	774	857	175	297	297	978	190	256	231	600	736	518	249	842	867	291	392	855	460	189	417	30	381	842	200	578	626	818	33	697	594	288	536	708	812	962	642	284	481	35	405	0	541	973	216	222	847	250	501	168	404	11	679	917	569	728	944	288	524	837	931	117	433	121	557
777	753	566	572	897	482	803	574	828	983	714	503	821	525	723	320	69	498	343	467	237	783	832	899	855	505	626	249	478	874	765	578	780	913	324	482	483	322	156	97	353	605	273	68	122	974	939	217	837	261	517	155	411	468	757	401	264	387	785	370	387	186	718	977	914	731	416	143	194	836	958	84	239	372	185	658	171	0	948	875	116	537	627	411	665	308	90	44	586	432	762	496	755	275	330	634	378	367	320	148
714	41	94	264	93	653	770	231	404	171	30	851	732	43	816	216	225	897	928	23	836	566	758	42	557	504	605	950	793	294	803	672	415	920	687	606	482	716	873	212	569	655	242	425	355	169	952	959	671	432	941	472	27	120	260	387	24	159	448	950	930	448	158	721	618	323	587	565	893	248	181	402	587	262	554	977	473	503	0	695	242	413	184	496	146	407	341	84	633	488	677	743	99	50	270	298	514	553	249	294
977	642	682	475	98	790	749	693	110	39	672	581	68	749	163	745	964	60	430	760	174	593	612	816	266	730	417	519	333	189	468	819	253	97	682	497	376	47	629	662	665	805	972	386	178	245	677	910	547	984	521	860	707	500	208	551	616	270	753	464	432	510	643	417	510	95	408	631	940	819	107	773	211	7	221	246	256	451	6	0	556	779	673	582	74	152	147	621	161	333	302	816	658	777	423	218	921	825	184	368
982	399	179	486	898	584	451	327	61	386	521	279	546	561	742	546	543	762	848	658	852	279	663	466	445	675	880	332	321	859	749	425	655	833	514	784	598	260	317	581	894	502	881	25	533	846	374	135	816	738	789	120	731	529	164	245	620	718	455	270	748	801	252	946	257	236	796	207	699	354	266	301	844	232	771	456	730	863	770	802	0	910	972	250	907	730	740	368	821	830	945	788	736	690	859	810	697	602	262	90
387	510	851	642	43	465	525	958	621	848	669	692	68	30	727	232	114	306	510	735	976	701	456	431	296	744	381	606	180	958	129	478	742	612	677	543	653	375	43	889	567	746	553	732	903	158	288	31	489	221	281	338	566	499	841	781	948	265	109	714	417	195	169	403	928	365	232	925	18	854	926	893	558	389	275	600	196	464	812	245	251	0	638	672	292	41	610	439	716	723	139	229	371	405	620	167	614	323	273	13
581	783	206	85	892	694	293	642	202	729	312	472	875	627	366	361	606	166	619	13	360	515	976	835	69	744	618	272	902	137	392	643	610	488	131	143	316	29	226	232	420	155	363	75	531	784	791	205	809	326	112	719	933	699	114	687	226	111	772	516	214	98	141	711	938	91	69	178	646	333	146	718	399	912	212	478	580	960	140	606	389	44	0	168	945	389	679	509	396	136	521	500	870	758	287	775	53	754	962	165
480	982	219	915	249	347	337	269	920	316	825	599	35	411	917	5	418	151	258	606	656	262	769	558	449	404	18	241	595	736	59	648	287	14	623	880	207	678	240	273	96	285	76	916	879	377	896	804	151	454	81	398	793	60	237	446	263	76	408	552	733	345	864	291	145	722	159	972	865	450	592	2	941	563	509	386	417	219	384	99	237	298	690	0	179	975	275	632	547	94	160	896	766	543	880	189	568	868	641	486
513	836	210	158	789	123	793	4	308	757	9	61	415	654	883	371	26	63	563	639	8	863	121	440	151	124	672	677	957	105	772	699	152	854	636	776	840	196	922	251	733	800	272	107	335	644	653	424	117	157	172	209	88	364	600	839	899	641	651	779	796	525	878	157	305	394	445	49	498	231	791	11	191	417	522	147	337	323	831	600	7	874	692	595	0	254	8	912	972	114	833	834	634	220	468	439	255	510	580	31
867	636	884	572	375	31	535	106	390	226	137	45	149	713	974	541	87	738	852	685	968	448	498	267	729	58	639	297	143	975	398	116	95	462	415	162	625	549	547	647	942	207	801	418	571	499	54	348	5	394	907	254	392	797	15	246	86	91	490	764	887	309	648	914	211	891	180	463	601	724	332	487	678	245	662	179	651	62	466	514	904	713	863	550	262	0	331	885	477	114	116	377	971	60	827	493	267	702	766	206
59	701	768	542	445	114	261	430	245	494	642	296	88	144	238	446	461	857	98	681	968	342	659	320	679	819	212	189	692	80	441	569	622	880	134	2	201	130	309	258	685	418	416	919	197	339	377	925	846	326	145	675	516	320	180	490	62	174	336	150	677	143	504	240	799	923	625	188	95	379	858	337	144	311	481	785	184	335	372	212	202	538	963	633	415	644	0	607	624	441	853	360	374	733	887	836	324	308	907	540
933	398	150	971	821	601	534	923	626	206	55	606	514	426	37	580	25	340	318	653	368	633	790	543	584	930	359	974	73	88	634	539	836	267	649	963	236	911	688	245	736	800	398	917	316	566	797	650	441	449	752	979	648	289	335	719	954	230	375	897	732	550	90	559	769	6	30	587	49	732	411	494	20	291	505	592	591	495	11	292	386	816	968	894	162	848	506	0	85	133	102	104	722	570	905	450	918	250	799	506
228	162	113	385	7	394	963	575	183	374	5	68	330	927	747	835	366	884	127	293	859	536	319	744	38	368	103	97	820	398	968	688	698	946	872	106	301	261	455	112	352	176	969	716	945	621	146	615	29	515	734	922	553	504	274	650	353	148	1	37	127	541	550	768	805	69	806	255	652	795	302	476	908	408	555	291	52	332	87	699	613	531	490	688	554	775	677	641	0	622	712	335	319	466	329	8	292	851	436	222
169	608	810	772	257	37	143	967	709	795	444	237	763	715	954	769	882	829	152	392	707	172	79	553	426	136	181	954	266	538	593	134	608	494	971	178	171	381	211	208	602	366	515	448	137	501	179	850	646	189	662	7	26	500	141	478	743	47	56	334	723	267	653	343	486	271	322	246	979	21	602	766	625	239	479	291	802	202	708	21	167	171	498	117	413	358	651	618	391	0	421	283	828	82	843	736	184	499	512	10
451	415	452	386	567	344	254	278	273	310	149	300	446	102	623	56	723	733	190	910	876	897	376	710	194	463	200	545	858	9	579	118	129	246	797	736	334	200	335	939	407	444	218	390	286	46	248	927	490	566	684	817	413	738	182	578	951	687	265	329	186	67	858	17	322	776	396	495	750	191	680	640	924	218	114	199	866	729	144	903	38	297	156	405	918	350	434	378	560	889	0	195	412	734	614	56	912	931	875	543
690	330	488	807	302	504	83	760	656	223	350	409	83	689	181	44	127	74	553	297	881	216	242	529	714	38	654	325	859	195	687	207	33	169	274	332	232	642	289	730	176	752	787	53	787	122	245	21	335	765	614	349	255	343	428	107	943	60	907	420	109	930	582	431	98	854	793	458	713	386	219	749	792	48	504	139	667	900	174	152	641	469	169	874	247	564	254	722	588	296	18	0	649	833	285	449	123	263	480	532
694	645	112	361	794	301	383	290	148	611	598	702	932	315	274	978	36	580	368	301	497	104	394	730	254	165	795	488	639	6	542	698	244	405	659	114	726	848	655	877	279	770	939	912	666	478	258	702	74	152	740	371	699	460	522	194	775	425	557	358	806	867	174	804	840	795	162	531	421	276	360	202	891	811	764	113	342	717	79	967	811	240	640	579	979	535	335	585	115	327	913	454	0	59	732	880	800	436	982	246
224	206	479	242	73	931	168	103	414	777	436	504	770	587	584	562	339	159	699	555	586	539	475	906	357	165	94	495	746	905	505	104	755	263	674	95	715	433	905	212	500	270	482	892	621	159	652	403	865	825	251	117	879	553	557	658	622	731	725	832	908	195	785	357	330	760	384	300	708	29	66	451	876	622	863	821	851	287	867	298	338	40	133	165	319	611	450	916	709	661	331	808	202	0	631	355	408	931	442	490
100	694	568	791	516	950	73	182	115	67	62	699	587	876	496	586	108	620	617	865	836	418	624	274	396	433	680	748	336	41	915	651	461	417	516	546	379	239	718	795	711	436	374	529	59	519	184	666	930	450	563	264	506	731	963	938	207	606	476	553	330	930	76	377	68	787	142	447	481	451	593	378	513	199	219	283	74	116	772	839	714	779	178	658	20	117	876	382	629	20	703	950	303	344	0	157	981	498	676	250
68	663	568	339	351	976	465	367	583	579	931	170	171	141	107	853	86	92	411	519	508	529	650	454	413	578	247	861	145	729	879	442	396	257	776	869	587	650	578	186	314	501	212	68	260	158	959	260	499	932	106	18	401	289	504	656	365	34	917	685	50	218	47	871	959	562	433	677	343	915	667	788	296	111	612	197	185	81	233	454	671	907	92	280	141	51	749	651	359	730	162	397	274	790	806	0	695	71	730	678
466	454	980	826	13	788	703	482	188	417	921	896	764	501	55	802	673	164	152	654	592	884	139	625	446	645	731	142	143	419	41	810	952	926	59	609	122	718	461	95	542	50	958	56	860	574	84	564	433	167	869	52	563	197	544	500	858	955	861	532	229	707	602	865	204	315	662	648	795	333	677	932	636	953	789	445	880	833	924	313	627	129	560	332	751	858	143	363	197	323	705	784	339	400	591	977	0	477	181	927
979	983	681	422	199	78	213	477	664	385	43	485	920	443	271	459	229	513	35	354	399	36	568	410	478	699	114	704	270	646	67	311	799	402	184	104	146	294	74	728	161	745	736	704	399	230	479	726	494	328	459	604	342	773	654	668	916	288	59	245	834	48	776	796	396	675	308	769	445	861	471	768	87	29	125	448	25	699	234	677	642	755	136	544	761	519	504	699	149	226	51	506	463	352	142	146	510	0	65	277
779	288	836	829	21	526	273	184	523	615	64	6	950	494	30	388	235	463	105	495	799	903	966	335	65	720	872	690	283	438	113	472	439	757	253	567	391	206	77	117	499	61	370	640	458	177	781	342	622	726	759	467	477	76	608	101	351	586	836	498	932	476	561	682	628	219	422	268	301	430	257	11	895	797	347	971	612	436	486	691	627	867	483	495	517	972	423	436	571	550	855	44	86	828	455	127	796	583	0	124
556	398	655	521	90	29	404	194	452	616	145	965	617	63	912	622	83	149	238	141	782	556	589	662	543	680	644	519	296	356	812	809	845	470	882	601	803	294	3	845	64	612	778	474	158	107	982	76	956	571	811	585	590	798	389	890	260	944	259	434	837	432	82	5	835	859	124	262	83	960	330	438	888	286	563	930	239	604	436	335	944	244	493	889	195	50	678	200	438	982	436	37	344	846	8	316	607	684	925	0
