A	B	C	D	E	F	G	H	I	J	K	L	M	N	O	P	Q	R	S	T	U	V	W	X	Y	Z	AA	AB	AC	AD	AE	AF	AG	AH	AI	AJ	AK	AL	AM	AN	AO	AP	AQ	AR	AS	AT	AU	AV	AW	AX	AY	AZ	BA	BB	BC	BD	BE	BF	BG	BH	BI	BJ	BK	BL	BM	BN	BO	BP	BQ	BR	BS	BT	BU	BV	BW	BX	BY	BZ	CA	CB	CC	CD	CE	CF	CG	CH	CI	CJ	CK	CL	CM	CN	CO	CP	CQ	CR	CS	CT	CU	CV
0	87	306	273	177	35	152	272	267	224	87	67	255	51	226	132	109	70	242	193	210	107	346	279	327	130	200	144	350	8	29	278	353	245	336	189	123	309	180	280	210	215	141	100	169	146	260	347	71	121	332	99	52	359	34	148	218	89	118	19	180	28	344	267	74	359	252	238	63	85	135	239	143	203	188	208	85	294	56	278	142	203	271	158	201	287	147	320	120	263	25	278	209	87	314	125	171	258	169	162
235	0	305	203	57	130	242	12	77	142	326	181	175	184	234	62	312	335	188	329	325	275	312	283	1	131	348	12	303	81	284	340	319	330	146	218	329	333	254	107	171	312	26	240	102	162	195	249	340	167	59	163	111	293	234	134	197	14	5	27	169	340	276	311	277	28	353	354	248	329	303	101	226	252	79	175	183	152	30	53	181	193	114	15	335	73	103	269	18	78	151	25	145	249	54	22	239	306	298	160
325	349	0	281	347	245	109	135	13	180	107	350	68	126	262	309	226	324	156	281	56	78	223	173	332	227	90	349	291	265	314	81	102	19	177	282	36	325	84	147	55	163	211	312	89	314	116	338	148	339	222	20	48	84	180	95	60	76	316	342	356	110	176	347	154	167	288	330	329	212	216	26	136	234	183	210	319	83	343	31	234	97	85	333	92	82	151	95	101	253	352	101	206	305	295	81	322	223	226	92
97	352	85	0	182	356	151	279	72	185	31	156	196	1	354	203	326	81	132	292	146	22	19	94	345	125	199	13	108	62	36	273	210	269	92	204	19	268	244	344	47	106	122	316	37	25	350	184	96	165	156	47	115	49	73	186	126	176	131	340	265	268	280	217	31	307	85	78	107	48	189	249	125	64	121	187	265	295	195	205	312	28	272	5	61	354	3	208	148	156	56	64	93	166	8	292	127	257	225	117
352	23	16	142	0	86	327	119	251	180	186	20	59	334	311	46	295	195	260	50	218	312	347	345	117	63	296	344	22	48	159	123	94	96	101	52	190	7	100	208	266	332	247	310	22	123	44	154	85	75	252	1	198	336	188	352	17	356	199	348	246	121	218	67	323	93	132	181	343	43	169	287	185	61	165	139	121	219	195	287	245	122	175	221	132	41	36	185	93	32	305	220	288	144	257	256	207	74	359	57
186	322	252	1	95	0	254	40	198	254	146	218	89	7	53	41	117	29	357	335	319	4	37	43	213	272	254	54	1	276	163	1	94	45	264	98	172	22	120	47	132	59	181	216	55	120	231	142	51	195	42	39	175	220	245	352	288	244	9	77	245	217	164	140	190	115	30	49	126	243	23	341	205	296	280	219	201	265	111	302	247	149	357	314	128	68	243	295	137	340	122	127	182	151	78	155	183	306	79	273
66	150	93	234	92	159	0	187	173	264	159	341	349	343	67	321	76	125	251	14	13	347	30	53	330	290	46	327	129	229	148	308	117	339	235	13	12	331	133	257	246	147	29	268	52	67	269	273	132	229	173	154	182	81	117	278	55	173	153	194	77	296	69	21	94	98	138	78	196	308	263	57	146	201	15	170	92	115	254	204	96	162	65	218	153	107	5	303	224	311	212	267	124	310	230	165	186	77	109	306
134	329	280	47	251	210	347	0	21	243	57	347	99	29	325	187	53	312	332	153	172	304	286	24	265	293	84	151	3	26	102	161	223	266	83	74	232	352	347	163	334	260	13	153	266	263	195	18	279	72	169	88	74	54	282	18	138	167	349	326	348	163	320	25	230	319	284	133	132	221	263	187	248	207	225	329	316	125	34	105	280	342	341	316	126	163	92	184	170	250	197	28	115	199	244	248	295	339	192	219
232	250	218	342	156	235	35	267	0	106	120	42	189	296	227	157	340	142	249	138	298	324	43	276	334	338	173	327	256	235	278	32	335	133	100	26	147	191	313	175	54	298	294	89	271	137	144	242	143	303	318	310	262	290	62	338	93	76	276	223	345	206	356	57	154	218	321	19	344	86	123	111	196	125	32	54	242	45	126	172	73	250	309	226	43	86	252	80	215	220	268	147	200	163	83	271	128	34	224	355
7	44	305	66	38	8	65	287	183	0	220	75	184	8	323	279	315	221	44	163	27	153	20	307	207	24	335	326	71	38	326	66	299	56	77	72	163	53	48	305	65	256	338	124	59	98	6	39	238	211	259	297	269	79	240	357	167	211	149	160	85	140	196	325	171	142	51	295	150	114	115	220	142	41	263	346	271	349	225	22	201	118	152	220	30	295	229	2	51	343	275	251	31	154	249	74	74	210	355	125
289	316	55	52	109	90	191	319	8	293	0	359	144	318	109	111	69	220	336	223	125	20	204	332	158	15	252	193	261	96	207	332	66	217	21	185	219	19	150	35	228	120	342	120	243	2	39	297	291	184	333	41	8	286	230	59	347	47	55	92	115	350	133	80	57	74	112	4	324	172	203	122	142	340	197	316	147	29	13	266	229	162	206	118	117	317	83	355	207	178	40	9	350	332	350	120	206	187	182	52
126	256	254	194	67	70	344	216	267	137	84	0	88	50	355	92	237	174	263	27	326	327	313	14	182	307	235	73	109	176	117	264	78	263	277	70	293	111	320	74	265	22	195	35	346	1	286	60	168	95	42	188	196	129	308	316	339	294	128	220	156	191	270	121	204	73	170	264	44	17	303	319	109	185	341	187	217	142	274	144	291	275	67	308	142	140	7	253	300	1	304	346	174	338	187	147	234	31	70	62
233	272	340	171	275	32	80	213	56	353	168	238	0	43	184	336	112	73	327	342	335	29	92	256	10	356	175	121	121	124	350	280	41	297	63	288	108	112	277	314	40	267	265	306	190	340	192	211	315	325	52	134	69	333	328	229	149	238	339	215	198	226	164	202	83	245	166	143	334	49	67	227	129	276	38	287	178	265	136	321	164	1	7	115	252	280	230	251	219	59	67	116	111	247	286	29	68	150	296	169
126	34	36	243	27	61	80	232	80	269	238	243	219	0	13	251	191	195	97	347	46	52	217	56	166	308	144	86	89	238	95	120	95	343	249	179	46	54	23	352	44	192	273	102	294	37	19	106	104	43	282	338	200	177	243	64	114	169	147	214	5	80	50	290	350	266	98	25	46	166	161	319	72	38	19	195	245	145	18	329	65	204	34	204	268	292	260	350	88	246	195	254	326	354	330	178	331	214	124	68
269	119	291	311	230	248	9	238	269	85	332	214	64	8	0	192	53	300	124	219	321	298	256	207	13	169	31	36	163	325	161	346	101	154	40	288	81	271	191	111	110	42	49	262	321	176	199	111	22	7	253	142	17	249	270	67	179	318	58	161	146	104	308	135	352	272	261	16	346	131	80	337	350	120	128	71	205	103	116	95	291	250	17	234	64	234	131	148	263	226	42	240	153	295	45	245	283	277	120	30
110	193	121	290	288	170	68	174	211	148	160	214	34	279	232	0	32	167	317	262	225	225	85	129	295	243	130	273	188	353	111	230	19	325	179	232	46	326	251	306	254	180	13	91	161	245	35	343	326	60	349	222	69	51	110	221	251	54	292	20	247	251	242	99	136	11	347	330	132	274	291	72	37	257	133	67	320	125	330	307	57	218	332	213	310	85	323	68	283	203	327	238	47	170	339	175	340	328	205	277
233	275	322	55	174	354	127	195	171	334	201	96	52	94	96	56	0	221	275	239	43	51	247	186	300	197	49	175	290	31	216	21	220	287	263	348	65	254	115	198	254	328	117	137	265	135	158	45	63	6	122	324	226	134	33	51	143	163	293	280	123	292	9	298	201	9	105	98	237	268	133	50	82	186	331	214	172	296	235	50	142	345	167	237	244	120	299	22	143	275	85	83	78	227	80	308	280	265	291	242
194	294	9	70	169	85	19	213	167	293	163	180	184	189	117	327	33	0	319	172	171	130	352	52	346	17	234	278	136	117	278	242	130	227	29	296	140	258	232	150	80	104	212	77	245	287	71	290	110	209	304	353	80	16	197	25	190	220	191	12	38	131	5	302	251	88	132	230	345	178	270	75	192	127	16	318	179	189	83	67	208	339	68	108	188	173	30	207	101	179	130	75	36	251	282	46	20	177	296	300
112	38	357	113	18	223	327	208	188	284	197	192	323	258	39	67	322	79	0	161	169	336	221	46	354	265	41	343	27	264	157	344	170	322	128	182	222	277	172	29	64	241	341	257	145	76	272	310	67	236	48	78	328	50	120	48	291	56	325	131	37	348	159	205	71	302	28	354	194	220	89	81	108	150	227	27	327	239	339	93	126	200	76	342	141	136	272	140	335	285	141	145	47	302	139	173	68	284	81	272
264	139	15	180	257	168	171	229	114	32	175	199	359	161	188	22	49	234	86	0	158	208	224	158	131	237	149	152	350	210	48	23	218	358	262	38	287	272	103	358	111	200	29	132	301	165	136	288	94	22	255	358	309	120	169	219	275	282	82	201	143	359	279	131	193	173	222	320	198	148	8	179	316	141	106	347	329	118	11	142	188	228	297	168	316	139	25	255	48	216	225	28	320	239	231	247	109	324	213	122
138	175	311	25	204	238	173	355	240	192	39	135	276	81	282	114	209	84	298	283	0	46	332	5	126	296	321	119	80	241	258	301	205	57	190	266	111	119	331	205	279	58	336	214	143	133	272	115	231	43	9	261	262	286	235	279	135	262	202	197	237	293	275	260	152	305	88	48	260	293	4	240	39	355	194	101	225	158	57	274	79	271	203	103	102	175	245	188	138	101	280	209	342	42	267	53	245	71	293	230
134	67	252	321	79	80	338	112	46	48	5	40	109	35	157	179	344	54	18	145	51	0	247	196	40	32	352	269	31	111	221	181	177	346	116	100	85	303	43	90	2	339	227	344	348	73	154	138	260	251	19	61	358	108	81	78	65	85	190	284	178	239	167	38	131	9	271	182	343	142	144	49	359	342	135	55	194	38	53	79	277	126	242	173	217	215	160	310	316	115	208	160	32	298	194	223	2	76	104	336
16	284	39	242	54	267	337	225	20	57	51	191	182	16	281	354	184	56	283	33	263	158	0	210	112	302	158	171	157	39	73	227	86	91	230	188	115	153	213	30	277	69	351	254	34	14	252	279	348	151	18	44	309	346	179	328	34	39	257	258	286	161	288	242	49	279	275	183	323	302	28	267	113	36	182	45	206	130	188	135	328	103	282	217	27	136	161	120	272	100	350	90	212	260	10	159	58	153	185	331
69	206	74	77	185	190	169	354	333	233	347	260	157	184	172	118	125	165	303	146	95	192	266	0	44	266	25	203	97	91	225	302	137	127	227	347	236	220	220	103	153	167	92	63	15	234	50	318	100	85	320	105	73	342	288	53	22	98	233	106	218	34	99	357	155	58	185	162	274	197	314	165	167	17	137	78	289	252	226	37	218	185	310	353	138	293	121	165	4	306	325	236	250	41	13	96	180	254	4	160
344	158	314	235	333	314	247	129	188	190	180	22	30	263	188	102	147	42	106	282	175	60	275	228	0	313	198	309	49	88	200	320	65	166	353	77	320	26	62	143	276	286	73	272	11	21	49	291	57	73	206	74	207	124	147	120	25	254	72	62	54	65	81	144	207	322	151	11	312	272	125	31	321	342	1	309	261	274	128	311	209	63	276	33	192	266	195	84	279	199	126	199	227	99	143	126	240	156	122	30
350	123	47	249	24	118	267	206	139	335	265	269	312	302	141	4	14	256	338	269	131	22	79	11	90	0	232	266	326	200	226	298	71	291	97	214	203	206	351	128	144	321	175	192	198	103	196	72	253	179	346	319	328	305	281	174	166	102	101	278	117	124	61	318	311	255	289	53	301	290	111	265	68	22	121	333	293	193	166	130	316	246	191	236	215	55	291	282	267	271	52	260	132	98	313	158	135	253	22	292
359	10	239	217	213	26	218	50	8	265	32	141	91	189	119	17	223	141	108	169	22	204	14	74	206	126	0	344	343	181	119	232	120	212	189	52	226	188	300	326	341	174	311	247	43	117	76	271	334	227	272	215	108	47	82	262	251	71	142	157	64	97	319	91	93	321	249	175	178	89	22	351	16	207	329	66	77	63	169	169	74	229	334	134	86	189	26	101	6	232	200	21	275	51	284	8	6	4	20	15
165	250	32	84	120	198	281	264	256	285	227	355	135	274	123	10	295	4	13	205	43	56	82	66	39	62	232	0	209	183	188	41	341	128	55	114	312	135	349	279	255	6	16	216	159	280	175	144	173	172	187	302	69	113	183	178	27	210	186	178	61	314	36	301	276	114	98	240	342	153	34	190	3	268	209	347	20	32	58	114	157	123	167	310	202	258	230	187	106	225	333	257	3	355	188	134	357	306	63	263
80	76	23	170	165	195	63	224	305	18	254	157	33	15	221	177	245	214	353	120	251	156	175	28	285	236	350	359	0	146	187	220	8	183	277	225	197	128	320	318	160	230	2	223	165	65	278	320	356	344	131	259	79	234	13	249	235	299	142	229	180	102	39	222	103	71	331	156	130	296	123	338	329	65	251	335	29	250	224	52	194	129	250	4	20	208	164	270	248	140	175	241	193	188	21	345	355	312	10	45
167	80	282	101	129	328	317	356	254	80	271	138	25	112	203	318	45	167	179	75	48	350	269	214	321	359	237	255	187	0	267	143	168	116	113	91	107	219	242	198	75	292	322	209	278	156	103	292	357	68	143	56	260	283	278	252	259	44	192	66	158	156	56	171	262	60	144	318	188	357	327	289	146	218	34	203	97	41	152	76	84	151	95	216	194	78	105	326	188	228	252	312	309	286	16	211	131	219	136	149
23	159	170	337	135	220	95	229	181	284	135	47	7	188	355	99	177	238	346	242	61	101	288	135	67	288	137	319	2	83	0	104	18	234	14	294	47	233	192	59	52	266	147	245	189	274	210	345	271	115	160	357	117	93	200	60	208	337	200	161	79	318	6	318	175	259	188	53	128	16	217	283	197	342	286	88	292	202	275	172	176	164	139	295	103	200	54	182	270	249	314	233	97	58	101	223	97	162	304	266
94	248	92	287	163	359	307	325	207	36	293	144	257	246	342	236	19	147	286	215	20	343	40	32	270	44	100	52	75	145	37	0	41	339	261	347	264	218	173	244	137	292	94	57	180	243	75	120	23	354	291	8	245	193	328	321	83	292	211	339	110	126	327	213	55	225	227	171	46	355	68	137	165	122	23	161	206	75	74	123	36	304	202	129	127	120	146	121	32	240	278	300	268	357	200	163	28	96	299	85
198	134	345	74	271	351	27	256	147	175	73	239	208	77	218	87	157	128	146	160	76	308	185	218	329	352	34	14	80	42	309	138	0	148	223	341	349	221	282	275	176	11	76	248	111	113	170	283	208	125	73	249	295	114	51	293	324	149	242	337	347	32	63	312	53	303	322	192	59	28	81	39	153	185	22	8	88	345	143	225	251	93	250	313	171	118	110	225	231	331	187	133	58	308	206	187	301	16	291	200
25	221	105	46	125	196	21	1	303	159	86	28	242	251	333	216	38	10	268	177	34	130	203	55	261	179	190	247	139	42	191	239	15	0	242	147	244	90	174	89	158	226	148	267	99	149	356	198	82	298	25	224	73	205	308	191	84	57	36	59	317	341	221	235	139	93	135	216	222	214	154	101	309	349	269	90	185	289	277	155	147	343	49	278	158	199	120	215	237	351	188	318	320	118	131	243	162	290	30	262
161	94	106	136	276	324	105	74	38	342	51	30	318	130	98	210	28	218	98	287	14	288	181	117	265	337	37	287	332	247	90	26	96	76	0	110	261	273	184	138	88	285	344	178	12	41	268	298	248	284	275	183	189	44	229	80	276	58	19	163	279	41	126	249	101	194	283	208	137	99	208	82	42	265	204	348	12	12	320	76	270	89	73	147	259	284	135	25	320	87	331	49	33	26	269	180	178	251	298	247
336	335	307	301	76	161	244	294	198	311	74	119	2	309	237	13	90	302	123	314	205	39	118	96	358	260	136	243	200	309	176	22	13	155	213	0	3	338	99	244	223	93	3	359	294	196	84	124	222	120	17	112	3	211	15	264	259	14	202	271	166	82	30	245	20	177	140	115	80	142	265	244	266	90	352	125	274	77	42	310	354	106	144	34	138	279	244	86	310	37	348	102	22	133	335	164	6	22	271	167
37	65	143	210	352	148	51	257	150	315	152	83	15	197	39	201	240	226	9	279	255	343	249	338	140	208	88	136	253	63	33	62	340	296	287	38	0	136	101	121	21	295	271	43	117	196	8	47	243	230	116	233	16	84	332	143	287	252	138	134	181	117	351	353	322	162	13	57	44	206	93	49	29	349	93	208	169	306	123	70	210	204	274	143	220	195	188	8	195	110	274	356	293	66	150	41	11	225	13	120
180	66	51	68	255	60	266	332	4	332	346	41	322	161	208	220	154	83	110	342	230	317	79	284	184	199	303	71	68	344	302	159	355	115	185	350	321	0	281	180	129	164	261	250	204	61	43	180	332	288	180	349	105	300	55	197	50	284	57	338	202	357	89	84	120	112	354	17	38	338	70	325	18	125	349	264	6	162	251	200	339	7	260	200	309	113	158	229	35	15	223	251	35	248	249	192	220	132	64	195
50	322	267	251	288	283	323	314	343	113	188	95	168	93	35	79	171	21	65	193	215	166	86	273	264	229	235	212	71	353	180	292	53	161	279	245	214	136	0	281	174	183	200	27	103	345	223	251	267	124	270	195	99	232	248	90	302	206	99	154	179	21	208	144	354	156	144	300	292	39	24	34	99	111	88	234	290	305	239	99	312	47	164	326	319	126	174	81	307	349	27	79	111	223	345	113	89	223	282	28
149	184	123	162	168	230	257	100	324	321	190	263	156	290	68	199	346	291	144	67	238	23	167	27	75	338	220	357	157	243	48	84	57	128	188	199	246	101	172	0	44	14	69	76	325	141	301	166	198	118	185	10	184	152	19	318	182	3	259	300	111	347	127	259	312	347	180	330	254	350	97	18	204	125	337	207	9	205	8	292	348	337	294	1	116	186	115	9	214	202	288	71	165	179	230	354	306	75	302	208
196	174	257	118	93	351	324	174	323	1	30	80	144	49	218	279	290	344	248	92	60	76	317	244	290	101	141	355	8	240	115	42	316	241	216	253	208	165	118	18	0	199	31	224	153	119	288	48	133	84	161	322	185	40	322	158	175	130	10	42	264	170	240	4	297	257	201	210	277	175	96	19	131	100	293	132	134	135	220	190	234	15	196	331	34	175	67	344	2	287	338	114	80	292	102	197	117	242	117	35
159	76	249	241	82	22	293	175	344	179	356	191	169	210	120	30	9	121	198	127	234	167	195	167	320	173	161	45	201	209	265	309	211	48	226	292	151	262	147	154	176	0	137	40	311	208	94	16	178	139	231	330	164	223	121	125	112	121	11	77	235	156	199	36	54	167	39	215	64	237	309	222	79	162	203	264	296	183	267	151	240	78	31	195	135	152	44	252	16	307	245	207	6	340	24	264	103	45	97	140
350	180	174	130	337	81	168	127	125	173	222	11	107	197	317	280	115	29	13	263	267	208	205	228	8	65	6	217	58	29	203	212	293	232	108	253	164	240	345	148	217	57	0	228	238	127	230	224	130	203	56	244	57	331	204	285	247	243	334	115	286	191	227	250	280	296	208	183	69	280	330	32	252	284	221	139	122	173	295	255	243	130	331	133	68	101	284	89	151	240	271	34	314	251	88	49	236	245	281	285
275	57	287	236	161	306	112	15	33	28	332	170	286	16	218	97	8	190	324	166	192	293	11	280	12	345	299	277	91	43	113	250	156	166	229	277	50	88	235	244	39	319	29	0	210	59	132	110	66	316	35	268	91	209	144	154	346	90	275	73	200	228	313	315	70	352	288	286	276	111	281	353	116	38	20	154	313	34	46	59	168	308	294	283	94	53	132	331	359	40	209	340	27	94	132	354	58	178	230	146
98	346	333	333	51	11	305	153	121	125	243	283	323	90	294	244	168	69	260	162	274	230	260	42	110	138	298	339	55	33	129	97	359	245	60	167	138	259	205	216	339	81	199	88	0	225	1	137	195	209	320	265	16	29	346	322	223	119	151	192	252	239	210	64	26	247	267	198	202	129	270	132	149	96	63	205	343	74	29	153	20	74	292	96	53	314	258	112	349	127	160	319	307	80	331	125	17	68	322	221
327	42	165	95	67	234	123	288	89	196	356	254	197	102	199	289	73	79	241	92	182	31	47	347	312	144	112	71	181	318	338	119	103	356	292	303	309	130	140	17	221	55	297	334	171	0	270	193	292	13	11	245	131	26	54	54	176	247	76	295	135	36	134	211	13	188	87	69	280	358	98	5	63	132	32	69	233	109	187	357	125	90	52	261	242	347	29	142	54	273	140	276	125	159	2	271	274	190	142	43
176	47	138	305	105	208	130	295	73	214	69	282	19	283	217	104	350	164	130	97	102	253	327	116	356	342	170	218	196	352	33	345	110	338	135	312	127	236	280	7	316	350	159	309	96	41	0	145	317	31	319	141	47	126	151	262	64	60	57	12	75	184	336	355	132	303	190	3	155	206	315	77	183	322	103	231	9	119	153	176	218	270	185	132	152	148	293	290	312	216	170	220	31	137	278	318	31	239	72	355
312	120	12	121	355	117	238	173	159	47	312	314	244	279	67	265	75	237	125	245	319	251	265	11	292	80	340	176	132	309	161	41	267	61	272	106	273	72	164	294	275	169	194	238	261	62	314	0	149	44	240	247	340	12	90	24	283	330	320	96	301	154	301	104	292	78	194	52	211	294	233	228	254	294	63	96	67	274	359	152	229	217	231	20	338	180	17	116	212	323	170	130	115	174	83	321	283	295	332	150
317	93	222	295	21	212	132	331	153	342	191	264	155	227	254	117	275	31	44	285	89	347	22	191	128	240	3	149	170	267	266	25	310	91	53	327	15	43	74	359	204	42	12	266	200	241	29	26	0	187	208	52	153	314	200	272	20	227	109	328	45	149	292	100	86	44	159	228	172	225	227	148	350	110	195	158	88	37	294	293	345	315	237	197	131	71	298	69	174	12	115	43	87	111	46	232	316	332	194	127
350	334	95	238	223	342	165	177	17	121	146	234	323	178	155	199	53	69	84	147	107	164	200	265	252	130	221	331	247	349	208	323	101	45	274	359	281	284	112	20	248	211	97	146	53	39	338	293	217	0	320	315	143	279	186	61	92	286	188	317	332	121	265	314	339	245	262	188	6	329	231	351	7	144	337	350	193	156	212	226	285	315	201	355	143	308	119	205	4	309	271	35	173	310	15	257	31	107	168	242
190	291	146	154	216	332	209	224	250	205	117	335	237	175	122	116	92	300	214	104	121	169	344	279	325	149	40	18	263	261	83	70	281	260	234	300	139	337	28	167	286	284	274	340	169	107	164	24	167	250	0	233	37	112	22	264	316	120	167	116	311	207	38	133	338	91	125	231	76	81	72	121	55	294	93	306	301	147	236	87	25	14	102	279	29	335	294	289	186	260	18	284	66	342	132	297	297	31	63	177
94	117	72	74	340	55	311	336	28	172	221	180	247	309	291	328	303	319	139	70	162	113	81	46	342	311	20	212	141	237	110	284	96	293	334	324	218	145	231	48	242	332	239	134	191	276	151	48	102	70	187	0	304	223	221	23	111	48	182	241	310	333	85	310	39	22	297	158	292	163	111	237	11	62	8	347	86	359	138	355	24	315	42	244	316	257	239	65	104	350	51	240	56	307	167	191	119	189	103	317
316	34	174	311	98	112	35	203	161	34	112	245	8	190	49	212	4	187	291	214	97	192	44	355	281	281	353	50	359	15	142	174	21	88	307	236	89	272	249	115	220	70	64	358	349	78	265	279	110	12	112	217	0	210	282	270	239	355	211	65	143	312	107	162	340	280	168	224	330	137	259	55	124	18	325	254	322	319	71	288	334	92	89	220	94	207	67	204	189	164	16	133	98	45	307	123	301	170	189	224
315	207	136	284	64	100	82	55	284	301	252	227	336	66	75	155	160	231	23	52	218	286	321	358	133	328	167	144	140	180	295	348	340	216	182	311	269	177	126	23	66	199	81	313	280	174	214	211	302	159	339	320	256	0	154	202	13	219	341	150	75	60	4	275	180	88	139	261	273	54	28	146	69	339	31	331	300	44	51	329	178	268	60	288	131	123	315	44	167	88	195	279	246	165	108	116	313	4	256	18
333	184	357	7	37	355	138	10	258	342	204	261	143	77	4	75	97	221	154	325	266	344	3	298	135	206	327	298	213	45	239	96	172	27	14	130	167	70	161	14	37	249	12	340	25	343	200	356	264	42	80	251	271	34	0	308	138	60	173	245	243	260	20	19	278	327	33	82	295	237	130	14	229	60	239	268	144	320	150	111	231	307	51	238	357	157	142	351	45	112	128	173	40	207	253	226	180	342	357	248
192	107	317	140	186	337	334	67	57	209	212	179	259	153	213	41	76	327	315	235	298	261	358	65	93	71	74	21	305	346	347	275	201	52	242	287	348	344	223	301	215	168	232	202	108	326	31	34	100	287	216	301	167	4	63	0	342	252	119	354	109	102	29	225	292	172	221	274	206	6	112	312	333	115	210	193	246	290	329	256	107	174	92	191	254	209	3	238	288	290	87	198	128	62	191	53	326	291	239	237
153	6	290	291	236	58	219	308	103	51	325	243	301	142	340	174	210	358	281	103	261	248	326	321	216	42	91	339	6	258	251	27	24	102	26	152	115	177	180	167	109	159	97	223	51	177	318	309	61	242	49	38	279	152	100	164	0	9	302	239	342	32	63	261	198	160	229	294	291	85	159	221	107	342	161	343	159	160	46	243	95	294	265	156	352	14	215	259	280	12	197	79	79	167	80	19	135	68	202	248
328	1	356	265	308	279	152	243	323	131	320	312	75	325	15	316	351	348	165	68	233	128	11	310	127	210	164	199	306	291	65	13	256	157	47	284	146	284	323	105	108	312	203	20	246	44	68	196	298	336	253	351	44	331	73	237	351	0	226	67	197	293	251	277	224	52	154	75	35	101	221	160	277	80	155	97	25	78	238	171	135	30	359	172	208	152	87	84	321	222	144	30	121	269	211	267	145	242	102	273
66	247	174	75	4	127	308	82	198	235	229	91	38	301	225	239	204	296	256	170	205	47	44	128	227	322	234	203	22	357	281	107	192	108	196	257	331	121	157	347	70	148	166	73	271	241	201	159	315	185	293	3	274	55	247	137	2	23	0	41	85	282	94	218	61	110	290	84	14	206	323	182	114	218	106	88	238	62	148	145	144	89	343	13	25	94	225	35	156	24	229	62	119	174	128	148	93	174	276	15
191	9	61	134	223	176	200	117	137	266	42	244	224	40	74	86	32	248	214	223	326	159	330	322	119	255	119	282	187	116	333	126	285	48	80	202	257	219	167	85	152	304	287	353	246	70	156	108	184	61	113	151	291	178	280	254	244	240	20	0	303	40	123	291	307	63	217	110	86	33	229	281	40	22	148	299	326	358	62	297	154	24	23	189	70	58	273	219	147	178	171	82	170	201	65	110	237	150	202	166
333	99	64	122	262	251	87	249	16	208	315	342	58	280	157	14	3	201	269	229	137	279	286	264	186	226	224	32	86	232	29	348	41	357	266	301	9	212	290	7	111	286	242	73	303	32	207	254	206	336	192	124	219	241	83	159	49	16	312	314	0	176	133	300	280	137	185	337	231	114	209	315	1	340	49	63	176	358	158	26	129	112	93	41	113	110	81	89	204	309	295	44	85	45	346	323	210	61	32	27
189	51	169	347	30	88	176	247	27	105	109	180	53	87	300	285	238	7	109	297	163	337	266	331	243	208	203	143	283	275	168	171	98	101	347	129	70	309	236	234	69	352	130	262	139	318	348	304	126	84	46	186	152	177	41	103	338	144	271	50	75	0	36	58	126	81	199	51	166	279	75	239	206	255	42	301	173	284	165	181	59	272	224	7	65	6	207	172	182	183	193	293	56	312	355	247	352	190	221	256
34	132	302	122	113	195	38	76	76	315	268	244	99	299	110	95	75	213	343	182	157	140	15	309	302	189	7	272	170	163	309	164	99	300	130	67	211	120	28	148	336	52	327	178	331	339	18	7	60	208	240	229	278	202	269	146	351	175	259	255	338	133	0	340	30	99	344	302	63	249	315	108	359	108	34	174	143	39	7	315	273	307	87	74	222	140	118	278	303	359	21	125	115	307	332	271	214	280	348	50
54	126	351	160	11	186	255	39	299	99	205	345	308	35	108	117	309	348	94	357	169	194	64	247	30	55	257	202	172	16	234	132	219	76	259	246	60	281	355	303	296	33	26	259	342	355	177	162	286	36	23	283	260	73	81	39	88	105	203	302	358	179	246	0	40	172	201	279	259	157	285	202	221	159	237	116	353	93	24	171	348	333	281	318	187	13	118	299	302	103	123	259	180	167	269	99	31	274	294	335
105	25	192	67	277	223	189	70	321	332	27	162	202	13	104	134	4	46	227	240	52	129	144	183	336	287	297	194	158	11	158	130	276	279	299	316	201	309	25	250	190	247	120	180	212	132	276	179	73	93	159	244	128	44	128	27	221	88	314	231	74	74	53	139	0	61	161	347	212	54	50	181	74	307	78	146	245	309	154	7	9	43	291	141	141	71	104	78	188	130	231	291	7	116	281	210	184	141	44	216
327	187	315	240	87	124	149	131	233	28	110	59	197	160	28	343	99	199	322	255	279	71	331	356	127	202	29	7	307	208	90	179	352	325	52	306	356	16	143	120	343	99	252	134	328	315	65	163	70	172	129	175	196	83	246	172	75	79	230	321	27	196	16	195	308	0	342	77	186	215	192	162	134	215	9	94	212	24	124	306	27	156	334	130	47	78	254	174	159	11	26	324	45	349	101	152	57	176	311	224
323	339	292	343	309	314	206	186	49	184	253	134	194	248	208	207	142	59	137	165	208	334	210	173	173	217	310	188	194	122	195	323	160	173	239	189	162	169	81	348	38	307	177	352	177	289	121	301	160	26	299	246	207	302	156	339	25	117	334	13	354	162	169	230	353	165	0	126	351	95	141	274	61	271	245	178	124	270	192	157	180	345	323	341	351	29	169	277	183	231	284	94	33	292	201	315	249	301	66	278
18	74	115	136	57	82	174	337	219	75	8	279	127	64	261	312	171	302	72	264	56	127	213	139	134	182	294	4	308	52	210	186	52	114	277	162	358	123	252	98	184	72	288	182	356	175	277	271	56	10	71	182	106	258	42	67	87	1	1	336	236	247	84	348	298	306	21	0	297	186	281	249	316	227	141	156	65	263	245	231	250	203	155	129	292	85	67	307	171	195	93	133	185	260	131	2	186	185	164	135
334	212	164	323	256	165	314	185	180	175	267	134	162	110	143	218	90	239	357	134	131	152	167	283	78	127	318	57	232	315	68	155	358	2	210	63	331	230	171	328	258	219	137	84	318	131	297	63	247	289	173	169	58	287	154	255	96	141	173	128	193	143	334	148	107	259	307	87	0	192	60	254	226	183	266	107	234	151	310	271	5	280	327	92	177	54	228	229	60	322	48	310	211	144	107	325	230	112	71	40
264	217	48	322	344	128	94	124	254	114	236	27	305	266	284	25	342	167	36	185	14	33	72	23	94	238	166	66	226	163	10	49	275	24	346	177	286	57	101	281	68	292	224	193	151	209	167	3	352	160	218	342	2	344	249	105	51	55	59	59	173	354	3	267	333	71	339	264	316	0	83	213	19	68	153	139	354	4	352	219	185	174	112	219	177	59	295	314	105	274	93	301	53	187	338	242	170	71	4	227
12	118	216	18	31	250	6	176	119	10	216	190	55	243	214	265	55	231	151	184	346	64	68	276	303	292	132	17	203	127	227	224	17	336	264	10	294	75	209	143	306	7	235	9	286	138	60	131	316	43	226	149	292	129	256	356	358	243	324	336	261	175	272	319	42	108	160	297	264	178	0	248	287	290	290	103	57	9	196	308	357	153	201	232	26	316	81	180	292	258	147	226	40	342	322	87	226	176	31	165
113	265	285	161	67	296	252	10	245	303	334	117	27	104	197	110	312	237	347	103	115	334	343	336	287	167	168	106	81	159	143	77	117	283	118	131	341	10	325	297	85	137	285	71	164	100	351	83	197	170	223	306	107	42	14	221	266	235	217	113	31	318	293	79	170	96	139	136	269	9	28	0	209	184	19	83	203	28	329	144	311	66	257	286	258	42	130	261	89	328	234	84	102	113	92	221	133	222	114	225
295	195	75	97	75	289	271	101	262	13	33	8	97	197	36	293	326	79	54	335	240	173	83	300	298	207	92	286	183	96	351	59	298	299	318	191	199	45	58	301	8	290	267	252	167	116	208	23	174	188	201	274	178	223	273	323	299	175	145	63	40	307	43	300	264	255	136	337	176	283	257	237	0	197	110	32	196	14	196	337	142	234	199	206	120	308	129	234	345	197	196	46	230	38	283	204	279	59	109	220
318	145	322	241	71	353	272	204	236	311	345	65	221	321	167	315	194	350	33	265	23	220	58	132	43	51	220	167	213	343	265	201	302	277	352	84	163	72	292	274	290	68	348	210	99	170	303	357	147	2	195	306	247	302	222	121	176	328	327	54	29	238	326	294	358	130	30	58	56	303	79	295	131	0	212	94	93	327	77	217	171	200	208	203	317	132	52	182	91	209	125	228	24	12	207	249	225	115	221	351
90	181	259	259	37	241	6	159	270	197	315	191	195	52	349	189	196	114	58	293	73	120	336	27	281	30	241	61	42	316	139	2	287	18	176	356	223	343	181	54	188	29	178	194	281	185	144	111	358	196	308	257	20	201	158	166	102	191	68	250	250	325	137	257	115	94	136	291	6	21	75	323	12	108	0	302	239	40	242	300	244	113	21	139	255	44	64	260	115	194	120	71	151	87	169	314	164	127	247	263
20	228	66	336	282	356	335	35	351	249	281	11	296	243	185	315	306	273	8	173	209	345	219	196	216	79	248	211	19	28	17	151	200	1	266	71	305	97	281	253	325	63	238	212	111	162	81	149	70	157	346	272	93	243	264	341	188	105	256	57	131	310	256	49	339	12	87	335	130	351	44	95	345	116	204	0	174	104	242	260	13	289	65	152	88	13	42	6	300	269	16	31	274	278	298	90	86	147	115	220
92	317	230	304	10	318	47	88	329	74	49	144	87	258	275	309	196	179	186	301	62	8	262	144	95	190	56	141	194	56	204	176	90	8	235	119	92	211	275	107	211	84	197	207	259	236	61	127	289	66	240	181	322	308	210	64	192	219	202	98	315	281	4	336	49	249	169	312	203	309	256	106	240	111	320	223	0	177	201	344	251	65	24	357	307	248	355	339	204	253	230	288	98	311	149	351	187	37	276	359
251	348	123	333	287	288	24	23	169	345	317	9	259	214	149	130	30	35	169	203	111	312	62	180	166	270	357	72	253	352	212	320	226	41	345	264	15	318	94	113	197	267	20	142	6	132	194	301	181	52	333	319	69	310	42	349	226	104	228	120	310	222	274	174	271	11	291	146	70	51	42	94	78	123	26	68	258	0	223	86	42	237	183	5	17	44	341	293	205	61	320	30	256	161	280	158	241	284	217	309
178	29	188	139	354	110	8	130	201	75	164	184	11	300	100	304	253	281	227	62	213	282	321	7	230	143	145	308	329	273	49	230	49	312	221	267	10	350	1	11	115	223	58	69	327	14	58	195	119	235	153	262	43	323	353	303	10	36	225	66	261	65	272	269	278	13	22	165	332	21	139	291	41	314	157	236	284	345	0	89	47	76	159	10	60	13	70	258	303	121	196	250	250	138	24	74	223	24	108	86
322	68	121	35	297	139	103	125	107	132	206	171	37	317	46	93	193	325	191	153	190	24	152	117	311	103	107	181	72	273	70	313	69	166	224	125	264	194	312	135	4	237	211	76	191	351	257	254	247	341	246	258	84	164	57	359	46	81	195	306	280	300	19	157	283	251	301	338	263	97	334	93	235	172	33	46	192	54	262	0	209	19	289	119	95	245	206	311	266	238	59	146	175	301	20	51	280	334	140	85
75	88	240	198	43	92	270	71	110	24	148	327	120	136	302	60	238	58	30	308	175	115	1	224	261	146	36	3	164	307	81	2	339	252	28	162	18	252	268	14	257	298	163	131	168	252	248	277	228	222	100	195	28	62	232	199	169	292	27	220	110	38	18	174	207	213	147	58	155	261	313	287	299	90	221	18	194	156	21	92	0	249	235	124	340	251	43	354	221	356	4	340	142	334	169	342	175	263	288	65
312	348	196	106	233	29	265	49	276	220	24	302	294	166	57	248	5	277	231	290	107	175	309	125	157	257	270	79	170	102	210	12	91	98	355	193	188	212	39	161	219	206	203	348	175	330	33	22	354	91	223	335	239	42	111	184	135	350	121	2	267	193	125	223	142	125	79	338	257	16	271	228	172	333	54	91	100	299	336	315	19	0	245	65	102	307	358	231	339	251	122	251	151	57	283	256	339	352	201	319
63	279	154	217	355	177	134	8	5	277	143	142	136	114	255	49	165	117	244	255	214	19	221	2	12	109	177	52	272	323	318	50	48	322	98	143	61	324	268	241	159	256	166	196	36	65	189	119	227	172	348	3	167	84	168	47	196	80	43	192	193	82	254	90	205	221	339	143	174	306	190	186	308	299	269	324	352	53	82	299	314	29	0	218	59	43	14	30	229	49	197	334	318	75	122	201	109	339	2	245
280	331	76	42	82	113	5	124	124	14	32	45	170	162	99	90	260	139	228	191	256	324	255	54	172	224	79	150	335	136	172	3	139	149	317	210	49	182	162	150	353	285	233	225	114	326	289	211	298	164	211	188	250	200	211	113	96	345	167	245	354	155	38	316	287	303	356	314	359	207	44	350	211	149	67	206	12	39	347	78	292	282	348	0	61	234	118	358	252	79	65	182	357	97	265	24	147	215	83	356
358	137	88	302	74	152	124	257	264	143	59	182	213	203	99	113	123	24	144	306	51	291	12	219	98	355	94	65	204	197	359	210	173	30	150	270	244	266	70	17	34	275	1	67	197	317	142	321	116	7	20	276	175	268	8	131	123	99	244	80	37	315	122	121	143	273	239	55	16	201	20	319	336	298	150	191	312	347	46	279	25	27	322	110	0	80	276	269	164	352	166	254	301	143	96	217	194	138	284	268
350	43	334	267	124	89	93	128	90	191	24	218	53	42	297	35	335	294	238	240	285	188	213	16	271	303	115	159	35	195	242	299	163	12	347	262	252	224	313	40	160	82	198	161	241	90	244	321	192	342	325	24	222	200	24	5	247	164	74	358	273	9	331	105	189	347	62	99	296	343	121	311	232	151	175	325	285	102	349	78	322	225	275	308	246	0	267	278	166	196	306	135	142	332	76	213	144	72	231	274
213	123	257	244	9	268	217	346	66	261	202	13	272	272	350	325	200	51	103	328	326	64	354	36	66	255	97	323	134	44	107	318	108	295	328	326	67	276	349	273	26	241	353	92	62	119	34	48	44	170	140	68	228	339	262	311	23	22	14	301	137	322	20	69	192	84	124	9	84	14	158	152	322	132	92	69	262	73	103	304	134	120	154	144	228	140	0	18	327	128	48	241	9	187	124	98	28	199	28	24
117	261	270	105	15	135	230	9	314	335	85	14	275	238	314	75	322	160	304	262	93	236	279	301	164	177	79	25	349	61	44	193	35	260	45	56	222	309	37	167	338	313	319	194	186	270	338	39	56	114	113	214	128	319	22	48	264	196	257	13	168	31	49	81	28	120	346	169	267	220	230	352	141	180	41	293	120	289	193	101	6	320	15	135	144	9	269	0	83	315	100	144	311	226	5	42	351	250	125	335
159	102	211	89	69	162	260	278	13	20	247	94	185	70	234	292	318	70	130	96	245	102	99	292	95	336	201	291	350	237	214	182	337	2	35	168	59	257	23	28	71	195	234	355	109	89	27	249	163	173	329	322	288	200	31	327	83	232	55	33	245	293	211	262	50	202	124	81	192	325	299	271	156	215	87	24	37	216	196	340	183	346	306	6	38	326	323	103	0	18	95	69	100	289	248	153	211	257	131	192
21	235	281	355	218	183	34	186	308	281	122	22	255	62	7	14	150	354	270	138	265	273	301	50	146	45	319	217	178	214	28	9	344	19	40	47	193	156	1	56	297	306	358	331	202	111	104	217	231	88	45	93	259	13	300	198	187	286	151	149	195	130	1	177	136	342	204	287	179	61	39	47	184	59	313	75	119	356	281	314	254	82	252	104	277	104	293	166	267	0	136	138	309	15	173	18	245	295	314	355
31	145	164	28	42	85	58	314	187	44	244	47	40	278	48	216	184	305	327	203	279	92	201	329	222	39	16	284	306	333	54	356	150	206	340	171	62	104	8	151	29	319	145	125	53	291	53	352	276	149	185	99	58	305	218	265	167	341	182	71	188	334	209	133	48	105	181	282	337	211	305	154	22	144	51	310	113	336	284	25	42	110	78	139	90	318	150	304	349	242	0	211	118	219	24	103	170	214	127	295
20	224	9	236	121	194	1	245	118	355	73	136	43	312	46	130	250	153	225	52	287	300	305	278	350	312	212	150	34	243	173	181	51	326	114	256	309	336	43	208	58	13	336	203	35	259	212	57	346	62	87	159	6	63	113	41	44	213	219	339	341	197	191	162	292	69	202	276	76	7	239	9	198	252	163	113	311	330	60	38	28	351	99	84	273	19	160	204	157	235	39	0	38	218	191	50	352	198	268	8
181	73	120	246	97	57	253	186	1	260	125	153	160	44	47	65	100	213	154	84	357	72	46	326	174	328	118	264	280	324	201	107	22	99	298	126	75	166	127	327	350	279	105	342	214	181	358	220	336	336	51	5	23	4	76	238	298	47	204	327	13	243	15	271	145	163	199	258	315	79	204	235	229	271	131	204	128	296	99	160	220	187	120	38	322	232	25	51	269	49	262	180	0	72	37	295	358	42	201	133
44	93	8	75	1	129	64	175	239	259	181	163	286	209	68	321	172	275	306	190	22	283	231	37	103	289	323	275	191	96	225	327	80	35	287	340	307	251	346	278	299	269	304	169	28	45	245	56	120	327	135	68	334	339	51	66	315	61	315	80	289	41	43	245	21	333	180	37	81	11	183	166	171	30	165	353	227	278	159	32	138	90	44	266	146	19	113	6	281	294	153	71	240	0	227	45	266	253	40	310
192	76	316	186	342	221	295	98	95	29	41	83	139	86	258	187	2	32	167	43	225	343	174	346	339	348	265	198	34	108	175	156	177	57	314	99	130	150	256	282	304	328	77	39	286	159	241	160	265	13	167	284	117	11	307	17	265	308	64	104	290	280	129	244	66	113	276	354	65	132	98	88	143	236	44	48	22	202	355	251	264	35	62	223	341	261	106	306	84	332	328	192	110	194	0	330	204	267	97	145
319	118	118	353	347	98	323	47	54	29	246	314	169	14	73	356	304	29	84	71	122	265	123	243	33	348	328	269	22	231	178	172	183	113	236	251	201	293	231	357	259	184	244	71	104	8	229	214	338	101	326	53	234	313	276	237	166	165	205	271	282	149	16	186	329	294	266	313	291	320	132	289	104	202	16	237	50	246	297	24	70	279	264	203	68	285	140	285	144	260	324	314	111	331	330	0	145	297	313	156
100	182	108	4	313	74	61	158	198	209	25	251	106	180	117	142	31	321	349	247	159	198	296	92	253	320	337	64	282	284	109	215	274	324	116	102	323	221	207	293	127	129	348	105	195	143	296	101	107	172	330	215	40	201	21	77	30	311	221	224	328	303	250	191	243	111	62	245	273	279	258	307	247	77	85	121	39	63	182	76	222	283	219	6	273	326	154	159	23	162	136	297	263	140	233	87	0	69	162	84
339	214	200	31	353	310	306	131	53	188	347	161	135	354	260	253	244	14	103	342	337	93	223	61	67	18	358	79	218	193	212	169	117	238	155	300	34	95	154	63	204	200	7	235	53	192	296	87	321	331	257	50	229	334	55	296	246	294	276	338	138	8	6	212	304	117	232	105	260	53	359	58	346	258	166	339	159	346	20	357	347	176	317	147	320	18	325	141	20	130	121	150	93	155	297	345	19	0	110	154
64	149	106	64	148	104	156	212	293	94	212	147	117	333	140	83	113	296	328	250	246	349	205	133	340	311	288	191	256	342	47	310	357	244	209	98	289	28	94	187	49	52	85	265	94	260	150	36	27	302	69	100	51	97	208	164	8	166	184	76	218	161	135	356	199	59	280	172	302	324	318	274	200	324	29	332	207	284	47	128	71	90	112	276	298	141	166	207	203	67	345	313	81	20	242	55	31	201	0	229
244	153	190	123	248	288	220	299	116	187	69	127	286	145	266	220	113	14	238	113	140	28	28	57	50	337	140	74	174	213	164	190	311	165	351	229	254	285	174	226	317	308	50	228	334	161	77	345	67	267	356	74	133	147	281	116	180	17	64	326	262	223	191	9	323	185	358	24	8	31	195	87	286	223	47	203	75	23	208	237	69	58	33	348	233	199	218	299	278	216	63	53	260	99	269	80	207	27	19	0
