A	B	C	D	E	F	G	H	I	J	K	L	M	N	O	P	Q	R	S	T	U	V	W	X	Y	Z	AA	AB	AC	AD	AE	AF	AG	AH	AI	AJ	AK	AL	AM	AN	AO	AP	AQ	AR	AS	AT	AU	AV	AW	AX	AY	AZ	BA	BB	BC	BD	BE	BF	BG	BH	BI	BJ	BK	BL	BM	BN	BO	BP	BQ	BR	BS	BT	BU	BV	BW	BX	BY	BZ	CA	CB	CC	CD	CE	CF	CG	CH	CI	CJ	CK	CL	CM	CN	CO	CP	CQ	CR	CS	CT	CU	CV
0	547	186	500	184	131	87	53	334	41	886	653	625	414	645	328	109	860	342	74	376	870	179	168	865	603	161	395	301	188	297	290	210	785	657	520	851	725	541	444	965	450	144	42	325	543	394	306	848	183	802	113	285	953	585	921	189	485	232	141	352	522	380	245	22	489	882	487	382	466	311	698	559	485	796	251	616	669	846	543	946	748	699	404	110	854	196	430	801	921	781	520	53	851	643	910	831	775	68	705
393	0	45	332	950	648	553	901	890	473	152	10	690	579	253	368	213	956	888	279	888	474	936	602	376	617	319	450	360	871	20	154	34	695	617	385	449	213	88	967	944	188	634	11	425	798	597	501	839	586	450	27	545	837	138	740	724	691	387	362	836	567	419	721	678	305	363	481	67	794	943	557	279	89	232	621	954	902	84	681	647	569	353	509	339	31	616	149	173	967	546	595	148	167	375	273	129	834	404	329
474	946	0	54	197	869	12	598	140	775	943	646	22	765	738	800	384	641	746	759	654	718	510	482	124	628	781	255	236	482	18	364	325	777	120	360	184	296	526	789	860	735	41	753	525	924	239	92	268	177	737	916	328	546	60	505	910	179	468	294	789	54	308	210	828	103	849	177	90	582	909	857	960	658	736	827	93	626	790	908	719	425	356	926	567	532	185	666	888	490	796	134	369	412	289	879	588	256	742	886
813	779	285	0	154	173	634	571	394	747	517	480	152	157	351	726	666	760	132	102	389	449	438	114	733	507	820	213	382	594	184	791	643	631	364	374	267	671	559	528	654	140	420	25	192	370	246	262	523	326	784	727	121	914	655	303	397	329	641	864	404	774	279	815	361	829	451	953	212	398	937	62	297	580	664	578	325	143	204	344	197	960	646	593	612	215	434	676	49	7	716	803	253	664	955	588	159	422	494	293
362	143	908	149	0	407	271	336	594	396	645	439	27	925	125	66	66	492	129	800	595	961	772	78	66	648	955	631	23	193	863	545	542	859	41	950	308	544	895	584	352	821	934	132	205	863	148	836	43	385	327	28	768	820	848	818	442	56	769	534	329	374	840	828	501	934	111	78	396	316	78	600	625	31	644	894	209	549	168	251	808	341	141	289	213	689	441	837	321	241	74	180	669	580	129	460	868	539	650	657
432	162	785	294	377	0	261	641	171	131	672	243	152	664	426	805	898	585	101	757	342	772	777	876	222	534	834	502	940	860	204	414	596	325	99	186	607	317	673	724	837	346	697	734	597	264	704	87	716	730	801	734	397	623	55	360	689	148	35	185	902	308	529	806	249	261	899	7	572	672	390	8	661	680	121	254	482	507	180	907	800	430	646	257	92	344	407	524	611	727	13	288	960	310	495	360	715	729	344	917
946	103	11	491	542	250	0	492	9	714	611	492	287	81	847	133	690	53	586	287	795	800	385	260	733	215	397	712	10	117	588	442	353	514	343	713	386	851	516	335	112	686	203	732	539	54	503	752	798	280	350	656	929	921	254	517	167	440	762	737	488	593	492	538	556	305	713	778	32	29	765	267	698	869	202	31	665	482	558	704	801	673	86	572	619	961	382	289	831	609	754	847	417	406	883	454	801	248	963	117
844	453	2	329	184	262	27	0	379	488	169	834	777	289	394	269	903	181	204	894	168	655	555	625	553	592	795	949	355	908	310	884	282	585	580	583	491	272	69	494	914	877	900	159	225	574	108	218	556	952	945	577	194	543	824	79	502	611	743	625	944	717	622	155	591	595	313	905	638	249	602	697	758	531	784	83	617	312	280	238	964	162	933	385	921	371	936	371	813	874	296	583	778	385	105	288	216	246	962	938
896	830	808	727	278	267	529	61	0	374	329	816	350	510	26	783	728	422	187	832	134	357	559	768	842	459	127	385	265	321	425	111	757	91	509	345	103	337	362	878	823	740	472	304	446	613	428	352	268	459	456	284	188	698	484	388	427	445	499	479	248	538	702	172	465	510	528	771	581	723	446	452	65	147	792	738	772	547	215	191	385	928	583	394	886	959	344	690	635	947	603	346	517	728	121	68	33	177	124	469
772	39	117	535	152	34	398	513	704	0	621	329	197	764	83	883	632	672	949	470	59	805	902	552	715	139	746	942	128	12	665	305	108	814	168	582	501	202	387	678	343	70	440	515	788	520	612	637	395	683	583	819	954	754	823	72	502	176	156	706	765	769	184	670	179	171	951	171	696	601	441	338	628	342	894	583	763	407	948	30	158	586	215	127	532	371	141	131	289	542	582	144	236	382	699	960	395	2	808	12
692	251	317	819	209	125	90	709	941	896	0	775	691	964	317	800	687	801	394	99	608	330	224	781	110	639	743	577	435	737	95	712	456	427	557	124	653	24	245	531	276	789	835	68	405	758	907	571	345	960	413	463	54	822	592	280	654	233	126	379	480	731	672	288	795	421	19	385	354	80	937	785	330	194	274	170	338	182	536	816	159	627	829	391	597	658	954	153	834	173	449	159	192	546	749	396	238	336	692	937
567	684	245	706	180	352	591	641	307	348	898	0	297	547	477	960	920	67	652	569	231	506	831	769	229	248	766	466	799	148	901	905	664	169	77	658	281	892	389	365	278	600	956	318	212	157	420	270	337	907	643	274	830	421	738	176	668	467	952	643	174	905	567	290	446	533	731	480	304	156	433	385	265	905	580	328	186	76	305	2	735	467	498	944	418	415	292	795	502	483	186	908	875	534	618	815	968	699	869	640
766	350	692	468	905	562	392	133	182	297	250	198	0	401	187	109	446	908	946	129	39	479	172	919	615	934	678	91	400	927	213	187	670	469	125	350	473	48	442	226	428	588	80	224	775	50	732	799	537	778	446	349	639	50	362	837	854	926	363	277	931	247	169	642	772	401	91	32	18	795	260	92	487	446	579	69	295	366	60	708	209	740	318	68	899	58	690	310	351	649	216	182	155	423	497	66	405	5	483	428
565	579	654	517	290	367	762	588	302	583	57	26	120	0	635	532	90	101	786	415	780	257	633	600	166	957	413	930	279	603	286	597	90	49	614	170	117	325	920	24	545	434	248	268	241	784	411	12	464	120	677	388	713	941	689	952	362	430	780	478	748	126	561	353	807	292	938	899	72	596	414	442	516	898	615	931	441	526	747	830	900	251	348	64	569	743	921	197	479	952	209	585	808	388	761	589	748	916	637	569
796	601	379	935	369	768	28	676	478	540	604	647	826	464	0	555	91	17	831	774	261	524	352	378	643	675	964	743	441	177	195	59	852	893	472	232	142	632	257	580	645	810	859	693	887	764	762	934	169	126	560	746	621	633	322	264	962	56	903	616	345	598	496	500	80	926	325	105	854	392	822	439	327	724	330	549	179	628	165	922	154	554	372	131	219	885	477	150	839	775	44	570	354	615	298	458	697	83	499	268
821	144	655	53	762	449	723	701	322	712	241	447	548	182	733	0	625	919	707	142	535	372	10	25	109	909	240	930	193	757	298	233	41	858	28	821	802	342	392	166	482	320	81	134	73	213	498	734	775	871	747	655	630	882	748	449	75	657	79	614	733	49	79	954	453	209	165	598	274	797	154	136	648	84	574	694	344	931	21	580	265	225	289	289	662	695	793	591	395	732	609	676	556	458	538	245	680	471	720	582
560	24	346	561	75	455	933	277	442	301	233	144	122	64	946	516	0	767	481	69	422	662	373	776	811	297	745	464	351	264	281	611	111	953	11	302	609	874	232	354	718	203	546	335	142	27	218	783	478	749	663	764	640	953	231	865	760	812	245	917	315	823	814	26	513	894	200	704	826	386	228	730	690	282	899	383	132	915	470	678	397	551	394	798	658	477	769	895	917	484	258	86	214	758	935	791	257	352	254	31
957	66	482	515	321	342	945	603	873	735	725	366	745	963	755	386	966	0	964	264	438	733	327	170	891	514	359	588	230	422	564	662	53	539	422	948	963	921	239	75	693	753	46	764	486	263	51	793	887	147	190	456	328	517	947	427	469	105	367	495	334	742	553	154	671	558	148	926	110	206	836	462	828	75	550	834	130	852	921	367	650	186	953	621	663	11	88	643	123	44	601	909	312	882	936	205	897	913	406	592
739	524	4	868	380	461	690	92	197	544	909	132	89	422	224	586	244	170	0	353	899	74	441	411	614	501	327	64	317	726	209	649	320	834	472	217	171	80	464	166	718	461	266	688	592	265	957	895	672	800	42	220	189	295	549	464	356	76	451	170	958	665	85	797	694	469	778	492	682	659	147	886	847	431	829	718	893	662	129	28	292	523	357	758	491	922	947	669	360	547	223	238	660	762	910	727	897	96	501	668
123	905	312	437	577	844	796	611	348	164	49	842	731	798	593	688	122	118	344	0	258	150	21	535	298	808	483	702	489	674	967	581	333	451	316	671	832	663	424	422	531	122	773	531	897	915	158	137	390	339	237	826	534	8	295	443	809	407	328	689	924	9	18	418	530	430	696	601	755	210	141	405	418	268	129	560	179	359	535	481	230	513	400	216	650	368	772	558	54	559	186	24	77	415	156	300	7	869	152	387
452	369	929	825	565	886	135	789	811	836	869	511	903	431	804	420	176	56	31	933	0	653	422	235	882	953	486	694	218	181	89	838	199	554	2	104	784	383	332	933	716	588	963	37	292	367	357	74	369	52	661	106	807	450	314	764	796	799	538	666	415	650	117	963	944	48	291	100	528	62	182	957	623	60	531	407	475	497	706	175	761	709	100	861	952	719	194	856	761	298	296	694	804	305	474	730	774	906	620	916
115	510	73	866	164	811	735	415	506	830	356	292	104	253	836	585	95	808	791	518	99	0	469	192	922	830	368	335	589	136	886	390	706	564	526	820	390	196	748	818	111	228	776	71	53	168	104	755	270	677	393	694	417	105	342	367	121	801	373	343	393	723	593	783	351	130	962	879	207	949	186	532	324	911	867	84	580	512	590	893	965	753	668	661	208	148	620	494	541	641	935	871	756	71	508	424	839	256	427	44
965	223	167	647	256	295	827	927	705	158	598	531	828	926	160	822	751	910	578	650	436	137	0	402	698	951	353	431	675	592	580	788	126	775	40	60	497	669	338	458	506	838	25	2	259	679	131	322	217	145	325	50	917	661	777	842	685	688	927	563	857	845	637	553	306	952	631	632	164	725	396	70	905	898	271	329	457	192	945	136	517	2	66	902	383	229	942	860	67	71	671	352	367	696	268	796	570	679	673	791
523	936	427	789	112	430	281	834	71	225	821	735	397	286	962	829	127	46	826	213	796	43	208	0	795	450	425	689	205	736	527	653	878	83	913	854	507	729	958	560	625	135	823	587	530	552	940	210	472	238	46	43	775	686	337	542	377	939	477	468	417	357	787	416	309	676	231	605	887	355	374	429	963	890	579	684	779	438	293	832	376	293	473	849	212	272	890	523	925	383	639	236	188	341	327	859	956	140	604	701
831	422	410	226	14	134	497	347	250	614	845	322	890	853	609	307	524	837	668	960	459	42	233	742	0	850	308	310	105	307	491	332	837	780	706	496	179	398	932	907	66	259	73	97	97	627	928	655	325	301	358	732	941	217	527	518	455	608	168	668	872	239	465	847	188	947	39	675	740	57	276	7	35	111	247	942	730	713	807	633	803	577	184	342	524	714	486	828	285	537	879	575	123	547	80	668	249	362	40	881
513	354	303	241	286	269	251	901	704	952	762	274	362	744	476	581	364	330	721	100	422	686	953	26	944	0	212	91	798	794	792	551	218	833	311	958	347	72	711	293	208	513	153	885	958	348	792	40	244	849	813	317	455	151	951	562	270	792	523	294	569	178	460	133	844	746	558	6	441	306	726	666	230	106	191	504	193	482	362	808	844	466	356	898	966	667	378	241	145	443	21	201	325	762	811	92	705	644	166	844
486	735	78	738	143	269	665	901	945	677	477	330	782	157	411	131	937	72	546	112	741	401	263	795	763	5	0	876	452	458	578	79	161	949	254	75	930	491	127	99	219	119	506	670	867	850	720	454	856	125	233	426	299	380	924	285	959	249	41	376	280	126	830	758	106	307	614	290	958	520	707	614	51	734	653	12	879	129	522	589	250	824	409	625	946	935	179	326	647	467	685	942	811	293	603	355	379	864	251	138
325	265	35	12	72	752	281	839	150	546	839	719	798	493	136	638	779	639	816	906	827	746	933	912	699	575	235	0	136	837	908	479	909	306	690	44	805	42	805	421	139	419	527	331	664	920	725	112	6	926	143	681	197	536	959	492	101	926	931	718	23	19	573	217	495	837	363	583	31	795	256	277	901	642	579	178	381	207	659	225	833	330	227	676	625	602	459	311	469	790	801	893	592	685	833	899	161	577	937	556
365	290	603	527	713	88	318	627	458	696	698	892	183	86	962	814	129	42	126	620	860	635	744	510	770	120	5	829	0	236	467	676	283	886	703	151	361	216	267	15	782	638	726	216	24	422	667	177	968	88	554	479	180	789	233	208	551	779	931	112	165	963	584	470	288	655	259	564	749	409	641	675	440	398	615	569	444	86	375	877	53	723	821	495	318	395	400	675	340	89	305	106	359	408	779	57	382	763	793	572
849	685	587	725	896	336	883	954	883	639	509	505	724	635	95	600	30	571	798	679	743	400	595	713	304	285	784	363	62	0	702	917	311	238	611	689	547	759	668	689	912	415	892	454	56	644	346	208	567	440	783	806	778	871	271	581	190	175	844	836	783	587	418	917	473	461	926	490	777	452	612	466	279	322	678	395	913	351	20	14	333	873	126	491	289	781	553	16	518	293	384	408	243	933	287	25	747	536	404	791
652	748	284	463	178	913	589	465	839	627	564	330	137	657	717	84	816	684	660	477	26	855	864	833	159	735	807	251	855	67	0	531	880	104	598	224	810	185	370	667	731	331	918	417	161	211	477	540	28	815	89	50	27	704	422	346	379	309	505	44	734	657	495	875	164	766	941	944	830	37	704	791	199	895	334	131	409	460	575	565	59	890	660	900	595	642	965	860	579	161	588	702	766	759	537	682	221	713	922	474
697	26	199	257	715	916	113	98	569	908	347	533	727	113	585	544	888	112	191	396	11	488	380	422	149	855	10	865	498	260	768	0	256	224	29	260	245	233	395	786	394	635	87	849	733	85	819	318	528	310	483	744	327	850	120	218	332	465	720	642	661	650	608	415	198	414	33	449	646	679	415	342	861	601	689	266	349	224	590	519	642	162	319	15	582	107	20	386	859	433	49	159	186	909	563	429	302	542	820	308
548	658	705	731	711	673	824	542	814	352	308	789	262	418	151	466	725	519	210	752	726	493	312	385	695	155	757	149	653	665	669	398	0	183	492	376	101	451	931	396	39	528	584	324	235	98	843	305	211	445	963	70	371	204	921	741	796	684	601	813	439	764	673	739	702	342	226	411	618	813	189	636	854	695	550	830	102	648	939	207	886	630	917	97	397	142	128	897	590	387	302	586	226	286	739	472	36	437	273	140
740	355	381	759	211	415	728	456	444	594	428	262	76	462	279	897	633	720	96	889	601	811	722	649	325	913	125	602	448	54	365	368	38	0	939	436	38	39	946	930	541	960	457	831	103	374	104	205	515	204	251	514	863	580	438	313	403	439	359	292	1	318	802	421	681	322	885	305	848	880	586	268	858	875	58	680	768	37	449	858	880	941	822	843	336	94	356	360	922	373	193	698	464	344	232	438	270	110	396	328
937	85	121	138	798	91	464	77	76	958	875	6	813	523	951	417	818	487	518	903	390	387	684	152	495	681	555	755	754	233	139	862	792	522	0	426	391	754	689	355	21	210	347	389	141	210	955	968	408	872	58	744	470	660	768	162	643	921	667	524	864	249	105	703	308	497	364	831	896	433	21	21	918	575	418	8	604	250	838	182	482	485	425	323	397	206	240	731	353	702	305	14	586	517	542	181	743	791	384	841
582	531	942	24	76	779	155	401	415	304	927	114	480	71	461	233	655	467	174	240	63	277	664	330	75	683	566	246	912	855	85	719	524	570	753	0	645	782	449	87	122	99	426	266	400	565	195	99	490	175	654	230	617	911	956	483	711	743	443	308	557	320	194	835	350	196	672	834	467	828	808	823	820	545	879	318	496	301	563	392	701	848	809	566	498	282	510	344	279	930	61	121	707	64	199	61	381	794	122	964
19	550	505	285	769	344	738	771	829	181	307	476	815	433	312	230	648	838	767	926	951	395	138	146	855	56	385	604	18	778	345	895	622	105	294	404	0	807	592	6	466	782	521	839	790	621	859	5	679	497	710	612	964	667	690	843	811	562	383	715	479	746	42	780	885	923	25	704	86	521	898	555	333	154	231	968	646	43	668	759	528	411	55	150	611	421	580	644	582	574	868	218	765	360	683	262	933	957	166	608
877	256	833	493	510	844	362	939	590	541	732	637	693	567	324	89	19	291	837	392	578	244	550	861	348	444	413	500	936	31	222	321	467	662	663	390	121	0	95	298	487	758	32	921	445	31	40	635	751	735	839	338	513	434	631	617	115	528	954	329	739	229	430	383	872	399	699	943	407	211	143	519	875	249	845	357	555	516	942	415	619	5	37	620	381	273	191	122	267	524	709	541	833	433	241	515	524	570	955	953
122	939	815	208	661	637	492	38	373	69	136	586	652	966	226	802	26	881	560	568	761	942	223	23	521	741	965	717	853	445	348	208	445	511	44	453	232	949	0	273	435	201	951	535	820	926	143	637	6	646	548	419	620	783	490	320	774	146	293	496	353	546	869	629	636	588	953	19	788	533	386	871	909	144	371	579	839	475	312	256	120	547	380	416	524	671	116	346	311	900	563	500	605	487	315	22	485	649	580	632
131	505	57	501	95	60	12	199	432	192	352	490	641	127	170	492	776	161	474	813	233	931	31	305	957	164	54	835	692	418	475	726	791	811	601	54	508	749	813	0	53	760	50	208	830	801	521	420	796	252	817	423	720	208	530	309	507	875	261	288	284	382	72	603	24	465	810	684	810	11	567	546	861	873	151	365	399	71	600	621	745	707	472	212	560	499	660	141	961	82	190	935	323	222	754	503	951	550	235	656
708	602	872	112	718	634	440	368	438	95	296	256	840	948	7	860	942	222	503	394	191	364	338	165	569	534	255	440	643	416	276	924	436	528	744	769	478	238	717	756	0	849	773	186	475	240	367	856	419	415	903	502	112	927	941	330	391	216	574	660	625	821	810	663	466	410	211	41	673	354	947	66	163	336	337	623	122	325	650	962	241	778	676	97	793	847	486	728	64	14	850	781	14	676	271	667	53	581	132	422
743	558	656	716	480	478	549	957	421	522	456	409	299	338	10	916	890	700	189	333	78	382	352	722	654	51	727	784	214	406	810	504	388	933	376	659	458	126	191	697	414	0	606	823	866	827	657	567	33	375	775	31	926	705	878	537	91	478	191	706	118	430	1	443	205	28	29	726	280	900	547	361	835	899	471	921	918	419	799	384	162	515	525	388	811	774	682	899	421	20	526	321	579	22	140	509	208	889	809	761
142	357	805	233	315	106	601	69	722	63	262	607	946	504	513	161	471	494	94	261	777	806	679	3	39	105	943	893	115	236	131	506	551	763	822	797	198	390	965	699	474	426	0	844	490	912	907	282	313	339	147	831	746	698	942	216	878	772	26	935	567	929	665	92	627	680	681	322	134	448	717	747	356	266	298	207	596	206	15	334	158	39	325	264	64	719	700	630	17	745	217	175	218	808	587	909	687	517	7	551
563	612	756	39	796	438	572	240	216	462	843	44	325	762	92	439	826	661	281	965	847	597	821	364	533	813	194	926	415	617	395	185	604	298	396	753	331	4	643	16	890	452	269	0	1	528	70	71	657	753	932	581	515	911	28	518	365	657	494	7	122	608	365	358	749	929	688	22	725	99	950	129	56	131	53	55	211	502	753	78	276	546	85	543	140	352	927	365	500	699	803	863	204	63	138	718	904	207	175	436
63	934	254	239	434	805	805	628	933	381	697	28	567	381	200	779	99	320	934	879	148	928	836	470	69	252	951	792	468	166	461	560	644	923	657	370	467	594	148	729	964	561	187	942	0	439	227	615	207	187	508	120	909	960	486	939	685	116	890	673	915	787	593	613	103	605	771	668	295	142	600	945	926	576	156	99	138	457	87	495	940	804	60	207	557	893	721	324	117	405	933	142	489	273	97	71	417	961	834	406
508	402	259	597	865	418	8	827	491	319	860	490	415	849	414	638	95	9	262	885	287	830	581	609	306	862	391	625	48	564	135	594	167	797	606	397	568	889	918	617	197	698	184	960	179	0	887	158	858	221	77	317	290	801	59	514	929	962	698	624	717	363	247	640	735	542	966	718	496	801	453	131	874	663	79	73	853	63	453	144	526	749	790	424	155	503	842	26	308	389	294	645	544	736	2	427	836	694	797	935
91	272	184	84	388	733	38	344	535	679	120	366	640	654	746	646	382	396	706	942	644	861	775	89	811	920	535	139	845	782	859	468	240	248	659	651	761	584	721	415	771	529	527	536	200	105	0	827	580	738	171	851	580	702	496	388	117	728	119	701	202	125	296	501	408	44	407	721	119	310	849	31	111	848	440	569	6	339	311	654	585	260	122	784	822	272	778	515	712	417	657	425	210	267	594	924	790	225	352	432
921	558	177	715	100	283	608	195	295	611	293	6	698	723	884	33	494	308	10	309	708	498	198	435	676	949	954	459	345	291	222	160	458	105	212	509	586	833	210	280	106	347	348	719	342	554	33	0	722	709	889	792	291	740	792	356	216	344	72	101	658	746	949	853	627	397	381	13	749	212	482	623	957	384	881	712	484	250	816	476	552	869	260	539	599	299	570	34	260	147	273	283	872	546	117	554	777	638	360	159
748	229	777	728	235	815	714	713	954	217	938	76	549	305	90	962	357	735	416	923	604	255	209	270	711	777	925	891	386	57	259	930	543	860	585	497	97	6	586	456	153	768	188	732	110	348	260	42	0	203	470	909	235	831	756	325	188	336	805	706	130	730	835	684	354	68	337	858	533	476	257	709	920	279	606	806	591	123	649	783	380	744	155	602	140	529	641	438	480	696	204	899	150	297	464	785	297	434	867	838
290	656	135	931	675	321	636	671	9	179	771	964	192	528	811	60	832	690	561	113	364	236	779	781	317	832	812	8	541	301	811	211	480	255	632	725	503	654	570	736	356	324	521	390	500	488	539	886	805	0	105	75	789	359	667	128	49	638	882	447	852	606	389	776	308	814	796	224	594	53	630	831	393	230	576	703	369	280	860	730	673	627	797	389	882	780	40	720	809	170	73	891	688	683	680	532	716	921	418	253
587	190	135	229	153	555	600	841	795	965	423	193	244	425	678	735	487	610	78	103	281	292	238	376	173	895	183	312	696	157	334	930	654	951	19	421	765	209	38	917	128	316	758	293	722	13	788	210	245	616	0	470	714	618	332	198	402	767	153	79	383	439	931	8	516	478	845	351	829	300	920	132	252	492	765	470	451	585	867	576	527	788	270	471	204	369	737	731	448	832	415	895	646	133	324	854	250	741	261	368
124	53	243	102	315	447	403	260	85	179	39	473	540	846	423	888	571	394	420	532	57	202	397	936	474	837	132	135	714	397	205	707	26	167	279	484	743	666	366	47	133	809	197	711	780	743	278	693	97	929	924	0	537	471	491	713	522	51	492	933	810	852	781	375	633	777	7	438	637	662	87	779	882	202	251	442	405	754	906	626	125	196	56	461	864	443	565	384	705	300	533	790	678	635	926	968	181	462	633	713
231	429	87	913	116	172	634	848	491	219	371	183	906	525	79	216	618	579	29	774	45	658	374	426	57	84	209	923	639	626	152	572	719	115	809	629	27	708	612	330	117	34	524	488	871	947	681	353	652	728	839	183	0	331	775	492	125	493	116	207	754	539	317	814	903	484	92	891	459	516	905	968	111	647	958	525	466	569	842	434	10	693	633	904	884	214	331	71	56	603	746	484	245	834	8	100	711	18	222	535
441	216	833	383	966	895	231	61	158	619	155	165	64	619	874	116	700	147	317	919	892	202	151	181	882	155	491	839	609	457	807	593	953	400	476	643	335	869	948	483	60	364	113	862	345	450	773	614	295	911	57	672	470	0	39	779	531	552	231	341	691	323	545	304	777	317	182	445	901	334	718	359	324	186	816	18	817	557	645	762	195	214	595	356	657	638	491	104	115	814	216	745	427	413	648	42	600	832	204	927
569	889	963	906	446	24	52	264	870	412	824	437	897	190	131	944	414	132	741	75	953	455	399	817	710	955	827	225	144	278	851	674	232	502	877	733	171	511	836	230	529	102	932	586	539	834	31	358	854	676	394	92	736	16	0	294	185	342	599	872	270	136	346	466	637	725	770	7	369	649	347	704	757	64	928	888	961	875	362	311	924	920	902	365	352	543	278	279	157	898	58	949	812	822	655	769	51	341	532	198
108	506	870	760	6	441	328	817	815	392	153	206	742	53	756	146	585	860	480	523	931	795	258	138	139	301	574	405	154	545	236	829	230	480	764	759	140	594	280	335	618	305	828	905	108	448	657	423	690	911	681	667	327	199	186	0	804	246	833	595	668	434	221	2	830	24	408	317	817	327	553	220	249	246	851	8	128	933	718	861	653	711	861	15	738	196	62	922	254	165	414	43	158	25	249	43	372	223	757	498
165	855	813	626	150	136	748	651	560	180	266	733	49	327	745	618	508	246	856	162	166	452	820	589	837	528	541	793	113	727	418	213	343	752	232	208	538	408	743	316	712	16	181	773	964	535	951	441	894	761	793	776	578	311	468	800	0	656	749	859	530	78	46	781	242	548	298	894	565	92	184	810	765	489	233	281	11	185	622	354	478	490	420	264	761	448	556	500	192	671	604	684	339	498	274	361	64	441	566	777
706	856	840	819	695	670	778	796	894	161	280	790	872	157	439	72	626	831	956	715	297	809	217	385	745	511	872	236	437	292	753	137	551	650	598	809	196	267	441	612	784	853	890	389	437	572	14	104	218	153	163	790	852	235	770	457	599	0	876	951	31	81	215	528	348	36	813	237	47	457	871	539	541	108	43	621	378	495	519	768	92	921	147	186	311	95	14	258	754	714	96	917	383	915	3	860	529	418	1	667
470	479	470	123	310	953	396	740	668	433	923	232	296	422	865	123	582	137	134	774	64	685	99	810	921	583	789	282	242	118	362	423	918	927	697	721	168	165	806	113	158	181	660	257	106	964	285	14	684	852	606	336	130	209	214	162	592	916	0	952	401	519	749	106	591	554	158	917	593	550	729	955	75	184	628	357	591	681	677	412	530	57	210	775	952	711	258	26	729	494	529	368	495	619	929	875	818	199	29	385
938	534	151	829	151	240	354	446	791	731	864	696	648	931	603	773	842	720	891	854	904	647	226	769	853	843	915	808	601	329	114	3	608	760	126	906	160	90	331	324	783	121	224	945	772	522	168	940	76	66	530	529	400	513	859	684	524	574	242	0	73	875	192	192	270	334	250	930	13	373	724	161	325	895	510	227	95	845	669	629	645	256	175	585	299	714	413	892	925	677	869	538	231	332	332	608	308	707	860	633
722	389	378	889	804	740	512	838	544	193	586	92	198	825	689	24	371	61	620	819	473	118	592	398	80	465	327	909	510	99	470	391	391	288	695	421	72	954	245	542	176	778	721	31	306	914	17	91	793	407	694	853	707	902	706	952	186	551	846	365	0	759	279	713	36	384	282	393	879	105	438	193	878	29	738	72	412	321	477	85	500	270	691	717	49	716	924	203	818	574	148	590	620	546	957	255	490	648	876	873
718	872	531	651	152	321	17	317	544	722	959	490	894	378	730	811	885	678	768	583	878	523	178	124	108	123	951	644	648	965	534	749	447	387	787	2	525	252	439	876	147	61	301	851	634	77	211	690	230	588	881	966	718	220	320	316	781	673	659	767	195	0	379	49	725	103	151	598	555	295	585	897	547	691	853	741	215	711	89	896	925	372	122	90	394	409	384	214	566	539	632	761	558	3	58	467	148	565	583	204
657	64	618	647	23	519	57	344	809	707	873	195	226	481	138	399	361	50	308	132	102	405	541	178	235	378	600	174	126	548	187	910	908	667	123	750	170	439	235	491	497	173	245	488	928	144	396	56	416	706	718	522	396	313	20	791	876	344	841	576	837	891	0	943	183	260	591	13	49	187	254	794	334	736	201	558	930	693	320	910	787	810	319	170	772	446	889	124	351	28	61	479	933	312	417	19	703	254	149	296
589	557	476	769	835	427	340	371	242	945	118	957	77	742	809	195	344	210	762	787	403	386	184	405	832	968	633	22	321	652	37	777	959	372	871	52	329	58	739	448	216	569	287	386	111	121	178	965	51	567	542	941	930	848	64	789	670	857	564	285	341	471	121	0	772	43	324	807	368	569	437	696	624	136	596	764	182	355	451	499	422	428	457	57	927	883	898	294	740	927	501	263	383	388	544	13	837	89	564	543
805	337	753	87	872	248	535	666	264	472	3	282	476	433	837	731	333	190	373	121	618	197	512	627	681	967	746	648	856	363	656	395	588	263	183	694	555	623	618	153	284	692	115	921	523	23	455	457	87	559	581	296	178	671	909	367	591	390	374	910	729	932	550	169	0	644	789	168	700	351	36	462	552	48	868	407	191	822	474	47	610	572	768	173	459	647	251	896	240	229	273	501	783	158	652	713	893	111	338	865
754	9	437	808	697	340	172	280	464	482	492	824	229	537	432	681	265	638	200	726	388	68	501	567	167	585	202	387	329	216	409	246	115	187	782	832	835	107	370	582	893	139	805	820	108	74	684	801	499	635	192	77	893	909	677	707	810	259	362	181	650	499	174	867	235	0	377	844	157	627	420	945	839	836	120	725	413	441	503	199	212	357	967	183	520	408	238	190	926	25	189	422	324	120	153	159	889	86	662	18
429	677	330	438	844	513	56	878	813	89	110	771	659	688	669	82	262	179	554	951	149	403	350	442	948	325	399	518	518	804	192	511	545	657	845	141	743	33	762	58	207	785	773	837	75	764	921	634	184	470	812	494	211	535	205	930	390	261	41	820	243	545	213	734	551	7	0	349	22	395	140	889	647	19	591	244	423	81	665	695	647	202	681	448	14	531	795	953	297	712	342	761	840	45	469	616	61	920	773	454
240	303	647	376	578	9	737	926	362	476	499	940	234	871	541	231	678	782	850	390	515	895	13	253	87	442	847	212	250	492	847	66	376	403	650	786	965	168	363	48	751	465	636	792	853	157	847	619	219	245	594	860	951	17	399	142	218	151	725	247	79	448	95	92	448	661	497	0	143	559	882	265	794	2	472	824	427	820	11	156	134	406	80	761	911	413	420	47	309	515	611	69	206	402	956	596	375	680	43	285
105	159	340	573	143	202	901	390	796	171	621	570	1	553	437	693	759	464	16	738	394	198	265	741	255	958	706	253	316	641	796	695	699	58	936	66	35	477	332	436	903	353	405	636	747	913	450	197	493	250	392	633	537	966	296	471	876	177	248	834	462	314	722	285	309	939	112	438	0	363	404	293	305	895	460	158	786	848	381	66	518	328	144	386	877	362	881	935	155	744	144	345	698	205	425	235	389	939	412	484
902	123	516	150	623	430	667	864	701	408	21	410	822	772	518	558	760	585	500	946	79	547	430	81	254	578	422	630	577	733	313	191	40	319	166	447	788	272	498	944	153	200	129	553	713	17	98	950	576	700	199	902	648	716	712	657	762	408	204	479	760	379	347	901	126	418	751	229	14	0	813	57	4	335	72	57	147	192	553	391	108	404	616	173	87	327	191	840	531	732	578	12	218	425	70	233	802	906	205	302
18	104	162	175	292	691	635	230	283	243	939	889	540	617	520	140	414	33	665	925	574	563	640	233	337	222	766	805	312	192	787	350	864	648	142	892	581	75	343	951	101	569	170	75	237	776	840	486	813	60	337	528	325	194	458	33	208	545	388	729	45	94	140	131	98	154	801	182	505	710	0	532	72	519	81	684	396	642	784	88	349	573	546	833	208	628	355	182	186	123	532	308	174	817	466	120	509	217	924	729
917	6	684	303	522	321	405	189	664	789	354	323	704	825	772	210	187	809	484	801	11	879	139	240	499	715	185	562	526	235	660	420	211	117	682	351	833	679	692	557	278	899	375	71	806	475	582	518	180	384	182	313	468	150	821	925	607	895	480	299	443	424	67	105	959	942	612	417	83	750	343	0	77	359	872	955	55	169	261	227	23	45	464	669	152	585	165	223	191	935	574	723	525	622	107	506	436	589	679	128
154	740	728	191	221	166	662	142	267	960	805	322	367	572	617	760	59	166	531	479	136	474	147	375	72	761	352	227	654	710	20	225	401	248	87	115	224	591	749	875	796	923	138	147	620	270	928	751	272	447	70	501	482	730	599	422	301	912	231	175	633	918	617	105	885	813	239	168	962	564	290	372	0	454	967	692	87	833	48	937	712	955	322	99	851	44	448	665	832	338	8	916	72	515	186	716	327	44	644	335
480	583	959	463	519	479	427	866	829	199	267	644	889	833	519	416	882	477	95	490	577	912	357	931	866	737	494	324	477	685	575	840	297	818	487	597	346	171	883	496	479	307	922	481	376	757	124	921	234	727	174	598	554	240	55	944	769	370	574	107	419	712	827	58	940	102	918	771	199	667	697	732	862	0	614	143	541	376	865	661	7	956	115	261	509	707	710	515	619	714	175	860	340	882	528	743	918	179	132	647
583	253	542	141	459	780	871	614	802	654	318	350	81	371	22	380	866	697	660	736	462	720	168	249	240	462	665	497	697	570	171	941	321	931	177	575	369	556	887	154	961	165	437	968	115	912	937	69	403	690	687	205	180	967	467	379	502	794	196	139	962	291	294	220	675	554	90	380	282	408	502	154	790	190	0	300	548	548	481	880	527	860	209	716	851	416	709	115	149	762	180	658	328	559	74	575	732	509	660	115
208	855	931	306	605	344	730	593	214	209	8	470	940	56	760	151	575	776	479	810	672	476	821	154	33	111	345	768	933	814	359	647	678	299	592	321	402	723	228	692	29	965	93	516	371	836	685	313	256	900	440	202	21	257	94	546	792	157	255	548	334	749	867	929	283	253	94	747	625	297	891	658	204	717	34	0	277	472	617	426	470	217	110	143	847	781	814	587	133	458	768	824	949	722	203	602	326	276	589	944
192	449	13	75	647	479	391	161	820	804	395	827	468	841	917	410	36	820	860	833	550	356	26	673	889	483	783	237	707	771	401	518	543	460	869	830	664	269	140	630	676	925	901	205	386	78	376	736	713	40	681	498	766	126	122	297	114	113	318	28	544	634	210	921	382	460	200	95	427	729	423	729	613	723	835	859	0	848	429	467	390	449	241	813	536	340	435	372	669	302	232	220	674	407	286	900	214	2	337	411
93	643	586	606	690	947	543	888	900	642	727	440	795	573	284	84	180	786	820	348	721	663	967	555	607	118	258	154	613	392	196	941	578	873	731	946	290	15	7	406	238	541	648	408	904	354	76	64	29	644	258	968	459	684	598	292	647	348	350	452	517	544	713	248	475	597	158	392	921	58	574	32	234	206	680	685	756	0	166	121	620	290	283	175	461	94	734	760	112	767	292	775	221	24	761	259	39	371	426	14
429	410	50	906	298	417	965	694	99	445	634	794	396	747	20	322	742	153	894	33	92	354	207	808	8	170	822	887	724	863	426	237	731	685	231	114	116	926	801	724	866	647	16	864	725	340	123	386	922	768	19	716	554	656	598	15	96	578	866	140	916	765	853	794	807	911	693	565	933	929	843	365	920	445	918	721	694	630	0	487	323	499	460	596	187	921	274	25	251	635	489	313	315	553	687	307	572	895	773	508
622	350	393	835	298	861	333	405	279	90	555	222	608	856	648	889	184	131	38	815	577	63	894	738	813	763	662	247	886	91	10	276	635	13	447	624	384	512	278	233	712	139	136	600	245	846	847	492	908	616	233	435	582	835	249	61	799	356	647	864	652	890	266	892	886	761	13	865	952	576	817	649	511	539	793	642	494	864	832	0	18	96	256	660	269	329	508	761	839	186	234	400	577	420	45	576	927	759	33	396
654	370	17	545	776	477	382	599	224	182	676	537	853	753	396	563	696	267	560	749	280	635	171	686	594	675	499	428	325	579	51	152	664	262	123	785	466	303	267	695	102	54	323	646	568	587	962	409	809	212	667	516	257	567	68	724	79	636	159	336	788	723	725	280	205	268	383	208	581	697	794	814	215	538	868	505	79	320	118	898	0	238	25	464	4	191	490	408	656	202	909	355	83	461	941	438	33	679	399	131
898	311	2	122	725	829	518	172	298	55	181	793	873	473	660	563	569	285	4	892	714	437	326	375	703	828	99	455	241	877	708	832	151	442	278	309	963	666	418	644	918	608	497	280	368	812	326	320	453	723	542	497	896	867	659	882	312	478	732	158	466	199	367	730	129	528	590	320	61	604	96	105	960	752	99	615	542	833	33	668	768	0	522	700	706	100	159	454	228	120	356	795	886	214	277	117	614	417	183	809
921	815	384	624	688	502	450	852	812	25	570	61	722	369	697	157	444	562	544	409	930	169	73	46	188	739	690	79	825	594	298	545	73	217	437	619	264	651	202	621	229	138	337	670	605	366	875	466	816	760	340	511	493	25	720	423	739	523	630	441	736	169	481	263	876	871	723	588	89	802	884	370	400	679	351	675	868	523	581	212	444	335	0	385	789	328	211	531	150	851	120	65	352	92	668	578	87	653	485	142
343	345	22	473	314	118	143	942	466	668	96	492	737	887	889	368	288	928	728	228	164	168	298	122	785	944	582	299	87	558	811	746	148	663	774	479	441	845	390	654	755	153	77	209	179	645	177	20	467	722	6	183	311	174	232	330	23	445	456	281	908	106	588	647	59	479	672	750	633	920	144	471	318	508	640	60	569	768	569	309	254	367	237	0	676	261	253	536	370	802	409	802	865	25	166	173	501	945	927	732
493	733	514	3	482	267	811	621	102	808	122	399	256	958	341	427	903	786	479	671	948	463	191	454	174	404	223	439	156	754	236	323	299	551	457	540	343	143	28	698	375	286	528	737	378	225	530	724	221	601	628	248	886	595	671	682	939	830	129	510	539	264	504	167	955	492	250	847	441	521	237	497	413	263	803	828	829	383	407	715	527	175	517	178	0	500	324	948	758	264	931	300	293	395	373	598	728	591	815	359
158	730	159	910	341	708	161	745	96	432	423	925	538	137	79	217	477	958	858	951	74	720	416	456	158	853	534	554	110	775	382	132	263	603	873	323	429	236	205	550	822	703	486	97	930	737	875	870	961	801	520	298	328	387	923	395	644	690	334	322	727	855	183	141	820	932	624	88	856	831	771	400	791	873	675	966	248	757	98	15	944	935	100	109	742	0	164	684	318	131	770	131	205	825	496	610	618	215	927	551
803	488	113	679	622	310	263	953	694	768	831	543	92	881	638	675	885	870	750	475	273	461	210	726	946	215	255	60	73	884	159	442	806	382	36	410	549	740	276	103	148	80	516	932	96	157	620	782	779	28	433	875	959	602	389	442	409	411	917	573	546	948	11	178	318	49	191	714	544	894	445	562	11	825	41	772	290	904	816	81	633	338	856	47	734	749	0	904	650	390	380	211	106	66	347	768	853	401	490	667
661	647	746	232	373	929	512	921	181	410	733	383	795	264	634	193	879	919	67	767	377	219	393	457	770	194	741	927	109	739	793	181	922	680	850	958	162	354	124	563	839	900	633	265	257	247	157	929	849	821	577	439	95	288	709	724	361	898	453	63	176	182	555	733	292	949	164	935	253	760	116	431	790	134	935	945	747	878	778	334	346	50	154	509	922	937	728	0	642	164	193	133	749	760	936	312	322	638	63	459
541	208	452	843	416	127	966	182	14	48	784	446	233	504	683	787	621	382	840	752	661	424	138	4	376	340	848	300	324	697	460	151	125	164	560	204	931	57	427	662	74	163	222	812	43	305	481	413	448	612	428	683	828	498	548	15	912	231	894	944	757	644	132	511	590	298	122	765	948	717	650	387	191	874	80	822	745	655	446	627	804	291	136	111	125	174	850	416	0	723	600	848	952	649	311	749	795	540	867	193
400	672	191	938	432	631	736	84	621	375	570	360	847	597	156	838	756	45	345	281	230	946	306	183	728	510	505	847	409	686	466	760	210	745	741	772	219	515	659	562	299	241	570	881	640	843	418	960	889	208	99	718	110	755	702	761	560	402	401	634	799	815	727	243	200	914	608	333	58	928	671	660	841	959	885	931	649	173	793	645	541	472	530	293	794	174	460	528	726	0	742	654	228	11	890	14	496	809	405	361
638	122	880	904	91	650	387	801	411	349	150	157	505	125	400	577	154	597	172	5	28	656	238	658	741	891	745	386	80	220	156	609	423	199	25	747	150	611	118	800	128	574	260	509	941	103	469	325	300	707	555	654	387	153	333	299	501	635	563	79	228	2	159	766	135	238	608	542	544	959	773	638	735	630	853	65	511	597	226	884	574	21	43	544	244	55	851	836	66	418	0	452	488	68	323	650	30	272	686	211
657	94	191	50	174	812	793	197	519	606	369	874	205	67	948	217	94	813	559	489	638	727	351	465	151	936	502	149	283	406	869	81	779	655	678	876	565	431	49	12	761	309	15	144	365	172	592	740	453	284	491	841	346	276	358	706	889	725	5	51	213	906	107	207	398	887	612	89	762	342	450	518	341	550	644	707	460	493	606	265	2	383	747	712	413	681	172	860	934	454	951	0	952	242	744	229	198	718	70	261
381	410	48	708	810	878	549	842	836	360	208	87	717	113	233	47	511	514	254	529	731	458	718	680	937	769	170	253	369	901	738	325	206	257	905	683	839	281	579	670	902	350	964	704	357	602	208	13	796	87	43	775	684	435	715	872	570	527	395	465	600	136	772	288	45	918	742	127	642	196	521	21	798	260	707	312	5	492	322	135	602	408	697	698	616	700	370	364	827	860	257	611	0	22	306	531	899	62	182	140
954	883	209	294	370	417	593	750	460	642	431	108	306	738	759	23	46	440	736	169	284	960	610	232	375	483	23	386	198	629	745	832	206	119	919	839	367	480	197	793	95	718	355	902	412	508	255	478	149	181	715	935	443	658	730	693	798	79	51	530	841	643	560	352	72	600	71	99	737	450	773	30	3	683	686	878	35	303	3	567	37	827	253	902	556	188	86	564	305	602	480	418	820	0	217	24	939	568	525	732
240	951	111	867	183	663	623	949	164	407	279	871	932	340	941	468	952	619	588	772	464	11	240	127	676	201	830	727	868	317	75	566	350	107	279	920	759	150	773	938	698	605	448	410	382	675	874	60	785	519	790	399	290	338	13	311	631	67	517	137	182	966	226	255	687	785	552	255	296	487	46	528	296	620	687	456	788	611	99	159	963	683	260	544	263	128	343	822	794	449	401	528	791	874	0	865	796	582	842	758
795	896	759	41	868	156	333	17	954	766	339	835	227	348	539	245	632	949	244	798	176	38	475	552	292	406	80	523	573	641	593	734	5	4	527	893	134	180	816	575	350	195	72	142	78	163	70	387	743	558	879	10	535	596	456	966	604	548	176	344	325	568	627	883	17	656	338	869	442	956	132	259	677	136	523	759	489	45	518	879	532	184	161	415	726	201	755	371	653	28	921	601	219	578	849	0	42	860	384	489
544	950	698	551	925	867	53	848	38	285	660	571	402	454	466	612	374	306	873	454	518	600	60	23	247	572	617	156	958	524	876	1	882	626	321	25	84	883	773	736	598	373	771	730	770	7	217	301	564	144	555	361	810	675	784	695	852	668	42	800	929	745	470	181	646	640	37	659	897	617	686	413	87	867	112	203	905	151	791	908	557	935	715	511	255	959	473	924	187	60	674	32	154	575	527	263	0	86	431	647
44	852	27	961	812	508	359	523	385	132	897	685	538	190	695	670	929	282	329	40	389	70	474	63	24	762	368	881	89	268	15	472	863	122	881	725	401	653	422	258	555	916	804	10	122	50	613	671	446	170	618	196	118	90	528	195	765	952	828	381	357	140	620	413	800	920	737	272	786	724	745	767	480	795	325	924	688	816	714	713	741	135	774	951	543	648	689	925	95	61	497	818	595	415	181	591	956	0	591	491
405	532	27	126	655	789	633	588	849	794	360	946	168	944	7	676	806	705	927	818	160	385	377	542	772	351	10	241	401	455	374	966	321	108	618	347	638	853	908	601	97	432	119	948	420	952	811	967	633	574	219	824	590	95	52	238	791	848	880	869	664	44	594	599	930	504	47	662	725	742	272	844	308	18	39	900	494	590	780	587	132	460	862	710	754	727	422	257	285	46	773	610	829	733	563	172	385	256	0	798
958	783	851	13	282	826	943	513	65	343	692	17	948	471	417	435	522	905	566	415	558	433	673	855	254	312	802	87	56	726	402	577	233	727	33	915	158	886	141	584	834	653	585	99	814	959	560	328	810	753	52	11	133	375	21	145	406	83	612	72	165	409	97	444	780	670	109	572	741	424	132	179	537	272	49	515	458	724	880	747	85	630	115	592	248	745	726	887	206	859	569	124	803	478	104	51	353	86	908	0
