A	B	C	D	E	F	G	H	I	J	K	L	M	N	O	P	Q	R	S	T	U	V	W	X	Y	Z	AA	AB	AC	AD	AE	AF	AG	AH	AI	AJ	AK	AL	AM	AN	AO	AP	AQ	AR	AS	AT	AU	AV	AW	AX	AY	AZ	BA	BB	BC	BD	BE	BF	BG	BH	BI	BJ	BK	BL	BM	BN	BO	BP	BQ	BR	BS	BT	BU	BV	BW	BX	BY	BZ	CA	CB	CC	CD	CE	CF	CG	CH	CI	CJ	CK	CL	CM	CN	CO	CP	CQ	CR	CS	CT	CU	CV
0	70	514	359	508	511	114	277	53	430	244	207	147	418	344	137	116	151	431	142	134	345	423	370	120	303	40	145	549	303	407	159	126	71	496	84	41	52	371	19	547	114	310	165	220	28	422	67	278	108	364	57	441	409	206	186	214	377	79	137	63	59	397	494	249	10	537	417	55	16	358	93	181	343	547	464	242	487	378	482	438	496	133	223	251	233	55	119	241	425	315	180	213	95	543	309	421	73	368	19
316	0	259	112	390	170	300	538	321	241	124	481	164	93	450	92	69	404	66	116	49	506	34	48	531	27	401	470	503	10	283	137	213	136	111	27	49	436	328	356	143	104	91	354	323	124	273	452	266	287	254	340	106	493	431	380	85	550	534	393	185	256	409	327	323	184	543	104	550	117	92	206	513	467	357	134	93	438	422	12	421	211	69	498	205	142	489	538	409	305	360	357	197	390	84	108	207	208	482	408
516	112	0	207	84	85	484	419	481	369	46	473	393	51	151	407	448	339	457	9	286	20	2	223	145	26	398	489	214	19	287	4	223	231	446	499	127	163	243	418	265	403	90	502	462	376	238	207	339	438	176	459	429	354	211	103	488	380	228	330	548	43	299	249	376	247	185	232	398	142	237	41	144	322	123	379	377	526	251	134	264	315	22	21	263	331	430	389	180	192	51	485	219	2	404	367	521	446	122	69
160	280	270	0	340	133	475	215	190	427	298	437	468	336	382	319	421	71	188	494	78	285	233	396	146	466	187	536	363	134	49	87	323	242	178	243	247	343	422	64	141	109	282	511	549	350	80	297	98	230	538	253	97	502	121	53	102	509	332	292	531	104	414	69	97	209	141	542	549	4	88	70	59	388	230	41	330	490	26	123	147	30	454	451	109	520	345	57	473	322	238	300	111	58	200	440	131	245	149	469
74	281	186	502	0	342	113	39	512	5	205	384	116	484	2	202	134	95	404	303	195	340	303	376	429	82	140	347	485	288	198	173	53	121	503	540	513	92	236	394	249	390	176	28	210	247	328	516	497	186	464	339	418	33	414	400	95	489	118	242	100	382	519	60	444	188	177	219	368	342	33	102	260	546	367	438	123	409	228	446	189	81	204	451	109	519	495	198	97	94	545	425	442	206	29	301	328	355	36	142
513	148	301	470	92	0	32	288	323	315	353	469	332	438	149	534	369	33	505	493	182	345	403	497	318	327	436	399	230	365	99	55	489	59	485	420	288	452	307	76	372	341	113	383	48	264	70	23	69	33	302	24	382	148	138	447	319	517	162	494	529	319	329	355	336	283	206	183	280	201	516	337	420	437	227	53	181	341	190	242	209	456	256	474	82	118	273	373	374	532	274	208	344	443	352	401	492	521	53	274
409	195	501	316	507	313	0	149	493	518	100	428	211	45	367	29	123	270	352	97	47	398	229	2	346	37	386	530	65	482	212	50	56	386	109	318	311	358	511	305	223	350	546	249	149	403	385	502	368	56	331	104	170	437	43	188	418	478	245	95	349	83	460	167	432	247	42	330	144	495	426	262	289	138	47	269	92	172	395	29	183	490	230	271	348	432	4	294	106	12	482	105	42	386	497	437	371	21	401	24
396	61	389	378	238	322	268	0	57	196	114	83	381	157	457	489	238	135	250	213	162	514	384	425	536	303	287	87	360	485	464	522	216	251	146	89	455	407	18	199	337	321	353	317	242	397	418	453	186	136	265	15	205	439	238	424	336	402	379	356	349	80	108	462	231	46	314	114	283	159	7	120	447	251	160	505	98	240	411	249	17	264	13	325	225	220	188	260	178	427	301	287	448	17	528	95	123	406	99	339
94	126	384	102	29	153	163	435	0	289	124	45	415	362	374	434	256	442	363	84	40	475	317	338	482	29	362	218	68	94	481	142	261	256	194	51	315	185	536	53	310	98	392	464	199	293	504	467	347	237	403	507	198	492	106	202	27	99	519	232	470	373	333	437	107	523	174	229	467	288	312	85	378	439	187	125	530	511	290	194	424	489	322	549	382	396	173	60	374	426	163	531	113	398	6	15	462	276	1	56
301	5	157	431	143	453	3	539	387	0	532	131	101	380	287	129	127	360	175	136	274	532	355	11	240	463	265	343	212	397	179	156	222	111	516	332	491	250	133	115	90	444	98	289	436	458	426	356	187	468	110	253	423	345	81	153	365	367	65	232	253	199	504	476	158	207	511	228	475	189	284	469	214	261	188	137	353	60	190	403	275	490	311	541	243	26	150	71	2	200	217	215	213	531	319	184	167	439	484	295
107	276	463	343	534	393	110	189	302	321	0	437	184	541	528	126	324	82	139	492	295	217	57	123	533	537	375	515	232	111	249	128	11	142	125	513	364	61	545	49	15	323	314	451	245	195	270	494	544	44	461	354	446	312	294	5	107	55	524	511	327	186	160	281	387	94	354	517	470	541	533	51	399	110	467	342	256	488	381	385	136	545	46	320	128	529	135	305	526	118	413	153	172	293	190	174	477	138	508	87
90	437	83	505	96	16	94	478	159	352	257	0	369	140	131	23	505	184	164	15	460	55	504	534	379	372	388	62	164	58	535	274	92	13	29	334	56	398	427	96	332	296	431	413	123	160	355	50	60	449	384	551	55	482	174	332	114	252	471	416	486	54	545	123	226	289	142	528	360	529	147	281	71	211	272	275	426	223	498	148	268	281	427	114	64	486	183	293	278	471	330	278	427	290	499	421	525	33	139	149
299	468	17	149	52	386	208	499	262	462	209	356	0	373	91	302	67	58	147	498	490	105	289	111	498	212	404	198	18	488	13	85	127	325	285	477	227	402	445	116	346	272	384	512	74	393	349	152	283	408	63	293	444	431	421	483	205	377	236	416	166	154	152	256	235	197	371	466	354	38	282	526	534	134	449	505	320	248	186	327	143	509	461	59	380	512	495	156	362	203	18	337	111	201	231	472	231	83	27	75
289	505	504	212	362	98	501	264	75	436	34	20	96	0	41	510	477	507	75	141	209	128	291	173	187	174	495	434	349	461	311	415	58	306	202	454	157	169	500	331	375	388	324	431	2	197	408	257	208	467	346	186	79	385	135	246	189	465	43	240	271	379	523	437	187	212	503	74	503	77	110	2	147	493	157	401	158	217	108	484	536	544	451	179	310	525	397	142	551	221	346	200	226	449	413	212	78	197	473	7
353	210	535	58	182	489	78	350	160	363	73	153	163	543	0	288	193	95	310	86	296	525	394	21	223	248	61	158	346	419	95	57	140	162	187	141	519	102	192	199	406	96	57	97	440	220	238	102	119	290	405	226	2	109	154	234	341	140	35	173	162	236	366	68	516	344	41	105	304	478	169	129	399	131	149	289	185	69	238	537	21	124	136	132	243	110	490	83	20	433	435	261	472	311	35	65	163	17	551	231
325	411	49	421	280	97	303	460	14	16	43	478	177	327	99	0	134	389	25	254	404	287	103	173	437	166	457	392	30	439	461	511	420	1	258	367	308	486	457	183	34	67	103	508	181	76	504	544	105	247	280	132	310	94	19	500	513	336	470	223	235	33	528	158	390	88	102	530	321	181	258	306	130	208	173	453	391	395	195	440	163	490	476	38	324	24	384	527	488	407	440	359	226	211	200	14	345	214	320	36
421	422	327	121	77	344	218	326	196	533	25	516	381	286	50	145	0	145	358	150	177	239	543	459	343	432	347	98	19	78	405	80	206	216	79	500	461	139	182	12	500	289	196	297	450	28	448	215	186	389	140	147	363	21	67	531	207	452	530	298	95	186	415	117	110	515	532	359	121	272	144	30	280	265	5	369	253	82	370	45	238	223	103	164	130	124	233	289	97	344	25	492	391	389	542	97	97	500	398	514
463	74	475	318	59	161	477	504	257	499	390	422	204	364	256	478	237	0	520	545	202	308	535	27	181	242	331	318	268	210	411	526	425	296	283	69	115	530	284	170	392	392	537	208	1	407	540	443	231	217	206	519	547	320	297	289	63	307	486	264	451	100	229	28	13	454	48	297	134	29	200	498	539	380	533	483	331	327	485	141	263	222	341	345	511	149	518	423	509	476	79	293	154	423	263	129	367	61	241	426
458	435	492	539	218	291	512	298	179	227	141	157	280	205	401	57	8	477	0	91	60	438	324	285	449	120	474	240	199	500	470	299	334	217	454	543	143	63	393	18	305	367	284	362	81	543	47	41	335	103	530	205	180	266	546	455	524	487	318	542	92	507	351	310	355	25	142	355	98	451	376	207	435	486	142	135	19	144	431	254	19	174	176	85	198	264	335	51	155	469	119	535	121	451	485	471	460	32	469	203
81	492	116	468	222	47	118	20	66	528	280	328	23	115	168	212	210	288	444	0	409	182	101	521	549	366	271	18	325	121	315	480	403	30	61	18	279	115	539	52	66	124	365	199	75	534	145	202	64	549	102	328	30	57	479	326	215	363	525	123	84	174	255	453	325	63	509	215	95	392	161	302	475	155	435	7	540	254	10	403	14	226	480	395	238	239	348	483	460	62	354	218	79	490	328	497	510	433	295	260
397	302	14	298	278	276	83	251	470	163	548	337	196	317	547	442	314	210	56	368	0	359	419	390	25	278	488	459	88	419	187	26	112	423	26	412	532	411	449	104	137	132	356	289	44	13	315	168	76	300	301	442	24	549	119	413	344	270	347	313	204	482	378	138	259	479	510	211	524	153	474	170	506	518	192	269	137	540	158	21	23	241	183	90	82	232	385	157	280	489	18	360	546	388	413	165	525	12	27	398
354	89	223	304	216	275	143	460	24	474	165	97	242	332	350	136	118	129	343	202	192	0	199	120	453	27	71	370	198	423	237	16	442	287	489	21	292	171	410	90	314	492	150	407	81	322	367	372	233	229	384	227	159	408	64	63	372	410	369	236	500	35	97	253	352	547	100	52	16	234	419	96	536	526	118	19	234	390	190	49	153	398	15	233	25	393	247	156	456	386	431	434	110	7	266	110	263	366	343	253
22	522	180	78	238	369	119	306	480	205	76	443	175	502	507	397	286	397	109	529	288	385	0	464	107	390	337	401	79	500	322	67	134	342	483	505	299	12	52	96	28	447	218	466	130	214	452	393	69	143	537	27	450	502	113	446	525	529	450	303	519	533	445	71	182	129	290	487	46	524	103	442	23	26	540	164	71	515	188	306	92	191	112	220	43	186	321	187	135	67	80	116	354	257	133	203	230	335	507	305
219	242	250	476	137	10	551	207	318	388	288	193	17	409	444	120	243	132	284	244	124	57	487	0	281	240	345	133	342	36	41	470	33	446	74	53	361	327	478	374	127	309	378	233	327	53	434	536	34	422	205	160	384	79	227	523	358	197	513	367	318	440	51	215	258	465	270	269	432	362	194	111	102	81	526	241	1	473	495	410	266	34	525	544	461	183	234	415	177	53	260	483	345	473	179	424	101	175	184	180
155	460	212	313	409	282	229	86	283	146	316	299	376	124	486	446	441	235	536	401	328	470	386	389	0	131	121	33	475	425	498	540	446	191	206	46	365	489	119	321	442	461	252	357	59	217	365	225	166	526	208	272	505	261	538	188	241	318	273	57	260	471	422	96	356	532	534	61	20	1	177	548	168	9	47	297	67	209	449	371	332	37	108	225	451	220	494	338	386	98	57	269	259	422	224	510	443	94	56	38
434	524	72	291	236	517	226	471	78	363	27	349	72	345	269	475	406	403	103	491	212	277	211	181	283	0	542	184	163	13	369	262	347	295	348	91	106	459	57	362	348	320	285	510	201	164	137	183	329	551	309	359	482	294	249	506	164	193	344	242	217	99	321	39	54	262	11	525	67	188	350	515	451	199	160	181	210	31	490	91	216	102	218	444	134	337	356	243	248	86	502	382	231	7	5	502	184	494	137	503
350	152	240	19	15	129	34	546	76	139	289	178	489	525	454	548	148	267	500	73	209	525	117	10	247	422	0	135	215	339	75	241	198	421	461	547	199	176	31	551	462	150	199	395	263	454	126	506	298	352	66	291	413	171	225	348	89	391	50	332	68	145	476	226	451	3	97	525	322	53	511	66	193	168	333	259	365	443	493	123	349	385	403	87	98	156	453	434	528	65	336	343	446	265	398	302	270	60	297	119
112	467	5	429	41	271	422	466	390	256	384	238	438	268	13	52	87	226	421	227	293	393	519	165	416	96	473	0	114	280	155	383	235	114	285	160	135	42	340	82	391	358	92	163	128	323	226	26	297	211	440	308	169	378	207	361	550	219	10	322	434	3	375	24	119	389	381	79	304	389	64	265	5	183	300	377	342	117	469	449	30	443	444	193	354	321	107	117	226	309	371	97	185	348	106	536	3	402	495	325
506	128	146	330	87	370	267	297	276	391	96	370	402	169	475	354	44	325	200	220	45	355	171	425	441	61	483	393	0	61	484	443	327	4	89	84	475	551	162	378	444	534	319	536	265	117	61	131	263	457	251	62	82	472	269	442	130	143	470	246	179	251	160	255	470	154	77	444	514	120	436	305	315	449	133	69	227	158	486	431	224	120	338	10	327	2	213	63	196	326	227	314	415	371	544	220	390	50	397	341
113	269	214	21	86	355	275	419	384	66	126	295	36	129	69	172	383	143	482	354	199	12	199	287	284	72	268	180	95	0	205	360	526	184	51	350	550	278	216	389	445	49	40	193	161	272	515	460	52	216	204	227	278	70	123	234	85	14	130	416	119	47	44	78	295	12	60	95	197	230	101	17	496	375	246	113	33	71	197	116	355	336	7	468	307	204	113	331	498	358	397	275	43	174	103	234	313	426	92	248
33	459	142	72	538	13	464	120	35	513	264	466	361	545	413	58	365	348	220	153	130	348	328	50	75	162	222	534	134	526	0	170	21	69	348	486	412	166	298	223	347	110	421	326	377	465	310	81	247	263	331	470	242	188	417	122	512	541	385	404	306	154	449	134	344	350	513	490	464	445	494	398	365	58	459	258	199	207	496	437	224	41	143	415	362	290	459	249	198	142	431	141	246	116	65	354	375	387	461	141
457	104	307	235	533	244	258	74	316	545	166	236	111	417	71	180	465	429	145	534	27	212	405	155	497	403	134	51	251	510	521	0	14	253	195	532	158	541	32	165	123	476	154	121	391	253	544	157	395	530	302	114	304	255	473	204	184	344	509	67	97	530	343	351	150	27	342	136	499	412	268	79	40	383	197	316	500	333	304	364	120	125	200	123	382	225	284	96	42	78	242	388	409	266	259	269	437	264	530	248
493	550	484	313	354	380	345	149	259	393	494	51	492	449	434	484	372	462	56	473	172	179	79	149	259	544	226	482	448	377	437	186	0	119	335	233	100	380	137	211	134	198	197	114	68	539	402	173	260	164	84	71	1	142	442	97	46	172	184	406	278	405	15	529	165	465	372	155	197	181	196	59	226	133	28	541	101	34	305	530	291	426	397	19	414	6	157	230	288	310	170	97	472	202	63	141	64	395	96	290
164	208	299	261	233	347	473	118	392	231	316	449	102	101	338	111	208	260	163	431	448	26	297	7	27	314	538	205	518	358	11	223	1	0	309	205	155	551	449	536	409	506	321	387	492	207	439	78	379	486	370	156	175	94	535	270	203	103	7	359	487	470	492	429	275	31	302	345	216	472	302	149	534	507	393	181	6	433	416	210	304	86	350	502	194	493	472	464	247	233	528	127	341	92	315	302	432	283	516	392
251	243	298	150	181	479	547	34	43	89	179	277	55	373	526	34	274	481	537	144	195	40	21	40	226	467	43	22	344	387	358	163	400	529	0	26	97	10	399	469	183	359	300	440	76	182	28	68	306	14	452	97	326	225	389	318	413	188	88	50	41	255	458	264	18	11	179	49	159	361	343	212	119	414	275	200	324	453	266	447	58	514	169	89	185	122	249	104	157	75	22	401	446	188	4	459	221	473	142	187
61	390	241	471	282	314	126	536	215	385	133	71	504	193	132	318	45	254	195	233	54	322	21	5	46	211	548	81	199	372	97	8	139	212	37	0	521	377	472	356	106	359	10	109	408	273	419	317	236	384	367	200	215	483	157	25	47	477	545	389	416	300	459	409	68	419	262	100	76	423	298	521	208	198	370	122	293	86	374	156	549	272	8	77	449	303	549	242	241	41	26	201	260	135	481	27	135	287	332	164
466	358	20	103	284	533	326	288	384	25	363	62	368	230	217	34	227	508	478	56	492	312	415	83	233	284	500	148	233	156	379	514	33	114	240	414	0	53	267	220	64	209	13	238	56	383	301	447	490	278	516	174	449	509	514	213	167	376	15	405	198	256	375	112	86	487	210	281	76	430	148	372	22	196	193	149	446	224	520	85	471	540	42	517	130	32	399	88	339	76	280	491	70	59	82	471	348	224	503	292
50	216	434	420	66	95	497	51	313	257	370	154	321	119	395	379	91	230	371	172	319	321	402	375	131	437	381	117	92	376	228	92	379	525	483	26	161	0	288	302	540	264	25	381	33	13	80	157	455	197	542	93	226	39	56	330	382	266	140	488	69	474	151	298	389	334	259	266	207	204	111	141	491	72	293	223	48	133	273	340	337	360	216	73	309	102	217	239	293	498	361	452	269	154	266	489	110	45	235	305
488	88	145	114	42	37	59	362	504	518	508	68	196	413	523	88	160	476	499	293	291	544	5	205	474	294	467	109	185	351	461	184	437	413	133	159	312	45	0	352	305	2	176	180	27	174	511	274	68	10	435	269	234	161	243	502	318	436	433	206	249	247	6	90	428	172	94	457	274	528	164	476	13	184	66	432	372	442	48	183	89	171	485	249	112	280	516	147	23	124	528	372	168	396	149	61	6	2	250	193
137	15	383	546	342	465	377	295	305	264	67	438	323	15	505	406	142	380	205	463	121	197	451	114	432	279	52	291	391	440	58	341	336	61	143	185	189	532	469	0	11	424	194	195	209	206	512	191	358	8	16	86	290	542	463	393	84	25	183	324	281	356	305	48	441	72	434	410	332	8	12	277	166	100	40	176	111	378	135	178	316	322	289	540	166	350	201	225	243	246	531	400	276	194	167	29	470	429	123	539
407	355	88	25	328	163	275	244	439	202	224	357	361	76	102	499	529	504	204	368	254	225	39	336	287	530	225	492	503	238	252	83	10	424	353	495	243	69	382	301	0	164	222	66	444	35	244	438	438	1	1	266	316	14	87	382	527	496	109	93	400	451	499	207	27	425	92	281	358	44	450	63	542	239	310	228	510	124	111	162	125	14	150	487	186	472	349	311	93	269	124	138	42	356	25	358	122	259	234	456
323	429	418	521	293	229	347	113	177	235	117	46	334	100	447	327	76	121	425	138	348	192	499	118	79	486	533	341	262	156	465	181	131	3	143	110	147	322	546	197	450	0	549	236	403	442	35	473	150	165	249	327	477	75	153	178	190	224	256	353	158	270	208	452	315	363	430	85	306	45	92	60	205	532	476	464	518	435	325	78	481	1	47	159	8	545	95	100	59	143	24	84	276	511	86	98	353	408	232	77
167	455	332	133	158	13	307	126	116	259	312	452	387	425	413	370	277	11	323	194	212	326	344	167	269	348	269	117	178	270	444	210	126	528	291	269	353	278	272	506	39	260	0	164	112	170	107	210	371	106	13	369	158	513	279	155	70	65	201	289	144	240	55	301	300	34	372	124	179	128	111	385	337	136	433	137	371	534	503	421	136	350	342	239	338	265	444	445	71	446	348	425	136	149	126	138	361	259	353	43
269	75	498	401	539	14	458	354	95	136	41	281	109	21	340	543	202	492	83	198	471	490	70	207	117	409	307	361	158	163	258	215	278	234	146	361	462	329	262	442	155	402	15	0	432	104	475	510	263	526	526	152	65	340	547	321	283	382	121	66	274	501	422	64	399	133	231	60	124	37	55	321	64	314	244	371	20	250	138	30	39	260	475	178	179	212	367	412	19	469	450	540	67	130	476	294	136	465	402	124
272	380	142	77	349	491	232	149	27	20	239	190	357	520	137	152	382	299	67	404	343	353	249	394	171	69	13	236	13	225	221	312	93	112	202	286	226	219	250	545	97	395	168	468	0	24	452	218	142	447	448	183	36	78	253	307	248	73	488	446	239	211	424	158	394	551	44	300	97	488	35	329	259	395	20	126	19	236	143	176	544	10	446	503	290	449	389	387	371	90	54	71	47	197	185	317	202	475	137	415
301	449	34	218	499	72	336	133	532	468	87	339	146	28	98	69	317	190	437	202	25	462	524	318	309	241	476	196	84	20	300	235	490	92	450	434	547	86	144	380	95	235	9	161	75	0	63	75	397	277	252	111	88	530	67	228	110	287	39	285	467	374	39	543	268	291	395	542	285	187	252	383	278	207	209	144	152	306	482	62	341	215	267	166	248	429	206	470	21	155	19	5	60	417	244	243	210	130	26	255
242	264	499	457	453	222	419	91	270	509	182	137	246	397	251	338	36	473	375	1	420	234	135	151	150	7	351	170	81	59	213	115	228	278	173	181	129	490	403	184	544	234	517	266	542	125	0	156	8	136	364	443	368	255	143	333	301	17	521	233	385	171	514	105	187	508	463	206	296	491	533	379	526	70	373	51	459	516	430	22	189	350	125	40	168	89	2	531	127	181	163	239	369	385	275	188	305	80	533	192
282	494	35	419	462	296	173	122	108	422	433	140	348	294	153	491	376	445	280	374	355	46	300	476	113	17	188	6	548	280	138	364	542	271	375	376	201	100	392	327	119	110	400	386	77	376	7	0	35	433	365	265	244	494	121	503	249	389	195	541	499	483	26	398	34	285	298	287	505	493	222	500	345	89	45	153	75	548	88	38	175	79	509	361	520	324	4	202	432	367	255	473	389	310	424	251	463	340	384	453
500	378	423	392	365	464	495	317	199	151	420	527	313	131	307	425	510	457	262	352	540	239	321	144	228	509	260	462	425	52	16	162	257	518	27	527	76	246	501	330	95	348	268	398	511	3	11	250	0	262	155	500	297	323	241	176	121	222	437	395	111	177	378	57	260	412	415	333	326	239	122	389	251	343	71	160	79	429	501	327	459	284	349	37	135	278	353	514	338	512	61	74	39	221	309	122	427	456	119	437
250	174	143	4	230	300	265	500	279	449	81	540	346	355	117	475	372	526	199	279	350	540	343	199	221	149	26	145	286	332	551	539	165	531	485	144	471	218	339	246	430	364	302	310	2	229	528	407	481	0	375	338	91	149	395	234	528	297	534	458	147	182	521	223	326	108	486	426	237	96	519	315	356	373	42	529	98	104	205	530	44	430	460	28	485	309	471	458	480	184	54	266	407	18	353	95	336	86	333	108
59	366	341	547	444	428	16	111	443	236	134	128	167	263	548	46	547	104	232	261	218	127	151	283	523	191	343	545	428	241	139	385	344	243	263	121	72	253	456	480	279	117	415	470	222	487	515	499	391	133	0	202	406	465	525	277	268	334	548	95	504	315	279	217	411	493	407	179	318	359	211	320	468	375	166	58	152	364	491	279	351	213	75	68	24	247	329	322	64	130	73	250	288	504	52	276	479	533	401	545
301	504	434	164	83	313	295	424	205	438	47	166	65	355	8	259	420	297	290	87	21	400	169	110	429	522	543	331	32	132	176	517	126	34	399	47	352	271	486	120	285	55	405	255	523	147	329	291	148	178	65	0	39	504	106	363	148	149	498	273	11	231	463	331	473	266	97	114	461	548	363	384	322	4	227	178	457	152	222	60	123	136	453	21	402	288	350	195	6	67	166	469	31	182	258	48	421	119	30	320
148	217	222	507	296	163	276	407	240	342	471	432	182	530	439	533	306	465	26	95	316	514	84	172	277	470	485	135	132	534	464	77	213	330	163	40	303	215	183	470	60	444	116	354	125	545	14	57	479	462	107	76	0	381	23	213	274	510	39	29	541	307	331	100	461	303	257	239	115	403	348	524	401	73	235	373	79	484	432	307	381	536	166	460	401	13	264	210	392	136	255	250	146	442	38	328	60	493	54	331
20	489	268	37	8	333	404	142	499	319	178	491	381	195	511	279	185	175	128	361	177	478	464	245	126	414	8	457	59	36	550	85	218	108	14	241	271	74	188	216	75	145	309	6	334	12	530	445	448	517	311	144	371	0	96	159	483	317	348	235	457	98	232	208	116	538	138	69	260	214	302	214	338	153	346	9	377	224	45	290	168	421	534	280	174	529	499	239	103	86	211	307	112	381	520	190	108	183	265	56
409	60	9	450	289	257	117	358	7	262	311	385	293	549	428	429	366	76	369	154	423	103	217	259	231	494	527	237	362	75	331	181	471	294	229	154	398	245	300	212	513	15	451	443	428	52	12	169	10	16	381	421	375	304	0	232	133	308	226	324	173	134	303	139	387	427	318	505	516	440	227	234	507	171	279	132	498	406	303	28	64	94	380	393	295	337	43	422	356	230	515	36	361	335	327	417	175	445	385	335
378	284	419	455	187	494	410	12	424	406	217	268	236	123	117	495	107	66	178	238	70	254	318	529	275	330	446	72	226	201	497	254	160	496	85	129	34	352	509	221	442	210	526	33	134	550	308	77	476	98	440	17	350	485	94	0	183	285	151	77	173	290	9	98	123	26	172	334	250	314	108	286	204	92	146	250	320	313	34	82	531	434	181	513	137	336	403	430	333	314	191	99	302	485	109	297	393	383	220	125
121	458	206	434	50	353	417	67	145	433	258	248	4	423	328	293	436	178	138	116	455	389	492	309	56	453	538	93	113	501	377	262	550	176	226	443	43	172	152	115	396	373	311	492	56	265	137	505	226	207	449	215	89	519	416	391	0	484	241	550	442	56	450	388	214	53	83	50	134	281	374	344	438	278	476	17	221	381	7	232	528	359	230	323	14	182	82	548	542	29	307	39	353	366	407	538	8	73	92	62
485	332	372	9	29	376	240	317	404	314	443	86	172	279	201	550	391	89	439	290	323	195	374	33	249	376	380	218	140	40	258	190	269	120	536	442	414	55	418	197	349	254	92	459	348	532	358	166	454	482	501	439	60	291	18	159	79	0	412	44	489	299	242	408	122	107	101	474	113	185	288	305	272	495	392	438	12	381	6	527	540	69	201	327	397	399	373	352	155	116	477	90	542	300	62	390	375	459	377	357
373	303	111	366	426	262	448	437	256	385	426	260	284	263	60	194	68	207	211	256	46	191	461	435	191	475	58	57	318	488	295	159	433	59	339	374	385	15	175	395	110	49	334	14	498	529	216	137	116	200	4	127	404	195	37	143	461	224	0	427	487	381	310	22	544	120	128	535	13	70	408	26	535	188	476	209	219	419	450	315	339	230	63	352	184	277	98	68	440	355	483	225	65	77	126	480	344	91	364	52
486	171	104	86	389	210	364	395	229	213	138	55	288	97	171	416	276	453	162	92	79	353	7	306	9	508	285	531	254	441	88	77	167	73	26	248	483	456	222	74	289	322	423	417	387	309	442	427	180	189	17	485	17	524	40	263	270	147	138	0	57	410	105	541	180	494	116	141	399	367	84	409	400	148	241	240	481	411	395	436	515	346	369	226	277	219	144	190	158	527	506	549	306	138	48	122	246	134	423	450
385	501	120	209	69	349	211	122	331	265	543	371	328	85	10	398	269	315	173	484	158	232	537	389	380	138	55	522	169	239	115	436	70	27	86	98	150	414	373	251	457	404	74	206	506	244	355	49	445	309	511	150	277	519	310	407	221	536	206	25	0	320	389	483	35	134	233	465	7	299	318	501	543	375	149	328	280	439	63	329	464	72	503	169	73	278	20	106	380	89	472	440	539	467	235	77	529	436	239	539
80	80	236	276	67	311	137	451	523	208	189	338	407	151	356	164	25	354	242	218	536	336	489	225	180	109	517	430	33	367	1	416	279	185	364	413	191	388	350	229	512	90	101	471	441	32	438	391	440	408	501	268	192	104	471	126	303	522	87	389	440	0	439	389	259	111	355	245	533	236	510	462	69	448	541	410	93	427	455	280	547	289	289	292	120	439	395	51	72	186	77	265	51	218	332	382	117	393	80	348
341	52	154	86	254	81	52	107	356	147	483	475	36	249	50	492	212	220	34	135	215	39	183	515	514	56	462	548	214	383	107	475	378	290	283	511	237	66	414	269	214	215	414	546	464	255	56	146	409	185	38	31	224	161	189	449	8	279	384	72	491	354	0	132	49	516	276	10	491	70	162	260	78	215	181	460	297	164	370	528	455	444	28	176	356	549	47	194	344	181	201	91	105	389	354	151	418	148	217	510
515	70	350	119	452	427	485	141	492	300	422	530	378	475	539	344	207	242	332	487	127	63	133	246	34	249	46	437	235	160	124	411	159	331	65	218	29	178	103	176	63	36	534	265	300	169	59	177	542	6	340	388	332	341	109	178	431	54	318	100	266	489	377	0	49	361	16	335	163	216	98	94	323	191	101	304	460	427	250	191	281	102	511	225	257	534	13	69	23	76	416	48	520	499	449	182	125	429	31	384
510	427	405	430	104	104	301	353	549	534	105	539	208	404	417	312	448	301	447	104	145	168	40	489	62	16	409	410	237	143	3	45	327	364	343	389	428	343	547	497	269	168	397	247	292	460	531	154	449	360	268	521	289	108	78	22	519	473	298	466	158	147	230	168	0	360	365	302	546	328	413	330	297	474	70	74	321	143	16	5	211	551	465	178	249	538	483	104	111	551	198	65	284	149	440	511	102	243	150	137
214	52	340	209	447	439	456	226	539	313	320	285	51	108	456	396	410	493	493	9	181	466	263	111	220	270	363	267	90	230	94	366	546	309	527	483	112	373	501	100	398	330	401	98	270	215	191	325	130	533	403	325	295	477	53	455	7	130	285	128	168	412	44	376	467	0	543	332	323	534	291	235	128	401	280	383	515	408	360	97	111	25	432	468	419	222	456	218	416	281	10	311	50	328	532	344	68	62	135	64
77	218	170	433	322	302	243	186	240	111	436	240	211	141	203	256	440	287	372	185	237	551	127	118	36	127	390	19	289	79	170	316	205	388	523	492	207	486	442	184	199	296	64	505	103	420	299	17	203	139	48	455	288	402	294	49	178	533	488	396	80	116	530	240	397	517	0	429	526	367	434	99	493	529	182	363	2	121	148	490	378	465	21	282	291	438	105	63	43	373	8	7	112	308	326	51	234	216	116	51
254	229	22	397	83	36	503	49	526	460	82	333	37	192	495	42	182	245	450	122	358	97	360	348	467	293	140	77	36	525	519	551	503	446	480	229	315	396	27	487	23	278	260	504	279	209	540	135	543	276	485	378	169	147	297	532	162	22	408	351	215	360	514	484	371	20	167	0	85	133	438	531	514	355	112	472	23	347	538	316	140	156	500	19	9	528	310	436	96	407	541	164	489	146	291	445	365	23	158	260
136	186	258	345	252	229	223	170	157	104	188	93	421	358	273	473	539	211	88	434	167	464	170	385	234	115	216	321	382	449	98	413	424	96	406	349	446	99	479	352	532	439	221	81	542	470	532	159	25	229	358	7	277	327	468	63	27	15	283	549	313	45	167	303	390	32	90	38	0	348	288	302	475	255	276	154	428	200	72	73	513	117	531	362	54	376	120	485	172	46	69	232	339	202	504	16	493	291	117	142
311	33	339	432	7	234	360	190	386	522	140	385	487	490	258	309	126	220	28	116	20	323	330	159	66	416	138	221	2	327	381	526	35	221	453	390	395	340	217	465	334	526	345	98	307	321	22	285	213	325	19	302	361	378	389	117	110	540	145	422	417	549	483	125	428	202	530	218	223	0	342	418	536	113	201	410	198	504	524	403	325	135	55	107	346	533	124	497	416	224	48	137	228	54	326	524	407	515	355	177
318	211	525	503	354	441	225	499	180	359	270	487	443	361	363	446	267	67	501	462	270	251	26	261	39	429	415	37	265	102	148	363	147	438	355	438	454	362	33	254	156	333	360	282	465	29	298	242	227	382	362	312	181	515	192	311	524	517	476	224	162	271	180	297	199	247	383	74	526	35	0	321	428	230	90	365	389	293	62	72	187	85	421	446	260	395	57	69	86	461	216	400	466	356	399	355	57	22	214	393
341	306	156	352	405	351	346	488	324	462	350	444	61	526	337	249	313	455	178	123	543	93	464	469	497	188	478	44	49	410	39	312	39	404	424	551	68	389	357	146	411	188	388	90	458	370	59	266	528	106	17	229	107	287	413	482	235	506	483	295	235	226	112	456	285	532	528	400	161	390	217	0	538	493	355	203	284	204	417	37	477	166	188	497	422	43	385	90	373	503	212	279	39	472	194	92	227	509	132	124
505	293	272	57	468	406	214	136	225	440	294	301	286	327	63	200	113	5	501	487	27	49	242	135	295	381	152	64	336	273	59	190	183	207	371	438	127	77	392	3	73	238	423	312	550	484	410	37	123	1	425	75	110	356	544	411	107	450	408	16	371	160	503	37	468	179	499	535	408	532	52	529	0	275	100	130	367	67	221	62	531	235	217	123	197	379	156	179	375	429	496	530	76	442	171	150	531	121	347	166
221	392	11	420	215	353	506	352	180	379	212	109	435	491	127	236	520	30	50	463	391	483	15	374	484	332	231	371	521	188	509	271	339	544	228	29	169	268	81	495	243	534	130	10	61	282	266	420	418	113	209	184	129	124	258	220	49	143	34	536	525	111	214	390	85	129	239	162	352	257	231	6	500	0	69	492	179	547	34	281	526	464	12	529	403	147	64	383	510	155	11	176	350	90	254	248	409	445	63	106
157	51	111	94	150	105	97	450	424	61	229	161	368	39	19	402	318	436	4	450	412	229	51	343	511	93	89	297	388	465	29	315	355	96	510	330	451	405	228	431	497	38	535	371	296	449	140	387	372	536	92	377	508	535	11	443	79	454	238	547	243	37	265	61	386	291	234	254	477	335	174	246	303	243	0	285	422	45	400	156	142	193	124	286	16	104	264	416	274	503	538	172	97	24	412	145	299	488	266	220
273	325	176	398	478	452	1	233	168	273	406	149	344	255	222	153	435	341	29	81	48	244	513	280	270	78	240	138	130	350	153	219	336	520	412	375	398	545	42	56	462	175	368	480	413	456	531	551	296	92	481	108	208	491	376	429	329	536	360	451	307	549	379	442	2	3	421	415	62	350	117	70	47	468	47	0	40	439	335	524	253	341	457	41	487	87	255	226	34	342	48	60	547	60	491	441	501	360	173	229
175	35	548	430	10	183	307	118	507	48	11	475	48	201	37	549	364	112	414	357	525	517	238	94	410	18	309	193	404	161	369	195	74	363	276	298	304	151	140	331	49	510	280	209	301	369	240	442	437	101	346	46	342	192	33	255	490	70	302	94	162	263	41	147	489	100	118	513	21	546	482	542	522	533	181	440	0	163	166	1	382	208	137	178	222	376	311	96	498	262	181	34	454	310	460	299	214	185	238	304
336	120	381	400	189	232	132	518	321	103	178	393	98	288	61	24	297	461	320	436	238	91	199	266	101	181	344	461	303	446	18	157	326	85	507	352	342	3	246	24	25	151	313	484	41	249	227	230	491	347	357	101	227	161	112	421	283	224	247	339	417	351	383	63	207	9	539	256	205	541	16	160	319	415	295	77	512	0	476	507	424	283	428	352	268	490	62	438	130	487	491	331	375	340	543	222	189	223	87	484
298	50	43	454	534	169	451	85	220	259	280	391	239	135	59	26	454	473	319	334	434	125	405	366	354	197	231	250	257	449	400	345	238	526	30	448	231	358	479	434	418	334	94	242	391	227	485	503	230	382	404	3	295	391	264	285	348	178	198	294	411	350	70	507	65	424	238	12	135	540	231	293	460	453	373	248	168	3	0	386	197	229	1	106	198	295	223	427	212	342	252	452	386	315	10	238	506	92	6	46
123	344	81	22	222	43	512	356	175	49	263	303	364	343	254	526	427	22	418	227	523	58	341	192	206	11	250	172	119	487	35	518	131	386	403	304	357	529	11	544	291	158	34	475	521	485	156	445	221	510	85	275	198	102	298	38	83	10	245	333	301	321	302	4	268	46	225	219	327	252	432	398	531	250	455	360	50	20	374	0	189	2	340	42	287	81	35	539	272	220	498	501	29	91	39	208	57	495	288	548
162	172	217	379	27	145	249	273	514	92	349	337	110	30	83	59	345	549	420	440	252	378	56	384	53	438	494	446	191	212	520	18	13	413	454	353	58	321	198	448	341	356	398	201	12	193	407	364	453	417	142	358	485	183	140	227	343	156	255	329	511	266	544	248	231	118	141	220	267	432	129	160	462	387	2	277	359	251	423	185	0	323	424	426	13	416	543	151	44	2	284	40	472	257	409	1	176	545	407	529
451	30	52	469	199	293	208	84	82	126	448	461	280	142	48	402	532	254	520	207	316	121	475	541	37	444	157	231	239	509	543	321	232	426	366	198	423	196	478	471	372	194	521	232	222	96	319	154	189	48	433	116	309	331	516	125	40	144	244	104	147	131	253	148	21	118	411	111	23	435	548	458	499	529	94	392	31	410	441	533	262	0	498	201	343	171	211	242	280	306	436	151	112	24	536	459	132	468	393	115
524	204	174	41	146	335	415	233	8	524	125	372	262	392	162	393	237	481	251	70	4	434	121	207	448	11	130	496	102	409	513	389	103	289	223	350	274	132	381	365	257	210	235	317	530	125	88	99	170	161	305	302	533	45	376	38	264	479	148	377	249	96	507	230	84	319	492	132	175	49	425	377	484	295	535	279	482	377	303	367	372	77	0	280	77	143	132	534	290	111	146	15	212	297	210	301	448	57	521	17
174	471	345	518	15	258	76	9	383	394	323	337	533	492	154	99	234	290	507	209	398	523	78	487	287	55	88	426	41	105	254	321	289	172	443	192	83	478	368	241	191	392	277	237	513	94	461	27	306	538	425	40	336	485	423	382	158	385	481	98	531	320	146	214	265	157	61	323	505	410	295	534	260	236	184	457	153	440	479	433	263	214	225	0	214	335	264	32	370	284	372	88	330	164	282	342	484	167	269	61
21	400	84	404	455	278	335	50	535	159	409	303	444	392	323	193	400	489	463	317	272	139	479	488	532	95	440	456	101	416	264	336	273	15	455	349	26	442	507	512	221	252	455	332	162	478	36	484	120	114	31	471	475	276	384	202	512	268	505	522	74	214	37	89	212	105	133	547	445	364	468	160	427	74	57	314	369	25	182	153	401	424	290	425	0	416	354	453	446	270	456	20	323	495	135	371	49	82	370	280
488	429	483	94	148	335	251	340	491	454	453	233	5	409	296	209	434	288	377	460	483	324	328	522	56	35	273	550	331	444	366	192	431	9	303	245	150	51	525	100	295	166	116	265	57	394	371	26	437	123	234	97	1	502	128	34	504	496	402	314	12	51	206	542	435	289	279	14	137	233	336	186	196	440	21	141	306	25	4	278	125	81	359	309	149	0	313	21	484	195	305	229	177	153	383	349	506	445	357	365
340	162	451	251	523	411	485	149	34	399	251	550	223	428	315	326	190	200	424	313	21	287	175	453	5	254	523	420	518	281	528	428	23	77	353	374	172	48	507	228	312	476	460	477	399	382	381	421	473	543	472	12	473	34	184	339	86	64	168	120	345	480	325	491	379	287	498	79	518	288	73	547	514	147	199	278	511	11	102	370	66	370	309	67	244	107	0	58	147	244	380	80	196	185	74	299	35	524	363	387
532	542	417	231	309	131	379	371	294	519	115	421	246	219	317	344	208	492	38	447	43	498	243	147	301	306	395	147	428	52	534	515	549	97	312	289	387	479	320	547	549	439	510	525	355	151	314	429	542	549	117	76	275	170	423	503	129	165	283	343	243	276	449	321	487	341	251	77	160	535	86	120	26	425	357	530	72	412	484	436	254	249	190	170	312	26	359	0	320	142	430	510	414	440	3	5	482	24	63	235
135	25	177	544	476	280	128	126	455	365	16	101	550	536	449	209	307	374	493	282	442	442	192	285	535	504	321	289	504	447	83	505	143	514	331	491	271	502	231	95	547	135	124	167	487	4	114	137	180	390	202	517	435	98	421	289	450	342	236	185	121	413	103	387	156	204	249	188	310	217	429	476	373	464	171	450	166	292	428	370	294	7	382	482	537	315	535	210	0	344	514	80	349	503	13	368	149	551	189	344
547	142	496	530	311	517	157	214	475	269	451	18	1	299	201	267	180	528	364	6	386	291	196	251	299	425	333	11	328	514	349	138	481	497	532	179	533	389	236	208	37	102	445	40	58	99	50	279	522	279	71	527	211	22	505	287	69	329	125	113	163	155	149	61	508	72	393	301	497	271	282	273	173	120	431	177	476	457	426	535	411	332	473	194	79	95	203	120	345	0	498	314	173	483	435	30	289	413	453	157
197	339	341	222	49	203	130	538	69	361	111	361	522	243	503	387	204	355	486	466	479	310	301	28	299	122	209	359	59	333	239	486	154	396	251	486	233	450	392	488	214	440	350	149	482	449	44	75	545	196	173	180	95	150	94	76	115	347	445	430	261	246	207	366	435	15	81	106	339	385	482	113	99	456	134	123	451	238	40	480	519	53	205	103	371	397	350	246	409	258	0	96	473	375	86	265	46	102	143	194
354	544	385	540	449	514	278	2	24	128	247	82	290	233	396	417	149	219	476	191	239	10	76	46	518	509	492	269	423	295	29	467	86	318	483	385	418	414	90	97	178	303	245	305	298	325	435	365	52	360	395	404	141	74	263	454	457	429	85	94	483	152	337	38	231	144	546	150	49	285	40	485	131	260	55	364	362	111	362	350	341	235	60	331	443	498	362	120	394	502	5	0	108	245	495	354	439	123	93	215
503	430	550	505	97	91	125	81	56	279	549	531	298	164	97	181	177	284	536	376	355	490	502	282	308	311	80	537	243	199	320	46	273	79	114	53	367	384	163	179	332	37	67	48	544	68	201	452	323	179	173	321	103	447	100	166	28	80	308	389	254	267	324	410	134	413	304	275	318	333	26	359	20	62	375	2	367	518	414	519	207	262	389	19	196	208	216	427	21	172	235	367	0	127	322	452	377	538	331	428
443	266	105	373	369	266	509	91	460	483	29	58	474	514	207	516	42	472	395	413	312	512	328	98	173	373	522	180	378	302	132	550	301	105	325	548	84	8	270	64	377	211	429	483	326	38	434	152	135	417	84	381	94	224	508	419	256	227	176	97	237	381	328	90	79	216	269	210	252	491	473	127	104	259	491	28	537	390	45	391	408	350	326	311	154	188	335	73	331	248	496	322	515	0	546	456	458	283	190	130
444	218	386	508	83	435	244	65	265	95	247	452	52	246	458	510	284	73	415	227	388	57	220	406	89	165	298	410	289	86	304	343	355	485	504	359	473	22	439	318	299	151	405	501	385	405	99	77	279	408	250	483	126	334	506	92	532	271	200	489	142	511	22	403	113	361	441	243	511	377	46	103	148	15	109	391	152	200	219	302	26	86	231	486	132	506	58	426	383	343	389	330	23	551	0	176	436	20	410	210
368	412	493	382	481	153	346	509	296	385	330	364	526	10	61	438	421	548	482	227	99	125	66	66	316	385	432	540	405	173	437	161	410	392	231	40	443	484	258	356	41	434	347	277	454	73	11	270	10	127	452	383	177	537	418	182	130	159	548	481	148	210	266	292	513	350	367	451	97	339	176	203	47	551	107	83	51	273	83	338	133	551	227	47	6	437	336	414	202	270	419	266	319	319	216	0	247	145	514	404
408	490	277	239	213	170	442	263	203	164	33	198	383	93	496	258	1	296	14	399	185	181	17	73	141	403	268	183	389	56	402	419	476	160	14	273	101	455	516	40	279	282	482	458	219	238	175	345	451	441	262	147	454	408	238	391	166	7	251	518	67	164	484	275	15	260	13	112	436	127	368	61	493	301	336	95	204	106	400	102	455	209	460	406	348	135	93	215	356	208	385	137	236	354	187	25	0	457	275	191
184	500	156	516	509	447	268	127	47	199	424	203	180	336	184	319	220	204	512	470	399	34	160	127	358	239	471	378	270	60	187	497	38	496	98	450	428	169	51	431	274	179	53	110	369	13	163	544	68	243	88	245	263	40	414	233	538	145	268	419	181	455	508	228	447	33	99	549	423	59	42	529	422	549	355	232	524	489	147	272	284	446	324	236	319	551	28	478	169	200	476	477	99	473	249	406	508	0	165	123
103	513	435	481	154	320	156	1	16	259	407	451	460	311	484	350	79	542	483	34	283	299	86	278	354	230	496	387	15	408	397	519	156	56	313	426	24	45	140	438	332	424	46	515	171	45	393	412	216	374	89	279	477	233	341	80	508	436	9	544	286	536	146	324	131	132	294	486	527	116	124	551	14	441	95	321	115	191	199	221	162	491	113	521	383	447	289	200	126	318	145	401	359	156	497	442	433	148	0	194
377	380	100	281	459	210	113	190	4	180	71	338	52	487	489	535	253	294	135	97	26	160	126	260	180	346	454	285	229	466	74	546	548	141	254	360	191	487	548	60	506	7	547	332	480	503	37	221	128	237	125	201	312	281	346	93	32	549	282	271	6	51	361	157	150	514	400	330	417	113	363	27	220	303	364	542	95	77	526	418	4	231	342	261	483	240	436	117	446	24	339	433	56	296	384	77	549	256	508	0
