A	B	C	D	E	F	G	H	I	J	K	L	M	N	O	P	Q	R	S	T	U	V	W	X	Y	Z	AA	AB	AC	AD	AE	AF	AG	AH	AI	AJ	AK	AL	AM	AN	AO	AP	AQ	AR	AS	AT	AU	AV	AW	AX	AY	AZ	BA	BB	BC	BD	BE	BF	BG	BH	BI	BJ	BK	BL	BM	BN	BO	BP	BQ	BR	BS	BT	BU	BV	BW	BX	BY	BZ	CA	CB	CC	CD	CE	CF	CG	CH	CI	CJ	CK	CL	CM	CN	CO	CP	CQ	CR	CS	CT	CU	CV
0	238	143	72	237	146	319	129	294	363	221	354	126	245	114	402	66	335	404	110	412	435	427	112	159	137	195	428	374	169	17	308	25	58	139	387	407	211	253	319	41	193	25	315	70	27	184	147	434	281	232	19	428	259	289	125	359	123	247	103	46	350	233	219	163	80	277	401	309	168	365	416	137	321	309	215	207	271	198	144	413	244	317	35	64	136	268	213	239	108	31	272	78	200	167	420	367	426	182	369
117	0	284	227	282	116	150	278	280	214	266	319	118	210	121	206	321	435	35	7	44	316	174	84	214	181	3	438	127	306	366	329	259	87	409	236	361	4	90	356	257	159	239	379	251	426	380	389	415	26	296	46	312	108	375	372	93	149	52	138	31	27	166	7	325	215	342	348	128	62	394	80	351	397	212	83	143	372	108	27	78	306	341	231	92	145	115	124	417	363	154	285	260	244	253	29	119	50	97	37
247	251	0	437	44	424	23	309	62	51	260	88	101	237	246	257	94	386	147	347	30	152	303	306	416	80	213	185	271	252	148	362	424	269	76	80	111	89	430	52	118	37	220	171	113	66	99	315	221	90	302	220	289	112	12	279	382	413	307	271	78	283	306	171	219	427	384	83	422	232	34	364	11	230	52	411	302	48	100	421	158	304	4	409	120	145	12	237	32	376	288	167	209	182	262	86	134	68	261	161
280	293	100	0	374	3	135	163	10	248	155	347	285	401	158	163	107	380	264	108	227	139	233	298	187	131	222	60	219	321	98	141	429	227	434	57	107	356	267	189	221	226	69	386	365	428	159	261	143	66	215	158	45	373	217	413	216	288	340	367	136	330	43	400	54	233	123	70	225	283	14	52	19	28	428	263	362	129	256	108	159	222	79	251	302	371	371	250	315	178	353	293	206	164	212	31	375	26	224	129
253	98	393	270	0	234	30	351	203	72	133	124	201	37	412	316	420	150	265	62	357	254	270	125	106	41	340	357	274	271	213	281	209	259	196	203	405	67	240	219	15	174	404	142	184	425	37	354	275	85	358	261	7	17	293	241	84	197	202	109	397	294	423	258	100	170	12	179	164	199	312	288	360	290	204	425	209	78	209	411	154	228	247	235	315	247	294	35	188	36	205	422	216	195	163	356	225	203	55	278
326	330	94	104	175	0	152	195	306	297	386	77	144	325	411	3	324	135	11	12	88	200	51	187	79	400	93	212	92	315	340	226	103	437	173	126	68	12	42	171	349	142	69	388	17	248	252	259	42	176	324	403	89	251	190	99	27	99	20	3	201	103	180	281	59	375	156	366	21	132	81	223	326	100	301	337	113	157	43	211	280	369	379	300	316	355	341	51	27	312	139	314	297	28	108	140	79	243	57	300
427	212	415	421	419	20	0	164	379	83	28	152	341	235	318	380	121	247	47	344	215	109	378	77	111	139	136	262	252	83	227	138	313	122	244	179	248	332	79	351	390	151	304	363	55	235	198	199	362	192	156	105	248	21	207	86	98	147	247	371	9	397	348	112	69	17	368	164	425	344	334	53	428	56	256	184	270	258	204	189	329	119	396	261	221	19	433	423	368	100	303	403	410	306	220	402	266	392	327	303
287	337	362	184	171	394	293	0	277	367	36	75	383	244	241	341	378	395	157	308	331	260	292	88	93	267	140	46	276	292	206	286	339	115	248	154	130	7	4	359	435	225	330	324	429	14	259	344	280	269	223	371	400	204	268	161	344	41	385	333	138	317	37	263	135	88	217	426	134	128	388	106	205	49	413	265	28	63	363	416	345	88	117	415	236	316	286	88	366	393	59	285	112	174	276	283	242	234	433	115
140	117	258	89	35	251	113	110	0	119	268	268	416	15	254	124	119	51	364	322	40	384	223	428	123	308	149	12	52	312	18	389	116	407	217	435	44	58	206	419	18	270	316	49	15	241	148	75	421	121	29	193	210	417	248	27	387	80	196	147	106	129	256	242	281	134	140	288	93	13	312	345	301	165	324	228	221	14	105	433	232	65	139	107	67	263	155	212	322	289	287	219	205	119	176	220	182	406	198	136
343	73	157	344	311	27	26	46	69	0	403	307	194	104	151	79	372	303	265	21	337	62	418	377	94	333	36	353	37	430	250	428	12	209	398	228	210	205	347	385	304	169	52	349	158	271	114	223	359	122	360	157	197	307	361	230	76	29	194	401	348	159	45	97	228	16	129	93	317	187	415	382	415	50	324	57	404	314	137	359	274	176	34	360	143	178	362	132	109	293	236	320	430	338	161	251	171	71	259	382
120	139	257	30	217	52	321	54	286	146	0	104	314	184	202	360	148	94	398	424	195	4	250	10	3	186	75	335	202	385	10	77	367	194	309	293	152	27	342	108	294	175	134	179	325	273	159	90	291	431	129	87	277	183	218	15	384	292	99	47	49	276	232	59	30	128	82	81	204	270	121	141	350	60	226	115	188	134	283	382	427	168	85	77	153	393	227	30	376	429	25	236	94	138	126	314	370	22	266	308
132	366	236	428	222	254	148	386	101	329	106	0	157	200	292	161	333	18	404	271	33	269	35	272	144	179	310	373	68	197	370	385	400	266	318	390	227	312	289	322	220	306	104	57	91	374	128	28	330	301	32	391	62	299	392	159	53	102	367	71	378	360	158	341	164	287	130	206	150	195	13	386	415	360	157	268	212	306	113	157	238	227	13	359	32	249	279	371	52	277	112	73	275	82	332	396	323	47	108	13
299	274	146	174	338	103	77	92	331	137	350	113	0	168	301	360	156	332	295	248	41	190	40	438	353	405	268	97	407	93	70	362	314	438	81	64	362	398	159	233	269	133	18	15	49	286	267	357	227	306	328	330	121	208	183	416	57	249	110	192	300	87	340	20	208	396	124	139	329	420	384	86	434	57	250	396	316	14	65	176	339	194	54	362	67	373	132	107	198	328	361	427	358	131	432	97	417	177	137	245
127	342	123	365	322	203	190	164	128	434	435	189	201	0	169	384	54	413	344	60	109	222	222	91	152	2	130	113	316	350	435	9	46	197	250	80	338	283	143	374	113	247	103	22	368	387	252	323	330	127	160	404	66	386	295	375	307	385	79	83	323	287	383	328	418	16	347	337	203	121	134	374	193	102	163	285	394	87	161	196	349	208	3	406	170	128	434	315	361	45	213	349	136	115	177	58	266	162	418	29
158	311	6	200	214	129	377	1	178	261	259	174	232	345	0	422	300	330	325	95	161	182	170	384	91	224	427	338	221	362	9	150	435	130	51	414	366	166	430	372	266	140	12	89	49	290	200	68	410	112	156	368	154	207	173	276	404	348	291	8	44	405	2	226	352	13	248	308	186	222	297	362	104	383	75	234	239	105	311	436	45	98	375	186	60	298	403	253	432	329	182	264	211	119	242	143	147	106	297	300
59	355	394	368	222	121	255	35	170	273	294	296	229	170	38	0	81	168	438	1	87	365	188	213	94	127	330	337	12	240	163	411	230	228	12	231	194	13	360	284	352	373	13	389	103	438	306	423	259	345	280	17	68	147	232	156	357	174	435	62	200	129	102	64	132	209	290	329	410	360	242	302	14	20	425	215	208	323	190	435	298	312	411	350	159	66	49	97	21	340	395	137	254	121	190	352	330	147	186	9
226	251	399	167	7	143	166	397	266	388	67	324	120	93	409	353	0	182	63	388	313	6	278	98	58	140	369	284	159	409	314	399	218	75	294	215	337	214	323	53	264	384	110	254	326	283	438	86	106	255	44	245	40	79	293	40	359	241	274	284	437	18	159	436	207	190	238	246	138	81	124	411	244	313	226	308	411	218	93	155	108	217	255	219	237	56	64	55	218	255	215	316	136	46	319	94	258	355	21	336
168	224	331	180	57	264	203	135	123	393	342	190	280	316	394	45	257	0	327	408	291	347	38	422	202	54	88	260	180	395	290	437	18	400	340	435	284	180	223	377	84	339	209	372	323	95	217	188	236	255	230	237	24	66	393	248	87	316	188	59	424	349	107	23	224	111	292	68	303	55	323	99	344	407	124	146	156	159	170	42	277	220	280	229	379	137	168	6	177	3	306	260	74	247	379	208	408	170	56	412
56	198	180	16	358	70	343	340	318	250	311	236	148	128	2	129	22	180	0	108	268	68	352	254	63	102	122	7	360	408	301	392	152	77	437	173	262	181	230	136	13	427	362	34	25	335	351	16	269	51	437	290	46	113	199	282	201	210	72	60	269	420	340	28	375	253	301	325	64	109	185	294	4	124	341	63	404	9	128	68	209	211	174	73	435	323	289	78	360	400	123	418	407	177	356	169	99	205	101	369
63	43	74	306	96	417	135	232	148	296	251	234	382	170	3	405	297	49	303	0	290	392	108	191	171	39	191	402	68	137	213	73	396	145	134	127	412	118	228	197	307	53	253	304	116	426	142	10	54	233	293	16	41	12	375	347	56	318	347	168	336	115	20	234	11	309	239	434	334	341	65	429	425	76	399	118	403	25	20	342	139	170	67	38	123	363	78	60	221	184	437	131	134	102	250	406	320	86	265	325
8	244	169	339	139	137	305	43	93	29	107	193	116	338	316	422	278	436	28	207	0	15	263	116	206	259	231	382	202	14	149	60	321	418	349	171	414	278	82	26	249	34	243	338	268	245	244	57	144	226	183	250	246	347	79	128	284	318	65	232	344	261	168	149	281	81	386	415	317	384	35	161	29	253	124	372	228	255	401	379	435	117	182	154	432	149	312	12	3	226	18	133	435	285	422	318	228	350	328	291
407	422	90	178	142	190	73	76	318	32	279	308	281	6	428	63	54	89	414	141	130	0	129	16	415	129	181	287	406	87	1	342	289	345	107	429	394	87	58	299	339	243	127	324	347	209	161	63	252	311	301	36	366	348	350	115	269	193	42	111	54	192	26	146	74	121	97	142	384	4	399	45	19	353	404	139	340	348	79	246	291	299	375	43	195	234	205	254	291	129	72	396	214	159	265	233	140	99	418	51
150	163	61	372	186	424	289	49	282	372	136	373	5	247	41	302	19	376	158	363	26	294	0	41	330	337	128	59	13	21	147	63	323	204	332	197	311	181	362	384	314	145	117	210	123	290	157	69	422	276	345	210	132	61	284	309	122	395	163	32	29	50	134	171	298	292	177	426	88	63	309	111	182	295	364	389	242	275	15	44	332	47	37	396	413	9	97	357	362	99	315	82	435	18	77	185	269	295	223	308
171	114	84	10	96	372	66	89	49	309	168	13	338	327	386	242	307	340	215	415	226	420	342	0	74	91	64	340	372	85	300	379	348	128	257	226	263	294	80	291	398	301	127	376	332	5	429	184	430	262	182	388	313	35	431	227	112	393	174	97	36	438	200	155	121	265	424	125	249	37	385	326	139	65	114	150	152	113	374	233	57	166	418	2	307	61	7	74	237	75	416	409	252	126	80	250	220	254	96	155
311	25	411	417	209	318	283	198	84	47	57	163	42	243	43	242	352	264	239	128	306	109	304	426	0	142	348	38	362	99	15	180	375	222	40	276	151	75	386	160	135	389	324	144	296	197	78	85	133	333	135	117	303	307	211	414	337	8	344	157	200	159	330	212	338	127	18	252	164	123	344	360	17	113	297	101	424	129	198	351	399	187	397	235	319	231	290	304	52	181	62	65	137	153	386	335	256	389	281	314
175	204	5	267	206	171	40	234	216	315	421	398	390	86	336	251	355	222	153	92	201	352	68	93	126	0	32	71	77	292	287	139	410	132	108	337	319	50	306	112	363	147	93	37	176	404	22	392	107	247	165	391	242	197	127	11	73	414	374	3	397	130	129	77	226	142	102	323	433	218	191	128	69	279	176	101	51	331	328	117	152	369	67	242	410	187	37	51	222	419	66	18	412	273	187	6	205	159	83	407
154	151	42	408	186	93	131	153	415	349	346	412	208	84	326	34	20	193	280	109	204	215	423	435	131	124	0	413	108	72	231	403	308	212	271	193	408	8	321	80	244	287	425	57	243	211	361	188	210	225	416	402	28	230	58	40	357	273	4	250	92	49	44	246	336	367	199	308	318	165	50	205	373	8	375	62	343	108	94	290	207	165	81	316	189	39	138	47	296	298	144	316	27	412	229	434	428	242	94	313
378	279	269	347	186	393	435	205	271	328	413	305	215	168	115	121	394	415	387	216	230	133	74	77	359	270	24	0	367	423	393	80	116	105	316	272	322	408	43	92	84	41	184	113	25	285	270	257	371	2	129	359	267	282	246	269	118	63	316	182	400	95	281	383	84	147	289	257	130	6	361	206	136	280	94	71	102	285	119	213	68	383	72	268	80	12	153	44	361	334	167	367	111	337	141	106	294	425	79	341
148	420	1	437	323	215	339	254	377	175	144	286	252	265	403	88	111	437	281	331	366	242	13	64	238	426	190	32	0	59	355	194	349	106	334	208	265	55	369	46	147	127	257	238	382	9	380	326	390	152	232	73	89	227	148	86	353	435	249	263	61	257	293	357	392	264	248	228	10	429	399	206	159	114	173	52	292	348	77	417	115	430	300	397	212	330	255	176	91	257	74	405	274	336	225	214	346	242	201	136
408	428	97	406	301	190	361	168	304	403	152	273	349	302	98	427	290	229	185	325	100	373	234	352	255	52	366	283	137	0	53	192	13	257	398	229	261	356	73	85	67	36	246	278	272	20	338	339	267	296	329	6	33	73	33	318	325	288	291	189	204	8	230	54	343	173	281	257	127	376	66	438	354	91	31	93	420	432	131	313	319	271	217	157	171	230	380	270	94	123	3	53	185	75	233	254	154	111	161	241
61	346	42	137	390	174	51	304	396	340	355	215	257	134	186	250	77	306	169	318	61	14	79	165	225	63	114	258	259	9	0	136	363	221	348	191	400	355	376	127	281	419	8	118	363	230	162	250	31	396	134	135	156	222	347	12	64	262	209	254	333	326	171	99	216	265	235	90	39	90	153	119	241	51	428	310	367	45	26	203	218	264	341	390	356	189	370	386	365	314	368	405	334	392	96	51	156	253	269	404
31	42	101	16	431	167	397	115	170	58	123	130	66	434	172	169	150	373	331	58	176	307	73	163	277	353	282	248	62	347	112	0	55	48	409	375	122	81	244	142	160	402	144	425	436	82	294	90	303	173	364	265	377	299	10	68	353	276	275	275	45	259	282	77	47	261	170	252	178	341	80	253	72	318	339	48	268	43	364	149	83	129	404	146	220	370	127	231	54	83	377	70	52	372	194	264	340	380	50	126
77	48	431	38	130	55	332	230	178	45	256	265	124	150	149	172	150	271	49	24	370	430	314	123	84	346	309	177	327	46	350	255	0	404	100	181	14	131	293	279	168	192	110	418	258	184	395	171	146	110	235	181	398	37	96	222	222	144	43	224	148	421	66	382	189	38	131	262	357	357	199	233	161	349	50	108	429	289	75	126	191	82	322	112	279	314	236	102	376	23	282	247	74	27	237	19	279	335	91	320
310	121	74	284	133	344	367	386	87	168	81	359	16	399	79	149	375	255	254	316	379	362	39	123	40	395	91	391	320	358	127	240	79	0	394	426	298	117	317	89	304	258	433	351	314	176	230	10	51	368	21	75	108	44	203	158	111	208	89	115	24	29	180	69	323	289	168	246	100	431	379	172	207	257	270	348	152	94	32	203	307	157	425	25	86	128	100	82	91	145	329	416	41	234	121	140	309	59	295	50
346	275	80	329	360	429	92	153	1	309	19	124	276	196	180	34	90	195	283	412	406	177	344	6	135	140	382	412	350	399	325	331	413	343	0	370	432	137	110	297	267	432	69	68	213	224	339	228	287	24	80	64	397	295	415	273	100	118	90	401	103	243	102	385	119	195	299	71	110	438	351	434	56	328	393	398	357	28	156	171	9	168	326	237	28	357	302	34	375	419	312	225	182	421	3	424	283	81	13	380
114	325	389	412	175	167	302	342	188	115	29	358	203	8	376	434	90	75	93	23	319	30	133	351	148	428	84	347	241	275	405	359	194	98	220	0	262	333	30	299	77	103	177	236	59	351	79	147	93	307	258	429	414	381	145	320	259	17	75	307	254	260	255	153	216	333	206	153	339	184	148	26	358	429	132	22	266	112	171	394	421	198	235	45	278	252	152	214	319	216	102	246	205	72	8	101	92	356	370	24
420	94	221	134	292	115	92	244	109	10	318	382	216	148	169	226	127	319	195	200	231	286	312	275	16	338	348	135	246	56	173	367	24	109	148	83	0	311	61	88	212	124	198	300	377	352	187	392	414	401	237	174	47	135	264	99	62	365	358	370	175	417	409	163	334	366	231	134	135	363	114	84	402	371	351	227	82	96	308	200	372	27	248	278	206	334	317	351	72	320	65	398	25	204	436	331	420	70	186	219
231	51	326	392	193	396	357	429	362	344	350	313	45	224	293	31	193	176	40	284	268	211	81	218	211	110	255	359	360	415	277	317	406	11	406	168	261	0	120	52	97	281	330	311	219	279	13	416	296	45	30	194	58	411	438	256	334	110	278	260	317	174	16	150	317	429	124	100	337	189	280	242	236	119	54	390	305	340	326	183	431	234	386	370	111	89	329	178	380	257	137	436	310	321	419	251	134	290	36	250
3	350	130	209	343	409	404	71	267	104	168	107	329	412	430	324	248	153	429	295	124	408	361	366	182	96	351	185	179	283	51	5	217	51	143	249	36	26	0	92	382	272	186	137	334	387	204	252	14	406	55	323	425	224	24	18	312	340	210	216	34	301	50	228	106	13	280	396	125	117	181	103	230	265	214	341	347	352	287	298	186	17	267	297	157	237	185	404	380	129	72	224	316	285	116	212	348	182	210	201
261	211	45	153	4	174	227	59	433	351	56	126	50	213	212	356	232	82	286	299	152	15	118	137	421	146	428	166	59	71	60	172	96	400	152	396	289	376	388	0	290	209	110	158	388	353	109	349	14	39	208	263	126	109	168	359	165	299	40	11	437	315	81	41	56	407	86	15	141	207	19	350	282	166	392	391	364	416	229	84	163	64	91	240	324	73	402	176	333	73	245	1	193	128	280	197	283	250	100	260
202	318	309	429	332	228	100	127	173	348	304	140	399	349	57	69	225	31	295	2	193	130	217	190	230	278	103	300	250	287	55	243	186	126	383	255	296	79	12	219	0	118	411	347	431	272	161	300	111	161	278	343	105	103	198	350	17	79	239	409	340	253	55	56	168	332	54	67	433	111	17	22	195	161	98	199	91	409	311	378	219	164	69	197	113	198	156	39	191	112	318	204	59	341	19	239	143	285	282	232
86	199	151	82	285	13	307	185	305	108	420	201	16	413	193	364	47	321	342	234	105	317	404	400	157	21	261	18	243	301	17	220	432	341	390	166	251	355	9	291	135	0	128	361	379	45	298	23	96	392	272	188	359	323	175	63	311	113	397	178	342	243	120	348	153	235	284	289	33	275	271	18	209	169	356	152	128	61	420	146	373	193	247	178	75	49	202	265	5	362	168	302	182	307	189	195	425	39	429	359
189	350	204	64	398	86	356	159	372	309	114	201	38	298	424	174	271	210	197	331	16	145	351	26	137	359	23	28	286	178	265	231	243	186	129	8	357	281	322	350	235	64	0	190	313	435	135	313	219	113	130	297	345	266	57	91	330	54	317	314	104	263	329	166	321	395	60	400	15	81	134	277	367	46	343	154	297	23	376	59	205	384	334	392	390	326	173	86	8	94	347	226	77	165	260	378	424	37	108	296
63	118	71	149	252	146	213	388	281	292	253	28	92	59	336	30	288	26	69	159	142	331	249	370	99	16	394	372	99	19	229	287	126	275	159	338	307	352	24	313	369	221	197	0	175	406	189	233	373	26	21	222	383	402	382	324	216	266	407	258	110	171	272	37	226	56	303	401	97	77	105	119	298	267	88	131	181	351	99	316	302	409	415	423	12	288	236	272	153	353	273	62	233	34	360	235	326	96	184	205
355	142	105	98	103	408	240	95	59	34	213	17	433	255	335	391	204	196	388	359	379	270	95	224	31	126	20	180	38	204	13	97	311	38	382	23	263	7	4	91	213	75	417	437	0	86	153	107	408	397	98	301	9	148	411	249	165	232	93	164	404	397	65	192	86	229	36	243	250	318	433	293	259	133	408	420	363	344	136	342	163	87	373	235	228	175	54	394	432	37	361	79	312	55	212	127	215	374	86	344
232	422	69	418	154	350	397	33	410	47	41	303	185	271	4	194	30	10	361	260	201	97	404	427	285	336	113	386	299	421	46	302	314	20	4	151	161	184	108	316	81	100	179	178	325	0	121	362	313	278	437	354	263	351	293	105	40	332	95	169	20	115	290	202	100	22	42	126	2	121	354	98	404	311	11	55	90	36	206	315	367	212	216	344	129	84	135	45	3	334	166	125	212	66	28	147	242	98	381	289
130	353	434	354	162	366	362	318	150	75	167	269	426	337	219	95	29	25	398	90	31	390	132	251	412	4	23	46	179	233	318	29	286	135	225	295	335	155	158	75	88	296	277	215	396	235	0	99	163	162	61	76	418	142	203	158	247	336	322	62	313	134	171	270	157	78	65	94	42	400	330	22	337	400	26	309	398	252	91	372	147	79	424	263	183	187	436	88	424	383	194	404	271	229	74	303	405	66	118	265
300	65	71	363	177	374	109	403	420	238	315	421	12	71	178	315	129	249	382	8	269	3	387	318	87	122	356	183	80	233	10	297	360	292	36	167	230	278	98	33	251	119	13	118	184	354	383	0	391	356	2	382	357	227	207	156	105	182	152	178	269	219	259	437	272	376	322	214	315	333	5	284	373	283	87	35	422	216	301	115	101	333	193	253	295	92	195	41	281	407	61	424	361	292	108	280	385	180	411	121
43	176	101	132	137	389	386	320	363	178	365	299	276	34	28	326	402	105	68	170	372	431	205	315	290	288	386	250	156	116	26	35	171	38	266	196	64	340	315	183	417	1	297	383	245	156	310	16	0	19	429	70	13	327	364	328	285	128	203	122	109	270	149	262	56	415	388	240	231	81	39	188	97	212	15	279	316	77	97	413	191	170	205	13	402	276	30	253	3	308	328	419	270	232	62	431	271	5	46	335
309	169	230	46	275	73	189	220	24	291	170	150	16	355	347	262	110	99	304	409	208	406	386	303	22	163	333	8	342	65	301	432	23	203	301	40	202	339	300	414	268	223	210	334	55	407	296	362	332	0	300	90	70	96	72	34	114	137	153	51	220	151	346	86	92	430	433	359	329	76	245	287	31	351	203	319	103	12	67	274	164	110	36	352	394	82	265	354	228	292	431	127	179	244	366	199	300	429	279	287
291	196	316	175	326	50	107	308	278	264	186	263	349	313	15	438	84	178	123	226	70	299	221	82	275	399	205	265	344	183	428	151	50	234	252	208	108	6	289	212	263	391	240	80	37	321	80	372	155	11	0	121	399	68	232	365	134	156	398	100	132	109	187	93	193	258	240	16	159	219	271	382	34	234	76	362	34	325	309	117	320	384	308	150	330	145	246	16	228	272	249	333	328	214	215	73	29	354	282	123
94	278	169	351	411	189	107	174	151	377	68	20	25	278	344	239	224	298	157	241	334	107	400	256	368	410	280	282	351	279	235	394	9	292	90	394	187	233	78	189	372	175	301	394	253	96	249	344	261	196	383	0	195	214	15	378	251	348	388	249	153	194	131	8	218	192	407	284	222	78	308	351	108	382	350	261	387	122	58	290	312	399	229	168	245	300	115	2	325	212	428	208	95	391	73	240	63	26	430	69
26	310	37	180	326	65	373	362	239	107	2	368	355	366	263	436	119	253	32	324	11	326	351	134	283	203	321	299	206	250	118	426	328	263	262	132	282	57	285	334	339	310	87	148	156	144	438	105	352	362	4	2	0	205	241	69	389	74	122	386	219	416	240	241	180	101	393	90	143	291	34	92	428	333	216	200	43	366	368	370	319	241	407	431	402	171	386	10	330	339	167	161	394	158	286	197	427	194	154	302
23	347	180	401	184	215	199	273	363	100	82	391	366	306	361	156	301	430	282	54	225	45	331	428	379	313	193	193	134	434	16	36	179	251	420	261	408	364	335	217	217	12	150	339	102	126	401	5	225	128	352	408	96	0	7	32	38	252	391	422	284	3	387	67	263	422	205	36	301	403	216	99	76	406	291	127	28	166	122	191	203	129	43	360	209	97	211	4	298	227	32	401	25	375	336	25	286	340	247	240
145	64	248	204	314	13	31	75	162	381	377	309	91	113	142	287	184	13	379	397	150	195	50	85	311	3	69	44	184	202	102	49	98	27	63	13	130	158	286	291	22	200	381	183	111	400	384	45	85	361	256	350	377	230	0	348	5	12	120	117	68	341	265	18	216	380	377	42	301	43	66	71	116	330	372	157	187	101	80	353	77	144	191	165	241	33	271	307	166	169	157	18	53	133	151	357	179	281	404	192
245	63	292	177	310	406	296	311	320	401	282	259	101	382	278	424	426	232	394	195	231	103	156	112	354	90	221	38	393	77	115	433	113	393	161	129	17	106	428	307	74	152	233	302	142	167	121	4	9	321	342	181	313	141	258	0	76	284	51	394	382	84	101	18	164	126	236	2	271	49	187	113	62	268	419	208	381	239	406	69	389	259	156	327	337	170	95	323	217	32	46	309	57	47	25	51	256	29	158	178
58	347	259	405	146	256	68	230	371	273	251	53	87	235	94	276	417	336	332	418	80	250	283	197	317	287	181	266	194	63	69	174	386	266	32	384	78	259	101	270	142	366	281	198	358	407	361	101	159	76	172	262	210	15	223	267	0	207	260	287	14	395	295	332	276	213	43	324	281	372	32	423	87	26	270	361	251	144	81	193	186	430	328	380	202	239	296	232	69	437	94	344	377	101	130	51	330	183	12	351
279	430	250	421	384	77	216	361	436	29	267	415	101	61	125	9	272	382	40	9	129	169	39	103	425	424	368	14	5	188	158	76	309	283	212	315	419	376	1	273	386	10	305	19	90	300	343	70	190	87	47	241	35	180	103	424	34	0	299	66	329	135	298	168	274	364	288	104	434	285	321	303	54	7	202	7	91	42	12	14	219	44	276	306	318	191	95	48	240	174	48	132	18	166	205	60	35	56	153	236
383	260	429	205	239	98	239	303	413	270	266	136	358	57	359	96	36	40	373	30	426	381	225	193	357	357	54	17	94	42	85	428	268	264	368	17	427	371	36	259	147	286	385	82	226	249	358	185	222	361	117	336	291	159	215	15	273	419	0	282	266	18	130	83	117	187	5	85	170	22	261	266	171	319	363	164	175	269	122	435	319	244	103	114	122	198	370	21	329	401	246	177	140	318	128	184	268	85	96	427
168	73	433	340	154	50	122	233	130	361	122	387	195	284	342	104	53	424	386	251	307	226	386	145	103	60	413	378	222	424	17	86	104	286	219	217	221	276	304	73	110	259	304	166	418	246	131	171	367	260	204	47	223	55	411	185	28	290	89	0	435	256	177	333	219	425	230	77	313	275	13	310	265	317	140	302	198	165	134	243	173	335	324	42	271	6	20	413	123	194	41	105	21	140	281	438	89	370	294	80
175	29	184	88	422	29	179	195	363	73	306	86	337	436	192	220	192	61	94	376	19	400	431	266	212	376	35	378	386	16	17	114	311	151	137	227	50	117	127	397	413	304	106	299	415	264	325	72	280	312	364	154	332	409	64	152	162	96	196	83	0	178	196	343	58	208	180	335	250	230	211	171	252	183	19	313	325	392	142	303	412	298	360	389	371	280	407	269	322	284	278	337	153	86	239	249	321	297	262	192
78	264	415	33	99	266	328	294	129	368	299	352	423	179	99	265	101	245	146	298	310	96	418	79	16	43	296	330	41	53	309	180	141	67	258	196	50	355	104	128	207	158	197	175	128	260	76	365	94	301	378	271	77	111	280	155	132	69	163	339	249	0	292	189	91	95	415	216	204	173	348	353	384	368	332	99	406	285	310	11	340	33	118	380	103	74	416	274	267	21	143	123	185	30	80	5	201	316	229	359
61	371	64	51	406	17	376	76	39	326	359	68	301	187	65	46	400	76	166	361	385	159	390	193	49	140	205	408	131	21	22	322	67	362	109	255	16	105	392	250	19	106	169	385	290	142	125	4	369	35	166	74	414	39	176	419	208	234	24	50	61	398	0	376	29	182	284	89	237	337	318	212	220	198	405	53	383	344	114	331	107	24	105	6	380	55	75	239	206	280	430	61	307	271	430	371	339	311	136	237
58	303	191	32	364	231	359	22	186	295	236	410	46	210	47	314	217	420	42	413	261	268	401	187	391	313	148	116	340	87	405	384	315	330	381	5	268	110	182	390	60	164	223	73	432	317	347	354	30	36	285	416	110	403	191	80	317	18	402	50	233	128	111	0	284	167	379	281	155	154	382	72	215	290	305	92	76	282	327	358	291	24	171	235	184	218	196	32	107	312	59	344	307	66	339	313	319	240	333	74
140	269	308	16	71	379	203	104	27	438	226	116	411	30	293	350	419	240	322	52	358	346	246	412	141	116	90	344	412	88	202	353	129	377	238	438	139	30	292	274	420	31	171	77	267	311	133	377	312	58	428	399	112	171	230	398	299	111	136	111	249	196	403	265	0	316	79	420	102	414	408	121	246	28	213	278	270	280	399	73	366	366	48	243	202	315	309	409	433	71	122	228	313	85	438	437	164	266	133	317
279	219	8	153	180	236	287	129	251	211	387	198	43	141	432	137	40	313	176	415	356	368	313	109	232	413	128	75	380	181	122	14	43	422	425	319	168	372	356	305	423	82	83	137	140	260	174	38	291	356	333	193	357	249	395	420	320	435	414	219	38	49	287	179	87	0	369	263	22	392	187	117	346	35	332	139	369	423	86	406	329	428	202	12	277	163	10	216	191	414	405	190	126	194	353	294	360	70	193	116
35	239	428	168	214	56	55	35	54	327	325	58	255	325	88	385	1	106	320	377	333	333	401	428	72	135	377	393	76	72	340	244	262	99	431	7	358	141	260	102	262	58	355	244	194	170	79	261	165	194	399	427	274	349	148	426	97	47	340	76	56	139	101	47	203	435	0	107	4	319	237	138	90	95	259	391	367	291	87	212	213	146	318	291	141	155	9	43	107	159	201	353	281	298	207	110	395	87	56	60
357	279	380	47	22	63	147	429	249	393	286	80	253	299	208	221	269	81	297	176	164	156	12	161	378	331	381	255	254	104	219	292	434	144	12	332	300	207	36	84	59	431	23	170	255	197	324	436	317	384	30	295	335	80	191	184	128	189	376	369	242	269	284	310	35	123	314	0	278	329	388	49	378	57	102	280	145	334	18	145	77	268	180	364	106	214	248	129	187	324	246	37	401	328	96	56	47	381	411	149
330	26	35	403	323	122	58	295	164	360	339	282	348	337	344	342	3	264	197	95	292	344	88	365	406	333	331	286	189	297	119	65	386	15	185	40	45	345	103	387	124	264	286	294	199	346	24	131	63	60	325	109	383	192	377	278	354	82	227	149	378	51	423	318	287	310	356	380	0	151	291	174	122	395	367	71	344	136	271	221	252	254	76	269	418	221	60	36	248	65	23	100	31	222	307	56	26	271	18	373
285	265	187	278	109	192	160	238	29	99	165	378	332	404	433	224	407	382	302	53	155	173	320	259	182	214	118	383	53	119	135	39	133	6	315	87	233	311	208	335	418	227	18	65	358	256	205	324	240	63	10	70	99	23	369	170	412	336	321	196	230	44	17	135	175	171	263	393	117	0	86	367	149	329	111	9	364	298	29	259	156	379	114	218	2	20	98	2	271	55	135	313	154	59	366	418	317	173	254	286
188	93	170	70	240	370	257	360	138	364	44	272	42	416	351	326	116	413	423	311	303	89	69	138	307	252	79	227	396	61	163	257	136	73	81	35	308	82	376	189	372	437	398	47	337	316	352	327	144	186	363	100	283	313	333	239	40	262	12	295	314	338	294	102	270	333	44	7	216	26	0	201	287	171	306	267	78	349	194	214	126	315	396	284	251	58	154	369	420	116	304	319	308	395	151	410	212	12	275	221
417	79	203	4	126	103	138	33	250	395	103	319	318	381	214	137	22	191	371	376	207	66	381	106	85	115	357	354	178	424	414	192	142	375	74	268	202	338	137	40	201	164	432	233	10	354	411	155	334	158	209	211	366	107	192	283	298	114	299	48	225	362	115	101	57	74	208	195	259	69	275	0	65	174	422	3	430	250	328	106	201	400	351	262	113	245	45	239	98	243	221	304	8	329	121	153	386	60	54	183
350	91	120	117	1	36	401	190	354	385	296	25	161	98	43	126	204	188	65	193	20	350	67	94	302	148	223	401	332	151	108	229	436	395	284	122	293	376	434	168	413	378	246	303	69	71	238	423	218	281	266	233	393	250	288	75	328	110	177	305	426	430	253	227	331	46	70	96	317	187	30	171	0	368	94	352	88	396	282	248	154	277	326	135	157	241	231	300	305	222	280	296	209	420	261	71	198	213	348	351
8	104	255	372	103	291	289	121	242	260	419	192	312	7	109	61	424	238	247	165	197	2	101	177	178	139	343	350	278	211	189	214	351	234	313	292	8	238	76	17	349	23	116	309	32	308	177	386	376	158	94	138	157	27	182	311	308	197	14	201	345	417	127	231	18	6	219	19	34	175	5	310	405	0	198	3	234	24	340	127	337	156	107	282	144	64	386	15	171	112	40	258	200	252	213	40	413	26	322	83
274	216	426	158	203	45	276	236	287	273	409	422	411	216	408	352	20	212	212	203	237	329	375	418	48	28	92	271	192	249	61	175	159	91	114	237	356	422	61	360	56	328	282	117	421	107	410	88	141	309	8	381	110	35	285	14	139	137	89	216	291	354	119	389	144	340	114	50	384	347	6	61	98	347	0	210	60	155	253	402	146	381	377	430	78	92	255	101	356	259	316	409	22	173	183	1	42	147	390	210
224	127	248	61	252	146	302	18	65	262	207	365	345	375	219	100	378	301	80	31	3	254	90	74	40	418	175	314	328	158	160	29	91	391	17	32	381	148	287	247	206	44	426	260	368	109	85	284	47	183	224	413	74	432	226	97	363	116	318	68	250	372	384	24	426	380	240	238	168	405	112	125	168	336	197	0	128	1	230	383	109	109	72	152	319	32	143	429	264	242	340	213	149	18	290	214	128	314	57	244
20	232	53	270	377	238	345	348	233	135	267	280	308	192	187	169	273	259	200	103	369	437	351	95	345	124	371	105	411	419	101	434	10	32	47	9	191	421	26	423	24	426	134	433	56	22	209	149	104	420	235	328	180	217	316	281	168	226	64	8	226	18	401	99	27	21	234	407	157	400	305	407	144	374	296	95	0	375	87	98	330	340	405	203	252	390	14	184	9	349	214	281	48	387	15	87	258	23	321	290
382	149	254	214	247	89	134	270	88	51	38	387	194	235	159	291	385	166	289	14	198	384	390	231	216	268	395	130	171	327	130	281	246	138	25	352	76	195	279	328	259	138	323	88	193	131	423	251	180	392	240	298	65	259	375	396	354	107	293	96	369	243	358	322	239	260	437	328	104	436	146	370	209	293	350	357	200	0	354	333	219	293	315	222	110	312	196	102	143	158	286	124	429	49	29	74	393	132	278	46
95	10	136	417	205	45	61	281	105	192	152	321	170	317	400	426	124	183	237	350	48	253	368	289	366	54	302	241	351	277	280	245	270	119	291	352	24	123	19	176	129	94	221	283	351	397	423	337	395	384	112	116	164	366	307	66	201	224	27	260	248	306	376	79	83	115	253	184	292	131	372	164	434	74	207	202	24	145	0	16	426	77	12	416	295	283	105	108	296	230	87	316	201	133	348	158	377	32	124	8
313	365	402	397	43	382	97	335	274	389	114	248	361	96	172	275	94	43	64	140	245	222	190	338	426	26	10	46	432	375	212	120	242	313	167	272	354	67	326	360	399	30	86	113	59	247	201	122	28	56	25	25	390	247	423	177	414	1	304	273	272	313	317	91	392	82	381	208	283	48	56	319	187	137	54	117	272	16	263	0	148	164	129	269	52	292	72	357	312	324	143	288	126	312	354	153	298	96	242	79
178	232	313	142	162	324	268	196	40	189	384	48	179	54	229	206	266	31	186	252	404	254	338	224	265	289	276	180	330	154	228	257	19	5	16	412	242	427	349	161	41	308	158	191	392	361	102	245	397	290	243	287	260	289	12	136	157	116	182	139	283	90	32	74	258	201	245	15	52	181	34	286	359	269	192	396	363	330	362	235	0	211	42	428	262	11	265	164	109	130	68	354	351	164	210	166	277	330	384	241
154	133	256	25	381	235	407	88	422	108	345	394	266	228	28	25	371	331	199	260	24	26	208	192	377	124	353	63	288	118	205	360	130	401	54	135	310	179	358	259	133	43	67	111	381	141	264	177	207	106	352	273	39	326	345	356	204	174	425	53	217	84	355	368	333	387	197	110	408	111	265	241	127	361	155	431	93	218	297	256	249	0	121	242	370	201	272	405	167	200	325	318	242	239	34	410	45	277	102	104
406	309	162	205	260	321	358	295	227	214	96	332	184	17	244	105	196	204	188	382	431	184	36	42	420	368	380	252	59	204	238	117	318	398	95	258	329	276	242	22	168	81	259	122	325	276	315	2	92	389	87	373	53	157	401	208	371	166	356	268	85	305	23	192	400	318	261	270	312	311	267	71	429	224	91	244	418	32	120	145	82	294	0	148	72	232	131	320	403	156	385	28	146	244	12	131	203	202	163	141
91	278	160	435	296	173	291	283	320	83	38	414	11	387	153	68	137	238	300	42	107	178	185	83	378	406	377	331	330	302	328	277	360	63	121	290	292	285	409	319	2	19	430	77	39	361	373	225	390	392	96	32	316	93	117	322	100	123	246	57	181	292	31	157	308	89	362	82	2	238	361	185	233	251	216	56	81	77	81	90	428	416	196	0	149	292	378	245	329	358	416	85	46	304	284	386	434	143	69	384
193	111	146	329	426	378	415	234	399	205	419	186	293	285	117	178	26	4	14	243	14	431	5	295	137	140	262	144	238	367	115	339	14	104	290	184	70	280	371	429	133	240	143	390	279	29	263	326	364	421	206	308	213	243	125	204	389	357	114	160	118	223	6	392	394	349	299	301	340	328	183	110	224	343	58	142	433	371	45	100	82	193	265	182	0	338	34	3	65	269	249	387	23	253	298	179	437	208	359	57
104	340	393	345	108	141	116	159	178	365	23	218	186	299	219	256	134	49	366	360	435	180	235	3	282	329	84	313	393	236	400	359	276	135	122	212	8	352	259	94	244	172	360	284	246	102	355	201	370	46	199	172	165	221	432	24	411	108	29	178	338	275	41	262	245	209	432	231	413	100	60	213	9	240	401	366	311	433	27	163	431	307	113	324	270	0	237	316	310	204	261	218	140	408	272	185	296	385	122	214
227	359	336	202	201	69	347	389	157	261	429	366	389	203	60	290	63	260	220	185	387	13	353	132	102	97	290	180	324	352	261	209	249	48	332	139	166	280	419	340	289	184	107	229	248	130	410	401	232	311	180	4	71	325	80	411	218	272	118	175	64	383	97	257	335	24	149	42	358	320	308	125	414	438	127	383	333	172	129	58	76	434	330	159	436	367	0	22	152	126	112	323	11	32	160	181	44	94	193	240
107	123	321	381	257	131	303	389	388	230	381	321	253	302	221	195	157	268	89	117	347	17	31	83	174	151	352	158	180	204	279	373	357	395	72	270	4	194	266	108	15	393	358	96	31	357	205	114	284	309	39	394	426	18	148	416	44	254	225	8	274	70	309	438	47	91	386	53	109	286	214	375	405	196	47	297	67	18	348	375	222	302	15	79	202	47	420	0	427	413	118	243	337	326	319	384	410	432	364	263
257	253	281	187	368	53	56	315	122	244	394	329	52	334	240	284	342	380	102	200	105	119	33	7	161	128	69	429	111	45	241	164	213	15	148	184	347	357	262	293	48	409	410	430	205	55	156	169	358	25	230	147	56	285	39	157	338	324	168	332	434	331	102	394	243	306	310	53	345	167	220	12	130	415	303	170	16	401	223	163	51	28	17	93	393	363	67	158	0	433	367	341	279	79	136	283	365	408	6	18
275	326	280	389	113	72	348	326	294	139	296	141	345	120	299	412	337	266	68	175	120	20	345	167	20	101	30	153	406	110	120	281	277	175	266	208	346	344	37	241	267	84	82	381	327	227	360	70	429	158	292	231	435	218	409	80	129	304	132	352	38	385	190	257	147	121	150	412	209	49	356	71	223	177	294	425	33	407	303	198	5	301	396	75	27	130	435	188	335	0	139	175	250	125	219	437	88	277	103	32
50	389	5	420	246	92	249	387	238	48	178	341	254	399	197	139	45	350	381	221	315	295	323	80	128	355	413	113	88	307	373	282	341	316	265	337	159	299	355	395	380	142	241	166	237	267	297	245	56	420	410	290	106	205	113	340	361	321	323	114	312	385	88	271	274	11	358	204	26	354	107	220	34	84	373	346	19	210	351	93	411	270	323	345	109	223	189	290	436	258	0	333	379	90	134	333	391	395	327	307
330	356	5	30	204	53	141	427	57	250	148	173	359	19	60	416	245	282	104	310	89	429	349	274	61	323	178	144	316	20	6	339	136	4	418	361	85	48	199	334	217	420	321	263	3	209	230	86	119	421	313	255	243	53	197	371	127	361	104	47	423	350	282	171	212	188	370	86	104	437	43	414	78	323	1	171	126	217	73	247	320	340	316	267	155	188	213	365	123	177	385	0	125	259	94	260	353	340	200	398
179	188	33	351	39	285	195	33	436	238	13	228	239	359	13	313	201	65	414	317	80	24	165	251	305	160	344	409	318	301	152	228	136	288	171	342	64	74	397	36	23	64	289	127	416	184	61	394	421	157	103	420	7	217	370	39	40	63	8	421	254	310	360	150	284	62	181	92	204	330	160	295	125	231	202	158	393	224	292	313	183	61	160	118	303	437	291	175	185	405	33	262	0	64	20	371	210	69	311	117
107	272	209	37	438	122	269	121	242	164	237	75	435	1	168	368	158	55	361	234	148	324	413	333	232	272	175	156	191	184	369	201	145	2	294	24	294	340	128	384	158	391	134	426	137	375	353	363	75	70	72	95	221	273	318	150	92	416	254	260	386	12	112	431	319	232	147	429	143	190	274	314	282	93	190	270	372	9	393	289	365	321	232	423	190	429	260	357	337	248	414	312	278	0	139	122	410	81	316	282
166	57	88	143	31	225	432	174	194	10	327	294	204	205	148	346	419	172	432	172	407	35	146	424	171	56	161	3	158	59	88	416	141	192	358	294	89	228	329	214	371	287	141	131	332	84	190	159	283	398	352	266	407	173	408	40	403	288	204	84	227	145	77	331	65	280	230	300	320	253	124	365	61	33	237	88	224	201	85	297	267	249	413	213	180	87	427	392	428	202	379	31	103	379	0	260	366	13	44	140
297	366	121	394	298	358	273	112	246	274	198	82	259	183	321	120	237	58	99	78	191	212	217	342	107	2	92	362	95	75	265	107	243	283	72	238	260	405	220	390	124	228	275	137	268	391	422	414	143	386	78	119	331	65	394	129	154	327	412	92	182	313	337	286	101	80	107	238	182	285	342	214	102	146	394	262	254	264	175	171	285	149	9	176	337	335	266	220	351	312	51	193	51	67	398	0	229	319	328	248
126	24	241	243	29	437	2	377	411	111	277	168	287	341	371	428	293	295	132	315	87	249	359	425	236	419	101	67	113	389	124	211	267	140	235	98	292	221	16	163	44	246	58	243	406	99	432	268	135	182	39	236	169	256	174	240	429	108	80	294	155	149	426	8	150	285	366	387	133	406	53	112	312	241	98	393	280	436	162	57	12	74	388	31	379	258	35	165	85	108	73	173	304	54	78	2	0	113	324	325
116	34	342	27	19	377	150	260	226	92	421	133	171	270	362	185	127	219	149	53	92	317	103	84	250	73	348	191	404	65	394	208	86	351	2	48	268	310	366	125	397	403	344	193	347	41	409	335	62	271	55	334	80	201	375	220	346	105	83	436	268	341	238	265	67	83	298	134	389	199	361	385	390	167	436	321	316	238	147	171	405	107	239	396	38	413	391	129	321	184	302	129	344	232	242	355	46	0	418	58
224	302	154	8	194	405	357	296	205	270	429	378	402	225	264	95	252	168	407	418	127	331	202	293	393	10	259	127	168	154	159	438	126	148	163	214	27	303	146	69	130	168	121	62	373	384	165	95	432	284	398	10	381	254	108	50	90	15	169	345	207	166	79	16	253	256	161	423	95	270	246	314	90	90	99	333	297	401	429	29	286	327	190	238	356	319	193	32	336	232	125	396	217	31	23	61	253	66	0	314
43	296	98	269	146	258	398	376	226	160	49	49	280	312	433	182	128	34	159	423	20	8	357	10	203	6	337	354	182	189	158	113	160	132	99	293	101	192	411	256	231	319	398	394	58	112	319	215	295	272	32	37	268	106	68	435	112	413	171	207	146	341	221	319	423	85	323	23	50	219	326	437	242	347	106	196	177	251	387	102	82	112	158	321	260	83	261	134	403	15	73	256	75	243	138	334	56	21	243	0
