A	B	C	D	E	F	G	H	I	J	K	L	M	N	O	P	Q	R	S	T	U	V	W	X	Y	Z	AA	AB	AC	AD	AE	AF	AG	AH	AI	AJ	AK	AL	AM	AN	AO	AP	AQ	AR	AS	AT	AU	AV	AW	AX	AY	AZ	BA	BB	BC	BD	BE	BF	BG	BH	BI	BJ	BK	BL	BM	BN	BO	BP	BQ	BR	BS	BT	BU	BV	BW	BX	BY	BZ	CA	CB	CC	CD	CE	CF	CG	CH	CI	CJ	CK	CL	CM	CN	CO	CP	CQ	CR	CS	CT	CU	CV
0	28	17	41	76	91	116	9	7	132	98	71	72	39	115	6	77	110	36	47	121	16	24	116	41	73	63	121	66	19	129	121	102	59	44	7	107	83	74	101	118	94	100	6	7	109	59	2	89	50	73	122	136	114	52	73	89	13	3	78	66	114	131	96	2	118	95	53	108	43	77	14	107	55	9	47	79	110	28	86	125	24	56	27	3	2	53	98	131	50	37	67	89	113	123	90	74	7	78	23
94	0	30	119	50	1	52	30	19	131	68	11	88	87	30	50	55	18	16	25	51	97	47	11	33	1	72	7	120	54	121	109	130	128	111	8	115	39	34	20	50	123	58	87	87	4	73	69	45	95	123	35	123	130	131	61	22	33	40	12	6	97	133	47	17	3	24	59	110	132	88	126	22	22	67	96	41	10	11	41	119	123	85	140	62	9	82	70	67	114	37	127	86	61	77	101	20	2	64	94
73	68	0	113	135	69	18	88	127	91	16	137	117	99	92	125	1	106	39	57	30	78	83	98	123	134	21	33	112	18	28	98	114	9	21	73	119	63	87	30	59	139	62	2	108	64	137	79	135	13	2	129	12	133	40	115	14	13	16	54	108	19	96	56	86	49	86	57	90	105	23	40	17	30	99	30	43	56	78	129	132	5	58	125	4	15	125	92	16	81	61	107	125	36	2	41	116	92	24	4
102	75	116	0	106	75	65	34	133	135	61	128	127	50	55	96	49	60	94	140	24	17	54	96	117	24	74	134	51	57	126	64	97	126	134	21	80	108	138	36	37	28	57	31	3	13	61	78	9	55	9	86	116	24	75	27	77	34	126	100	122	83	136	97	72	20	67	61	17	22	57	42	54	98	99	64	33	89	120	38	29	127	126	55	137	81	133	19	45	128	15	34	108	50	140	76	22	82	51	39
16	67	120	37	0	102	21	22	82	137	118	48	47	140	6	66	135	124	1	96	100	18	75	61	20	59	88	125	106	91	57	70	118	116	10	123	4	104	11	110	77	99	24	92	103	79	52	23	93	103	130	84	135	137	102	116	69	106	56	39	99	88	17	5	100	26	47	4	57	121	75	78	79	14	123	18	140	69	9	76	33	1	116	83	12	98	46	39	103	136	45	74	57	45	113	23	116	123	104	98
123	135	1	92	7	0	8	61	28	61	121	71	111	52	1	38	40	67	9	93	45	134	79	105	56	89	41	23	91	62	130	80	84	34	114	117	107	97	53	137	14	140	51	134	114	76	22	15	37	62	58	79	118	96	3	77	124	44	74	50	76	73	135	31	99	87	3	14	5	103	47	64	46	77	92	96	95	49	70	16	61	122	99	86	76	137	35	7	105	109	77	47	95	30	7	109	59	64	139	121
20	76	66	105	93	123	0	83	125	46	121	6	72	96	90	96	90	54	28	103	21	25	99	82	88	69	92	114	59	74	104	87	106	111	104	7	128	26	73	129	51	3	75	99	128	130	49	28	76	71	68	50	78	24	39	34	7	117	87	122	131	100	35	139	54	92	44	100	95	63	127	6	89	74	56	32	28	105	29	58	67	139	140	118	75	109	83	119	19	60	136	97	37	115	70	96	64	70	5	70
76	75	112	98	130	125	23	0	123	22	135	7	101	91	48	51	25	80	94	121	110	124	39	120	12	112	42	62	93	118	79	54	57	93	92	91	36	120	67	51	103	67	106	42	11	56	50	89	73	6	125	102	73	54	10	128	13	25	20	124	21	54	5	87	34	68	127	19	119	70	38	74	23	117	51	12	77	139	133	53	36	13	94	110	110	116	28	122	126	118	43	69	126	11	46	48	79	11	110	15
73	134	44	43	92	127	62	8	0	106	57	119	53	67	58	61	24	133	131	52	125	97	58	28	94	118	20	3	54	73	73	21	45	135	80	132	54	66	128	77	123	60	87	47	35	14	121	32	25	77	43	22	64	76	104	130	125	77	102	25	131	18	78	2	49	15	58	132	98	65	137	52	140	86	50	2	85	22	49	29	53	129	25	115	19	128	56	93	9	59	52	13	42	117	19	99	44	36	40	101
51	52	8	106	42	78	115	18	21	0	30	16	104	1	76	83	92	98	12	26	71	91	16	139	74	97	126	38	79	3	20	52	139	40	58	44	61	32	133	97	97	17	93	60	6	1	95	120	19	111	129	77	10	76	79	122	118	8	134	62	117	2	3	24	45	70	114	98	71	125	59	125	118	4	92	125	72	54	101	131	135	108	117	106	20	138	55	50	53	81	52	100	71	61	86	56	66	116	105	33
49	131	6	26	54	69	52	100	89	35	0	54	124	43	95	23	3	62	9	129	22	95	34	81	49	36	63	135	139	20	105	64	72	97	14	46	27	53	73	75	91	124	76	34	51	75	41	113	52	84	77	91	121	45	82	82	40	84	94	31	31	45	30	55	25	42	23	78	12	93	133	15	98	38	108	28	36	33	29	63	10	110	22	82	105	85	105	62	79	1	107	71	47	109	66	22	25	69	77	76
26	86	50	61	126	53	99	84	67	62	110	0	100	88	140	121	65	81	39	82	3	117	139	68	110	41	50	122	139	97	14	70	34	4	95	75	94	4	129	72	35	49	83	93	88	134	119	8	104	79	50	87	42	25	130	17	73	127	98	135	120	78	5	51	17	28	38	112	7	115	71	25	88	60	115	49	52	113	126	80	72	126	69	46	34	89	2	136	138	140	34	79	25	40	80	77	75	44	23	5
40	84	50	53	64	10	7	80	11	93	56	10	0	35	60	43	89	88	61	10	122	86	22	125	95	69	54	50	119	55	33	116	130	104	79	6	57	104	12	20	119	5	50	39	137	32	45	19	31	12	8	14	25	110	52	33	34	115	109	130	81	16	12	70	115	60	44	54	13	48	135	11	48	110	2	50	104	67	118	63	86	41	48	16	8	24	80	91	6	94	71	27	50	51	115	77	88	15	120	107
56	25	106	119	68	13	75	4	80	107	4	80	9	0	45	92	71	9	88	100	68	48	85	133	68	116	116	124	100	116	68	68	73	132	121	47	133	46	30	37	28	79	15	111	124	28	50	113	48	6	53	86	86	103	79	17	40	66	105	9	76	75	20	38	64	18	19	5	78	25	133	127	56	126	87	33	121	83	115	70	85	75	62	36	30	112	114	101	81	48	19	26	16	92	95	137	17	57	85	50
129	120	23	100	120	66	110	110	35	72	56	64	50	43	0	90	52	99	25	74	43	123	6	113	133	48	36	68	103	107	57	32	126	46	53	24	62	100	70	79	95	90	75	45	39	121	7	5	89	77	42	135	39	70	134	40	40	108	32	54	87	55	46	93	82	137	83	108	128	97	97	108	103	21	109	75	92	119	37	86	107	40	77	105	71	119	76	53	25	116	87	31	28	49	86	96	125	57	104	25
98	63	66	121	121	28	68	139	124	131	42	122	36	116	82	0	55	62	46	21	13	42	20	78	75	32	115	121	45	92	89	67	139	53	27	125	133	7	99	127	16	82	47	123	57	14	115	1	104	28	30	100	124	68	100	135	69	122	107	45	111	54	24	45	41	43	126	123	25	45	128	88	56	102	97	97	8	97	135	134	9	73	79	14	125	111	4	73	79	118	39	19	73	119	122	44	65	10	116	128
125	114	64	76	86	11	117	61	6	122	15	45	32	126	3	116	0	12	40	129	71	65	116	38	43	75	46	16	123	66	112	113	35	117	75	109	33	67	104	136	28	119	102	126	38	73	20	4	64	53	90	72	121	20	31	113	49	68	134	7	101	18	33	139	28	74	91	7	33	64	108	110	41	90	26	22	96	102	137	28	114	90	49	57	99	3	79	117	109	8	59	41	71	126	44	69	57	69	124	119
73	140	79	139	86	20	66	72	48	44	91	2	97	19	62	118	44	0	47	20	60	64	60	27	6	3	14	135	6	41	100	137	128	41	124	64	4	26	59	35	103	127	43	84	46	10	2	93	123	50	121	69	65	2	120	16	95	115	24	79	20	98	5	32	55	66	49	71	59	36	42	102	124	90	54	65	62	109	28	91	87	95	128	99	106	39	139	19	15	89	48	128	40	29	26	113	43	106	104	19
97	65	90	86	7	72	41	79	114	82	50	140	123	129	100	133	38	63	0	20	2	100	68	22	64	124	118	124	71	51	11	84	90	96	65	13	14	91	12	126	76	109	75	34	45	75	120	139	132	48	89	34	88	96	85	24	4	92	124	101	34	24	105	93	136	8	36	140	70	29	120	137	133	11	12	72	71	76	32	105	52	95	58	77	25	51	121	28	129	100	61	50	29	134	62	60	106	62	33	11
55	47	19	126	86	78	64	30	31	89	126	13	83	117	20	9	66	8	91	0	135	118	122	71	38	35	30	79	12	84	53	67	100	131	75	87	22	74	64	35	3	71	137	93	125	70	124	13	22	103	51	93	115	38	118	35	97	107	97	37	9	87	10	139	24	88	22	135	48	79	125	35	105	49	62	100	90	1	115	87	14	84	127	118	81	7	105	102	91	74	22	134	93	105	33	63	117	88	15	139
57	42	29	66	99	11	98	76	45	36	29	140	95	106	28	116	21	30	101	8	0	128	92	103	102	15	109	128	27	135	61	47	27	48	40	128	91	92	22	138	104	65	52	13	13	41	61	2	78	95	66	120	84	41	129	127	79	18	23	49	84	139	100	5	48	49	87	30	80	26	7	111	132	16	140	97	122	85	87	91	89	126	73	16	57	42	58	91	94	57	32	39	66	122	30	23	44	117	96	99
108	75	107	12	3	114	136	116	116	105	9	130	126	140	55	79	95	10	72	26	136	0	136	90	9	31	4	29	8	46	54	5	27	12	52	119	38	86	21	55	54	97	63	10	95	78	137	25	137	58	102	38	18	128	42	38	83	135	125	21	30	31	56	21	101	94	123	81	72	4	77	17	10	60	51	121	4	122	29	95	36	4	6	71	79	35	4	10	72	28	95	51	97	129	15	82	134	135	5	88
117	128	58	62	93	52	70	103	138	68	113	133	66	60	48	106	134	89	66	3	133	44	0	102	54	17	82	102	11	107	73	132	27	117	34	4	63	45	83	114	15	93	81	2	88	114	52	26	50	63	140	105	94	62	30	30	69	8	42	14	85	79	63	90	25	75	106	34	117	78	50	115	136	10	118	110	44	105	72	80	10	75	46	123	28	101	97	97	113	125	30	117	53	51	66	103	51	32	25	16
84	96	41	80	30	18	111	23	11	63	79	74	10	73	17	71	123	71	62	10	114	54	53	0	6	138	139	39	71	60	102	35	107	70	7	8	54	89	23	104	2	5	119	118	22	66	119	9	41	7	98	40	58	82	138	33	94	112	24	3	87	39	68	135	23	124	22	40	125	127	109	35	81	36	104	106	30	49	59	129	123	14	135	140	72	31	14	140	68	44	83	38	22	24	130	81	14	47	68	38
72	75	102	109	69	64	114	119	77	77	58	84	42	113	96	34	91	49	89	38	120	8	25	40	0	70	124	130	109	4	12	99	129	94	63	22	72	122	86	1	107	108	37	135	30	15	95	36	54	16	4	121	137	13	131	46	56	97	140	40	129	53	107	91	81	57	42	80	77	104	50	82	81	18	116	129	101	128	43	76	98	65	61	75	102	109	106	54	78	96	53	106	34	91	70	85	7	6	131	93
140	122	20	137	103	61	107	37	60	54	71	81	109	57	94	119	27	98	76	121	125	122	8	6	110	0	66	86	101	133	9	67	63	101	88	26	34	8	75	1	3	28	121	45	68	5	74	53	136	128	2	73	95	16	49	73	113	74	57	9	123	42	118	5	133	75	134	32	94	26	65	27	76	72	17	35	3	8	83	48	3	117	47	24	76	38	136	24	122	8	127	89	135	60	125	4	102	88	9	128
117	62	39	121	49	136	49	36	3	7	27	15	127	134	75	38	113	78	43	57	53	91	17	48	86	23	0	77	78	68	113	116	12	22	130	45	23	25	65	91	42	7	82	11	140	140	15	93	74	92	75	9	54	76	124	65	29	35	12	51	53	138	71	19	75	4	140	19	16	129	140	91	59	26	59	118	4	88	98	33	128	48	123	37	31	132	17	5	29	132	118	138	31	55	121	72	33	94	93	27
15	116	71	56	76	115	109	113	43	9	55	30	18	135	140	18	119	57	59	94	132	67	86	126	50	25	32	0	119	96	63	52	56	69	77	90	135	120	75	19	13	101	128	105	17	48	98	63	123	8	72	95	56	112	107	69	2	69	46	35	75	132	103	133	16	27	138	85	56	114	92	122	2	103	49	112	130	133	26	132	66	101	87	101	78	93	32	95	40	27	127	42	74	29	92	119	137	108	52	17
77	16	24	3	37	112	68	54	20	48	118	87	120	89	69	100	34	126	125	100	38	126	93	78	14	10	51	27	0	128	7	22	135	94	70	80	79	39	83	46	116	97	52	13	130	24	43	42	132	102	106	137	57	130	43	103	134	84	17	36	56	117	129	27	55	122	67	74	69	67	109	56	136	133	21	33	68	100	69	79	107	31	126	117	46	89	57	90	63	85	110	66	127	71	67	96	78	2	101	52
103	104	16	14	49	9	110	6	121	42	131	137	105	69	74	43	133	45	124	42	95	94	95	14	87	78	118	11	51	0	13	19	134	11	76	7	6	2	33	22	52	64	14	124	78	88	68	127	111	34	118	81	73	79	30	3	49	121	31	84	78	114	61	3	66	100	131	109	106	137	110	2	11	12	32	69	19	39	2	129	131	40	3	29	55	139	97	59	49	106	6	127	1	56	130	2	79	51	108	35
127	72	62	33	58	36	73	127	44	134	61	5	38	113	84	84	114	99	22	118	29	2	104	72	92	115	99	60	21	42	0	84	133	111	67	137	42	13	121	108	8	7	89	78	34	73	51	103	45	19	34	101	75	128	117	97	124	126	37	7	29	47	42	97	97	122	6	98	139	109	104	6	138	8	119	13	16	10	87	70	135	114	101	64	129	41	107	86	53	115	109	55	80	124	54	69	108	67	106	120
8	106	11	89	78	84	51	131	86	12	102	60	114	41	17	24	9	110	35	93	124	37	89	119	68	118	69	38	48	49	94	0	92	45	59	91	86	113	116	137	90	59	15	102	14	2	87	64	115	30	111	52	122	95	30	27	103	121	75	122	9	101	121	116	102	47	60	17	29	50	126	105	56	99	129	45	114	59	106	69	98	92	15	121	54	18	70	137	12	136	41	59	72	117	115	71	91	111	113	93
50	21	81	9	47	136	117	72	123	98	53	67	94	118	66	49	14	75	60	69	32	29	55	139	95	48	12	21	58	115	102	114	0	124	11	111	84	11	86	24	17	124	47	77	137	70	68	18	54	91	70	140	59	121	140	101	74	102	11	16	132	94	89	57	34	117	57	68	97	45	113	12	103	112	33	70	135	39	135	4	99	96	3	8	56	99	103	90	123	118	63	120	44	100	136	7	55	117	58	54
81	50	81	40	78	10	99	108	56	12	63	140	52	41	127	9	105	105	89	4	93	22	45	84	70	82	102	108	135	36	76	59	10	0	67	92	110	42	102	134	136	23	37	66	116	52	109	23	110	84	7	119	31	30	119	53	87	131	77	45	108	28	85	52	15	123	110	102	16	34	93	44	72	93	27	63	101	29	4	47	129	6	91	132	36	44	93	18	84	30	102	70	99	85	32	101	43	65	8	119
67	16	63	48	41	86	100	132	85	114	88	125	132	26	74	122	64	51	42	39	55	76	13	138	52	119	50	98	80	137	26	35	44	19	0	59	86	41	26	109	17	46	6	120	82	102	120	76	40	66	91	45	109	89	133	91	65	48	5	99	111	131	8	16	76	11	9	33	120	25	52	42	55	51	61	77	125	89	114	56	64	16	37	28	103	127	26	50	140	50	48	55	63	99	126	19	63	25	49	81
1	122	19	52	134	70	52	35	5	101	56	130	75	25	72	64	107	81	36	112	134	99	138	18	52	137	132	1	10	76	70	97	78	138	137	0	131	81	61	19	13	108	105	32	19	127	78	104	97	135	1	34	113	110	85	10	75	126	77	61	131	93	54	106	58	14	112	104	58	28	134	2	82	88	18	135	40	93	129	140	56	37	40	2	121	84	7	99	15	41	135	7	10	128	92	31	97	130	106	64
43	19	68	80	91	136	94	98	68	65	117	90	80	43	79	6	48	39	17	97	68	64	24	89	47	79	41	33	52	108	53	90	51	35	83	101	0	99	49	65	24	54	89	46	10	44	81	71	123	119	65	127	63	112	38	64	119	42	82	94	6	118	68	22	23	40	121	132	91	107	8	22	113	122	140	129	123	135	122	35	122	39	20	48	30	16	128	26	54	57	78	105	123	102	134	23	62	70	95	121
24	43	28	8	65	109	130	14	40	54	115	52	131	11	8	8	45	35	107	27	83	140	53	13	96	130	60	85	134	1	108	16	44	54	76	8	33	0	129	39	33	102	126	3	46	123	54	96	102	73	81	104	69	60	27	47	68	79	122	65	61	10	94	139	117	3	118	60	94	73	18	79	101	96	26	49	7	89	105	47	124	131	124	22	55	25	14	26	123	49	12	101	84	137	138	11	31	11	102	57
100	31	65	9	45	40	88	16	37	32	40	51	41	50	35	63	51	117	20	77	121	97	54	95	7	5	73	71	31	42	108	81	12	10	46	139	7	124	0	117	111	29	131	132	118	7	65	78	64	120	129	79	118	62	91	112	125	82	14	130	127	38	97	54	140	23	39	38	21	63	78	13	60	65	123	101	95	114	77	130	28	102	65	83	89	115	53	12	91	46	97	108	37	46	102	103	123	104	47	59
105	110	73	98	133	21	106	67	41	1	17	56	9	127	65	113	74	63	85	39	41	82	74	42	69	54	135	136	97	18	110	121	13	13	66	118	62	71	5	0	110	130	12	65	17	119	90	137	59	15	56	59	18	57	6	59	37	83	100	47	70	42	113	135	51	114	27	99	101	56	74	28	21	34	93	63	49	54	133	70	64	132	140	116	116	10	46	110	107	65	115	128	126	48	106	51	98	19	120	4
138	23	7	131	54	49	33	58	22	124	138	74	85	90	130	103	83	111	111	59	64	31	49	129	18	14	117	117	3	56	106	67	86	49	133	101	9	100	121	102	0	127	56	70	91	16	117	71	95	119	7	74	121	92	85	16	59	16	11	30	31	5	44	62	23	117	47	113	45	68	70	17	124	98	52	37	83	30	78	138	139	53	80	42	1	83	108	121	93	43	97	32	125	6	25	50	62	77	39	115
99	46	84	27	78	49	130	6	118	83	110	116	105	35	92	30	87	119	35	125	92	39	122	99	19	27	124	59	74	133	120	10	133	73	18	105	129	17	98	40	78	0	75	107	34	59	17	58	6	14	81	122	135	8	65	9	51	75	8	94	110	112	91	125	14	118	22	44	138	100	98	118	30	102	126	139	50	77	82	27	111	33	75	119	136	104	57	71	128	87	82	26	84	73	133	115	38	69	60	114
78	73	37	107	58	43	5	6	47	131	3	21	88	78	139	66	7	79	49	117	22	22	88	103	96	43	92	137	51	109	63	111	126	1	98	29	105	91	118	48	3	63	0	65	2	94	93	76	4	110	97	74	108	78	64	102	46	29	40	111	75	133	106	124	77	118	117	22	121	91	44	44	18	18	117	112	87	123	108	44	59	78	74	25	58	126	50	134	130	50	62	24	50	107	128	2	121	134	47	7
87	30	78	56	98	110	135	121	37	103	64	3	82	71	58	61	8	11	120	55	126	26	95	128	69	33	89	110	14	23	6	14	49	4	132	1	23	45	140	23	106	14	50	0	123	24	59	59	61	75	39	27	110	58	98	119	75	71	102	76	134	81	113	65	134	122	111	64	44	46	19	8	123	102	67	71	16	133	72	32	73	79	114	33	94	58	130	57	52	88	134	5	99	1	27	99	21	79	76	21
91	56	64	74	72	77	12	16	121	52	69	90	65	79	117	62	132	41	33	103	60	23	104	42	97	83	59	77	23	51	40	125	4	28	4	44	49	104	65	102	61	97	12	68	0	29	60	132	138	99	112	106	96	81	133	86	73	46	123	27	108	39	137	102	47	13	118	106	33	86	101	81	55	84	22	43	19	108	69	109	4	68	63	9	13	42	133	134	106	130	59	109	8	86	29	133	69	42	57	70
55	98	63	16	15	140	83	72	68	130	125	52	73	97	4	17	39	134	69	89	35	94	58	6	120	91	47	121	140	138	56	110	104	85	130	105	137	130	122	73	87	118	67	12	129	0	131	3	5	65	2	98	111	22	89	96	103	67	7	51	77	85	110	117	62	29	122	120	24	68	52	18	10	123	130	71	17	81	112	1	83	45	51	129	56	129	55	69	134	99	123	11	79	102	32	56	41	127	125	103
67	127	131	115	63	64	57	65	98	15	83	90	127	93	111	81	69	115	53	93	62	1	52	69	74	66	69	6	132	50	74	115	51	26	61	80	75	115	121	12	136	122	16	124	40	1	0	46	95	73	19	106	123	23	22	50	9	82	59	14	114	74	89	88	52	138	101	95	85	79	135	19	111	122	39	15	130	48	134	21	2	2	25	11	46	61	9	110	56	7	27	37	82	68	38	103	138	67	31	3
14	48	53	90	37	74	51	2	45	136	31	122	68	135	80	117	52	31	46	45	111	34	65	104	25	73	4	127	119	69	25	89	114	95	131	26	113	122	84	63	92	36	49	122	71	32	50	0	116	24	129	102	78	48	115	1	1	62	72	9	40	80	65	101	104	52	136	124	121	131	29	41	112	139	30	96	57	4	69	52	27	1	81	35	132	116	125	39	65	92	118	86	65	64	16	115	12	51	5	109
111	84	133	11	84	92	89	124	31	108	47	45	130	82	77	5	84	22	37	38	58	82	44	42	105	115	53	59	9	128	108	101	103	134	80	121	75	108	136	108	97	29	3	58	86	64	17	39	0	36	78	127	52	88	61	93	60	63	34	111	9	133	96	28	118	83	36	31	10	59	136	112	117	16	18	108	101	66	92	128	133	139	58	108	77	109	133	71	51	96	39	62	97	139	110	13	99	102	44	95
121	91	98	95	92	109	136	132	63	121	12	126	118	83	88	118	116	108	23	104	95	17	124	75	85	93	57	85	124	32	84	76	104	13	38	17	43	107	63	4	92	103	98	116	85	110	7	120	18	0	41	25	91	60	94	83	37	50	9	124	31	108	25	47	75	68	140	132	60	29	27	89	91	125	122	75	83	22	13	98	100	103	73	64	124	130	21	88	60	100	78	56	118	49	127	115	28	58	23	125
100	17	122	140	36	112	1	45	22	55	20	91	81	39	15	52	9	26	46	12	52	82	94	33	121	76	112	69	11	128	14	6	36	100	13	56	69	94	2	55	96	62	64	29	102	71	3	5	81	64	0	60	48	107	36	11	109	112	73	82	41	38	42	84	114	27	40	119	75	131	109	136	50	50	12	52	110	101	25	34	102	56	83	43	40	81	34	36	73	1	99	136	27	139	84	89	133	89	2	18
18	31	54	131	62	128	47	66	63	45	92	8	117	18	53	34	82	67	84	31	44	131	134	54	114	115	117	19	13	13	91	18	107	78	45	5	23	37	115	40	86	37	117	53	44	116	29	2	38	105	100	0	37	21	13	47	39	13	44	92	120	96	118	139	76	134	65	138	133	79	137	11	103	138	113	130	40	68	4	68	130	132	71	40	4	90	77	87	41	6	60	74	54	140	42	1	70	125	112	7
40	107	94	87	128	140	78	82	52	11	26	120	41	23	36	140	70	27	77	73	3	92	32	61	65	121	71	61	16	54	39	15	20	135	34	106	69	137	91	71	121	39	20	53	55	119	56	7	106	47	118	52	0	108	129	35	108	58	76	63	63	7	50	36	89	58	100	10	1	111	15	98	131	122	37	133	81	100	4	1	92	50	86	42	46	94	124	27	110	64	7	24	4	30	69	29	127	2	68	129
59	26	140	38	75	100	10	23	30	25	66	93	98	101	111	115	64	59	83	129	113	22	90	115	75	74	102	140	33	82	67	126	21	118	34	120	102	127	115	77	93	116	118	61	117	93	124	16	99	34	80	115	26	0	8	2	41	123	109	93	60	103	7	14	84	40	61	46	20	82	125	111	133	61	3	61	53	12	15	51	129	79	31	114	131	66	74	93	56	116	7	26	135	47	104	85	61	58	11	31
45	38	81	67	95	13	80	119	72	33	107	20	130	88	45	15	41	106	48	70	27	68	49	48	49	81	47	123	138	89	35	80	52	92	140	74	82	31	77	57	41	137	103	5	54	61	32	55	135	72	21	113	112	57	0	5	59	96	110	133	138	51	139	9	14	105	59	115	68	105	8	59	79	110	26	2	126	38	123	84	113	26	13	22	82	131	122	92	13	37	61	40	45	59	13	55	91	45	123	48
33	97	112	115	4	62	138	130	30	94	21	130	26	27	10	16	38	25	138	67	48	57	136	58	138	27	108	40	73	44	139	54	66	18	54	69	53	112	89	83	81	79	9	134	1	106	76	108	96	105	36	81	44	26	12	0	47	8	131	76	54	132	26	5	138	3	7	48	124	70	36	99	38	51	127	125	29	99	63	29	30	115	19	7	104	18	48	133	20	68	50	133	125	11	25	136	134	1	132	50
13	98	56	139	122	116	84	4	85	115	86	62	14	125	88	18	57	25	6	136	33	106	97	7	86	129	91	49	92	85	88	113	41	130	1	43	30	108	70	110	139	90	47	1	4	64	3	51	120	114	88	117	139	70	63	12	0	120	2	82	73	114	88	4	7	60	131	64	123	76	140	83	83	94	47	119	26	2	115	103	15	135	74	115	6	96	79	127	51	53	31	11	76	122	38	128	3	111	110	27
95	8	122	116	49	120	21	109	22	15	65	70	128	63	90	74	17	54	58	65	56	87	114	28	88	96	35	46	5	132	33	88	68	39	72	132	35	125	22	95	50	11	51	21	76	123	108	121	115	124	131	40	105	71	42	13	116	0	16	17	72	26	61	99	91	133	24	129	128	73	77	103	51	135	26	139	23	65	72	93	93	1	114	23	138	47	98	140	55	28	31	71	124	32	48	88	31	11	17	39
93	96	68	33	117	54	7	85	97	23	99	49	116	123	107	139	25	103	60	105	119	82	36	129	125	132	60	140	20	108	123	38	92	47	123	16	139	120	15	2	60	139	57	15	121	124	12	129	139	62	132	43	17	37	46	134	87	24	0	39	131	54	11	42	115	97	139	45	33	88	16	92	86	111	35	42	25	14	126	46	64	76	75	133	97	72	20	52	134	10	39	107	35	34	46	98	9	37	61	40
96	19	81	114	140	125	84	67	38	114	74	4	71	113	41	34	48	29	14	19	22	61	106	45	108	5	132	69	85	31	18	132	67	34	23	121	69	49	75	23	87	106	93	71	50	6	80	54	62	74	61	92	99	44	1	116	111	129	18	0	52	88	124	18	108	95	114	58	78	65	103	10	132	45	77	8	110	25	15	90	100	31	98	136	19	106	81	59	19	48	109	21	28	110	35	118	121	12	136	23
8	76	54	97	66	44	77	138	14	27	84	125	52	102	115	8	42	140	63	4	19	102	23	24	131	71	37	6	100	49	58	106	5	4	46	18	130	61	117	41	4	132	62	89	14	130	49	32	127	135	107	29	40	37	92	95	49	41	70	25	0	76	8	25	132	128	123	117	72	36	108	104	118	88	76	20	94	87	33	53	113	113	119	103	97	123	19	37	132	51	86	77	126	9	57	50	26	31	13	89
19	46	138	112	111	140	103	100	65	89	64	32	77	108	58	24	7	3	30	14	115	7	42	60	1	119	111	33	90	61	48	117	59	53	132	71	118	99	117	72	16	30	50	106	6	62	61	35	22	92	83	51	12	50	121	23	32	56	49	93	40	0	64	5	49	66	132	6	110	109	99	1	96	53	135	46	100	61	41	92	21	95	98	75	23	36	73	139	34	100	43	15	123	56	44	111	94	130	89	130
134	92	74	31	104	114	53	102	4	115	136	13	19	51	99	31	40	94	3	28	65	100	95	119	135	84	43	9	112	73	110	31	5	42	63	65	133	74	109	41	36	20	131	133	40	119	58	74	123	117	85	99	91	62	12	120	124	21	109	95	131	64	0	132	31	12	130	78	137	24	67	97	117	16	134	18	137	2	46	100	105	122	16	102	131	97	105	135	95	36	116	11	89	134	123	121	12	124	46	116
10	28	80	65	113	17	28	79	6	127	15	18	122	60	125	11	14	79	104	129	27	9	88	34	28	18	86	117	107	81	138	78	73	92	78	49	85	61	44	51	112	28	27	18	64	98	19	119	8	79	34	119	63	91	106	36	16	131	44	132	3	99	115	0	112	34	129	113	64	130	10	3	81	26	13	7	140	134	53	105	34	88	134	24	42	79	124	88	2	5	73	65	116	45	22	135	111	21	119	13
40	29	82	40	7	114	117	68	120	96	109	50	83	94	99	81	84	113	117	100	100	43	135	34	137	11	13	104	11	50	6	98	105	138	79	82	87	50	104	16	117	31	119	136	66	100	15	29	44	97	137	112	104	107	122	78	18	74	17	7	81	33	103	138	0	57	127	46	69	119	90	138	11	9	96	35	32	82	123	2	125	34	109	107	78	46	139	85	61	63	3	84	100	94	37	77	15	86	138	35
133	131	2	57	122	63	112	65	120	122	98	71	12	88	115	30	45	111	101	114	63	60	79	96	110	139	72	74	52	13	108	70	64	137	7	60	102	47	75	55	5	32	130	70	119	19	8	127	23	43	57	25	21	92	43	122	133	64	42	31	107	33	37	10	111	0	102	97	121	28	129	109	9	51	124	26	105	65	5	60	98	126	133	14	95	130	2	51	44	71	98	61	116	16	96	21	25	19	32	91
101	75	1	76	32	36	88	67	83	91	15	44	67	59	124	2	72	67	2	59	34	94	42	123	111	19	139	52	20	24	12	13	97	114	34	71	98	75	48	50	12	121	62	100	120	37	96	109	112	86	99	62	125	98	118	73	75	133	89	65	62	65	23	57	84	20	0	125	41	26	32	9	51	54	93	125	53	17	47	60	37	51	133	36	116	136	53	6	43	75	93	76	22	26	44	99	63	37	2	84
58	116	86	62	40	103	41	28	56	25	10	28	68	118	13	54	76	132	81	73	61	71	15	33	80	98	139	100	17	86	67	79	15	126	9	62	25	70	78	100	110	118	58	42	81	80	96	125	112	117	73	127	76	132	27	36	10	119	37	109	75	81	68	19	105	103	79	0	91	96	132	134	78	68	56	77	124	14	139	86	41	98	34	15	120	127	52	57	53	138	32	20	22	10	29	83	3	62	86	70
103	137	102	46	31	81	105	117	5	65	109	13	22	64	79	92	3	106	53	128	104	69	33	81	41	38	93	4	29	78	134	61	43	112	139	110	35	24	121	14	116	90	95	118	129	40	80	18	110	15	105	29	5	118	59	130	7	11	92	109	119	112	92	123	101	99	72	79	0	51	90	26	75	38	92	123	28	123	77	18	128	109	61	69	9	134	35	129	84	117	117	125	27	65	136	13	50	45	62	41
53	98	99	53	41	44	137	32	130	64	85	86	2	81	11	99	14	13	75	47	92	139	59	140	45	62	68	8	10	56	72	27	33	101	65	74	31	99	24	49	129	41	60	95	117	60	12	26	48	39	112	56	1	134	134	76	115	95	134	59	129	100	80	83	3	95	99	63	48	0	51	59	125	72	6	104	134	86	25	86	99	23	116	100	79	6	119	1	99	20	63	126	118	24	45	43	17	46	5	42
36	71	105	44	108	135	97	56	12	15	34	74	53	95	115	129	74	2	120	109	96	26	25	36	29	9	94	100	88	133	7	109	51	76	88	12	75	122	139	35	130	106	23	47	97	94	21	66	94	42	102	32	86	56	16	27	4	28	59	7	46	45	105	56	105	80	20	107	114	105	0	20	54	19	83	74	139	97	8	27	17	138	81	49	125	123	46	38	73	137	21	123	67	15	129	115	94	78	90	57
6	49	52	30	41	62	10	82	138	118	95	91	119	117	69	23	17	5	6	56	100	56	117	122	15	38	61	22	98	93	34	24	11	61	76	39	7	66	104	116	136	17	116	83	42	76	39	22	140	130	71	87	35	102	115	140	23	130	35	84	65	75	31	11	131	45	105	69	63	8	140	0	129	116	50	23	28	58	58	92	41	19	113	54	21	67	134	102	95	53	104	120	108	20	48	49	88	138	76	122
59	124	69	74	103	45	37	114	40	120	3	5	6	33	18	70	9	119	27	94	15	125	18	50	134	23	64	58	19	88	58	140	114	110	119	39	5	19	48	47	54	56	100	51	119	20	126	31	110	132	43	20	3	58	46	53	65	5	22	111	18	24	3	42	40	47	65	13	107	128	105	87	0	32	89	115	25	42	6	116	56	94	74	83	115	119	23	43	68	68	34	29	24	36	35	115	90	3	42	105
137	92	99	119	37	30	103	77	40	59	33	44	130	68	35	108	108	53	32	34	57	51	105	35	53	27	45	96	80	45	123	18	90	34	72	13	111	68	94	9	35	39	64	71	120	80	57	109	42	93	40	10	139	133	128	41	66	61	122	119	108	74	113	121	88	131	70	23	2	137	122	91	88	0	26	117	48	88	72	22	77	118	34	63	10	102	78	27	118	42	11	86	92	31	23	121	84	63	113	91
94	70	111	106	32	90	139	18	8	20	91	119	73	23	128	91	77	38	78	101	50	69	117	66	78	67	90	123	20	60	89	26	127	11	125	76	93	40	33	60	69	101	70	33	32	23	109	133	60	28	22	54	84	20	43	20	90	81	24	112	15	54	120	137	125	82	27	42	89	96	46	61	109	5	0	114	29	9	76	25	92	21	104	20	133	70	139	29	1	17	32	71	136	17	100	133	86	107	24	42
80	140	45	128	107	60	59	6	66	124	62	129	56	136	65	51	111	75	41	137	54	58	4	77	63	69	38	39	41	106	119	5	127	37	106	94	107	126	86	122	28	20	124	8	126	131	39	50	41	2	109	97	7	84	122	71	62	66	81	118	70	116	86	72	52	104	59	97	124	14	40	81	56	76	119	0	85	63	20	121	58	116	29	74	120	135	29	109	58	44	98	79	65	42	35	39	123	60	19	46
10	70	41	44	20	78	101	109	94	95	29	26	34	114	74	77	103	140	133	18	27	58	38	61	128	64	72	19	5	8	9	92	61	94	116	118	41	8	25	40	32	26	10	113	102	31	51	92	20	34	114	8	128	30	114	89	114	84	66	3	134	123	68	61	77	78	21	13	118	41	23	126	98	27	28	72	0	15	73	98	15	10	38	8	122	34	90	72	99	106	93	67	41	126	112	78	45	91	7	81
54	107	98	135	126	111	78	20	104	59	10	106	43	29	48	45	97	96	21	47	67	6	90	69	136	122	41	122	94	92	117	21	67	121	85	72	114	57	114	130	133	99	25	90	43	68	132	106	71	98	14	36	121	14	76	6	1	5	95	36	131	23	91	135	131	48	10	5	90	14	58	85	81	47	119	48	17	0	74	88	14	64	27	101	117	1	108	135	61	112	21	32	137	112	21	73	86	14	74	75
9	134	96	21	15	124	104	63	47	107	46	137	27	44	62	134	106	80	55	93	22	79	62	91	5	65	137	137	81	60	28	92	87	29	11	74	31	53	34	64	105	42	94	105	33	113	10	102	101	89	91	45	27	13	64	75	140	94	98	132	30	68	6	136	29	28	74	13	56	35	66	109	136	6	101	32	76	30	0	84	55	5	89	54	106	78	119	91	122	78	4	25	33	125	72	48	62	21	121	32
16	61	139	128	121	86	96	27	5	52	34	38	132	35	64	115	118	134	109	59	53	98	8	44	23	123	137	61	98	29	8	57	118	49	87	90	84	132	69	6	42	121	68	90	70	64	92	31	35	117	29	79	68	115	80	30	87	24	59	113	74	46	28	33	100	33	16	56	20	137	108	102	35	22	34	60	26	82	25	0	23	9	97	34	7	125	65	107	80	64	84	69	96	47	132	72	127	61	55	6
26	25	106	74	100	28	27	48	2	109	135	90	52	85	134	18	128	55	126	31	67	58	110	59	133	16	70	23	78	33	38	90	19	76	60	60	19	22	13	55	60	112	116	116	12	70	66	65	117	57	60	42	90	26	127	108	73	3	113	102	3	34	10	92	2	28	28	6	44	69	11	60	61	92	74	70	123	94	63	66	0	52	74	122	133	78	97	25	100	78	51	65	111	44	97	135	32	12	45	115
26	100	137	127	78	105	137	61	9	26	119	42	97	118	108	8	6	55	102	132	23	88	105	30	70	56	121	38	84	8	63	123	121	89	38	115	2	3	129	51	53	74	54	71	114	133	48	137	134	111	129	73	84	65	2	21	138	56	5	35	125	88	19	127	34	28	133	64	21	68	91	80	37	88	33	109	52	108	46	119	95	0	92	113	139	85	30	55	75	82	138	13	58	69	51	36	114	56	5	128
129	83	47	113	108	56	87	23	130	28	2	24	139	127	99	118	95	121	92	118	102	22	64	9	133	68	29	20	18	65	15	26	10	129	21	31	84	138	130	77	57	70	42	60	103	138	14	15	79	45	36	133	122	96	102	3	130	92	94	46	117	111	77	126	52	77	49	98	104	4	62	130	115	56	92	105	4	85	85	65	58	28	0	140	93	107	99	123	45	104	91	19	32	108	113	108	114	108	70	89
13	108	56	137	7	33	81	61	42	122	138	107	92	113	14	84	26	70	18	24	106	137	85	98	41	60	31	70	139	74	106	62	103	44	100	42	133	100	36	85	46	54	79	113	112	6	41	97	13	37	92	91	22	67	42	140	52	23	92	113	47	19	128	67	70	125	54	68	49	13	123	122	22	119	7	1	17	86	17	102	78	110	37	0	65	106	19	70	111	73	129	36	118	112	118	83	81	51	137	111
130	59	44	96	105	88	73	76	42	94	62	93	114	126	115	112	98	18	134	126	140	85	85	100	76	102	74	57	111	4	1	137	116	1	92	67	89	106	25	79	60	73	28	4	39	45	6	59	69	29	23	122	70	35	47	119	92	48	27	125	66	80	62	91	111	118	67	86	65	23	104	28	107	113	73	31	80	46	131	64	20	130	33	129	0	26	89	71	18	22	81	73	70	86	116	22	4	105	105	75
6	73	34	86	123	94	59	68	111	124	95	90	8	38	92	69	119	127	83	20	112	55	70	38	38	56	98	29	73	50	67	75	4	44	111	68	85	136	76	120	117	112	100	23	137	112	15	5	82	47	123	74	107	46	119	6	65	60	48	90	84	2	139	77	68	15	60	106	53	44	139	103	105	37	47	59	13	136	33	110	111	9	41	122	15	0	86	56	110	2	115	131	64	12	53	79	65	14	61	132
41	67	45	104	51	11	45	15	82	22	53	84	43	25	34	50	2	129	7	125	19	45	43	108	45	53	126	124	107	135	81	49	38	31	16	72	20	24	48	131	58	53	90	75	2	32	2	25	16	72	17	137	83	111	49	135	96	27	44	103	140	85	48	2	1	117	109	132	121	19	70	15	93	65	20	4	125	52	5	82	140	80	64	36	92	105	0	67	57	28	54	27	98	37	99	40	127	38	106	37
47	139	81	56	58	26	110	20	41	98	111	36	130	73	123	53	71	107	51	130	57	31	29	86	126	95	99	120	48	114	125	60	103	86	134	121	111	26	35	62	114	46	34	115	7	105	64	93	111	95	100	24	133	98	72	95	133	55	69	98	87	54	133	91	97	33	27	108	77	70	91	93	80	16	37	72	57	112	35	83	80	37	86	131	119	15	98	0	82	68	100	80	8	59	137	43	103	104	114	6
23	25	106	63	73	105	17	9	37	44	83	24	105	126	93	49	98	82	77	130	61	56	19	64	42	68	67	124	68	32	52	8	63	64	101	105	63	21	65	33	81	130	21	66	72	78	128	3	94	118	116	86	134	59	79	82	44	6	116	63	67	119	104	51	129	140	49	113	43	31	82	12	29	130	89	2	3	24	121	71	110	24	112	117	13	73	96	51	0	115	118	125	76	121	107	53	115	80	140	89
113	122	67	9	48	110	136	62	58	64	116	50	60	81	126	125	100	35	54	18	91	116	86	41	28	80	67	140	110	80	115	3	52	102	112	44	83	125	117	112	112	32	70	17	79	56	26	51	19	138	79	53	97	83	65	66	79	31	17	70	129	17	128	19	133	98	2	37	39	66	58	96	125	134	39	31	6	2	129	114	49	137	11	19	44	59	45	57	114	0	56	126	110	45	63	15	104	79	10	30
69	109	49	13	92	131	69	78	124	66	60	139	2	71	19	59	19	32	79	32	22	77	57	26	11	33	16	18	67	27	11	10	73	11	29	25	77	107	71	82	68	30	44	134	107	99	89	16	137	126	87	8	71	122	29	52	5	19	38	80	53	44	65	18	120	118	21	6	17	46	50	77	10	97	112	74	86	103	47	54	1	132	1	1	24	17	84	60	103	11	0	81	129	68	12	90	17	16	55	86
8	1	22	101	104	76	107	75	136	137	74	91	136	10	59	40	112	138	66	19	104	130	119	34	107	72	126	87	60	110	28	21	117	136	53	90	11	81	122	41	26	59	15	89	135	18	123	6	131	109	95	111	17	4	12	120	77	89	20	108	130	85	9	16	49	57	11	103	62	8	1	31	102	28	72	139	57	45	71	21	109	60	14	80	129	117	43	17	103	7	8	0	92	57	58	63	118	71	15	36
28	23	1	108	8	133	95	140	80	65	62	60	30	64	34	18	135	47	36	46	70	96	64	113	108	22	63	32	93	106	108	41	127	94	117	60	39	115	133	31	14	118	91	101	51	75	74	22	68	76	103	24	116	7	19	54	14	31	139	137	92	79	134	130	29	15	47	94	49	90	16	129	61	46	20	75	109	19	34	17	134	13	51	115	125	71	137	6	42	10	54	81	0	126	110	4	47	125	65	69
87	93	106	121	123	43	19	103	19	119	27	77	82	21	94	122	27	92	18	53	38	111	106	90	2	62	8	20	8	42	107	130	116	58	19	72	24	122	75	60	92	66	7	98	63	13	3	120	27	82	77	79	99	122	13	43	105	135	131	117	23	26	2	128	119	26	63	136	130	30	103	5	50	70	82	112	49	5	115	34	1	19	69	20	19	12	125	2	31	42	130	82	40	0	131	46	49	22	114	25
22	99	15	39	47	24	102	133	4	40	118	15	99	9	80	40	72	80	128	23	116	16	35	105	121	47	138	98	39	19	72	131	111	124	2	71	124	139	72	94	61	113	102	25	62	98	61	113	67	126	80	58	78	46	17	72	123	135	127	137	98	33	65	16	2	42	37	125	132	29	79	131	31	61	81	61	122	33	1	21	24	118	123	16	113	117	63	13	137	71	74	117	5	94	0	91	67	6	134	128
136	117	98	140	13	17	132	84	84	33	43	20	40	32	116	9	104	22	96	42	113	67	108	28	10	1	136	122	22	70	10	121	98	10	81	91	121	68	127	131	85	15	19	55	17	97	21	87	134	126	61	23	121	78	55	58	126	29	48	86	74	45	57	60	53	37	124	21	64	56	31	93	107	20	40	61	135	14	137	123	126	49	94	92	90	22	80	78	50	119	130	128	49	10	60	0	72	74	96	102
11	25	28	68	67	4	54	115	45	76	86	116	39	90	43	133	74	84	23	46	5	58	4	25	39	5	61	95	33	19	78	29	66	106	3	123	68	86	109	24	117	105	70	122	120	55	62	59	5	23	27	30	100	114	116	94	90	28	66	138	90	65	116	66	57	114	12	139	104	121	140	140	63	49	129	62	59	50	118	124	91	81	14	91	121	90	76	40	14	92	82	15	56	127	70	132	0	22	95	95
52	95	29	119	131	65	32	95	119	58	115	129	36	60	65	39	111	123	84	37	138	4	12	16	120	35	41	137	56	137	97	122	122	30	79	61	100	8	102	4	128	137	37	5	118	37	68	43	120	44	140	31	139	90	121	73	27	105	96	128	83	131	51	20	140	133	62	27	16	108	118	137	87	137	51	87	77	69	96	28	52	26	9	79	71	135	115	48	127	121	85	119	12	138	96	57	27	0	41	138
35	48	69	90	130	115	109	120	2	103	72	110	43	56	23	85	94	112	8	96	107	120	27	59	15	88	48	37	22	16	61	118	42	65	75	93	47	49	120	5	30	121	25	133	101	7	38	39	52	64	45	21	27	17	85	38	24	92	124	139	121	96	84	57	74	102	49	79	4	119	13	84	55	117	132	89	14	3	70	116	6	48	64	38	97	29	131	42	44	41	137	120	75	70	59	71	19	29	0	62
25	46	92	89	53	51	118	112	139	62	137	61	62	23	15	139	89	62	122	54	71	92	60	2	12	67	36	10	66	91	112	25	15	6	5	109	110	139	27	109	21	117	114	98	117	47	51	128	40	14	59	114	88	73	83	101	114	38	130	103	99	2	107	54	25	23	120	122	80	56	14	80	119	124	102	78	135	14	116	120	88	26	117	61	20	105	33	100	121	82	126	130	57	78	123	125	8	45	99	0
