A	B	C	D	E	F	G	H	I	J	K	L	M	N	O	P	Q	R	S	T	U	V	W	X	Y	Z	AA	AB	AC	AD	AE	AF	AG	AH	AI	AJ	AK	AL	AM	AN	AO	AP	AQ	AR	AS	AT	AU	AV	AW	AX	AY	AZ	BA	BB	BC	BD	BE	BF	BG	BH	BI	BJ	BK	BL	BM	BN	BO	BP	BQ	BR	BS	BT	BU	BV	BW	BX	BY	BZ	CA	CB	CC	CD	CE	CF	CG	CH	CI	CJ	CK	CL	CM	CN	CO	CP	CQ	CR	CS	CT	CU	CV
0	835	707	912	429	523	61	691	688	125	152	48	184	287	788	272	835	804	19	12	357	309	133	482	598	382	372	580	730	10	681	838	521	170	745	212	837	296	726	813	506	402	194	800	82	453	246	330	876	436	793	120	95	813	240	752	97	193	169	539	49	323	15	148	274	72	729	15	484	777	281	277	214	153	411	147	280	480	530	617	864	277	823	900	897	693	451	268	917	289	820	840	917	337	204	386	777	600	478	835
802	0	34	221	350	415	601	277	380	306	318	897	298	459	298	379	734	346	475	643	772	518	337	39	671	744	317	623	343	898	732	355	113	477	441	318	352	350	489	147	644	89	769	671	233	73	464	684	261	3	381	232	500	470	73	688	511	489	31	42	576	554	746	620	209	515	239	204	246	790	424	528	289	463	596	143	386	133	123	691	211	19	78	238	760	433	879	875	864	545	276	79	37	54	667	222	332	76	744	905
236	425	0	671	167	846	280	577	146	889	414	678	582	799	209	14	913	433	792	214	820	16	269	527	612	682	540	77	597	235	401	344	431	633	117	174	594	189	108	316	410	623	261	128	508	102	395	205	715	875	843	797	32	653	400	220	335	725	504	782	434	321	768	470	747	531	144	794	163	245	705	749	612	32	881	811	550	684	891	290	577	174	233	686	76	64	271	446	777	825	123	44	12	559	406	220	426	239	108	263
402	32	868	0	567	653	302	692	725	411	139	349	402	178	817	778	545	573	851	446	117	431	154	611	752	673	328	171	827	456	704	185	708	242	245	751	494	164	177	664	852	555	903	136	272	814	836	122	136	517	644	668	673	100	687	466	130	450	543	787	216	732	258	392	617	107	919	818	361	391	469	183	429	274	146	170	102	746	190	359	61	7	24	168	592	842	9	166	643	411	537	12	740	143	143	466	231	594	256	157
718	879	295	512	0	57	764	173	68	841	459	369	758	202	772	558	201	214	257	900	310	562	427	240	727	606	150	142	219	527	89	636	290	36	529	753	738	502	880	525	779	21	119	778	406	325	421	627	188	338	36	775	688	121	292	491	420	756	756	65	293	893	727	286	362	407	36	546	521	510	50	656	393	778	558	820	112	418	193	223	687	35	577	354	870	627	814	806	491	420	258	522	423	754	111	875	564	749	222	647
688	73	355	568	66	0	560	767	137	437	69	605	374	872	62	86	35	56	362	557	89	459	435	149	678	389	909	726	695	903	446	371	431	805	351	680	904	467	276	737	869	94	182	616	778	612	873	604	865	22	419	756	48	597	172	148	251	319	605	471	73	493	99	557	468	838	154	656	553	750	216	528	852	580	593	546	894	69	221	12	15	86	124	349	180	780	818	236	496	424	134	790	32	603	916	198	498	397	34	785
677	775	226	903	918	244	0	427	250	335	727	609	672	624	818	847	623	886	4	724	639	453	374	236	524	191	561	918	547	292	831	840	403	171	178	264	256	649	325	776	253	679	773	326	724	504	689	865	897	814	165	138	844	546	838	593	695	100	174	314	542	330	795	621	672	100	26	375	290	241	270	631	885	417	42	722	417	306	608	467	50	58	406	30	472	592	656	14	480	738	7	321	667	587	740	885	307	739	104	487
183	906	654	758	195	101	627	0	733	700	755	430	413	653	789	355	378	658	280	656	282	53	633	820	458	198	165	849	376	243	160	752	668	371	726	183	349	59	435	774	256	65	887	854	789	588	646	764	358	15	258	228	689	70	363	581	264	384	574	44	42	24	174	292	400	151	632	243	319	700	719	881	194	781	202	83	160	811	386	494	309	284	889	614	164	108	659	798	29	211	109	347	840	423	281	803	314	571	494	821
897	383	662	105	122	797	711	336	0	11	155	424	478	39	479	534	454	685	38	15	281	368	209	734	59	239	132	460	658	158	2	194	235	609	576	367	545	218	560	49	461	428	606	503	354	350	134	373	768	751	669	484	458	342	20	26	657	787	169	773	434	212	539	220	654	458	589	321	300	164	534	820	848	506	412	656	529	708	917	639	157	886	704	414	195	638	838	644	3	618	569	107	367	271	504	635	543	558	540	122
31	424	697	382	165	868	563	642	165	0	480	155	825	367	48	341	573	854	138	311	830	627	863	617	868	38	24	108	721	493	2	679	681	822	262	304	874	601	842	249	294	373	715	263	867	263	26	278	486	599	580	108	704	686	742	255	408	763	845	103	804	577	116	900	364	825	29	513	21	822	911	615	97	882	274	309	703	461	373	517	407	456	210	432	202	754	41	522	779	417	137	195	815	130	668	837	816	701	781	768
575	673	23	690	522	612	370	518	13	771	0	790	487	419	106	864	195	376	280	684	546	744	829	551	203	175	73	204	919	451	192	901	127	816	209	211	569	250	354	298	232	250	434	404	574	104	2	569	672	105	4	180	766	117	325	594	632	230	462	608	142	400	819	401	431	613	816	501	913	445	212	342	28	195	305	44	642	454	659	743	141	485	66	89	444	580	633	772	398	419	885	448	119	188	411	744	409	485	536	758
440	894	548	201	378	219	724	357	773	169	109	0	406	136	459	76	712	362	250	771	191	53	376	526	56	389	42	232	317	122	6	758	683	94	629	157	888	271	584	563	258	205	473	842	684	582	388	218	865	777	900	603	13	652	429	555	388	515	489	66	176	426	618	140	602	527	8	672	405	877	284	74	836	730	706	142	805	902	770	411	820	885	648	280	301	870	291	412	259	329	675	513	99	120	892	235	905	248	374	275
913	360	332	531	639	463	368	209	125	2	41	434	0	139	582	614	352	636	124	157	396	907	32	398	38	774	600	47	141	272	541	384	282	254	156	399	770	640	642	892	376	580	440	771	87	117	636	520	667	297	605	581	133	266	719	424	374	524	688	816	357	621	542	905	466	17	563	296	789	865	852	12	822	859	786	498	715	259	916	726	252	786	40	114	249	484	289	499	63	156	8	832	834	575	416	405	60	790	535	505
895	824	451	866	434	905	679	656	521	299	443	30	759	0	901	815	2	403	365	121	550	567	498	192	717	109	538	113	734	30	661	533	343	507	381	817	567	418	630	452	348	380	656	276	551	105	506	596	606	105	580	822	797	756	205	770	844	755	494	184	117	120	316	438	770	227	499	295	894	785	316	631	668	312	608	834	235	280	233	285	338	771	738	220	714	900	69	287	879	252	251	426	371	547	5	299	870	109	650	267
289	47	87	396	162	693	877	15	580	503	599	383	642	164	0	238	140	830	462	136	751	791	454	401	870	524	429	754	710	586	842	11	44	105	859	372	282	871	292	488	219	461	591	913	696	583	292	167	544	853	594	36	721	501	315	93	341	120	199	69	286	422	514	372	237	492	558	181	896	188	1	810	892	515	68	662	343	109	363	112	132	42	699	114	52	382	556	461	572	357	326	556	760	211	529	543	916	824	180	322
832	705	776	175	270	780	814	282	652	20	668	797	732	479	631	0	4	436	704	279	157	305	145	215	410	99	801	334	128	827	52	104	305	255	796	498	130	88	719	535	555	838	545	389	873	461	896	526	299	489	598	608	117	828	417	878	867	765	90	760	706	553	675	351	522	364	174	254	300	532	382	711	387	486	599	440	104	99	476	548	920	284	182	479	488	497	674	816	813	73	516	675	562	856	654	189	556	346	785	687
94	743	631	813	316	95	907	113	129	842	393	691	248	56	59	837	0	719	114	191	656	104	759	627	116	808	339	243	666	876	104	562	131	184	26	756	458	468	580	365	890	365	514	338	659	96	500	98	116	102	177	526	721	364	217	724	355	257	422	258	17	643	778	718	502	663	831	863	464	729	857	730	688	491	244	151	699	153	529	880	731	711	213	303	46	187	333	736	537	182	725	401	622	8	354	525	315	577	738	838
409	680	600	300	425	86	672	252	157	803	872	158	624	212	493	304	783	0	743	228	442	496	2	805	284	29	547	278	697	532	782	219	387	30	606	305	708	845	512	520	492	226	853	159	276	788	227	226	719	43	871	362	604	346	334	301	105	85	875	362	352	264	482	393	384	128	646	180	916	220	697	466	104	823	742	559	756	418	609	510	140	240	640	753	148	517	827	86	163	699	857	417	296	303	235	793	494	489	386	881
348	215	503	92	638	770	306	176	843	49	402	609	635	406	437	49	212	423	0	128	249	404	291	81	860	14	810	492	796	239	110	179	200	140	247	905	235	23	417	235	89	494	896	323	440	818	855	100	281	77	163	334	123	18	847	842	547	913	769	295	227	34	877	867	567	616	581	30	241	408	604	416	222	696	384	278	562	170	132	758	276	149	254	33	452	669	41	475	589	754	53	549	683	326	617	458	150	663	685	532
220	225	273	656	892	648	78	881	343	502	551	393	447	566	376	454	439	418	216	0	401	17	366	565	822	537	567	759	507	510	607	201	160	175	586	66	722	119	804	239	157	641	220	633	111	510	221	796	275	786	594	591	364	646	320	511	35	660	617	416	126	871	823	230	460	613	331	563	611	11	655	878	819	856	875	234	347	180	447	742	90	762	800	134	888	831	319	53	21	211	761	734	264	716	19	797	285	373	254	543
82	324	726	511	148	448	369	410	682	183	237	293	636	353	175	509	822	777	566	172	0	166	707	462	768	159	120	342	256	498	819	49	286	725	298	318	698	293	891	725	835	322	889	679	93	231	565	380	716	580	300	919	184	489	805	310	855	229	456	556	450	676	253	902	143	892	842	311	401	667	573	822	818	811	509	711	869	13	689	547	287	858	716	697	30	730	63	14	840	512	265	414	491	703	8	8	252	156	319	885
511	662	857	902	363	291	178	281	530	357	215	90	248	868	24	862	828	618	246	243	217	0	855	156	215	714	40	623	153	501	664	874	287	290	820	492	858	122	83	896	344	402	523	386	28	189	722	418	778	262	482	389	818	471	557	222	625	562	564	224	880	117	131	134	487	481	589	703	212	765	268	435	138	624	808	608	644	432	594	156	126	375	544	506	698	95	822	477	125	77	549	271	448	917	37	714	216	90	222	139
140	526	674	416	136	17	54	876	59	483	591	50	873	428	644	744	828	399	79	582	720	680	0	140	267	117	397	50	368	393	715	170	549	429	248	283	272	654	432	423	667	424	137	271	495	755	800	197	620	390	851	149	634	94	900	827	729	775	449	180	585	866	224	246	131	702	788	677	882	816	525	476	765	341	664	441	858	572	898	165	403	869	531	380	125	705	486	660	14	190	508	514	604	123	868	516	553	13	86	208
241	508	834	818	164	122	901	444	683	228	501	5	250	371	219	292	663	758	328	760	904	352	279	0	15	374	740	623	893	304	535	71	609	486	363	59	288	277	342	405	617	183	27	600	864	319	164	828	363	107	456	474	337	876	366	631	433	122	3	442	105	458	888	377	136	394	308	700	196	85	521	125	520	4	409	219	793	543	615	409	568	373	102	122	358	770	692	133	471	300	660	639	217	212	675	802	90	406	891	823
905	18	810	500	865	263	36	448	873	464	62	212	599	140	282	906	487	102	450	876	560	714	80	29	0	216	412	50	397	763	817	493	650	288	4	42	353	32	225	410	12	598	812	634	131	56	772	724	227	70	495	111	189	177	379	793	370	732	357	235	534	29	883	747	84	198	887	744	658	757	487	766	303	633	585	473	250	759	292	736	99	737	474	227	23	216	58	683	332	49	724	239	233	806	331	690	133	50	59	240
96	617	895	903	842	765	618	845	486	264	812	9	577	311	678	387	54	189	714	138	147	352	280	441	71	0	135	181	256	167	134	82	537	787	247	253	85	72	709	464	738	105	192	804	162	520	180	646	847	248	249	170	465	504	537	360	19	542	834	291	738	8	99	68	680	192	149	110	42	412	920	594	596	622	102	597	295	783	270	564	280	690	178	571	733	560	691	157	704	739	589	650	376	624	596	221	644	589	748	743
755	136	60	653	827	759	455	153	711	426	853	241	235	247	393	855	909	352	739	817	224	842	812	630	854	719	0	413	319	113	739	329	635	699	273	268	847	499	838	871	414	425	689	768	476	64	338	766	435	46	116	904	719	67	371	715	798	739	269	125	748	349	463	456	137	601	670	401	3	202	752	333	208	516	479	804	760	633	393	790	152	462	859	319	593	47	655	457	727	550	244	568	275	690	92	606	57	751	321	173
661	213	129	15	381	34	916	900	878	174	177	157	102	570	815	281	785	23	522	622	392	814	346	251	421	361	910	0	77	694	816	27	433	340	512	23	780	448	571	640	437	147	489	855	886	862	592	320	594	481	237	806	448	447	135	128	389	505	777	500	81	888	702	297	575	705	246	546	425	514	81	633	557	838	64	79	415	425	49	81	15	168	854	667	623	315	461	104	424	25	529	151	468	24	31	289	179	419	517	131
316	293	339	172	789	201	700	619	469	786	168	224	843	628	767	813	580	36	728	619	520	719	593	478	287	439	840	629	0	45	853	378	165	569	772	814	118	276	548	721	119	50	285	677	813	558	287	691	134	399	56	351	538	438	546	363	156	204	386	570	851	14	363	477	201	35	591	368	889	274	282	215	545	752	490	204	250	410	359	759	615	743	510	34	281	726	36	376	232	837	568	920	71	693	834	643	707	833	372	672
908	879	152	655	223	193	185	772	403	201	823	262	16	303	840	906	27	272	128	597	477	733	816	107	118	419	13	488	562	0	457	167	445	273	408	603	17	536	657	250	219	28	7	712	796	442	754	323	52	912	140	342	429	743	612	419	13	223	139	787	598	192	607	636	887	35	306	142	865	882	777	847	172	375	627	444	350	689	548	86	423	835	3	29	445	97	486	74	637	637	420	219	919	516	210	805	745	729	51	335
295	167	89	573	20	865	411	677	33	788	605	701	801	575	9	681	105	251	425	66	337	563	92	821	657	649	753	685	660	617	0	10	431	86	412	825	647	302	873	835	432	803	552	282	872	538	266	186	87	419	897	476	481	689	629	422	327	23	474	335	493	824	243	418	481	581	507	436	238	107	310	524	908	252	258	337	861	632	836	31	890	589	276	795	254	271	12	863	145	3	97	759	64	278	61	406	805	352	210	711
70	360	619	631	417	454	813	503	34	515	452	225	488	781	57	699	130	326	223	876	701	823	24	331	595	110	48	67	268	59	76	0	507	188	669	302	98	191	635	633	220	452	789	466	653	185	287	206	654	491	560	64	85	401	249	885	128	915	62	303	486	465	286	256	222	69	607	600	816	642	801	815	231	296	357	45	325	865	58	550	691	770	836	260	842	651	488	9	754	887	228	541	910	155	420	612	798	333	746	267
97	408	915	503	456	297	286	347	184	831	541	246	220	824	202	712	175	652	195	426	364	359	226	71	724	322	887	713	510	434	651	765	0	366	765	46	41	465	685	71	759	833	400	572	428	731	244	810	315	697	616	417	579	548	258	586	682	575	74	375	175	452	99	22	287	838	602	700	769	177	540	266	245	234	527	223	710	272	794	715	529	710	392	869	49	429	227	18	12	342	873	179	110	525	177	537	569	442	92	87
593	128	238	30	80	782	119	909	775	110	644	211	322	834	9	191	75	91	816	521	424	119	4	361	377	175	259	178	393	249	511	344	80	0	327	705	86	701	752	147	664	726	55	548	372	736	826	750	572	597	258	558	61	284	772	889	822	220	894	830	449	13	332	129	7	833	464	169	837	836	731	465	550	339	588	641	247	841	214	830	185	821	727	197	572	508	1	170	207	302	409	877	841	9	847	307	69	882	433	655
777	410	867	665	503	388	822	842	24	385	167	820	323	58	115	336	58	551	233	154	508	16	710	525	761	741	643	278	586	332	255	597	826	524	0	257	450	674	115	613	595	526	650	368	39	56	678	169	869	701	610	844	186	702	397	115	440	174	33	665	245	262	593	573	743	416	113	135	338	370	641	550	802	439	573	204	274	724	883	372	836	308	658	368	472	721	495	672	571	177	805	404	311	632	489	788	347	848	463	83
650	242	106	567	713	278	27	762	694	717	655	395	299	76	649	844	864	481	392	505	904	341	706	449	514	616	520	265	731	404	421	377	198	914	11	0	55	408	515	326	443	546	274	645	516	16	656	321	358	457	542	431	294	389	57	78	729	232	545	917	513	244	680	330	540	543	128	343	836	356	705	518	657	823	620	678	313	808	808	535	16	846	499	694	759	28	144	164	889	834	820	117	897	57	449	389	700	101	409	784
526	155	791	680	670	507	93	772	306	323	871	360	776	2	812	43	326	704	425	579	283	365	338	850	373	708	849	687	192	325	257	498	750	677	15	119	0	654	32	291	185	384	662	471	918	819	355	100	202	644	830	835	369	829	219	751	347	210	472	209	467	736	304	807	908	299	111	907	91	803	177	29	400	150	26	43	303	619	120	73	869	92	231	403	289	169	147	771	787	875	448	113	579	471	49	223	447	699	265	740
620	801	371	552	880	625	719	384	33	419	407	185	203	459	351	450	466	774	130	710	508	699	775	916	507	857	754	881	845	88	327	803	345	459	614	580	564	0	171	414	684	197	56	851	556	491	86	425	247	608	616	210	301	861	800	323	304	365	480	834	758	810	594	847	825	213	752	888	130	37	306	192	781	8	288	1	878	753	802	277	181	269	724	17	267	69	877	706	382	751	372	673	541	910	425	353	785	48	767	545
252	727	732	365	409	270	726	883	363	329	787	44	573	412	545	210	218	62	111	306	79	740	255	720	896	744	632	832	787	339	723	675	195	663	630	726	71	89	0	705	359	387	577	153	711	767	774	172	663	272	282	67	399	233	56	531	610	792	223	737	289	678	69	539	902	93	343	752	256	443	464	303	855	247	355	228	797	66	355	899	216	592	544	700	438	702	533	2	286	701	619	451	532	352	12	888	655	801	507	708
167	359	125	467	530	82	388	117	610	865	438	683	621	231	538	913	129	888	844	103	50	598	507	535	354	619	375	809	208	701	720	566	68	247	481	448	356	793	881	0	487	828	724	390	458	511	441	582	466	494	44	154	55	256	809	464	636	43	815	705	688	579	126	292	493	487	199	223	620	199	421	2	556	431	135	907	66	167	624	920	360	216	517	230	851	607	238	107	771	425	831	829	775	858	376	920	386	197	167	182
471	265	583	804	317	823	250	237	258	553	44	287	380	56	677	180	907	912	240	835	447	443	186	296	34	142	203	535	408	214	734	404	566	832	336	835	551	423	492	117	0	224	645	461	83	394	562	769	73	333	130	16	504	150	384	912	231	699	681	180	50	920	524	620	59	335	293	887	208	513	908	42	232	914	619	785	672	729	236	466	635	316	150	221	879	149	801	608	131	86	405	819	573	814	94	355	67	678	904	620
624	681	684	738	74	637	631	232	845	912	194	169	846	65	49	470	628	215	809	116	684	476	490	639	449	381	270	232	100	612	172	609	224	262	506	57	117	653	142	751	162	0	422	194	7	783	130	748	105	444	372	610	340	261	285	548	47	287	876	295	749	828	795	316	684	477	51	337	33	476	621	734	349	557	673	310	594	565	144	710	626	163	905	742	46	866	609	874	48	72	567	887	752	298	762	129	89	692	443	566
718	798	133	162	644	503	234	748	137	418	208	351	445	37	701	511	881	516	446	206	54	706	134	511	481	616	890	380	381	477	53	391	689	749	76	311	897	173	455	250	181	119	0	613	125	562	28	312	384	826	624	450	696	734	872	303	892	416	81	307	604	69	746	85	33	849	83	24	915	891	152	114	709	149	117	406	692	370	198	207	327	505	330	531	640	90	642	215	727	912	221	617	89	906	651	607	293	233	666	245
38	530	150	872	425	50	331	549	13	598	198	511	725	546	918	662	91	127	818	161	368	280	831	151	63	667	812	137	634	880	63	879	131	98	716	598	58	291	84	859	654	650	724	0	260	740	733	670	903	402	881	416	416	500	824	380	806	883	289	106	120	158	231	880	857	533	47	111	794	116	526	842	852	637	557	904	58	616	175	439	717	411	294	73	899	337	653	758	553	605	882	844	433	60	715	734	62	815	769	582
898	916	906	579	790	592	624	367	257	289	511	806	210	476	295	220	263	45	74	716	707	753	797	76	118	249	41	294	79	440	503	426	379	209	684	602	851	820	373	352	142	376	670	364	0	683	198	685	696	159	381	13	422	257	721	104	623	223	885	447	622	228	510	137	29	622	598	48	101	376	712	797	713	11	403	818	396	30	475	147	524	462	488	168	138	164	499	89	709	510	378	36	289	473	386	632	132	746	121	910
889	350	510	586	316	49	553	435	838	216	370	133	279	807	11	94	214	138	618	263	263	459	688	881	902	9	901	690	389	297	883	769	363	300	168	883	129	479	377	313	552	697	104	458	124	0	458	699	222	135	276	912	112	213	160	507	650	265	115	802	241	398	886	659	424	617	397	298	245	70	284	794	793	724	808	704	554	648	606	8	464	250	131	508	35	915	917	149	264	680	360	35	449	255	896	510	215	738	420	441
392	857	521	277	124	1	352	235	632	46	101	12	395	102	424	454	91	851	312	242	217	871	332	565	463	575	159	231	363	879	103	20	452	73	637	881	320	377	209	514	200	343	569	774	708	846	0	106	864	330	487	893	799	821	525	22	90	141	428	70	216	211	344	146	416	788	248	736	50	471	392	808	312	1	428	878	436	183	336	492	101	661	770	868	236	110	68	879	236	333	747	595	693	811	354	161	194	777	94	402
141	364	268	408	647	140	565	682	681	454	209	648	243	250	889	910	669	204	180	751	326	509	438	636	556	465	92	371	208	62	509	318	678	678	173	124	368	495	285	287	612	812	558	793	534	623	473	0	832	396	320	117	767	368	590	840	528	482	96	245	444	181	442	770	618	323	200	551	789	298	795	159	634	638	695	388	726	620	61	643	437	81	600	50	881	513	866	596	687	771	225	272	622	122	561	46	30	72	247	153
349	668	665	193	779	329	561	744	94	218	679	114	410	498	544	745	611	28	126	469	378	99	838	619	58	519	427	791	435	355	53	571	481	379	743	659	142	525	751	342	716	30	66	139	916	503	130	878	0	312	531	698	771	531	461	830	610	169	284	198	419	738	500	770	534	549	146	806	718	70	93	864	574	114	335	871	613	329	463	77	383	726	302	351	553	170	352	638	186	491	308	64	498	881	258	635	818	795	841	881
910	721	119	150	24	314	444	236	210	641	69	809	778	739	467	700	215	177	670	829	592	208	294	464	176	556	351	148	665	12	898	123	134	778	12	679	667	314	715	853	81	97	402	302	126	36	97	355	416	0	153	652	109	471	8	544	124	762	248	311	473	463	90	80	753	42	10	63	705	383	389	196	762	914	237	498	549	275	101	644	220	459	793	850	815	697	131	906	737	833	824	879	696	362	592	700	288	130	884	462
221	890	619	703	708	39	514	810	93	369	542	486	304	519	872	191	720	677	598	595	729	199	296	87	527	857	608	676	662	903	221	518	666	364	160	324	776	838	314	38	688	14	853	167	170	628	596	747	313	590	0	824	792	302	609	441	174	647	296	709	345	637	132	213	583	734	740	797	410	726	694	621	599	234	260	765	398	127	406	4	882	222	919	247	195	722	117	430	91	61	424	586	708	885	815	389	223	527	895	723
686	58	327	674	766	909	751	22	160	706	841	8	593	895	602	665	909	467	522	709	118	783	210	202	75	282	680	715	478	813	684	42	527	630	110	355	328	901	283	351	320	443	254	287	614	95	133	544	696	905	525	0	843	778	162	802	436	53	531	194	474	32	860	889	746	857	194	229	565	208	239	816	68	308	127	713	117	86	196	26	86	128	779	268	245	433	219	435	442	653	35	92	378	112	902	686	387	504	359	454
467	164	592	751	20	105	480	339	204	397	309	753	32	645	439	451	326	249	264	445	599	622	877	431	204	73	354	235	583	918	706	802	745	264	233	427	813	431	864	188	823	880	282	173	638	15	185	765	701	314	139	797	0	193	69	710	576	717	850	80	811	293	368	318	574	751	852	908	666	13	643	674	485	580	755	699	772	309	295	555	169	344	666	122	530	23	680	657	553	618	640	425	407	573	183	788	494	474	208	117
652	151	38	119	662	476	544	634	727	538	746	316	505	707	311	575	515	374	494	43	572	743	757	240	205	403	919	856	146	331	47	51	134	677	87	215	911	220	187	315	88	239	427	474	27	68	211	528	493	824	35	376	119	0	127	53	470	13	884	326	427	829	268	334	74	813	672	608	684	489	919	528	727	173	909	831	682	631	801	467	840	453	195	262	603	860	567	202	635	306	20	648	69	860	826	676	148	33	854	883
132	181	133	738	582	325	245	369	685	377	570	911	634	774	141	368	288	847	524	527	86	276	283	69	399	580	503	636	416	620	367	350	741	394	97	264	309	114	664	706	305	725	617	151	572	38	202	441	904	893	159	438	250	908	0	775	699	725	9	40	362	320	393	413	96	864	872	74	348	156	209	39	849	604	740	724	144	200	906	57	79	177	827	434	482	547	899	759	920	8	344	890	600	825	842	339	444	850	149	575
336	581	318	58	796	844	597	720	606	746	578	535	481	188	731	508	891	306	540	855	807	261	226	787	828	344	495	123	508	583	813	300	898	586	309	187	133	186	709	831	807	891	816	134	258	729	477	231	142	225	848	125	329	429	28	0	181	618	52	146	415	798	483	686	289	454	486	67	627	128	536	749	675	152	518	688	188	29	684	658	477	69	551	833	566	618	167	863	332	882	136	101	842	27	657	597	376	877	909	892
434	312	822	495	662	75	58	802	912	695	524	130	737	678	362	494	523	827	580	137	87	525	271	796	813	162	233	54	270	175	231	803	700	685	537	39	557	698	626	507	832	612	525	432	422	508	43	882	507	103	734	69	788	608	378	884	0	783	802	373	643	272	300	147	758	31	705	242	27	767	465	189	327	7	238	567	350	730	880	4	543	131	141	679	271	602	71	664	771	34	904	147	312	546	523	501	790	625	343	216
122	581	384	560	182	887	528	14	296	575	344	884	519	51	561	129	704	764	253	852	61	245	747	612	677	307	24	348	606	274	510	564	155	64	782	381	219	770	454	574	633	542	295	146	763	209	82	656	321	531	603	44	506	728	898	86	577	0	761	5	799	741	787	362	538	22	751	201	817	374	519	179	45	586	484	340	418	311	693	624	53	717	327	336	178	173	568	587	440	371	761	541	213	277	302	133	694	26	442	629
272	750	634	472	318	93	817	123	703	441	259	858	257	741	784	543	70	434	844	404	35	568	580	603	92	586	814	614	732	474	833	322	307	902	760	49	690	919	183	745	642	479	574	589	579	108	749	848	756	548	600	18	712	112	833	25	542	587	0	136	708	343	90	42	645	472	143	768	906	861	670	341	76	883	98	699	58	759	469	867	915	597	428	854	669	328	640	777	227	410	780	754	591	692	353	496	209	821	861	900
280	886	228	846	801	835	505	36	490	807	907	3	457	764	458	910	39	647	895	401	440	136	203	837	240	239	481	480	862	850	236	35	72	409	767	145	675	56	34	196	138	618	68	647	90	777	490	489	273	304	675	656	884	133	558	53	43	609	577	0	748	723	520	56	784	659	354	602	261	667	268	218	419	820	220	312	289	283	92	167	453	848	685	518	268	96	255	244	756	230	543	737	232	893	240	401	33	710	713	712
651	384	316	539	796	338	751	113	87	752	671	286	302	735	560	280	311	93	869	590	831	190	296	917	60	147	189	170	846	458	662	420	259	51	290	412	426	804	77	464	728	227	587	823	575	392	915	398	126	894	895	544	602	130	894	246	549	125	690	814	0	899	845	358	536	722	111	376	668	838	417	647	636	750	263	793	109	299	443	718	170	741	749	397	123	702	367	638	38	898	29	376	367	489	443	360	877	839	567	774
749	348	243	16	898	291	73	669	808	902	393	77	507	838	578	848	176	220	640	343	464	611	574	47	356	147	712	743	156	444	864	606	179	81	686	418	274	885	27	73	290	8	904	334	139	878	663	424	552	308	612	214	502	796	414	716	244	823	562	896	776	0	372	713	120	309	873	44	599	851	334	355	696	508	1	754	259	835	856	180	741	41	209	133	772	387	49	749	407	200	412	273	783	620	2	172	385	298	201	245
206	320	214	429	84	118	256	686	452	265	592	70	890	767	600	561	391	184	691	538	522	149	551	380	60	74	264	783	819	349	599	153	738	595	695	864	222	829	747	365	828	834	299	914	862	208	672	190	595	525	541	425	615	128	31	906	201	661	670	809	442	800	0	806	726	214	481	721	91	907	757	143	315	435	590	559	726	400	816	609	343	532	416	359	616	225	67	912	654	229	66	373	672	55	136	303	796	250	528	297
222	904	918	876	430	601	335	723	88	795	403	719	336	704	777	316	297	376	344	299	916	76	508	484	834	334	581	229	196	575	621	901	360	686	879	107	71	267	416	481	726	656	99	32	257	556	846	126	679	778	123	419	177	814	567	304	857	305	448	905	9	853	123	0	576	433	814	888	287	656	460	755	381	804	641	301	92	832	442	545	612	9	738	477	488	708	896	497	275	36	522	559	821	612	85	195	728	561	705	82
291	228	597	465	470	373	225	39	694	671	222	224	208	474	755	862	699	596	894	215	258	694	734	687	387	623	556	612	355	244	118	39	490	369	385	152	404	891	129	549	291	3	504	863	324	656	143	770	475	389	630	783	59	383	737	816	71	397	699	391	548	246	320	181	0	661	73	903	582	778	732	148	532	605	622	619	434	143	813	101	418	466	756	272	284	584	248	71	797	220	616	413	644	594	250	810	621	528	269	329
518	199	53	221	646	149	486	268	386	472	340	904	547	406	380	626	362	217	437	297	234	607	715	587	428	872	893	643	134	455	626	667	260	242	279	907	646	660	835	829	293	810	844	8	669	316	138	604	15	101	357	475	68	14	141	593	544	57	1	533	581	364	556	321	318	0	695	897	458	694	903	455	262	502	342	101	601	313	583	492	889	786	572	483	741	16	574	902	363	549	580	736	703	733	14	187	550	87	660	676
304	752	482	770	15	421	733	152	81	82	287	287	178	774	426	819	661	774	756	241	514	187	123	268	178	160	508	324	463	604	91	671	696	675	559	732	744	569	670	403	256	585	101	844	659	334	377	559	615	74	118	777	78	167	730	860	105	103	125	314	16	579	536	232	21	221	0	681	100	868	565	366	14	146	529	453	275	643	200	792	461	396	552	417	528	669	655	786	685	239	283	826	548	907	377	147	511	502	468	271
788	585	538	717	240	7	546	836	168	512	149	579	513	578	867	834	570	796	31	319	872	772	464	534	214	730	871	234	621	26	779	408	661	747	891	784	757	620	647	239	453	186	740	605	917	36	107	142	871	719	269	665	574	240	126	202	517	745	805	457	550	710	698	54	832	800	250	0	798	44	156	687	113	882	676	9	367	528	544	139	750	7	620	743	242	142	337	761	836	349	257	489	288	713	616	530	741	137	346	868
167	452	315	182	345	252	28	582	50	634	899	276	271	715	862	822	526	529	772	702	185	834	395	442	242	874	153	35	579	743	497	261	335	670	916	353	564	398	538	70	91	763	707	520	274	864	16	739	296	38	129	769	307	275	683	763	382	459	217	469	138	616	293	171	655	271	768	251	0	826	865	488	54	637	35	380	696	848	781	887	704	559	555	630	236	376	142	436	83	291	650	795	554	283	122	47	26	484	264	907
530	242	14	36	637	426	246	496	619	199	360	142	734	321	626	907	814	526	240	162	558	515	366	637	114	333	728	601	621	185	435	559	911	746	832	396	159	391	120	692	636	77	148	488	78	583	620	855	85	91	227	648	423	774	84	281	540	562	774	458	106	431	327	592	471	761	619	392	162	0	16	885	191	353	518	420	898	263	737	268	438	745	746	506	447	678	253	478	621	13	598	299	164	380	380	689	602	174	707	745
689	14	114	620	300	556	303	785	338	421	459	883	130	366	176	34	687	36	45	862	605	213	583	856	511	665	474	593	346	59	910	179	195	341	231	583	41	308	824	267	525	755	729	641	85	478	547	862	470	548	93	521	561	765	53	847	428	308	750	141	631	98	723	769	406	291	45	20	567	38	0	594	226	510	855	187	491	628	527	523	655	902	630	897	106	69	844	513	269	824	66	457	672	523	308	183	280	131	283	718
314	868	254	842	891	198	302	633	620	372	428	225	610	256	229	560	144	663	811	208	160	681	96	824	44	276	439	507	759	811	470	548	505	547	688	89	883	605	82	394	487	363	132	788	796	337	604	222	582	73	330	251	120	621	594	876	133	524	164	748	570	322	370	548	788	841	353	344	644	453	905	0	25	798	776	114	652	66	672	329	443	40	352	466	604	59	459	906	660	550	616	210	661	682	644	21	574	382	482	565
673	630	884	279	131	487	337	774	388	768	334	561	357	317	908	500	651	903	776	798	519	464	580	283	533	73	480	887	260	238	892	299	416	606	243	269	241	289	447	601	415	141	441	460	637	567	301	336	619	267	73	560	795	282	829	310	281	64	544	59	32	911	198	761	829	96	176	803	807	575	883	152	0	293	917	668	606	121	341	911	226	139	428	282	460	366	363	911	300	791	86	160	755	576	645	285	795	488	139	329
486	113	90	295	154	301	826	583	146	860	860	265	520	124	565	531	461	279	625	813	548	6	687	445	123	268	162	371	268	666	498	797	396	395	393	3	250	361	101	373	521	850	423	266	60	196	243	156	283	332	252	895	131	733	556	401	533	602	194	842	527	339	393	164	527	275	680	591	264	578	686	615	103	0	829	50	499	714	312	711	714	166	811	594	707	525	611	441	659	246	725	319	834	152	637	589	846	578	210	613
242	269	464	27	197	546	244	712	487	849	862	313	889	28	194	494	720	597	603	4	255	897	294	870	192	441	394	602	320	539	534	842	337	119	85	421	98	488	380	920	392	905	623	194	595	617	725	9	468	161	790	3	714	100	105	170	592	390	500	633	83	218	806	763	103	142	131	524	135	355	879	394	436	739	0	590	616	592	892	513	235	272	918	410	861	148	730	467	91	888	315	767	547	748	311	902	871	110	332	603
732	305	692	419	94	401	315	248	258	584	709	849	836	178	181	834	27	545	203	129	623	104	267	484	481	649	313	730	251	231	452	347	284	296	336	842	685	292	711	134	151	507	211	121	20	322	39	408	866	734	61	505	363	210	632	281	854	373	563	364	22	361	805	325	508	495	505	639	264	213	19	559	393	196	540	0	382	718	558	193	43	182	691	458	352	153	66	628	864	521	341	734	199	849	843	173	332	413	216	596
54	401	710	521	670	853	905	27	532	63	728	801	782	770	594	356	57	142	47	712	795	414	691	177	538	537	738	764	724	270	893	202	773	579	36	844	631	781	368	727	561	672	648	125	814	85	54	267	197	318	330	129	369	161	646	113	500	273	4	335	100	292	114	683	46	185	767	797	903	262	678	407	184	319	890	806	0	180	207	906	845	268	580	655	479	112	684	135	531	297	430	318	696	374	465	585	259	537	15	521
119	497	446	342	767	213	802	9	113	613	188	426	270	621	672	208	297	476	333	157	888	836	737	665	157	293	27	335	920	590	106	250	406	468	733	898	856	421	581	726	209	534	267	484	838	571	397	810	458	149	489	891	59	231	221	585	915	757	920	284	725	548	529	574	421	536	703	430	448	483	724	178	917	684	110	57	217	0	613	218	790	101	188	628	456	359	761	600	144	26	229	246	308	309	91	467	674	316	787	199
791	387	189	658	870	568	553	57	393	35	515	189	321	383	86	38	509	636	278	658	738	514	130	116	631	570	556	330	831	721	101	522	340	864	651	591	821	355	723	55	516	588	907	67	183	178	700	513	585	201	811	728	133	664	782	659	362	839	620	396	845	775	621	825	456	25	188	339	250	282	247	505	442	356	178	459	236	880	0	28	155	765	452	312	194	649	131	88	43	108	673	143	837	771	847	268	764	816	693	867
234	695	52	511	840	499	136	660	557	616	849	28	843	852	655	600	418	539	662	583	105	808	898	331	592	569	30	834	372	301	798	853	29	870	122	720	696	649	482	489	124	110	863	585	682	305	283	872	622	452	824	277	31	705	740	637	347	756	520	365	65	886	251	197	770	410	370	211	718	467	684	615	665	220	885	88	271	807	501	0	400	589	453	753	356	622	64	672	666	119	452	235	861	61	416	558	403	605	620	675
313	82	43	121	709	277	190	371	506	629	243	509	20	210	182	661	616	610	291	86	73	915	216	337	110	73	837	278	783	762	822	2	784	791	659	498	861	105	821	54	802	74	347	680	855	908	300	413	460	327	660	228	306	471	177	77	801	373	689	350	442	916	529	682	856	592	726	304	527	706	472	236	390	25	851	797	863	749	306	334	0	474	205	488	591	617	67	881	698	261	607	178	336	87	557	839	298	374	396	751
458	475	883	667	579	774	294	195	104	405	723	544	730	194	234	351	691	742	820	679	525	859	876	592	639	827	554	836	657	308	565	424	717	723	236	218	752	885	395	179	759	703	184	350	592	306	477	656	750	592	341	319	550	865	601	700	32	610	452	536	509	453	613	707	190	331	100	249	4	828	157	792	601	213	755	840	661	570	668	656	522	0	762	545	192	392	917	554	749	824	628	550	903	55	525	214	385	51	40	842
109	246	372	537	282	672	95	719	634	711	686	452	360	279	295	759	836	6	641	618	358	23	664	254	55	453	62	207	552	612	688	476	515	461	855	108	595	849	699	598	362	403	883	878	889	255	741	808	371	8	206	413	223	484	732	190	293	26	800	109	812	660	370	253	188	8	99	517	29	283	312	398	763	295	820	91	74	797	802	229	244	817	0	94	66	529	274	290	842	278	342	311	702	71	383	195	602	235	722	328
528	396	785	620	426	741	539	848	878	485	430	816	696	45	505	863	11	626	91	502	362	35	825	821	628	620	176	450	366	297	206	447	444	369	201	181	221	436	723	606	138	659	402	872	117	358	422	97	831	396	505	102	238	479	712	664	572	720	1	730	329	499	727	851	708	840	691	505	508	133	700	904	41	476	279	367	570	165	546	895	141	865	890	0	238	323	675	803	605	93	868	744	785	58	681	578	141	811	337	360
606	23	313	529	531	324	577	822	196	356	116	3	201	401	22	170	512	782	19	409	78	335	450	621	634	724	607	385	121	503	257	353	331	274	267	15	597	751	342	815	476	728	545	9	111	151	785	686	45	464	917	901	54	691	372	683	448	290	630	877	316	167	536	145	428	127	241	434	657	712	459	447	816	869	504	919	425	84	469	391	433	517	386	390	0	755	119	656	245	490	763	674	807	341	890	858	687	436	865	305
283	32	380	434	856	360	813	8	123	442	768	480	291	743	337	179	387	502	831	280	829	511	449	30	612	766	617	429	710	302	756	510	207	272	60	814	788	485	191	484	694	207	470	149	854	112	669	825	667	513	678	218	258	776	714	74	291	452	329	355	792	660	185	474	251	565	534	651	712	457	674	527	720	42	484	140	383	753	386	894	498	697	915	226	97	0	95	445	245	281	244	914	550	855	239	913	904	353	381	123
132	725	440	213	345	308	791	735	80	766	561	883	231	266	637	153	484	742	878	478	277	608	172	76	397	273	249	564	211	569	702	381	837	770	760	178	308	438	553	141	833	574	576	390	498	292	873	90	617	72	367	681	779	30	450	684	439	631	594	426	260	196	328	752	281	485	558	191	466	267	7	464	481	8	152	584	546	723	873	362	15	909	172	519	704	374	0	160	564	844	562	786	822	28	880	622	169	815	442	404
181	64	146	179	470	726	910	267	358	237	394	535	779	609	64	12	137	527	619	801	483	45	298	528	689	911	654	625	177	256	886	680	386	899	871	23	255	422	115	465	797	708	309	919	313	702	314	207	161	699	442	673	876	739	456	746	512	494	276	3	50	457	353	467	535	646	113	659	612	719	770	884	639	676	783	698	761	908	311	689	182	918	682	501	723	83	727	0	906	506	31	785	343	725	296	84	385	55	251	418
245	844	501	647	300	21	343	855	95	85	840	786	785	722	803	195	253	660	364	61	816	798	229	163	205	40	419	260	713	753	487	765	250	772	625	588	671	438	301	670	326	805	197	706	797	421	526	549	777	787	178	78	751	669	313	71	650	582	876	887	334	572	422	795	60	345	757	1	856	901	408	744	674	617	278	564	565	280	313	277	93	585	407	529	757	816	684	784	0	400	906	115	674	472	658	121	419	899	91	505
524	502	319	375	13	288	27	743	20	689	291	237	73	167	546	848	405	345	608	797	30	493	436	675	787	390	866	114	852	430	404	244	663	406	717	427	494	579	61	369	100	753	38	110	436	884	566	132	511	230	119	604	676	688	657	486	230	42	30	194	916	518	860	402	862	146	631	920	598	189	234	881	651	565	796	784	898	68	694	170	679	87	4	512	914	606	433	554	65	0	115	212	629	440	351	117	362	87	403	861
718	543	449	786	460	596	44	156	797	335	25	121	386	467	222	720	732	894	657	483	611	730	366	219	590	511	917	89	579	639	811	512	413	492	199	730	760	275	603	868	660	50	494	378	611	815	589	793	192	785	415	775	438	256	214	239	625	756	888	908	47	538	76	50	164	24	691	67	289	163	287	679	515	812	786	242	78	31	550	504	915	781	103	588	717	892	856	413	786	422	0	128	747	201	389	47	519	221	612	388
706	371	782	471	874	829	307	683	214	872	173	177	103	95	146	705	350	355	440	336	11	189	28	301	371	296	493	563	632	628	888	367	116	64	782	51	581	358	562	478	422	801	256	700	428	321	552	476	81	368	20	365	775	358	332	800	234	856	810	669	169	770	489	919	829	783	647	616	199	743	609	920	227	301	327	84	659	608	66	478	744	833	591	125	441	486	688	653	231	272	626	0	312	633	291	670	171	136	400	359
728	125	17	200	339	576	346	147	79	718	284	706	704	264	319	389	222	533	109	289	764	6	909	721	166	239	77	654	71	880	495	271	494	87	763	69	440	887	357	45	14	459	416	194	850	483	613	422	920	700	314	279	866	133	473	85	421	371	12	241	823	692	760	409	190	859	277	81	420	538	552	360	104	466	363	577	643	597	254	740	99	561	231	457	723	583	839	613	862	495	137	488	0	850	61	173	561	869	161	622
633	888	52	261	192	384	719	329	321	839	532	99	370	617	124	134	549	166	385	326	500	299	612	912	172	207	40	592	146	78	83	508	659	138	439	701	503	376	690	725	613	597	583	197	268	767	447	847	466	308	262	795	439	482	353	475	173	570	177	27	419	571	781	133	554	206	345	545	785	164	214	700	816	139	868	664	749	84	680	248	389	502	348	384	7	603	443	170	816	124	280	172	876	0	827	123	211	624	694	255
690	755	723	663	386	606	44	329	592	866	534	327	412	705	797	371	811	456	651	527	35	732	227	105	896	763	505	665	154	645	408	515	11	572	582	308	325	660	530	674	315	305	92	772	81	361	239	257	295	486	761	121	717	305	566	473	38	63	798	635	840	49	81	770	126	857	137	541	450	463	836	880	718	661	595	113	72	412	766	55	134	467	905	783	901	110	163	458	830	919	197	894	443	832	0	77	59	775	147	373
643	644	253	746	12	827	298	53	696	792	615	439	709	18	264	443	36	263	426	424	528	605	869	733	403	293	380	151	918	495	452	342	72	815	747	139	887	608	266	11	433	484	565	470	83	653	68	676	148	739	845	2	627	133	746	530	663	40	118	503	508	92	140	326	834	718	121	267	477	483	161	136	438	39	48	43	48	326	704	425	340	297	899	719	374	109	212	336	76	894	18	343	901	238	427	0	27	82	589	788
14	250	717	436	313	16	75	534	399	48	265	693	774	585	530	752	577	641	354	74	903	217	591	765	345	673	597	547	623	427	695	51	49	668	906	885	140	846	888	633	475	266	92	192	656	771	449	771	578	204	714	586	599	573	73	690	380	681	751	401	710	184	796	781	780	184	225	30	402	558	843	313	781	722	79	494	694	829	91	334	557	785	594	368	16	208	825	440	834	622	773	238	140	165	634	869	0	60	558	69
237	599	262	459	399	118	76	234	59	397	621	715	344	345	865	201	127	480	583	602	191	784	434	241	256	200	750	372	370	421	604	356	730	634	574	747	323	322	252	422	201	265	104	763	54	360	58	816	901	121	190	65	821	766	667	177	895	129	309	354	594	13	380	522	626	124	818	351	489	677	281	662	177	374	825	857	461	657	917	897	784	368	319	166	650	275	748	484	264	509	195	230	443	262	415	806	41	0	95	762
165	763	431	367	468	801	68	532	533	656	514	594	341	541	431	800	507	674	553	93	668	137	880	354	108	550	882	693	478	280	438	201	456	862	801	879	327	635	292	854	644	875	369	356	860	160	717	112	852	245	605	251	562	756	226	694	355	203	193	350	793	382	71	314	47	909	397	591	628	462	618	633	20	215	346	325	405	861	686	454	897	494	383	103	800	870	370	146	354	826	798	132	719	381	349	148	142	375	0	588
187	863	192	340	327	148	15	302	34	851	397	200	131	415	166	812	379	448	224	394	355	410	227	49	831	104	666	428	505	723	424	688	191	390	652	584	574	851	764	98	409	865	724	612	491	439	80	559	155	616	887	317	80	288	771	495	835	15	70	817	246	612	396	62	611	109	732	23	402	867	158	40	4	874	176	718	129	231	734	883	136	439	831	650	581	242	717	650	370	307	273	329	367	211	432	150	567	252	544	0
