A	B	C	D	E	F	G	H	I	J	K	L	M	N	O	P	Q	R	S	T	U	V	W	X	Y	Z	AA	AB	AC	AD	AE	AF	AG	AH	AI	AJ	AK	AL	AM	AN	AO	AP	AQ	AR	AS	AT	AU	AV	AW	AX	AY	AZ	BA	BB	BC	BD	BE	BF	BG	BH	BI	BJ	BK	BL	BM	BN	BO	BP	BQ	BR	BS	BT	BU	BV	BW	BX	BY	BZ	CA	CB	CC	CD	CE	CF	CG	CH	CI	CJ	CK	CL	CM	CN	CO	CP	CQ	CR	CS	CT	CU	CV
0	384	136	159	389	358	354	124	509	284	425	9	323	181	280	48	124	211	252	514	93	21	151	372	442	235	516	136	384	519	434	98	406	278	451	85	535	354	56	417	445	15	33	75	456	425	18	174	488	457	173	415	226	124	413	144	200	395	4	295	47	342	61	136	308	157	373	198	385	123	12	456	490	381	342	492	526	293	280	280	166	148	205	8	304	91	61	52	112	462	24	264	166	347	202	212	453	161	367	474
509	0	55	376	480	374	215	131	381	270	473	128	182	484	331	138	329	457	10	222	316	324	405	389	152	460	35	211	104	94	297	254	389	121	182	440	286	488	240	102	293	474	145	483	229	522	418	380	57	176	196	104	92	9	4	113	412	472	238	133	445	25	201	90	429	492	383	391	104	253	307	311	9	178	387	47	227	35	468	130	78	497	489	470	465	297	344	505	494	445	373	421	447	503	502	513	344	357	515	380
138	320	0	357	263	203	99	414	382	213	436	348	248	498	408	209	136	307	309	274	32	155	45	359	77	78	211	85	149	489	171	517	320	158	168	18	469	468	155	22	391	200	2	301	455	527	127	116	322	27	175	103	307	162	37	393	529	480	429	227	378	9	479	267	28	368	203	363	29	68	154	179	237	532	394	493	428	21	178	132	68	123	264	34	148	81	22	186	281	347	277	25	53	341	226	46	530	197	44	326
308	447	505	0	377	273	330	501	254	326	320	361	100	71	459	130	530	177	318	270	65	37	354	450	359	149	66	148	208	80	147	128	376	197	79	180	513	522	386	157	420	477	220	467	18	514	415	20	391	235	331	111	102	483	503	10	140	81	86	208	49	172	371	476	488	398	217	425	335	484	205	344	247	495	510	105	460	43	515	397	529	65	43	322	219	147	53	16	180	315	76	355	217	71	376	505	377	297	40	129
529	362	19	515	0	496	352	285	73	59	98	272	260	225	72	155	304	253	37	131	526	230	288	55	305	530	25	90	109	130	288	32	25	208	46	28	477	429	170	282	129	47	522	498	133	66	362	230	505	456	204	276	319	380	395	80	375	378	243	92	309	234	433	370	218	318	332	428	488	463	165	250	273	338	89	195	249	141	314	72	232	23	331	42	442	30	529	167	414	162	47	132	453	118	68	179	457	99	464	52
166	202	75	511	352	0	44	373	162	466	77	437	514	318	434	233	191	390	8	260	299	373	242	201	236	381	496	181	146	512	177	175	304	292	107	397	286	369	473	479	243	456	30	467	516	275	129	222	168	213	87	522	494	446	82	324	346	335	54	492	394	17	442	193	136	306	227	37	359	452	303	476	197	44	407	475	189	70	380	355	61	151	238	347	327	406	330	95	58	190	168	450	366	21	18	415	44	524	13	278
431	297	455	505	17	212	0	75	282	306	153	263	221	253	504	298	199	477	441	72	192	378	374	303	388	526	380	161	438	20	468	168	290	194	487	45	169	275	405	274	307	464	158	192	38	454	97	237	415	346	534	408	390	100	25	135	467	409	311	232	160	89	130	465	378	339	324	360	418	146	404	429	407	8	322	197	399	5	98	391	5	232	530	166	221	179	490	193	143	164	406	119	12	235	5	147	352	435	122	512
351	493	470	327	494	472	148	0	223	171	275	297	444	274	391	507	381	76	456	342	139	449	379	82	364	301	311	419	299	69	467	300	257	482	433	12	395	116	281	418	517	38	410	509	381	16	6	292	504	67	333	421	146	236	502	266	525	149	506	179	408	142	198	414	235	221	419	229	18	139	153	311	473	422	293	116	202	461	502	101	185	244	391	272	477	53	97	155	496	397	31	150	450	4	392	308	65	320	399	216
190	404	52	367	199	135	76	52	0	289	305	120	256	68	508	381	207	482	519	107	320	301	483	18	373	233	388	150	165	498	308	56	445	51	485	339	63	321	233	352	378	126	192	509	431	391	82	421	197	484	112	431	439	300	404	415	156	420	294	50	325	213	39	535	447	158	111	519	507	183	235	69	348	529	127	221	88	508	109	187	65	112	25	205	324	31	454	317	139	420	322	97	529	495	299	386	499	74	33	330
483	76	110	415	50	28	261	386	276	0	256	295	400	487	29	374	242	99	261	504	527	296	153	153	166	311	454	3	97	218	278	200	424	381	175	440	118	419	235	489	413	181	34	119	526	388	366	204	147	532	485	292	175	197	279	523	50	36	21	104	132	427	402	263	337	492	100	469	338	432	291	132	261	505	233	328	320	177	243	483	343	535	142	123	177	76	95	56	122	199	535	110	133	503	28	147	104	64	402	531
107	521	459	157	209	360	373	15	343	516	0	92	482	123	98	445	2	115	223	7	301	269	253	10	279	459	496	98	433	5	522	101	284	58	495	161	504	424	420	170	195	431	66	504	250	76	333	37	313	25	15	364	229	144	467	365	250	480	423	136	354	273	477	266	149	299	9	113	159	31	459	74	274	258	511	108	298	108	407	273	125	95	468	450	368	369	12	144	320	340	365	49	493	391	173	413	144	410	183	388
324	250	374	282	203	479	448	307	500	507	272	0	131	14	437	141	77	275	257	332	135	192	46	294	186	141	505	76	378	44	335	273	184	523	467	6	126	368	294	3	231	493	69	321	139	155	381	73	344	4	514	121	266	167	290	304	25	494	6	16	325	351	32	192	205	243	61	423	213	413	46	26	159	187	272	392	479	503	326	387	471	288	377	405	131	161	369	535	80	54	427	234	469	24	265	477	255	265	314	262
98	457	242	300	352	404	91	397	485	173	198	387	0	42	398	116	172	210	369	53	356	214	103	242	499	80	523	190	118	110	231	325	393	154	487	201	425	136	95	347	257	48	187	527	197	526	360	432	468	517	145	428	152	305	229	460	296	384	195	365	464	383	455	111	78	20	154	247	221	23	402	474	464	165	155	30	67	177	178	212	421	478	315	422	377	225	34	413	283	398	142	89	161	313	420	67	12	435	19	408
81	186	168	420	78	521	371	38	240	517	478	218	264	0	83	193	459	178	383	130	463	210	44	93	202	133	235	216	190	388	523	232	376	1	448	8	222	87	63	78	470	535	438	444	47	115	131	391	264	39	283	172	236	473	308	218	404	247	530	283	307	54	233	395	442	371	250	422	52	529	196	47	490	15	39	345	479	13	395	40	282	255	168	124	484	100	429	156	139	304	293	481	379	254	143	470	304	228	174	364
530	497	160	371	99	504	505	128	317	434	380	91	129	153	0	181	126	150	531	415	367	218	47	184	142	199	62	138	198	503	183	39	126	197	227	505	103	287	244	488	99	516	139	479	356	31	73	347	266	261	314	139	408	401	442	126	152	157	424	25	297	501	206	195	13	48	106	417	87	293	505	378	244	344	219	413	66	40	425	332	521	110	161	434	516	64	176	251	29	225	391	210	218	346	129	135	247	104	281	141
383	40	474	460	186	35	307	401	420	337	469	323	455	512	102	0	63	422	189	454	525	352	349	397	521	333	397	183	242	242	134	319	158	452	216	286	483	315	128	367	18	364	344	80	54	11	368	469	111	439	303	218	303	90	87	224	22	285	311	236	8	359	328	352	205	421	436	30	460	25	497	176	65	221	33	173	342	354	14	177	444	183	377	53	462	368	117	535	355	275	45	36	416	65	414	387	33	413	336	101
524	29	499	240	232	78	92	355	202	330	84	438	478	521	210	503	0	468	386	348	36	158	158	29	519	340	14	205	72	413	330	394	40	374	230	437	63	291	447	424	258	23	209	34	414	523	310	290	86	10	404	269	167	74	151	530	166	65	316	193	502	94	530	337	156	246	111	354	168	528	426	16	322	2	278	281	449	423	164	197	122	27	221	194	45	27	297	67	457	9	276	525	390	500	477	112	506	372	217	338
413	126	97	224	403	256	382	427	140	210	235	106	454	333	282	220	146	0	100	30	454	51	19	51	399	398	9	11	283	140	509	48	409	11	8	133	504	206	317	297	227	531	45	395	449	267	28	96	264	37	340	244	247	252	129	224	203	338	306	313	203	104	220	50	67	417	266	515	465	521	119	171	20	268	156	297	8	82	405	234	531	65	189	420	196	317	92	289	290	60	121	403	435	113	109	117	117	348	124	125
433	82	308	327	36	24	371	262	356	355	490	362	315	370	193	298	499	207	0	126	163	462	105	35	311	30	216	356	478	366	297	331	438	170	274	150	107	76	111	294	278	250	130	213	104	434	405	210	76	228	199	88	394	147	388	298	498	302	529	353	410	318	223	89	249	392	235	358	372	461	518	93	136	95	116	257	375	496	469	532	172	236	187	131	252	410	426	61	496	316	461	155	413	222	390	277	386	195	136	158
472	100	349	22	133	349	95	333	3	481	263	534	417	163	251	467	355	498	340	0	244	457	86	499	80	320	283	47	408	228	78	234	136	150	521	172	196	403	453	510	187	208	440	382	276	30	496	147	480	123	494	408	453	221	358	429	441	78	166	422	210	21	401	338	375	456	235	392	279	99	423	173	364	290	437	53	275	347	364	450	296	56	413	341	484	235	186	72	404	233	19	79	514	348	151	227	282	88	400	261
511	121	491	3	289	493	126	377	323	301	190	211	71	520	370	520	238	439	460	338	0	533	72	509	213	341	68	31	163	122	119	409	402	45	215	397	65	512	17	160	172	196	8	501	14	315	502	12	533	485	39	307	423	461	151	439	5	159	148	223	9	222	168	456	339	316	310	427	479	486	30	49	144	356	529	86	114	145	249	52	115	283	519	150	343	381	470	452	69	511	384	282	53	323	184	216	34	358	200	152
518	56	250	2	28	240	429	7	251	173	390	232	178	330	491	322	287	32	105	252	485	0	166	437	207	408	313	269	53	259	526	406	119	451	236	164	147	61	313	367	58	65	504	140	515	495	446	377	200	197	169	519	36	297	257	172	143	156	467	346	225	257	216	454	535	58	343	57	341	413	8	76	210	424	484	394	373	137	288	530	184	194	475	348	28	145	259	399	126	254	167	315	413	377	399	176	198	434	78	506
166	157	91	248	530	76	91	402	143	422	362	30	452	47	236	200	458	501	379	364	306	93	0	406	377	494	143	51	393	401	254	195	336	296	9	299	250	166	364	422	173	254	265	66	396	394	177	66	32	304	50	189	144	110	96	315	145	76	200	293	433	82	76	501	420	459	173	420	66	233	301	326	13	15	176	418	172	161	125	28	432	407	266	421	164	386	264	34	223	196	69	361	129	339	369	465	112	256	410	402
443	301	517	392	35	403	323	350	173	212	64	331	354	497	316	447	177	412	2	345	161	465	413	0	205	97	491	186	495	229	526	412	527	395	521	112	430	250	187	70	354	27	411	71	401	376	311	214	418	251	169	392	13	112	422	110	174	318	419	385	480	383	201	358	266	198	387	18	534	100	121	272	534	526	196	487	368	19	208	143	116	197	494	172	213	331	476	30	175	121	272	399	223	201	361	403	65	58	422	142
474	10	13	210	330	256	486	482	328	224	252	95	372	518	14	376	153	370	433	463	162	497	432	391	0	450	40	26	528	305	233	480	53	463	373	141	247	175	374	405	15	118	476	273	192	286	430	520	450	445	176	317	489	356	332	236	382	215	374	115	208	256	446	154	422	345	13	380	70	397	512	311	342	261	474	480	73	19	479	295	103	401	193	449	16	272	357	513	396	43	52	196	320	490	466	206	197	239	194	155
289	363	317	297	129	37	9	350	431	16	226	141	97	193	182	307	168	382	223	341	266	31	374	272	47	0	363	460	102	7	202	17	500	271	410	356	60	458	363	403	450	428	172	184	74	236	126	378	518	262	404	215	101	273	86	291	416	478	318	177	480	222	193	463	31	402	479	207	406	143	200	172	234	101	69	431	141	451	73	128	149	142	139	217	387	249	222	223	516	199	442	99	299	243	399	438	324	54	528	457
180	341	232	251	354	10	166	375	183	378	135	497	13	128	4	287	309	246	459	358	43	275	517	91	24	45	0	510	195	24	324	458	251	78	64	162	527	395	243	406	330	385	81	362	200	356	309	171	256	475	264	62	481	174	265	421	365	210	405	227	356	444	98	445	137	10	231	489	292	62	104	183	528	105	96	277	81	527	533	372	116	69	66	196	439	168	30	476	241	415	286	129	251	276	247	426	244	165	339	497
411	511	77	469	82	448	194	213	325	168	315	510	329	263	208	293	107	52	10	109	259	63	526	410	131	330	193	0	249	452	252	342	495	351	25	447	357	176	203	238	398	37	496	177	145	291	52	145	291	190	195	228	165	401	259	216	388	319	523	375	143	311	448	516	524	521	129	79	188	6	229	491	255	284	156	451	225	249	210	200	229	458	425	32	209	236	284	413	61	21	273	427	244	458	427	446	237	140	329	265
27	508	512	406	178	360	144	435	223	183	48	424	471	12	81	499	484	464	157	406	128	5	98	387	268	274	372	371	0	196	480	307	157	497	413	495	336	199	500	365	173	374	497	14	281	315	55	148	457	491	77	456	83	428	195	273	388	64	334	463	38	237	296	183	429	397	414	79	404	181	243	319	271	132	355	312	88	212	175	515	230	535	30	475	269	51	247	517	175	476	66	320	46	93	268	47	518	326	41	511
123	21	409	204	520	287	241	40	385	280	93	263	11	145	12	435	21	205	414	532	352	234	489	275	262	483	26	157	15	0	356	147	446	92	224	34	532	311	443	41	260	334	52	528	499	524	366	87	109	226	410	262	247	158	298	492	204	321	168	44	124	255	77	434	21	533	123	456	25	18	133	397	311	214	487	347	325	89	340	210	247	300	247	456	431	300	101	152	416	58	509	475	522	438	403	186	455	285	49	425
88	39	240	180	128	226	333	33	149	141	333	175	283	468	454	46	422	412	81	328	353	422	200	206	37	40	510	16	56	286	0	462	223	484	532	120	35	426	87	12	77	302	418	361	343	120	280	257	165	435	529	483	330	353	138	414	395	204	423	399	333	12	69	162	526	483	426	6	386	414	90	343	173	40	63	396	41	463	166	213	411	361	440	169	159	380	322	298	420	308	249	337	413	150	316	56	277	203	336	353
28	518	327	67	530	421	51	31	214	60	99	362	356	136	528	55	346	81	324	210	184	200	535	251	482	83	467	177	179	341	6	0	393	72	528	291	151	190	180	530	207	218	266	283	514	77	190	491	251	443	47	260	420	138	533	292	38	283	103	312	50	297	291	296	494	368	449	180	492	510	90	498	144	48	110	355	519	192	233	259	342	459	30	201	72	258	237	294	102	489	336	60	226	13	490	363	63	41	112	222
1	449	184	45	530	355	422	260	331	187	284	268	30	68	369	411	459	20	279	374	131	353	73	466	254	305	352	455	379	197	21	452	0	477	189	119	467	343	223	246	82	152	457	37	81	191	507	140	383	59	130	280	19	109	291	479	402	236	408	365	406	136	381	257	519	107	519	72	312	379	258	26	284	423	427	332	141	284	149	427	308	170	401	390	242	437	80	348	325	410	262	185	268	25	37	531	420	289	325	311
104	334	361	506	413	396	178	317	34	150	405	1	256	122	199	445	41	467	410	313	42	464	535	93	289	210	401	142	288	22	37	202	36	0	466	337	457	175	489	130	223	501	369	481	156	190	339	91	333	361	1	142	151	486	473	476	302	382	140	377	527	439	511	395	87	511	180	452	146	163	263	443	465	280	294	31	261	19	166	159	426	102	273	201	354	466	473	500	369	335	435	92	42	318	490	442	99	313	484	269
375	173	482	194	481	459	516	498	68	113	332	222	80	535	224	309	251	3	418	253	159	88	144	444	298	25	131	175	142	3	492	407	141	336	0	242	127	359	353	17	204	268	97	373	16	43	45	266	383	127	65	297	116	411	201	175	526	203	174	20	215	334	533	434	467	214	344	403	99	524	160	176	81	184	307	164	190	59	93	317	94	229	394	178	365	294	368	385	86	316	509	304	181	368	69	279	526	23	16	308
1	498	300	253	311	379	85	280	321	186	220	533	153	149	478	199	208	226	238	359	204	534	419	179	445	39	201	101	303	143	513	127	55	441	175	0	492	247	104	220	184	113	200	178	480	304	397	123	336	137	338	14	446	227	208	73	71	327	461	445	340	128	259	393	194	101	457	171	442	352	391	299	286	104	372	263	51	407	282	214	493	40	489	424	387	208	496	453	144	371	161	257	241	503	432	529	264	302	180	299
334	257	509	74	37	90	416	29	372	343	154	192	98	266	264	20	376	332	238	282	48	382	390	367	260	535	416	231	17	113	15	278	256	450	452	494	0	218	134	165	507	317	326	87	59	271	514	350	345	190	116	167	75	126	177	327	60	434	120	399	195	292	126	469	378	495	214	404	42	106	98	55	476	97	414	305	357	198	216	517	176	394	481	87	393	33	215	163	364	449	237	467	71	253	505	211	208	394	412	263
171	180	225	383	488	115	15	369	485	407	448	120	322	317	224	74	142	444	228	235	241	232	422	334	374	60	34	183	519	285	140	180	9	409	304	124	12	0	447	507	249	511	361	107	77	269	473	179	464	100	533	203	342	242	171	62	343	61	451	416	465	284	177	434	335	377	285	246	68	427	486	242	500	376	431	314	278	342	196	97	47	358	157	200	51	200	358	36	89	469	522	315	77	19	173	55	250	360	362	436
211	90	44	301	409	243	127	308	40	416	142	19	383	428	292	183	80	255	341	390	277	319	254	95	399	249	170	311	288	372	304	137	467	137	469	70	232	113	0	330	89	23	185	97	365	159	395	535	293	475	217	67	140	319	52	506	492	511	268	377	255	475	14	166	356	294	23	204	38	146	394	449	77	66	7	192	316	337	335	423	239	396	237	378	131	396	516	277	324	103	122	69	80	214	40	525	160	398	426	455
314	26	306	376	168	475	395	79	321	251	1	254	307	341	245	402	260	94	143	522	279	120	295	328	315	235	280	138	57	128	507	211	341	364	343	24	32	132	126	0	387	239	516	519	411	103	192	11	28	107	76	361	18	311	325	474	133	450	15	428	174	71	69	267	373	126	327	300	56	428	169	317	411	237	150	35	118	147	183	392	314	94	458	397	132	25	187	404	341	228	39	37	155	373	348	418	260	143	355	125
500	272	325	65	410	206	499	168	55	226	93	424	134	99	35	170	329	431	259	160	528	331	299	411	365	202	220	411	224	66	78	471	318	323	485	386	260	12	96	238	0	469	126	274	88	530	480	479	430	470	182	370	508	322	6	192	334	459	261	300	135	460	421	479	343	394	98	250	372	126	219	398	135	502	486	11	204	19	270	371	195	408	373	58	497	252	200	174	22	111	66	521	9	158	322	175	82	388	24	525
388	293	83	124	155	121	352	421	445	63	485	175	369	520	510	61	279	237	469	313	260	162	68	30	195	132	519	218	126	32	48	151	2	217	339	77	207	342	310	344	420	0	218	444	106	323	401	105	405	423	261	209	436	458	458	279	358	233	5	437	526	334	381	200	321	78	523	457	322	413	84	157	291	389	516	347	183	235	351	470	470	114	88	136	416	266	464	502	462	505	82	115	198	419	198	226	377	209	499	127
492	275	71	68	144	460	222	21	141	476	152	350	457	124	135	497	211	69	9	332	372	259	377	350	158	350	275	292	448	212	266	461	516	481	44	535	370	211	364	474	228	284	0	289	8	159	529	152	487	241	277	208	412	403	93	243	449	137	519	172	421	129	523	501	467	397	84	188	111	40	374	182	39	277	446	238	502	109	147	485	89	171	255	80	206	397	335	490	288	21	119	324	156	367	267	355	198	285	131	282
186	64	409	230	80	323	372	402	28	505	56	502	179	424	422	365	372	387	352	313	322	468	224	206	38	345	309	207	333	108	487	310	199	525	107	171	438	316	116	525	509	353	335	0	29	415	384	326	75	98	439	107	125	13	131	490	288	140	412	368	72	390	268	265	475	227	507	522	151	131	371	490	312	10	507	370	65	503	503	455	279	480	70	134	135	404	278	34	258	289	76	192	296	454	389	162	517	151	526	461
491	453	86	86	154	382	145	19	474	133	387	178	139	455	97	439	190	50	253	311	421	435	102	300	150	383	507	229	330	422	92	116	484	382	298	490	56	20	386	338	210	240	60	265	0	482	326	396	212	342	139	19	232	91	108	132	184	332	41	470	161	35	49	98	299	239	314	125	340	501	196	256	1	53	181	437	118	1	201	445	247	258	402	107	85	269	496	487	518	42	146	340	248	342	245	116	385	110	305	146
136	254	491	44	10	199	23	484	115	251	344	126	469	294	70	114	252	465	504	126	392	475	495	471	104	414	509	91	213	358	341	27	383	17	358	84	222	100	434	179	274	178	90	281	210	0	470	161	387	164	417	252	129	256	188	455	510	269	267	123	249	488	451	380	462	220	243	352	116	200	491	165	307	214	81	40	335	339	247	337	474	213	508	168	219	355	78	437	410	234	501	37	244	131	223	361	289	515	417	424
519	300	332	455	523	524	207	338	252	19	411	305	383	401	293	309	412	457	193	380	124	304	310	464	138	349	19	336	29	467	533	255	162	33	54	396	159	403	311	531	334	313	143	52	402	308	0	287	428	336	51	525	486	26	428	287	518	474	239	172	291	366	386	528	271	213	276	2	386	319	469	58	216	2	482	26	512	190	312	500	345	337	487	246	209	488	468	121	375	348	276	44	126	422	450	203	253	226	442	390
149	332	66	491	333	445	172	152	278	56	176	383	36	62	263	282	318	439	430	397	79	89	98	237	86	93	313	110	413	84	270	214	233	183	423	397	45	506	303	35	394	411	352	448	112	118	339	0	171	443	369	29	459	37	16	253	479	204	97	293	334	247	336	218	506	413	337	271	400	148	315	110	268	442	193	493	26	320	387	314	484	269	259	356	419	303	483	317	155	2	185	295	245	142	223	242	354	292	496	527
87	211	312	243	489	278	262	406	400	21	153	105	287	106	24	319	354	106	360	104	518	402	240	476	21	269	388	24	503	406	168	87	179	302	464	327	481	221	416	461	98	498	434	256	48	418	346	476	0	294	275	346	190	85	342	417	201	200	275	503	111	428	338	287	212	419	159	177	188	167	96	243	472	399	182	289	9	85	212	38	384	499	362	310	13	33	456	309	244	65	297	138	46	224	304	384	474	382	373	446
40	318	62	380	335	36	139	6	354	62	464	440	145	387	337	261	208	240	345	20	58	522	355	173	192	484	75	266	438	464	320	258	92	492	170	99	365	111	1	405	419	305	64	445	46	519	135	453	69	0	404	435	373	74	392	515	299	224	207	143	383	450	453	309	116	97	527	147	482	263	332	228	169	156	389	44	532	357	498	126	142	81	191	114	25	349	16	258	228	122	309	6	517	250	131	185	361	498	42	252
486	121	50	172	58	522	192	137	408	426	10	53	247	3	143	390	510	297	372	456	514	223	188	52	479	293	397	177	452	129	485	529	300	484	205	479	249	471	285	176	328	469	398	8	353	393	520	520	459	274	0	339	519	5	401	112	286	509	57	170	4	442	1	212	73	149	432	314	387	5	97	498	383	209	14	158	214	401	177	109	502	82	271	72	247	166	510	535	345	320	242	322	13	199	388	37	294	140	132	255
152	152	46	238	275	182	301	11	394	367	307	468	297	227	348	303	303	7	459	205	349	381	299	239	390	57	535	135	254	393	379	262	367	447	221	420	439	63	395	459	207	380	301	461	215	311	517	444	132	158	118	0	133	435	423	532	265	118	415	142	179	465	136	157	240	347	111	431	6	145	262	9	204	61	15	423	521	453	98	445	126	60	277	73	72	4	25	135	232	47	356	278	269	419	302	456	143	495	118	82
224	182	524	468	85	39	215	190	405	333	387	137	516	454	433	400	384	320	278	88	129	330	325	129	164	371	370	95	88	438	516	435	132	70	232	270	296	350	524	370	463	106	435	42	279	448	470	145	342	175	432	62	0	100	118	481	305	211	43	13	384	172	448	234	215	151	135	266	249	65	503	66	189	126	452	300	111	191	30	192	143	241	510	108	57	88	109	128	55	156	384	403	11	531	426	381	256	166	126	59
106	25	193	274	462	341	106	152	131	314	268	305	200	205	311	1	295	288	481	506	378	197	432	67	321	377	314	220	24	51	382	400	426	380	134	276	169	309	223	27	393	529	318	382	415	55	323	382	497	94	172	379	219	0	132	435	272	396	205	132	300	311	186	203	123	271	478	378	514	454	470	185	31	348	7	245	434	324	268	327	393	243	195	222	425	257	43	448	228	44	466	69	308	248	532	530	386	498	466	145
236	26	112	74	484	84	346	444	340	387	11	410	132	197	432	171	291	29	177	125	154	255	91	39	178	346	437	427	260	34	387	507	34	400	367	405	310	73	520	304	282	132	428	289	485	442	291	409	171	313	286	63	392	151	0	269	173	438	404	394	494	368	341	185	12	504	335	350	487	40	22	398	409	329	146	27	386	61	10	291	9	532	165	13	516	180	349	21	200	176	444	143	88	434	512	176	287	408	188	223
196	31	176	254	37	436	15	39	207	147	141	344	290	351	222	485	142	486	229	153	255	430	324	516	382	426	458	23	77	167	181	222	456	245	269	138	211	82	284	337	495	485	508	293	531	312	486	4	47	16	226	237	478	92	190	0	481	171	61	103	403	335	120	134	389	55	55	155	285	341	408	375	268	67	382	389	298	49	312	356	255	199	210	25	304	102	431	390	314	8	142	187	325	369	410	160	318	493	493	40
390	137	120	451	442	503	459	395	171	68	211	151	308	303	190	435	359	457	79	106	147	185	161	462	500	166	87	6	297	491	139	15	408	190	309	413	272	333	112	188	421	88	7	288	424	369	210	11	78	246	247	336	337	355	348	126	0	348	418	227	490	500	236	478	486	70	446	333	286	75	480	359	276	142	161	391	63	270	342	85	229	267	230	79	529	514	431	149	41	259	71	179	204	403	156	446	98	463	102	160
331	378	192	340	111	95	473	193	413	137	330	283	10	238	26	169	179	486	481	39	137	188	471	198	467	104	500	75	524	278	394	200	424	207	91	521	134	348	362	357	122	344	212	146	148	32	324	349	174	242	365	418	230	74	314	525	423	0	519	176	525	101	82	464	340	253	521	143	411	413	138	98	202	240	270	410	521	104	123	263	269	165	72	499	527	410	77	528	225	296	446	277	516	66	504	515	204	194	532	419
531	151	389	203	123	104	135	452	134	15	156	151	401	140	191	414	145	503	294	370	351	61	314	58	178	147	414	296	241	500	8	6	345	503	106	453	465	4	50	122	339	86	465	334	301	36	463	359	145	42	526	160	504	115	235	355	129	68	0	418	190	249	312	59	239	59	362	337	333	411	355	275	28	499	236	111	48	209	48	531	31	107	55	466	296	253	112	323	390	469	455	23	98	56	9	116	123	453	293	377
295	511	312	497	29	67	65	525	80	404	351	190	386	7	193	327	315	99	273	351	68	198	116	146	436	392	485	46	320	163	528	72	448	427	53	373	334	72	462	327	436	305	365	266	142	262	336	77	244	178	347	438	379	362	162	51	485	379	93	0	25	359	215	444	288	532	346	463	465	420	144	136	522	484	278	27	62	486	383	399	535	242	189	351	270	202	106	160	337	39	374	17	308	280	6	166	77	47	485	3
53	496	372	17	233	42	381	496	391	168	29	354	380	27	224	432	86	186	112	452	413	370	386	110	289	395	376	110	489	250	210	198	18	78	152	438	47	444	81	514	286	400	487	201	17	404	354	143	175	330	374	53	524	424	469	251	385	28	471	495	0	20	250	356	340	475	27	154	223	398	87	122	127	359	480	68	352	258	167	259	71	68	409	37	150	201	445	401	248	30	343	52	331	413	275	467	474	412	163	425
464	284	13	494	446	314	334	504	29	417	234	486	145	196	482	113	479	505	66	254	490	153	387	330	340	56	177	317	534	132	187	222	190	253	66	346	461	460	131	449	86	196	333	522	345	407	15	154	240	188	426	88	344	181	459	113	485	82	166	434	230	0	272	211	360	69	468	446	363	320	320	22	205	133	137	485	150	247	339	426	267	248	79	253	5	494	311	73	206	103	520	298	331	106	140	117	169	367	129	41
471	274	501	160	207	348	334	451	358	236	12	3	30	429	481	470	274	257	369	423	466	19	198	496	206	129	407	215	141	219	47	378	115	159	251	339	406	176	304	18	330	303	502	365	114	70	11	228	432	274	122	309	348	30	54	259	87	405	189	302	490	156	0	261	140	403	447	250	3	287	361	184	204	455	291	428	120	401	300	453	337	289	435	510	260	124	325	333	316	147	110	133	148	119	442	191	171	166	136	253
216	356	507	90	382	57	391	534	272	443	101	215	138	156	364	496	89	270	185	296	211	471	197	514	436	195	268	68	531	491	426	191	80	112	390	26	387	245	369	124	52	104	81	46	83	375	476	435	454	171	493	237	68	59	388	322	60	178	364	408	468	79	102	0	309	432	310	224	368	20	347	152	476	160	381	135	132	252	52	59	139	309	459	512	330	125	113	22	419	314	99	488	388	339	98	449	368	222	213	121
37	460	178	440	213	220	421	158	121	306	94	444	408	524	23	113	351	32	6	433	280	198	127	421	211	370	370	14	153	256	114	314	314	454	530	76	533	339	516	355	129	481	142	222	169	136	434	358	189	402	133	476	442	520	423	107	41	345	169	417	358	474	97	483	0	183	165	155	89	125	122	415	229	84	355	363	503	159	491	376	533	338	508	376	452	317	433	106	524	449	27	403	167	472	532	347	439	462	393	335
189	377	158	457	501	499	514	153	321	15	152	484	243	326	103	278	533	381	317	257	138	159	322	36	363	382	251	361	206	346	145	355	291	475	168	473	98	309	527	534	57	84	174	443	42	391	185	169	414	179	273	290	415	225	342	37	331	167	244	186	316	410	382	480	319	0	445	427	25	228	79	485	239	384	25	204	26	216	323	510	84	376	524	412	44	240	260	285	421	461	133	191	128	218	66	307	408	279	186	470
513	472	338	163	201	527	500	26	445	57	512	326	398	494	160	281	330	387	409	80	269	284	198	525	328	387	151	202	90	54	344	28	5	363	322	252	120	79	467	219	456	380	31	63	198	12	444	26	124	114	295	333	495	89	211	406	5	277	13	252	154	515	104	299	80	184	0	113	355	499	398	118	51	238	20	105	316	369	72	302	207	399	59	466	181	10	332	443	433	375	482	171	29	500	420	122	533	64	338	10
177	194	90	72	174	238	441	510	530	354	155	464	373	123	94	92	120	186	218	243	176	182	432	481	437	358	281	467	417	145	364	14	467	474	214	406	519	213	164	264	96	322	408	211	478	532	37	147	443	104	42	223	245	51	260	134	430	307	40	152	407	238	480	11	120	109	404	0	51	84	510	13	138	365	89	466	83	191	374	514	245	405	179	268	464	432	448	66	291	280	110	293	401	474	35	377	297	326	102	134
259	13	108	98	181	267	386	418	508	274	298	392	233	293	464	471	348	230	184	132	109	336	120	66	257	505	65	224	213	449	301	179	390	63	119	15	496	387	273	323	203	7	387	503	317	380	326	104	435	319	220	319	26	416	190	271	456	307	400	111	268	294	364	260	309	170	401	428	0	487	478	1	79	306	244	403	409	391	19	378	524	163	248	76	206	427	379	147	527	141	327	25	186	384	213	522	292	322	378	257
86	204	179	502	514	307	127	2	520	343	455	233	387	395	191	210	15	255	6	100	342	248	510	271	382	148	36	529	305	267	411	294	197	332	526	385	182	181	172	396	256	529	95	516	412	360	170	25	146	394	386	263	44	294	17	71	387	336	475	139	13	275	530	29	114	256	375	88	176	0	48	197	510	478	58	284	176	416	156	91	64	494	241	130	212	57	31	371	234	238	295	415	6	161	204	450	229	5	427	190
427	324	79	73	293	212	95	348	291	295	486	287	474	511	351	489	40	239	164	204	367	87	405	438	435	324	276	163	119	221	223	348	105	229	474	467	449	488	93	19	37	169	54	506	285	403	413	109	267	288	207	181	148	162	195	511	421	505	437	223	478	37	520	182	223	209	329	441	173	387	0	152	384	98	450	91	387	388	264	121	360	312	454	327	318	438	135	136	225	202	203	317	31	371	523	88	120	528	131	219
532	453	335	525	138	198	215	461	61	159	481	105	179	312	325	438	522	311	368	142	293	309	455	444	207	314	227	118	47	78	533	139	353	178	211	285	320	129	99	145	436	85	53	481	285	294	481	44	473	446	125	236	57	389	187	454	210	29	149	352	425	165	43	339	393	239	175	448	113	312	160	0	175	199	194	488	331	417	175	100	14	15	69	294	331	261	99	388	329	465	283	258	390	501	413	248	452	325	351	125
274	364	423	425	469	163	163	254	525	199	365	314	108	158	110	55	41	83	459	78	509	475	314	159	444	121	2	256	276	490	425	249	15	394	361	279	251	510	107	132	319	463	293	79	207	410	140	325	299	473	297	230	337	534	459	140	324	81	140	123	459	514	260	105	135	105	26	472	346	11	147	513	0	232	287	78	72	154	16	501	340	114	329	236	511	50	425	184	279	310	175	339	344	322	246	346	302	187	123	317
397	50	63	289	457	249	187	362	141	34	530	355	401	428	3	204	359	272	401	395	328	25	357	326	508	156	452	43	136	415	52	327	123	317	300	156	279	5	392	320	469	222	517	496	27	395	287	70	200	98	34	431	534	525	343	248	384	132	386	76	374	148	244	525	241	416	498	508	327	146	200	274	464	0	180	433	411	178	196	334	399	29	249	205	13	228	107	514	479	506	413	171	381	198	94	308	218	500	101	389
473	173	18	475	466	370	50	535	338	259	349	463	74	11	433	300	421	421	275	131	46	263	478	411	132	173	110	326	207	100	268	197	35	14	320	461	474	506	123	169	147	94	485	172	269	136	426	183	524	182	399	437	447	296	182	136	494	134	62	470	524	368	321	268	355	427	88	420	444	3	329	365	311	429	0	68	205	430	153	54	14	125	454	365	403	466	312	521	153	379	260	274	442	459	20	257	215	311	323	77
116	229	184	322	194	321	85	381	295	211	500	405	353	280	421	480	416	192	265	239	55	282	527	429	178	89	366	524	466	347	520	208	54	417	403	88	50	347	258	305	300	119	221	193	243	146	113	247	385	231	253	192	180	450	377	467	108	235	430	466	101	119	369	239	93	55	525	73	96	142	256	203	367	397	403	0	387	436	532	489	415	9	240	431	408	424	369	223	212	54	115	171	318	285	428	222	477	88	44	465
517	485	24	8	45	215	309	495	474	131	114	3	326	353	266	294	86	360	317	392	187	488	350	309	250	533	247	507	384	28	259	85	452	90	501	292	402	420	27	111	445	57	76	338	404	273	5	525	293	463	295	215	179	366	359	420	189	520	410	491	25	358	352	305	213	232	529	244	232	277	304	348	152	307	529	157	0	40	124	193	95	305	172	523	448	184	410	502	511	211	377	453	105	284	431	138	229	398	367	479
506	192	398	53	258	323	77	166	195	328	467	111	513	462	475	290	482	153	464	33	482	327	140	390	435	272	133	320	377	115	303	314	29	216	424	89	8	82	308	305	88	137	366	163	276	167	70	219	231	513	486	465	114	373	177	357	193	177	326	214	173	372	329	258	433	529	490	27	506	438	407	331	178	415	225	308	149	0	210	224	355	257	431	317	119	416	243	377	13	356	81	263	467	238	89	169	183	472	520	66
456	337	233	328	77	297	246	307	138	405	531	290	5	20	378	477	114	36	20	457	87	137	149	84	130	308	103	351	288	472	116	389	374	439	187	518	378	493	90	483	508	128	459	456	344	280	462	259	501	44	52	15	306	460	246	245	482	456	101	13	357	42	504	216	485	92	138	45	367	525	15	264	84	230	507	322	128	46	0	237	357	333	343	529	21	506	320	74	398	421	54	3	501	498	59	274	435	67	485	87
16	514	416	21	63	269	386	8	186	534	497	300	33	392	218	38	521	239	326	2	73	482	338	279	69	528	235	198	73	217	57	465	180	10	400	208	198	495	363	209	240	66	417	374	198	433	155	302	172	149	423	418	374	124	429	269	530	236	4	24	161	381	137	14	71	413	396	432	138	421	177	483	531	108	413	497	440	535	287	0	151	447	108	293	521	350	238	528	210	384	163	38	52	8	109	141	1	200	328	388
231	532	272	176	48	399	429	74	327	476	135	106	75	275	374	208	126	449	200	287	457	449	297	473	211	139	326	389	362	15	77	478	105	203	474	527	200	84	154	503	199	120	62	266	10	52	377	199	181	261	351	482	452	372	52	10	376	518	448	380	178	63	210	119	276	273	351	422	45	17	327	109	12	100	222	52	240	422	94	4	0	175	465	276	387	68	306	83	286	366	334	399	59	118	418	505	213	70	92	255
501	387	84	284	113	74	30	334	67	207	392	121	137	468	522	282	436	102	7	111	69	503	332	122	32	428	85	433	47	309	48	162	476	223	348	118	504	79	306	123	63	417	335	352	156	534	131	247	312	121	151	289	435	362	358	160	417	233	217	374	406	222	62	301	325	215	225	23	66	88	388	41	382	62	129	119	484	368	535	383	409	0	39	351	223	162	126	183	114	375	380	265	202	437	510	255	248	264	448	329
276	376	458	303	306	320	324	51	8	38	115	481	485	373	65	223	259	282	293	7	72	137	460	6	158	425	398	148	304	534	376	313	48	430	64	125	253	298	304	397	486	13	519	351	134	400	211	418	185	251	75	513	144	97	124	344	459	345	365	188	157	424	290	33	337	41	528	136	174	1	468	520	135	273	174	67	162	513	288	352	30	398	0	54	489	418	425	474	520	301	144	473	263	67	43	80	303	77	359	124
111	322	449	12	76	145	362	393	368	157	161	222	524	171	389	75	335	37	370	35	150	337	119	169	239	380	226	346	116	165	384	113	412	19	178	324	271	112	130	126	365	401	15	201	165	333	530	326	112	271	497	41	525	355	36	356	63	514	247	179	82	514	393	189	494	67	28	357	511	268	8	304	524	307	427	529	491	215	418	292	401	20	284	0	171	354	361	277	271	267	477	316	114	285	440	224	124	120	43	422
486	518	239	271	344	163	386	265	308	15	160	516	342	201	151	404	146	47	356	449	215	26	155	172	332	288	362	427	165	398	91	145	447	36	292	535	175	197	410	85	229	273	534	300	171	203	438	334	168	170	305	45	509	185	68	184	469	84	193	462	373	457	219	215	63	353	151	361	141	332	388	491	297	381	175	34	416	456	214	52	240	87	468	451	0	459	169	353	81	441	481	447	129	507	72	295	478	60	496	325
73	186	59	310	157	202	528	486	504	405	377	409	19	286	440	128	342	354	132	164	373	532	160	145	254	306	295	255	304	197	245	129	164	265	175	336	148	198	509	240	527	519	422	342	344	38	192	198	51	163	73	118	174	224	130	217	98	50	354	38	408	119	313	301	178	276	53	130	455	104	24	180	418	235	238	500	411	494	21	103	121	153	373	184	326	0	267	159	364	419	77	490	222	222	279	91	357	342	137	390
509	327	42	418	449	502	176	387	310	295	333	215	310	507	409	390	375	17	428	304	237	190	162	127	171	295	194	500	65	381	419	321	137	335	449	434	12	306	105	368	209	410	104	459	444	77	385	45	532	504	511	82	260	267	249	6	245	83	92	407	240	256	246	450	224	71	73	456	443	12	235	405	482	304	453	214	440	180	192	40	516	6	431	146	282	172	0	260	34	427	164	260	321	412	311	151	54	64	478	346
341	56	38	96	18	147	171	36	141	110	103	519	137	249	156	333	532	535	206	286	331	139	184	188	462	269	201	121	508	533	229	338	309	239	273	144	519	431	339	239	79	357	339	178	441	448	197	492	201	346	188	215	470	492	147	226	115	58	341	527	73	215	376	368	86	443	375	478	288	308	180	96	22	149	111	285	12	484	88	386	65	56	382	284	516	161	354	0	446	320	40	158	78	268	430	526	429	278	208	375
345	273	249	259	220	233	98	415	50	202	158	70	433	437	508	170	4	155	51	478	490	12	515	475	466	296	478	237	473	473	141	144	205	150	83	401	322	362	129	195	153	516	522	389	482	67	11	188	300	204	497	376	271	441	428	429	28	20	60	393	352	474	50	418	105	291	442	322	199	84	35	251	132	405	225	189	220	208	213	492	74	218	239	479	416	485	341	438	0	519	199	190	158	269	363	507	241	9	278	259
326	277	458	492	491	67	402	126	55	147	346	440	315	114	431	169	314	98	38	366	136	483	513	310	87	72	244	425	129	87	403	251	439	208	262	384	202	512	158	29	363	470	2	50	218	138	194	396	260	235	134	431	254	255	145	347	193	303	146	321	91	191	286	14	182	74	433	441	150	296	397	23	368	334	133	95	233	97	472	505	110	416	421	262	143	265	181	313	458	0	529	323	207	41	492	272	100	439	531	278
73	409	150	253	69	417	417	351	276	510	52	498	153	305	478	517	290	76	134	492	64	305	454	251	78	262	283	193	319	282	56	441	488	295	432	15	292	468	476	258	474	116	318	254	51	59	220	459	174	213	208	9	487	32	285	129	168	464	34	384	438	531	473	121	443	185	152	278	470	245	84	288	409	27	69	207	499	393	85	285	70	118	333	136	187	20	349	247	45	440	0	211	152	467	236	1	89	180	316	270
125	386	368	53	271	96	312	25	237	44	212	42	258	187	135	476	265	93	94	468	125	208	468	304	57	519	118	49	209	124	397	76	279	248	285	340	172	288	100	450	507	272	447	115	405	325	315	63	444	322	362	364	478	431	385	84	281	27	325	267	331	457	172	324	15	281	299	82	340	430	155	456	355	416	450	355	245	1	327	206	55	353	149	518	313	122	318	413	433	63	243	0	225	126	193	313	155	444	523	378
143	104	239	200	191	113	35	71	13	51	44	17	155	210	133	401	452	218	236	125	337	180	304	269	456	22	272	242	138	411	126	22	273	179	84	219	393	125	13	307	323	396	130	55	278	286	116	118	221	381	316	305	289	114	322	413	404	57	456	213	14	309	111	13	482	167	129	318	509	69	66	162	279	74	40	184	491	231	386	376	511	169	173	183	370	199	529	80	174	216	19	105	0	127	369	250	216	24	162	75
511	128	43	193	203	189	457	526	143	87	39	456	45	434	76	157	283	77	427	30	383	309	224	424	385	424	421	446	171	198	202	532	332	187	25	372	18	513	394	531	432	448	449	332	347	181	314	174	107	263	224	346	67	503	226	160	312	459	453	312	169	263	435	497	260	529	268	134	50	192	23	283	511	21	337	114	89	474	390	287	328	92	392	10	353	208	176	391	98	275	172	350	388	0	127	328	140	439	399	23
336	497	50	266	194	112	379	378	435	483	119	425	503	345	454	169	8	200	63	220	396	311	302	81	273	189	201	512	454	374	60	128	308	442	523	109	419	410	495	467	276	249	49	469	325	110	146	204	198	97	532	149	41	158	97	364	484	320	18	198	37	308	163	41	330	184	141	480	88	113	95	434	347	73	121	399	312	213	199	137	75	253	28	342	218	37	110	457	357	453	429	74	265	468	0	201	369	249	148	464
311	31	446	512	529	222	396	52	447	145	122	377	17	151	98	81	10	297	333	431	32	106	456	173	433	342	114	251	483	138	169	525	112	268	283	160	323	76	435	320	370	28	399	209	532	1	243	120	101	330	401	523	508	3	384	165	237	16	340	269	122	174	99	155	219	469	229	265	233	400	469	68	253	84	85	472	217	417	220	318	379	447	354	11	477	190	37	409	323	33	300	415	454	92	435	0	241	442	91	478
447	356	327	361	144	195	2	361	232	234	306	280	228	364	504	194	64	341	56	397	367	385	132	317	151	401	398	98	40	331	412	68	49	362	243	261	392	283	352	221	99	74	171	32	207	414	224	332	60	258	190	481	255	255	509	440	394	514	252	242	137	84	495	279	239	80	357	30	129	108	210	516	472	97	293	304	339	42	45	134	302	438	338	33	125	121	6	94	238	208	263	227	29	224	485	528	0	317	304	202
101	52	197	75	190	92	175	240	91	377	194	257	109	535	438	310	481	263	449	32	273	189	257	46	72	74	499	85	341	457	228	378	149	252	296	318	527	316	436	429	177	508	223	329	437	92	281	20	457	386	40	23	347	433	149	403	58	250	87	46	505	251	201	283	54	372	268	58	59	474	124	317	332	464	338	185	316	278	109	204	323	385	44	532	522	273	283	363	456	211	281	394	290	130	230	80	274	0	478	385
78	26	505	304	363	406	31	313	466	494	303	161	173	292	349	273	314	515	140	375	464	422	369	69	166	508	245	78	530	250	111	242	182	55	293	400	398	79	159	345	191	62	231	411	281	239	252	329	486	288	101	434	261	228	435	182	339	12	408	126	534	400	108	121	290	4	237	177	183	420	438	282	206	289	365	153	79	444	503	367	476	91	221	326	410	170	515	114	479	196	49	221	400	460	81	27	220	498	0	329
453	422	355	84	285	355	506	465	37	105	71	70	153	306	313	441	460	366	17	372	268	407	69	531	46	472	8	137	181	62	237	166	78	181	377	483	371	238	162	390	320	2	135	309	86	463	2	197	272	351	422	516	353	345	269	347	355	67	267	263	316	391	499	108	147	167	18	456	193	122	412	357	21	8	445	427	482	219	115	104	381	227	516	437	143	288	389	80	205	198	324	130	53	290	161	269	161	312	397	0
