A	B	C	D	E	F	G	H	I	J	K	L	M	N	O	P	Q	R	S	T	U	V	W	X	Y	Z	AA	AB	AC	AD	AE	AF	AG	AH	AI	AJ	AK	AL	AM	AN	AO	AP	AQ	AR	AS	AT	AU	AV	AW	AX	AY	AZ	BA	BB	BC	BD	BE	BF	BG	BH	BI	BJ	BK	BL	BM	BN	BO	BP	BQ	BR	BS	BT	BU	BV	BW	BX	BY	BZ	CA	CB	CC	CD	CE	CF	CG	CH	CI	CJ	CK	CL	CM	CN	CO	CP	CQ	CR	CS	CT	CU	CV
0	297	69	21	303	21	301	15	302	87	187	11	215	262	202	136	52	67	136	174	95	94	202	17	6	297	53	134	7	151	230	52	135	197	70	261	90	168	35	189	73	63	267	146	150	109	255	219	155	212	253	77	288	303	35	111	277	269	36	233	28	291	297	279	208	88	99	284	254	305	140	78	231	62	297	44	37	209	212	254	253	183	18	90	105	116	273	154	282	151	18	143	72	282	232	122	59	289	154	89
113	0	41	206	302	130	129	51	254	19	72	280	123	264	166	278	117	240	235	146	133	157	77	167	305	288	68	191	173	186	226	239	182	281	286	71	275	202	148	52	70	80	3	9	244	68	202	63	230	39	249	144	23	196	11	240	284	77	45	69	53	74	186	220	81	241	278	22	65	140	97	169	141	142	252	154	248	6	291	104	171	300	304	54	248	130	76	100	253	266	255	16	163	165	230	128	171	77	115	98
120	106	0	84	86	108	65	94	246	228	182	296	184	291	153	17	241	129	272	223	48	111	202	286	235	226	193	197	124	261	151	116	50	80	117	77	114	85	273	62	230	244	169	168	104	89	256	237	102	292	304	27	209	304	201	56	78	282	233	151	287	174	218	185	266	26	106	32	9	183	201	283	5	95	50	154	77	63	147	168	59	302	223	107	130	188	173	210	162	266	9	183	127	136	202	210	151	184	69	126
178	84	271	0	251	115	207	299	12	216	136	245	107	273	211	279	238	89	164	281	261	193	107	170	217	262	209	115	1	61	286	242	199	57	251	7	178	1	259	155	122	126	233	89	281	136	19	72	60	185	67	89	221	181	32	106	106	81	28	249	30	251	187	143	260	206	219	51	33	100	249	165	30	49	70	225	12	119	88	228	128	280	95	208	299	126	143	273	224	226	47	234	245	246	106	75	292	121	196	301
207	83	46	183	0	54	268	80	65	36	227	94	256	138	150	121	147	227	23	191	208	267	200	252	269	92	15	62	91	101	196	8	21	108	182	243	98	23	118	87	167	2	92	214	266	241	52	126	292	281	252	225	261	231	193	112	81	55	154	282	110	38	296	305	89	145	145	220	181	170	47	268	212	147	302	204	145	250	240	155	257	136	300	212	97	182	42	6	5	245	301	6	149	215	212	141	224	205	232	305
52	16	148	186	93	0	229	260	129	128	107	200	128	296	15	297	143	260	64	251	269	286	58	54	169	77	60	32	283	24	51	15	103	279	258	2	88	152	57	16	117	238	96	252	286	89	292	196	110	211	70	15	206	134	6	238	32	75	250	174	255	34	116	93	229	165	283	7	13	188	100	128	235	193	99	281	164	38	74	216	249	162	237	170	68	50	102	240	295	144	122	16	14	14	275	151	53	179	2	34
15	8	149	298	258	47	0	218	276	1	173	275	187	244	178	164	236	220	237	205	111	59	278	130	12	61	228	217	193	169	136	90	90	108	71	283	206	5	246	220	15	26	295	164	25	298	120	49	175	256	272	192	110	46	253	55	93	163	285	137	212	225	186	250	217	265	164	52	217	302	14	5	252	225	132	111	267	224	280	291	239	170	294	289	117	266	112	124	232	64	15	107	280	45	281	202	25	89	144	95
111	229	282	305	240	170	98	0	288	209	230	292	188	220	133	129	266	158	2	286	267	10	25	80	187	174	188	138	138	275	232	56	144	174	164	219	6	235	185	160	35	78	99	106	1	123	78	118	209	305	46	175	217	76	170	163	232	110	58	122	24	104	19	235	213	192	75	163	137	148	173	26	156	217	147	233	232	225	130	115	226	100	219	246	93	77	196	260	236	123	166	93	3	290	188	227	177	289	196	210
61	258	231	39	297	270	261	13	0	203	185	58	39	230	61	232	127	281	273	200	114	256	130	291	183	240	233	129	289	21	54	69	257	270	155	70	183	185	84	45	72	72	151	171	28	92	241	284	49	123	140	180	229	44	99	244	49	154	132	230	76	3	159	14	159	191	57	305	143	112	214	100	12	9	237	237	35	282	181	170	205	187	7	263	131	228	113	109	62	284	302	169	125	259	94	170	260	273	57	68
137	55	42	36	177	131	285	198	87	0	152	145	135	72	86	14	95	92	35	220	189	107	220	153	54	120	111	276	253	149	52	114	25	214	247	31	247	266	43	216	288	105	279	91	91	127	91	293	284	234	273	20	139	244	263	275	64	240	20	196	103	289	234	14	276	239	131	292	84	51	52	175	81	149	177	31	50	189	6	32	245	32	218	184	93	298	263	73	100	298	195	295	207	89	201	8	137	44	71	300
207	257	189	270	137	172	81	211	251	301	0	217	141	193	178	231	122	302	142	47	86	120	199	2	93	126	73	250	41	123	206	38	245	94	278	284	24	20	123	73	174	220	24	212	242	119	303	76	275	248	31	234	51	154	242	254	176	293	146	89	154	9	40	2	180	273	141	234	84	7	50	61	10	205	242	289	204	190	57	196	2	241	90	28	217	101	292	121	54	148	241	225	239	264	191	28	146	102	94	62
184	212	44	32	241	247	75	190	164	210	290	0	198	139	31	93	273	126	304	61	125	101	31	186	117	160	115	101	174	66	74	63	204	85	26	84	219	186	239	142	259	58	102	305	254	101	155	215	112	105	259	223	218	60	89	261	304	229	21	178	26	192	278	112	248	269	68	293	281	42	174	196	14	182	49	74	41	140	234	220	123	189	87	241	283	219	174	5	10	191	65	127	110	279	149	14	177	30	251	216
37	174	164	9	94	97	76	150	111	79	272	180	0	269	276	18	299	40	234	213	175	254	37	191	63	38	140	113	130	63	146	96	72	115	137	40	3	286	174	97	299	5	62	83	57	190	263	193	176	134	82	79	28	142	99	45	270	125	119	81	111	120	125	153	222	93	62	26	212	189	196	77	261	246	87	271	251	236	215	191	262	299	161	235	139	130	55	265	205	134	63	159	14	30	76	171	80	7	59	15
43	281	203	24	38	235	177	148	154	206	245	18	214	0	103	192	122	192	85	51	116	80	213	161	41	297	27	269	170	55	72	50	254	298	130	179	154	150	15	108	1	213	42	162	229	133	140	278	119	181	234	148	11	239	73	51	60	140	192	86	62	164	105	283	302	50	78	30	20	79	229	130	193	298	170	39	90	2	36	168	223	14	50	245	269	298	43	157	285	65	101	203	56	190	275	86	289	28	14	283
288	248	122	296	37	20	45	119	184	101	84	131	156	213	0	227	295	198	235	125	36	177	133	22	139	125	196	134	66	196	81	103	124	57	169	63	92	175	79	122	9	150	11	263	290	78	18	229	166	112	151	295	10	214	83	215	56	81	87	138	215	290	16	193	116	172	151	283	271	206	68	145	146	80	18	198	142	266	273	93	38	222	48	196	140	277	144	105	123	171	268	174	185	66	69	14	93	81	192	151
284	246	211	94	46	226	208	244	26	39	276	45	55	2	291	0	95	138	121	154	284	141	293	112	249	130	154	213	18	166	27	135	248	45	109	300	92	284	236	122	133	117	294	68	104	9	65	63	65	273	47	97	14	275	292	128	240	23	216	192	286	89	256	134	212	265	70	154	253	158	178	280	15	88	212	42	203	63	76	176	7	75	286	171	181	1	205	295	214	142	193	106	179	304	107	122	149	76	36	27
8	9	82	44	139	101	76	178	164	229	61	152	258	124	130	125	0	289	251	200	113	187	159	171	13	114	41	90	304	295	297	47	214	221	276	231	253	183	191	118	38	140	223	69	261	12	179	145	158	130	238	154	67	179	142	181	291	24	153	91	124	220	199	69	87	213	244	66	91	18	101	255	120	244	217	161	257	9	95	236	1	106	12	6	186	18	305	267	48	197	243	151	96	236	28	100	123	22	73	59
183	165	37	77	135	70	164	8	212	6	92	84	262	165	7	282	275	0	161	294	24	126	233	116	19	206	46	20	155	132	20	233	135	6	60	134	85	259	278	90	31	151	267	30	277	77	142	81	266	226	249	293	29	304	156	213	231	158	8	174	47	2	56	55	230	303	213	103	294	295	12	18	146	61	67	140	182	299	169	12	111	104	219	81	80	218	104	12	233	111	55	143	243	149	124	63	59	279	3	12
176	236	208	280	80	288	281	33	68	66	56	23	239	138	45	137	175	85	0	76	223	151	174	56	9	185	229	142	255	146	92	16	263	106	84	77	208	9	130	40	29	241	137	223	96	20	199	86	87	184	131	31	61	4	227	301	154	83	259	114	291	34	156	138	160	143	288	257	268	34	87	56	232	10	212	215	3	237	302	182	9	118	280	155	294	81	89	154	44	117	284	79	263	190	192	108	93	55	100	15
235	49	64	36	37	22	235	302	22	240	106	125	186	267	104	50	237	36	224	0	5	300	229	184	18	277	136	304	101	91	27	137	49	249	229	167	170	67	114	228	201	221	285	180	224	215	86	227	193	274	131	76	29	159	174	303	97	172	253	36	11	105	213	142	181	123	173	145	296	192	136	71	86	157	179	8	78	185	124	135	68	1	183	111	65	18	18	226	28	171	114	185	193	66	31	13	57	121	152	266
214	271	43	137	170	223	103	174	225	64	249	194	73	142	121	39	53	142	93	56	0	293	244	109	39	35	138	77	83	181	168	3	50	212	129	212	273	165	137	58	8	206	2	128	267	23	9	79	228	116	92	109	216	11	196	277	6	25	27	183	43	15	267	108	222	117	78	6	262	130	218	114	216	4	88	18	91	87	88	39	298	73	252	52	108	132	189	256	200	111	112	279	174	136	2	170	87	60	274	291
96	212	90	199	218	135	32	253	208	122	200	190	128	122	246	54	112	208	93	37	217	0	84	76	128	300	84	17	53	231	114	248	61	268	59	124	173	46	154	113	153	68	170	35	48	289	62	206	160	297	246	6	271	247	36	67	81	183	130	258	97	149	209	112	243	206	83	255	66	263	179	112	226	179	8	63	126	294	82	2	125	116	155	166	289	196	260	245	159	231	198	147	300	38	87	301	41	253	44	289
149	209	30	44	191	205	227	210	171	136	277	247	73	197	178	92	80	2	166	208	218	283	0	150	113	111	243	26	148	26	4	166	39	260	14	8	16	201	127	66	187	61	255	101	124	191	115	90	265	4	106	167	46	87	197	22	53	127	21	222	149	253	43	237	73	241	127	267	62	84	84	176	299	10	243	264	197	166	50	176	186	260	53	107	49	70	100	136	234	76	86	295	24	192	62	148	214	94	39	89
259	264	53	177	181	25	149	207	263	265	27	251	104	272	157	28	204	286	26	120	284	149	164	0	297	236	215	190	17	55	16	28	163	169	23	132	266	192	136	303	15	279	46	27	73	234	200	262	48	141	2	37	63	75	64	265	194	288	233	184	253	68	250	26	181	116	165	48	304	243	4	46	64	15	47	248	69	99	25	29	297	100	123	2	203	275	3	220	111	38	40	45	172	49	31	199	173	55	148	243
137	61	304	200	34	4	248	61	120	295	175	252	81	228	181	263	270	67	168	17	7	175	123	253	0	248	21	103	9	131	265	136	288	3	257	29	275	59	140	106	205	13	287	40	45	148	254	51	267	82	246	164	75	282	157	56	90	268	178	274	305	26	166	58	129	274	260	44	251	267	83	294	183	141	74	97	86	60	53	295	94	192	231	170	39	122	38	173	156	272	113	106	26	131	238	271	165	49	107	203
251	106	3	55	181	239	48	95	69	279	236	289	272	196	136	92	270	202	233	224	264	85	162	57	163	0	174	7	237	145	190	20	51	178	228	207	275	155	82	245	178	229	184	175	133	143	210	73	79	222	49	60	277	4	115	1	228	7	17	4	75	2	275	305	171	243	140	214	270	240	158	18	243	145	18	74	286	260	6	149	274	91	250	276	127	13	73	120	16	237	249	268	133	73	147	190	143	9	151	257
230	49	171	91	250	132	102	242	9	75	122	7	31	176	256	1	300	70	157	54	247	68	161	7	4	135	0	242	6	242	77	250	179	70	232	73	71	194	212	82	22	302	47	5	74	297	19	216	255	85	75	254	271	69	23	181	39	48	213	28	83	217	237	146	145	64	132	270	260	292	88	212	288	17	2	280	55	217	122	246	112	110	48	54	59	97	60	48	128	184	119	220	243	103	272	225	303	266	143	122
114	27	229	111	40	176	196	264	234	59	218	278	90	52	181	26	102	79	105	3	182	102	298	112	21	303	28	0	203	119	153	290	282	49	71	238	241	45	201	126	97	196	155	71	43	153	16	65	41	159	152	36	255	184	90	255	152	231	211	78	122	36	25	118	32	99	39	139	183	139	55	160	161	6	145	138	14	35	25	210	256	19	8	276	41	15	10	100	6	114	112	259	171	72	244	213	274	32	139	245
202	150	135	1	34	79	25	140	132	34	53	244	122	80	105	123	272	54	277	25	86	181	224	168	93	174	12	171	0	54	205	164	219	240	27	201	251	71	246	181	19	70	156	206	47	296	251	17	66	148	98	102	149	17	34	51	250	231	238	81	29	96	72	201	127	184	231	224	207	216	57	180	104	112	115	21	195	273	39	13	284	108	171	32	255	17	132	66	251	216	16	242	17	246	211	151	150	179	4	12
216	22	193	146	6	35	35	276	166	297	105	234	208	267	155	201	73	94	242	243	50	185	23	226	162	89	114	230	174	0	296	167	201	20	297	242	289	266	91	30	193	294	25	108	216	6	237	56	256	184	264	55	251	169	71	222	301	290	208	296	84	29	146	201	265	198	252	196	163	141	68	199	156	97	231	183	180	111	180	44	281	257	148	20	101	295	30	301	119	176	168	35	231	283	219	37	121	166	65	159
177	55	207	240	167	189	130	201	255	191	195	171	158	252	156	248	32	107	165	134	15	225	281	189	59	94	109	249	61	212	0	290	148	244	292	142	77	197	37	158	294	71	266	223	288	59	120	134	129	31	305	112	190	133	53	272	219	283	22	84	208	265	2	305	251	245	253	150	303	241	20	247	280	274	90	302	16	152	33	38	214	264	28	265	163	170	245	182	50	247	51	122	130	61	260	230	260	74	173	167
79	79	223	270	88	4	209	187	13	28	208	269	171	131	159	24	34	213	179	279	271	48	217	95	52	268	292	41	213	120	173	0	190	88	163	124	58	7	108	157	21	262	46	203	177	235	240	146	270	271	30	112	105	40	58	245	291	126	173	283	288	192	112	126	214	273	145	104	85	266	215	164	45	154	187	146	231	57	138	44	121	156	172	112	30	229	181	21	159	284	180	236	194	235	277	305	219	120	178	124
109	120	216	124	3	27	227	15	257	268	67	101	270	88	188	59	1	227	121	188	214	106	270	116	31	42	102	20	83	84	299	45	0	203	68	73	113	135	65	165	98	146	65	30	186	63	198	80	267	271	219	143	117	169	121	47	234	263	222	160	294	134	50	94	156	266	262	92	25	97	188	60	66	106	225	249	301	213	179	283	263	151	89	86	257	44	247	284	55	159	114	106	114	299	262	81	68	226	195	196
49	135	237	36	296	205	49	178	92	274	76	3	147	246	283	132	187	205	170	222	60	40	5	34	263	14	240	67	253	59	288	209	164	0	134	215	17	174	39	124	186	118	198	301	13	90	99	223	138	247	91	122	244	52	194	285	276	157	272	179	144	147	16	173	277	13	201	38	5	260	213	266	264	186	1	31	202	229	305	149	24	60	19	37	133	194	238	184	46	227	8	223	24	10	31	271	117	36	18	165
289	81	79	153	145	300	136	291	289	84	185	302	209	44	93	188	199	5	198	114	130	200	135	256	283	107	293	144	91	293	298	253	29	271	0	155	280	166	277	46	52	25	184	103	212	147	221	127	198	242	55	103	138	269	33	174	128	60	193	181	230	234	2	175	304	128	175	5	12	291	284	68	202	224	71	230	229	165	74	113	3	272	3	69	210	1	128	127	188	112	229	300	215	245	92	178	121	234	224	22
238	89	24	38	190	54	193	9	189	105	228	40	17	239	305	50	20	219	66	19	159	116	186	219	12	183	2	58	128	116	216	269	250	102	116	0	177	148	168	202	198	153	231	20	10	88	106	183	291	168	275	9	176	246	228	53	105	272	77	49	237	18	9	202	214	45	45	70	140	241	236	303	46	62	50	161	290	171	209	178	52	37	104	158	76	82	193	6	38	27	195	142	207	170	204	203	275	203	178	247
302	13	68	203	258	47	266	32	59	201	94	255	104	166	263	38	23	99	119	231	147	17	271	95	229	52	171	122	199	128	169	200	171	221	64	51	0	172	226	212	127	57	183	183	9	127	233	1	283	185	83	188	136	67	127	279	136	266	33	161	74	95	267	10	237	260	72	280	300	230	11	251	238	60	193	137	249	281	191	273	145	297	63	216	58	52	117	86	224	180	31	293	181	88	288	5	253	37	302	67
26	40	221	129	50	157	208	298	240	164	133	165	163	156	251	253	26	32	211	33	191	45	265	252	118	155	147	74	221	125	13	177	251	126	188	264	42	0	214	50	301	157	153	181	85	11	256	162	129	264	230	167	40	286	101	172	160	158	265	185	291	279	169	299	57	52	146	136	17	293	138	261	23	294	91	198	203	33	68	6	75	296	63	245	134	173	15	48	122	173	130	238	226	215	139	9	198	108	259	65
30	73	106	227	119	296	156	93	72	148	216	138	25	222	156	10	265	35	254	119	292	284	252	132	2	252	82	25	215	73	131	298	201	145	2	162	230	185	0	235	242	16	85	141	242	89	26	51	45	221	75	121	260	300	292	55	45	103	189	197	69	164	282	158	200	82	197	265	195	286	239	134	248	296	74	204	129	4	8	85	181	235	183	73	84	195	125	76	181	263	161	303	151	160	175	218	164	267	295	241
223	89	224	129	115	58	168	179	63	189	43	152	284	161	237	156	160	56	203	134	52	193	9	144	292	26	220	151	146	287	154	28	302	180	211	162	118	96	225	0	149	294	256	30	98	111	36	171	77	182	32	99	148	96	45	189	287	21	272	114	240	245	131	76	296	223	272	24	50	169	181	273	62	30	223	178	33	148	139	214	111	152	73	203	244	258	147	254	301	239	11	141	65	18	248	7	108	280	17	236
238	250	261	161	86	283	21	199	201	37	42	106	171	100	105	255	91	38	49	33	203	251	1	277	34	198	274	286	277	261	14	163	68	71	77	232	138	87	305	252	0	282	26	270	234	139	109	201	124	124	27	140	81	109	210	28	190	39	95	134	77	58	126	143	239	248	6	275	51	115	282	157	30	226	262	37	236	302	197	237	98	209	147	128	155	270	229	152	196	68	250	261	231	163	127	31	23	54	265	196
126	183	24	17	197	41	178	73	294	275	120	66	53	296	245	216	20	258	176	301	251	240	304	136	287	304	232	77	238	116	51	250	301	96	269	279	291	254	142	112	17	0	144	15	174	18	271	74	192	11	69	245	111	193	3	51	131	61	255	6	291	14	205	74	300	9	129	2	139	236	222	141	193	52	29	221	162	184	38	194	65	69	17	208	109	278	31	222	95	132	222	33	125	202	80	270	74	205	171	82
261	137	56	89	296	5	43	34	104	88	270	270	211	216	245	10	280	158	246	205	66	10	171	112	46	6	216	102	299	2	245	91	8	174	27	170	82	274	143	17	4	57	0	28	269	73	136	186	167	302	196	14	76	220	166	130	58	28	69	8	192	112	75	235	305	6	58	241	146	46	277	105	276	221	213	84	235	59	146	276	255	88	120	155	172	266	140	227	175	274	167	48	2	235	22	294	163	33	41	52
136	249	89	61	58	275	57	120	101	234	134	126	279	248	130	80	281	131	226	284	290	215	221	138	29	115	229	83	61	167	49	265	8	188	219	177	25	292	244	37	10	64	140	0	271	134	158	212	271	155	146	157	107	294	220	38	279	1	161	84	174	209	111	141	103	7	298	68	83	153	4	104	125	79	246	49	101	155	122	178	21	10	210	127	136	193	47	169	152	294	123	185	186	33	114	201	299	226	54	224
302	296	257	254	204	271	19	147	269	20	11	275	26	134	189	146	11	145	73	250	227	32	12	118	34	33	62	153	43	208	158	253	281	251	23	237	165	287	16	227	292	38	208	227	0	176	192	10	99	214	12	221	54	211	146	236	141	142	258	95	224	91	267	239	228	91	144	288	38	50	241	191	269	22	71	179	182	202	5	132	56	50	111	151	39	161	279	283	257	277	208	152	43	292	156	219	170	162	221	130
40	286	21	17	206	106	277	284	25	288	256	133	222	55	127	57	277	88	154	228	101	75	44	227	118	213	189	220	159	217	47	88	96	54	136	72	223	35	189	76	274	17	203	83	13	0	35	195	70	201	32	59	73	157	136	15	25	68	112	147	239	107	39	54	33	55	196	67	217	219	49	304	154	304	75	197	116	195	42	59	62	142	26	10	289	176	80	177	266	150	39	231	30	135	118	193	288	138	4	19
75	305	68	140	26	282	108	115	83	77	128	214	198	148	295	284	111	176	147	98	121	263	136	121	274	151	116	227	172	120	233	57	296	28	55	195	133	230	38	294	275	12	199	240	203	218	0	194	194	7	282	24	167	260	212	134	135	121	52	211	177	227	173	131	99	276	260	102	54	129	238	105	110	107	104	104	202	85	43	59	286	243	241	42	66	282	12	211	37	9	268	187	177	176	69	247	201	155	25	47
10	220	236	216	151	231	76	56	29	187	87	179	157	39	134	240	131	170	173	149	280	200	185	94	172	304	282	130	167	230	94	277	215	64	55	172	264	124	118	118	293	58	273	241	159	213	104	0	90	264	121	192	237	118	60	51	260	236	125	278	117	108	165	193	35	224	249	142	290	193	58	100	288	57	217	121	126	303	159	188	62	181	289	64	281	14	42	60	263	150	2	67	109	118	182	249	188	63	49	301
283	11	176	123	86	284	34	280	157	302	251	270	297	164	25	30	293	137	44	296	254	223	85	101	199	12	211	178	67	127	52	283	242	186	69	297	76	29	98	297	59	6	285	93	33	6	18	40	0	38	100	146	191	152	147	278	12	191	133	265	198	291	15	90	122	295	192	124	165	163	52	43	230	178	46	108	255	198	114	297	150	206	245	207	113	88	64	192	65	215	284	3	125	76	164	185	185	131	138	23
287	165	284	6	159	228	285	166	245	153	297	121	182	2	299	178	1	182	19	21	266	142	261	152	215	29	250	105	237	35	86	142	164	175	255	238	140	167	28	31	22	270	284	81	246	96	32	12	128	0	160	263	282	37	193	243	69	9	304	47	138	35	10	256	216	242	44	2	126	175	112	244	189	166	55	222	303	235	140	127	100	293	234	291	238	15	148	130	222	13	268	44	255	13	190	175	132	146	198	185
193	157	305	45	122	260	121	227	27	224	148	159	22	185	126	97	286	42	100	164	277	171	281	45	162	303	292	52	256	26	171	70	232	6	205	90	97	253	118	168	258	187	243	50	197	32	303	261	244	171	0	8	21	22	32	245	160	239	104	70	73	179	80	275	53	12	90	300	10	274	146	90	72	95	6	119	93	34	24	94	152	249	87	298	292	268	49	64	231	266	279	253	86	212	233	237	99	94	173	140
68	194	67	305	112	245	115	51	248	127	11	267	148	248	55	94	145	161	160	59	146	123	62	18	166	40	150	167	301	255	130	246	54	269	67	158	279	279	203	151	157	148	200	128	45	76	163	271	79	255	145	0	184	286	202	281	78	139	3	99	305	269	118	116	305	26	78	215	272	249	127	160	141	290	52	8	109	205	67	232	41	282	226	65	138	241	152	64	210	128	52	16	192	254	127	289	217	179	265	45
237	258	14	201	88	250	108	186	176	90	72	202	30	214	302	178	13	158	217	142	55	58	31	159	270	297	215	30	90	107	160	269	110	13	37	132	198	98	103	287	193	182	124	23	299	258	161	278	45	81	298	98	0	195	236	250	234	299	294	61	219	239	200	180	262	131	72	120	60	205	168	299	68	181	104	271	297	210	225	41	24	144	77	230	100	195	234	141	223	4	302	111	253	190	68	193	161	156	87	279
174	283	277	106	162	221	262	88	19	220	215	221	54	221	104	93	193	304	19	275	31	238	167	220	160	13	173	108	54	293	83	146	137	247	250	192	298	246	37	9	188	46	137	159	88	230	61	119	89	3	95	41	37	0	27	206	27	188	260	38	211	166	229	195	82	61	288	74	6	289	259	144	305	255	22	63	135	177	79	260	233	60	282	182	208	252	45	18	104	46	4	171	95	54	215	208	76	15	6	115
13	110	102	126	213	86	268	262	99	302	137	14	179	32	186	180	58	172	68	206	126	34	193	170	67	202	304	116	1	268	229	293	8	112	293	202	68	263	221	177	280	15	251	150	184	249	105	45	246	271	105	98	126	305	0	105	58	74	275	216	255	42	52	162	255	301	305	56	157	16	70	59	288	164	161	67	222	150	281	40	272	86	21	195	238	197	198	119	69	279	95	51	32	285	162	90	234	256	78	106
125	21	71	299	226	61	113	196	88	8	141	238	82	64	42	160	247	179	185	263	248	206	32	248	83	191	262	47	297	223	127	184	25	65	277	21	161	220	180	297	239	134	148	13	17	50	256	260	35	37	250	138	28	291	111	0	148	8	232	220	36	175	171	149	284	98	91	279	10	163	53	192	116	33	79	96	61	185	208	103	177	159	138	207	204	30	150	182	3	282	170	218	22	242	138	51	237	105	87	242
65	30	50	192	61	270	9	140	95	248	135	275	255	131	42	57	100	231	226	146	97	206	181	280	129	146	171	38	299	78	302	166	76	166	299	179	80	268	142	20	152	65	225	118	33	274	130	210	286	192	187	143	65	286	40	255	0	234	168	231	247	26	207	237	26	50	280	97	45	283	159	211	148	167	150	179	124	181	173	196	11	78	183	65	36	195	293	20	261	14	95	282	284	249	284	174	33	293	227	50
157	115	298	99	251	201	29	41	33	253	76	272	208	49	74	144	208	262	257	125	173	213	193	61	197	43	104	244	228	20	284	107	97	217	100	258	56	93	102	118	250	276	109	57	82	256	271	36	20	229	131	46	173	49	154	108	221	0	73	94	25	285	22	137	224	141	260	253	250	129	227	230	59	16	222	284	54	263	278	54	65	173	304	289	55	302	172	71	124	182	3	99	60	249	97	7	21	172	71	239
215	24	71	142	97	223	177	229	302	227	10	191	174	30	42	133	127	176	106	268	33	239	117	38	31	99	204	160	215	224	37	274	8	154	58	171	125	79	91	235	33	116	227	205	133	184	220	163	94	227	22	277	219	90	249	200	28	88	0	46	9	66	209	67	101	18	74	250	149	191	252	168	218	47	107	34	19	272	280	263	235	116	197	189	101	85	233	248	22	240	178	32	107	200	46	200	116	119	47	25
285	136	18	166	135	175	36	294	300	208	59	17	46	83	68	204	16	166	280	162	263	45	53	282	103	45	161	255	70	298	209	9	265	203	211	191	132	204	87	121	223	149	105	206	275	243	132	104	184	256	294	274	93	152	20	221	231	190	58	0	22	10	32	138	139	265	233	212	224	67	156	104	38	290	278	32	54	19	177	232	56	182	215	93	191	281	7	53	28	5	242	89	69	291	49	301	116	302	133	248
24	9	38	297	42	216	108	262	93	64	83	246	251	276	25	64	177	98	212	282	76	125	201	302	120	271	57	293	298	276	101	75	253	159	157	207	274	186	79	93	170	227	53	68	202	62	261	191	300	203	97	279	231	70	285	122	33	244	109	147	0	171	287	256	42	104	40	227	17	35	77	90	104	84	2	281	35	88	35	141	39	45	232	100	155	217	6	275	56	27	47	58	67	29	198	8	121	52	286	56
250	247	194	205	293	70	170	297	183	77	121	75	258	233	109	17	62	153	24	275	187	77	166	216	188	207	202	252	184	110	204	293	40	87	34	170	254	227	285	212	82	260	267	269	184	5	207	149	285	281	275	147	278	104	297	219	47	145	35	293	104	0	231	5	116	244	149	249	291	81	43	234	30	239	275	167	143	33	81	28	210	229	291	63	53	135	200	42	38	221	220	257	165	89	192	270	223	296	222	135
212	43	181	285	43	274	95	1	26	53	33	39	91	21	208	143	91	161	82	244	39	129	176	1	191	201	166	88	30	46	164	13	40	228	35	257	81	202	188	181	79	5	273	278	219	45	98	277	12	275	123	6	85	225	102	64	240	129	51	250	127	297	0	166	264	156	229	101	277	220	161	19	285	14	221	58	133	178	121	49	189	215	19	22	239	53	210	91	49	183	6	246	298	36	232	102	186	104	218	100
78	254	112	230	181	58	61	122	62	73	230	38	152	42	58	104	13	214	68	178	130	7	104	140	159	188	296	1	209	257	242	273	251	79	117	170	58	148	184	212	263	184	127	305	215	200	92	262	265	176	244	158	225	276	299	93	303	86	166	241	85	176	284	0	271	160	176	38	304	227	125	153	178	70	123	305	153	254	262	33	209	160	136	56	105	198	147	175	105	184	289	160	55	166	234	45	222	134	95	119
143	18	285	286	23	142	175	79	216	261	40	170	34	65	133	33	63	293	236	43	234	57	158	29	243	105	192	303	10	2	61	99	100	226	130	255	85	124	86	99	209	173	49	59	139	163	160	156	43	21	140	71	238	150	178	262	212	140	212	56	62	76	42	286	0	28	17	138	211	111	54	22	98	118	57	181	110	141	76	113	162	209	263	301	230	78	56	80	45	276	199	258	121	216	199	103	110	5	43	73
107	190	63	192	47	295	41	132	169	122	196	105	94	236	204	83	42	303	121	275	83	134	197	64	276	225	161	28	228	111	5	269	222	238	192	247	100	32	114	186	158	266	23	263	34	1	28	94	18	305	119	241	20	200	149	273	118	177	298	8	288	28	23	5	171	0	61	257	229	124	164	161	78	13	144	240	206	157	184	37	252	21	252	240	160	55	267	75	206	92	277	261	159	127	225	265	98	203	24	149
104	200	182	261	148	209	99	126	251	287	83	181	179	139	71	249	46	223	185	85	11	68	98	15	278	196	117	86	27	41	105	218	91	258	83	228	47	145	19	176	43	252	250	163	215	237	240	60	207	109	28	25	109	19	4	71	247	224	146	115	11	102	167	98	184	144	0	190	27	297	271	107	275	294	293	36	266	255	234	231	276	293	189	225	123	271	43	2	51	28	302	101	183	286	109	149	44	139	239	264
93	224	153	112	283	179	207	194	221	227	199	33	139	204	34	39	133	80	225	30	50	281	90	58	234	64	146	78	43	62	111	6	242	41	161	243	74	303	154	136	147	253	1	166	298	198	291	16	234	89	220	223	254	187	34	1	276	110	79	201	154	195	108	63	274	273	130	0	218	100	41	17	240	149	242	239	217	204	60	52	102	158	220	68	252	122	52	180	188	141	132	44	172	141	218	22	196	263	154	13
67	117	249	84	21	261	241	76	109	53	149	121	202	139	158	121	229	179	57	42	187	293	114	9	223	18	171	109	66	30	243	20	264	156	258	196	210	245	90	228	144	22	19	51	104	226	125	290	255	194	294	210	177	194	108	263	171	16	269	201	224	18	132	252	183	228	68	22	0	300	5	31	128	2	103	31	170	123	81	2	62	40	92	129	236	202	190	27	179	54	113	279	144	146	281	19	221	101	304	251
207	288	242	271	24	103	23	232	115	156	265	276	265	57	145	38	290	97	184	211	198	68	28	70	125	188	190	182	238	110	93	210	231	299	296	271	90	47	52	272	3	251	148	229	199	64	213	161	213	6	73	226	54	88	127	220	166	50	38	10	128	109	2	11	260	127	102	99	285	0	299	283	212	10	285	183	11	219	137	138	70	110	191	25	97	87	64	36	124	98	3	60	112	24	302	69	141	203	269	257
297	301	96	122	140	244	77	105	73	214	86	106	133	138	51	68	219	165	301	172	270	181	203	76	174	260	292	18	269	32	167	182	291	126	44	39	276	9	157	83	113	292	200	252	36	304	135	90	170	186	112	293	120	248	86	19	188	82	210	183	255	90	64	80	296	175	62	172	32	85	0	18	169	300	21	137	101	230	91	58	23	269	147	181	23	82	19	3	283	34	5	78	40	195	126	225	241	142	226	45
90	267	6	149	69	8	231	15	33	57	179	7	88	287	64	11	124	178	80	249	270	107	273	166	196	248	251	299	8	137	244	107	270	274	11	79	22	171	149	258	209	131	148	182	24	102	216	274	10	143	195	194	263	64	74	106	42	263	304	125	61	134	7	273	222	254	181	3	112	283	54	0	108	122	31	183	59	105	38	164	44	108	297	268	181	289	26	170	164	88	303	129	131	262	296	162	65	257	88	167
81	105	87	150	94	237	294	192	28	295	199	19	287	188	286	6	239	237	37	56	285	68	275	142	211	59	115	198	98	277	254	142	111	269	45	190	92	241	22	272	175	259	172	33	95	135	278	1	27	168	199	78	95	223	253	284	26	121	267	171	182	275	179	59	206	292	262	193	31	271	296	35	0	17	63	202	274	128	137	304	4	131	162	74	162	158	27	137	124	227	99	215	9	210	117	66	138	218	192	147
253	20	3	46	142	171	98	135	283	157	111	223	263	168	60	140	221	234	22	292	29	203	129	284	234	17	182	232	305	102	61	9	137	165	183	270	144	127	94	19	79	157	253	231	223	31	98	117	21	157	35	227	109	201	61	239	192	183	273	246	157	38	289	211	35	261	226	278	119	230	92	264	305	0	199	138	178	285	167	188	304	145	187	263	290	64	188	187	180	48	53	161	287	182	91	227	39	241	4	34
302	191	295	16	143	14	286	38	74	71	46	264	283	270	28	170	175	100	67	64	77	77	12	82	22	85	261	186	282	46	121	208	75	258	22	145	66	296	230	84	274	264	73	188	261	135	297	68	101	284	124	51	289	18	181	55	124	243	191	32	176	149	223	198	80	231	217	296	256	248	161	266	276	91	0	77	257	129	4	92	106	298	170	232	246	46	216	153	273	135	172	218	63	83	285	260	78	207	195	143
129	177	247	152	36	292	127	226	240	245	149	8	182	196	63	132	283	252	271	238	152	84	147	39	240	203	88	266	172	62	297	48	305	65	25	30	188	94	180	238	95	88	189	262	111	145	47	69	15	159	161	103	254	227	36	232	24	56	174	115	24	56	12	177	130	245	204	176	108	246	7	72	156	162	206	0	271	158	83	179	122	151	198	253	11	173	269	250	154	225	278	193	233	257	28	106	293	101	41	76
78	92	169	154	22	33	239	50	62	260	76	41	174	133	295	284	44	218	21	285	173	142	64	37	105	272	38	204	158	161	35	303	267	255	228	238	241	283	184	151	55	129	149	48	222	130	298	78	243	249	64	239	65	303	23	255	265	281	186	141	221	192	114	75	293	109	260	103	84	154	84	153	207	186	50	5	0	18	22	46	51	144	185	276	179	96	69	69	159	279	109	298	129	70	240	115	292	157	287	250
191	290	66	232	147	15	285	250	108	133	114	139	247	138	132	303	231	2	209	60	106	32	113	154	63	112	243	19	258	53	272	90	104	283	65	279	106	303	212	263	213	210	54	145	84	111	228	44	45	185	67	289	137	73	179	43	100	221	136	201	104	210	132	185	182	159	95	215	174	187	134	236	17	285	249	234	227	0	172	224	15	282	277	26	11	113	192	101	58	292	85	126	37	202	291	291	34	192	32	278
211	146	41	248	304	153	210	64	287	64	261	89	302	45	110	107	107	94	188	292	111	212	110	96	231	248	55	26	104	262	106	176	154	233	303	13	160	200	285	46	223	110	27	107	71	56	237	267	168	253	133	110	105	23	95	204	291	15	121	185	197	246	104	282	187	274	47	43	201	184	17	139	187	124	282	67	176	2	0	33	224	279	166	216	299	240	68	99	266	26	52	154	148	302	5	115	89	301	259	211
24	241	195	151	193	290	304	269	113	94	217	92	21	117	252	31	295	178	214	98	87	84	188	130	157	147	176	128	269	3	303	221	73	66	118	296	100	18	263	239	188	253	108	212	105	299	253	38	249	138	293	134	225	95	10	250	98	75	38	135	258	31	65	69	291	98	32	68	17	232	115	248	84	128	93	172	9	57	279	0	185	293	285	113	171	11	224	292	38	15	116	75	159	123	228	61	294	185	245	263
90	221	63	229	138	151	58	273	211	189	304	81	56	79	103	110	180	8	41	2	192	287	86	136	245	16	221	121	163	227	50	4	120	212	12	103	233	33	195	242	178	300	164	98	195	296	17	90	223	26	184	109	9	122	147	8	27	57	33	53	124	77	188	65	67	25	43	156	170	242	77	275	7	301	95	59	88	95	269	136	0	24	226	256	58	279	107	1	280	303	104	118	62	288	12	36	42	64	61	285
94	44	292	292	272	280	114	35	119	155	23	166	139	215	270	99	78	110	50	74	220	114	302	294	119	48	17	107	134	227	110	168	63	231	115	259	300	130	85	249	70	100	154	34	67	305	279	35	247	62	215	217	159	80	89	118	136	71	166	175	153	284	124	235	150	122	30	286	98	152	76	220	2	100	94	66	268	130	32	180	183	0	90	59	229	85	106	278	244	13	243	204	268	165	289	79	279	32	32	161
74	222	147	93	123	222	39	5	42	301	171	123	247	133	40	51	30	117	102	96	20	113	272	304	226	239	235	76	210	69	40	224	159	175	161	30	38	173	138	128	193	118	224	116	280	231	293	9	238	263	10	74	229	12	181	14	179	180	102	245	28	213	90	19	102	112	243	29	142	78	19	50	150	196	190	159	220	145	277	210	13	20	0	262	258	159	283	244	121	230	72	303	137	271	186	258	53	157	250	49
189	187	92	97	104	134	13	138	31	190	266	132	135	253	305	189	303	113	169	138	96	204	216	175	305	239	94	122	272	301	131	28	136	71	2	269	292	212	145	112	247	34	150	57	303	172	178	229	222	252	152	248	135	146	244	181	145	304	113	170	158	40	124	55	223	79	148	181	53	51	28	94	302	233	248	290	34	286	126	141	141	283	281	0	92	269	210	93	268	104	282	54	59	253	237	174	142	167	256	35
270	8	302	47	115	277	221	210	93	85	291	221	177	272	96	188	294	52	18	181	30	288	203	140	272	115	139	237	98	44	282	147	281	119	163	100	173	222	242	276	220	5	64	199	291	3	166	174	109	134	236	18	115	180	31	4	176	260	128	137	198	23	93	199	159	259	288	247	243	161	133	43	175	160	180	61	204	260	265	249	210	186	299	213	0	194	82	105	170	279	76	290	94	234	154	287	42	203	110	261
173	53	221	164	114	171	157	191	91	14	99	291	156	226	234	208	148	275	95	91	257	7	161	300	26	185	248	243	181	158	111	44	195	154	140	169	280	174	200	80	99	275	118	192	191	209	177	32	238	190	205	197	223	11	282	225	262	31	146	212	198	158	92	40	293	221	51	79	17	254	193	4	197	242	109	171	275	68	114	296	164	217	222	300	24	0	141	110	203	287	24	117	279	298	6	90	169	1	168	34
71	302	47	28	98	148	205	49	60	53	73	80	49	194	175	125	233	76	251	174	52	64	26	66	173	185	125	142	28	277	96	291	104	299	7	170	261	56	278	301	281	8	43	198	28	50	289	46	1	127	96	288	38	179	190	43	234	230	126	173	74	121	111	121	97	122	185	83	2	252	125	285	157	80	88	265	1	233	296	37	173	305	298	134	246	51	0	231	150	151	97	164	177	63	86	105	156	175	266	80
158	255	61	204	192	163	24	150	259	73	239	180	123	65	157	162	69	176	265	84	298	48	262	113	126	150	7	194	43	277	208	164	132	152	104	108	142	238	230	45	69	229	145	200	291	253	198	139	305	15	64	167	31	226	213	184	192	83	178	113	129	262	22	120	148	159	226	265	8	276	268	59	24	175	60	290	192	297	170	181	91	265	219	23	259	17	125	0	145	225	121	42	290	272	87	127	255	193	75	76
205	273	22	87	297	264	223	300	85	177	173	235	258	211	158	208	242	227	74	70	155	110	242	70	141	235	221	205	255	165	120	301	225	185	242	114	20	143	38	45	73	176	192	191	178	189	64	118	60	269	236	179	219	275	289	236	183	153	56	92	40	124	216	223	5	36	69	4	220	281	65	128	148	170	230	220	64	64	259	23	112	19	99	120	119	245	95	41	0	187	294	156	259	263	118	286	46	4	147	176
235	32	224	47	258	103	144	110	218	285	228	92	53	123	69	167	30	235	203	11	141	68	42	221	191	233	183	169	134	95	5	219	215	235	80	227	298	92	76	61	89	41	284	86	12	100	249	151	86	297	49	63	274	91	70	303	56	110	2	171	228	168	171	55	75	18	134	67	88	18	115	255	220	20	175	156	66	139	232	302	242	207	14	45	30	64	208	41	112	0	172	158	200	99	179	13	297	187	274	231
87	233	284	250	200	68	144	100	175	170	288	224	218	180	55	31	285	180	161	87	280	181	247	149	228	266	77	65	1	236	42	141	1	219	272	199	210	294	117	155	108	36	9	33	276	197	13	248	152	210	15	231	261	284	256	63	210	78	127	278	69	36	28	51	144	6	169	215	71	292	109	200	129	279	265	51	295	81	296	93	249	167	38	137	128	59	278	246	245	192	0	98	19	239	157	127	185	171	238	271
36	48	9	88	58	244	131	215	209	89	1	293	29	286	86	300	262	84	187	30	16	38	292	172	21	173	6	272	95	209	61	28	74	286	77	144	122	78	200	90	221	208	215	196	255	261	88	242	43	244	218	233	253	198	3	254	73	216	99	264	1	156	182	217	286	175	298	185	3	145	123	177	116	132	80	9	282	94	229	13	17	257	186	126	73	20	72	208	186	164	23	0	273	156	90	188	131	52	286	282
21	270	278	76	52	4	270	79	302	93	6	98	288	80	139	281	211	167	261	99	12	179	11	152	258	70	253	199	28	204	281	179	97	176	20	120	20	275	226	125	90	182	44	51	304	1	278	156	289	292	216	246	29	293	177	45	141	152	264	239	119	203	28	22	40	280	96	178	4	232	54	275	151	292	12	185	97	86	168	24	103	85	188	270	301	279	111	221	94	291	278	88	0	33	20	280	301	241	174	248
152	279	299	61	207	273	241	298	250	280	42	100	138	289	200	107	129	168	43	28	256	117	275	169	59	111	129	153	1	105	12	79	287	225	133	91	40	282	127	243	161	166	145	302	187	42	102	76	194	20	273	181	108	76	266	109	132	10	128	112	168	170	48	235	172	13	296	45	7	78	88	271	15	246	93	212	154	289	73	9	78	234	220	103	207	201	19	167	136	150	163	117	143	0	84	290	138	159	50	80
85	1	142	12	304	161	152	102	59	60	207	134	99	231	165	264	219	160	268	153	254	264	213	115	162	303	264	169	11	51	233	218	283	142	136	15	101	205	285	120	66	221	124	65	305	147	65	190	182	190	34	275	211	73	131	170	279	123	180	117	287	283	4	7	302	199	290	20	144	63	132	53	71	287	138	188	98	92	230	171	168	225	152	23	19	139	77	192	225	272	67	123	303	150	0	218	97	237	65	131
99	240	5	47	9	122	203	276	69	115	165	47	145	205	9	95	180	23	128	32	113	58	143	88	190	256	63	97	3	251	87	18	119	270	7	224	15	48	214	41	135	256	289	33	173	198	2	188	147	290	201	192	299	299	44	86	28	99	296	61	14	275	49	245	234	294	280	67	252	264	116	274	63	126	245	286	101	197	276	108	135	305	218	97	41	292	132	11	82	140	108	208	161	165	246	0	72	81	56	96
42	76	58	21	92	16	224	37	154	25	196	231	94	72	257	244	185	21	230	171	85	49	241	282	175	22	52	37	72	121	138	70	130	13	89	257	152	156	11	297	19	270	177	5	222	151	203	17	105	156	41	145	259	118	48	299	204	203	180	243	32	10	198	212	93	161	277	107	124	263	130	6	233	296	197	201	240	84	236	272	276	225	40	181	50	223	17	111	238	133	206	247	118	125	235	295	0	227	163	302
222	168	213	7	245	173	115	127	115	125	58	137	8	214	20	162	206	193	252	53	222	264	270	279	28	25	249	39	272	221	79	290	263	84	23	226	201	229	226	239	288	180	159	230	257	206	189	232	221	7	70	89	179	138	239	16	158	183	84	20	66	291	145	293	70	232	110	130	170	98	302	47	263	175	35	73	26	270	162	247	251	27	215	68	228	1	42	71	163	36	214	158	67	21	169	26	199	0	93	12
127	78	258	22	261	211	10	109	75	231	90	28	68	161	218	255	288	248	99	56	85	271	58	227	170	134	279	212	210	238	294	285	281	43	165	113	292	204	167	20	117	11	31	209	160	60	73	208	186	104	81	298	183	29	187	153	265	10	35	87	80	289	45	102	275	215	232	96	296	114	15	207	162	119	271	186	181	2	144	24	276	256	188	94	296	290	152	74	103	163	231	97	167	258	193	260	233	12	0	148
164	205	27	257	140	154	42	284	167	159	132	29	188	106	3	79	209	262	273	287	130	99	76	247	100	212	139	14	136	54	4	121	191	301	270	142	234	200	184	285	144	154	94	212	28	125	54	230	249	230	125	171	180	225	25	241	44	155	150	280	282	135	251	118	291	188	180	117	238	271	47	111	181	261	67	267	280	304	79	36	293	99	161	139	74	209	34	185	135	72	118	53	183	97	143	105	277	63	88	0
