A	B	C	D	E	F	G	H	I	J	K	L	M	N	O	P	Q	R	S	T	U	V	W	X	Y	Z	AA	AB	AC	AD	AE	AF	AG	AH	AI	AJ	AK	AL	AM	AN	AO	AP	AQ	AR	AS	AT	AU	AV	AW	AX	AY	AZ	BA	BB	BC	BD	BE	BF	BG	BH	BI	BJ	BK	BL	BM	BN	BO	BP	BQ	BR	BS	BT	BU	BV	BW	BX	BY	BZ	CA	CB	CC	CD	CE	CF	CG	CH	CI	CJ	CK	CL	CM	CN	CO	CP	CQ	CR	CS	CT	CU	CV
0	484	329	37	304	36	443	110	243	409	360	112	130	452	203	323	134	604	87	423	270	34	41	96	9	3	251	352	354	308	468	1	577	35	185	388	493	315	464	458	12	643	548	358	542	657	303	54	582	48	292	322	369	231	213	192	16	254	164	569	439	66	145	513	529	244	173	214	362	59	88	586	544	20	200	392	575	204	588	229	443	229	272	651	234	201	35	157	175	377	502	25	530	85	411	151	476	503	57	178
458	0	184	301	394	95	300	494	542	120	375	558	522	233	30	258	268	73	116	101	491	620	603	518	177	140	530	225	592	610	52	477	509	517	475	109	543	100	352	227	127	198	283	579	416	525	14	196	403	611	486	602	89	401	608	350	169	317	62	457	477	449	277	78	394	89	648	139	78	89	53	130	631	555	573	65	503	475	331	333	522	141	128	530	383	567	266	203	128	595	235	320	119	121	44	639	125	11	413	31
618	508	0	324	326	181	420	155	310	106	652	327	541	419	555	16	305	381	336	3	91	472	491	20	250	165	418	370	653	47	280	438	444	15	250	471	470	125	250	132	43	195	563	50	445	281	402	369	115	465	388	584	188	346	55	124	375	634	316	65	582	127	574	45	245	398	230	432	227	586	478	501	249	371	428	584	375	448	425	376	434	260	46	323	114	119	477	532	141	258	265	400	558	280	159	64	644	291	624	475
414	441	451	0	87	599	420	123	415	3	585	560	371	643	427	366	429	192	276	497	558	84	45	44	519	141	373	583	573	203	543	288	47	49	188	127	507	136	533	341	199	467	142	464	573	97	35	368	308	160	175	329	280	298	526	467	590	286	172	264	540	649	320	656	251	270	398	74	425	484	212	279	463	320	271	533	292	130	524	569	501	176	80	656	382	539	46	209	97	172	364	91	274	263	176	74	91	573	312	605
613	457	602	522	0	121	213	393	331	338	558	521	374	535	140	447	78	647	230	112	354	566	371	30	194	383	133	574	235	337	144	176	411	594	21	77	397	7	32	5	249	527	7	381	378	401	219	567	582	441	402	311	296	517	261	297	199	548	67	373	336	121	621	508	523	47	181	501	202	514	268	146	572	339	327	308	553	115	454	499	219	200	307	69	630	142	195	328	19	114	116	500	356	517	343	514	70	480	595	257
21	184	74	178	47	0	658	61	174	44	29	453	214	556	137	298	189	116	131	294	141	340	441	604	157	274	144	87	370	36	177	68	225	613	246	317	493	247	611	644	641	276	140	433	489	348	516	169	340	568	416	547	128	481	112	178	635	594	144	513	37	654	385	414	30	338	409	499	439	49	293	33	522	486	323	565	440	48	164	413	174	37	355	125	594	283	280	294	641	220	636	583	250	237	560	269	118	656	521	516
373	111	602	544	377	589	0	77	275	77	423	552	393	359	153	51	405	225	126	512	159	120	557	561	640	339	366	311	653	513	294	6	244	302	227	437	310	13	504	395	44	430	370	34	624	317	16	426	287	158	516	527	376	466	399	632	632	239	632	562	658	263	247	52	325	564	513	207	306	32	529	423	579	599	199	225	456	602	19	632	96	302	526	240	583	355	150	494	445	285	158	114	84	562	429	498	113	383	637	388
379	426	40	165	198	126	237	0	128	150	133	617	415	264	416	166	229	211	598	429	524	554	345	571	37	510	644	110	500	43	404	602	137	381	153	258	72	96	358	69	62	226	415	509	643	21	490	255	328	312	85	1	549	542	447	98	130	249	383	3	419	508	527	219	217	547	615	219	518	234	443	291	154	370	234	563	637	179	49	429	305	239	514	222	154	265	480	486	460	507	154	119	300	164	295	283	391	379	620	292
531	492	152	657	630	588	593	433	0	505	555	245	285	353	60	444	133	173	557	253	375	417	288	308	6	148	377	213	152	41	536	448	186	451	148	223	283	286	559	183	523	315	259	434	205	108	236	186	473	513	614	579	181	178	339	428	167	648	2	553	173	125	379	15	289	473	166	564	330	353	369	279	246	234	450	499	576	408	520	62	616	87	413	242	587	239	338	138	378	461	423	211	109	86	280	415	278	408	339	605
570	196	112	484	517	633	104	106	169	0	226	139	493	601	80	313	294	60	581	337	645	613	30	132	523	5	631	649	98	532	251	124	113	332	172	583	397	13	525	644	171	301	255	46	198	266	385	647	605	429	389	637	547	3	421	183	22	619	402	71	209	4	317	42	648	343	120	259	483	74	513	209	416	641	114	379	465	634	471	486	417	292	188	638	206	14	417	203	521	226	174	280	109	393	402	339	650	110	540	320
485	411	380	256	627	147	258	614	375	216	0	296	504	110	515	622	295	518	241	634	104	133	193	608	587	516	403	262	638	50	136	519	362	319	185	410	323	554	84	292	439	115	246	309	388	280	452	615	567	403	654	331	608	503	71	205	111	111	505	387	210	465	107	565	127	19	623	380	255	173	474	398	113	521	222	317	286	21	120	614	332	97	33	404	23	474	651	235	288	489	210	50	104	166	334	622	526	23	99	165
572	320	47	7	345	560	14	52	624	271	325	0	92	579	326	574	392	212	147	26	24	282	205	588	435	469	420	585	382	553	470	84	92	381	193	582	264	25	410	8	507	176	298	328	152	529	56	278	444	79	123	581	330	603	69	505	643	228	494	255	215	65	267	11	467	188	645	97	656	150	254	66	110	217	326	593	587	511	439	619	651	396	591	396	387	634	54	159	4	127	442	291	62	15	427	310	122	334	45	294
86	547	266	486	514	652	278	473	335	101	323	165	0	516	295	39	458	472	223	106	11	69	286	281	394	154	186	64	311	103	335	73	393	30	445	492	126	614	375	434	405	114	208	244	417	345	279	121	102	538	102	10	103	328	107	264	237	260	265	245	413	371	472	396	12	223	20	75	325	538	159	352	532	220	301	181	388	642	284	47	293	123	92	400	482	556	5	306	178	308	70	253	533	126	631	520	437	594	40	182
322	355	288	457	310	215	553	291	486	189	338	557	166	0	21	331	135	59	532	565	543	528	351	480	458	510	571	385	292	236	387	229	70	321	131	82	245	22	208	289	3	337	646	478	333	397	498	626	107	560	112	174	110	455	471	301	109	208	386	379	579	390	248	596	88	519	458	581	151	549	534	181	324	216	525	181	298	420	613	589	72	149	408	142	467	86	602	543	110	259	35	456	265	266	423	430	132	221	362	343
185	190	414	404	385	362	362	39	638	533	399	428	336	314	0	357	181	98	109	565	244	330	628	230	292	248	144	478	220	450	531	404	624	310	344	176	317	453	328	584	4	509	128	332	426	193	479	123	518	413	508	212	196	485	35	293	87	610	107	164	657	458	460	204	50	563	117	338	83	13	641	12	150	332	374	382	125	189	588	23	293	270	638	521	125	516	98	18	337	138	647	131	266	165	632	570	1	411	642	602
310	441	510	130	248	559	95	592	516	522	481	635	638	485	107	0	463	234	128	229	152	625	640	356	101	493	593	587	526	119	421	86	234	522	37	331	333	527	497	639	395	293	98	530	515	342	89	261	242	20	162	50	386	326	90	259	595	368	121	150	252	395	548	82	215	234	632	13	342	546	80	504	127	644	127	246	568	347	295	577	271	81	378	133	544	158	557	285	59	524	121	466	380	330	89	327	626	449	430	24
519	102	398	226	441	210	360	642	378	542	508	521	52	436	575	126	0	210	138	203	179	368	374	541	64	517	130	254	262	171	375	608	241	540	299	158	353	398	515	154	528	5	155	430	279	471	37	305	175	23	557	16	251	234	123	58	39	197	291	589	1	340	53	42	164	403	60	53	257	386	33	457	147	348	565	376	347	410	22	597	433	169	59	584	310	382	484	292	40	172	537	194	82	369	194	407	297	91	308	274
285	594	321	158	657	230	514	126	654	21	589	447	342	328	273	480	651	0	493	59	333	324	587	228	195	499	493	532	589	122	75	266	633	552	263	218	451	6	362	36	371	303	615	381	145	369	463	462	314	153	567	316	372	167	253	213	80	176	515	464	506	212	525	437	270	378	565	298	438	363	388	203	295	313	122	313	632	17	647	376	31	174	432	601	240	13	548	156	650	196	608	106	618	254	651	379	463	557	150	475
524	657	485	441	410	94	25	417	366	647	635	136	109	597	623	650	419	320	0	153	445	39	638	264	280	510	622	580	420	462	105	42	117	204	470	586	52	258	629	501	205	493	65	325	612	11	23	577	257	158	323	67	228	21	649	255	195	171	119	248	628	335	54	80	33	598	112	500	183	193	530	310	132	464	531	625	566	31	484	345	55	361	368	293	218	127	237	385	270	108	313	557	338	163	278	61	526	488	554	492
198	120	138	198	501	486	9	108	590	304	376	64	410	103	58	265	113	116	70	0	142	473	543	90	247	599	619	411	69	435	655	260	26	585	619	81	595	183	533	151	189	274	423	203	167	317	251	183	609	486	249	607	354	653	291	125	481	449	641	48	248	63	202	274	29	115	462	13	7	457	338	418	622	127	333	478	165	503	152	107	168	78	510	653	153	588	78	472	379	404	477	1	208	648	391	572	634	604	2	263
513	320	344	524	317	275	336	355	352	245	581	369	79	120	539	256	87	598	91	310	0	372	130	384	314	383	110	497	186	118	354	548	297	86	541	419	588	152	474	62	181	390	441	445	597	625	334	62	495	196	380	297	519	18	32	520	4	402	616	209	13	228	105	206	108	155	507	7	429	59	74	440	52	40	201	162	67	634	611	462	29	103	2	231	642	265	654	355	446	347	234	321	16	488	542	597	437	314	603	103
572	647	195	56	455	640	538	287	99	39	156	388	409	88	339	365	343	461	137	627	508	0	233	392	645	582	429	216	244	651	45	64	141	502	179	85	408	608	98	333	208	272	368	147	209	499	232	40	510	349	168	617	59	409	192	351	433	149	594	304	168	57	640	394	304	399	405	534	140	174	217	135	128	651	441	591	440	546	369	459	193	127	350	501	495	561	603	380	410	92	465	141	616	647	196	94	443	491	499	519
481	508	162	196	613	34	104	68	381	586	141	309	330	229	594	284	104	99	208	340	80	522	0	657	83	376	430	107	481	235	566	448	8	311	444	268	153	238	350	398	616	44	192	192	521	242	67	501	426	611	348	438	480	294	370	552	539	556	132	471	369	344	4	160	71	353	629	491	369	458	466	227	53	615	362	419	538	145	475	169	208	363	634	631	568	264	450	419	322	87	318	577	199	305	213	555	216	345	405	547
201	405	99	395	643	101	582	236	129	432	654	315	45	224	500	366	480	288	206	52	412	203	477	0	514	38	27	247	30	534	34	554	213	443	32	303	571	584	80	449	294	588	18	651	114	120	542	574	453	236	436	409	588	531	327	548	129	209	108	514	122	534	343	6	344	527	119	483	286	556	75	202	480	6	5	359	644	196	601	328	286	266	627	555	493	355	154	10	121	34	125	557	359	462	463	623	396	225	507	41
630	171	572	391	624	645	142	467	285	327	544	638	387	653	372	177	309	146	285	584	306	596	402	256	0	577	69	266	311	158	470	263	173	83	163	437	230	601	376	250	487	152	78	594	166	12	40	419	658	581	213	321	2	93	39	151	281	369	635	163	325	9	280	560	285	550	324	379	240	470	403	466	189	397	552	595	524	203	655	102	290	442	199	196	142	439	289	219	125	556	59	479	168	136	368	417	619	316	405	503
103	246	639	586	523	385	110	208	545	621	208	246	471	461	485	554	550	124	10	310	71	387	496	249	467	0	122	498	15	43	211	364	378	452	157	198	650	108	223	308	518	300	632	344	303	61	302	132	517	9	472	556	428	160	555	468	493	214	390	269	631	40	76	413	612	130	271	26	149	24	211	180	422	147	424	428	346	94	517	559	103	596	411	621	175	557	178	139	535	149	655	276	488	176	579	416	636	258	164	620
341	428	5	319	372	329	606	643	644	573	15	465	317	56	312	333	111	305	534	290	315	47	14	380	65	403	0	654	610	480	10	470	516	569	373	256	120	276	295	42	269	278	391	123	224	354	471	631	647	183	290	338	187	169	382	42	640	332	520	405	343	46	547	351	544	617	20	405	149	10	548	589	172	457	416	381	465	154	23	306	247	562	322	339	199	239	348	632	519	63	190	599	86	192	2	604	552	101	279	452
202	392	369	526	49	78	191	585	254	146	365	518	55	178	531	105	257	533	496	159	146	183	633	202	511	6	178	0	507	300	637	121	286	93	599	143	81	449	114	180	317	544	495	579	119	339	121	306	471	140	394	122	301	367	650	320	245	539	41	652	409	209	232	113	208	329	367	417	614	233	285	472	247	481	478	113	534	566	435	64	176	554	145	66	442	321	259	514	494	222	172	438	554	48	47	306	577	225	345	281
354	44	334	519	511	20	315	443	601	107	25	286	540	459	183	170	224	50	487	332	620	424	610	453	201	36	308	605	0	37	384	538	615	103	3	443	499	334	32	211	543	260	235	44	155	72	44	372	589	78	297	19	90	142	380	316	466	216	636	607	559	5	233	325	359	403	389	515	237	544	169	1	382	468	168	19	138	197	130	292	472	414	318	347	569	73	283	311	420	140	53	416	340	131	474	231	267	43	495	311
561	565	370	272	310	142	15	438	644	557	153	92	257	353	347	545	621	75	570	436	133	478	509	405	352	244	220	296	428	0	611	308	279	565	556	490	116	592	17	80	126	364	362	601	380	327	226	238	495	468	456	610	199	63	266	180	320	92	138	244	179	484	284	637	571	534	252	132	53	439	168	344	33	384	325	514	260	509	590	49	106	94	247	509	626	110	495	201	243	305	331	283	580	484	123	124	225	242	372	432
626	529	602	225	334	216	94	269	565	127	560	155	240	598	322	580	383	222	605	282	559	587	205	324	363	175	50	590	24	257	0	376	512	256	103	235	307	325	240	199	384	519	432	196	599	568	260	626	126	42	424	639	583	414	139	141	589	132	621	436	145	292	602	278	575	72	559	438	496	604	370	91	483	489	154	291	650	460	182	420	614	193	125	545	251	623	655	595	146	130	312	511	280	341	262	176	457	463	144	515
399	587	250	651	182	277	172	28	68	116	330	394	331	412	618	382	12	11	326	512	584	105	356	301	457	113	644	555	16	121	34	0	210	209	191	285	495	263	64	394	569	218	369	587	329	106	169	456	240	13	228	253	159	594	649	556	440	28	287	572	557	172	39	627	476	175	188	109	630	225	8	211	365	652	401	109	549	647	366	400	495	237	227	238	220	163	213	361	465	274	293	109	636	104	428	227	564	367	601	618
640	95	572	75	314	176	623	5	319	197	43	601	164	452	388	90	653	348	416	305	200	73	572	112	59	279	119	397	364	408	103	38	0	251	21	340	643	432	654	171	487	292	400	429	97	189	66	643	396	169	297	421	536	315	80	207	352	21	199	473	239	581	428	534	25	83	487	170	218	487	591	245	378	368	640	26	563	323	176	540	5	348	537	326	542	265	566	637	584	364	31	141	513	327	499	522	408	361	561	400
2	639	285	364	66	474	224	577	595	172	658	379	318	92	618	81	503	101	508	343	407	560	635	264	218	107	616	364	470	160	445	568	253	0	496	569	379	194	32	603	23	196	215	173	4	390	182	332	630	511	613	99	149	607	52	83	6	86	450	637	88	413	516	289	82	170	8	86	246	12	408	441	408	158	439	556	227	531	130	403	253	477	346	84	442	323	526	130	284	161	533	531	356	319	652	192	162	22	502	541
268	19	208	294	84	218	172	146	578	184	341	59	461	647	614	229	59	532	9	652	151	343	505	356	355	453	59	504	567	289	141	47	611	143	0	244	305	471	533	418	202	358	249	88	47	370	76	60	109	420	645	481	282	511	577	432	56	652	321	561	6	469	498	63	50	194	203	604	215	394	551	139	115	477	476	582	522	370	103	592	151	601	121	608	107	56	393	501	650	114	541	296	64	639	48	347	381	504	10	616
508	156	589	596	306	164	91	15	187	303	68	314	28	140	319	27	237	9	386	572	326	139	42	363	48	132	340	320	211	495	340	211	475	335	311	0	399	629	524	241	79	381	308	25	411	524	449	614	17	150	6	444	541	644	460	471	604	519	246	38	484	277	370	559	70	9	324	448	1	562	652	289	443	269	571	605	164	283	429	22	196	313	606	162	203	140	283	239	378	628	638	73	576	413	554	215	497	198	607	240
416	153	323	437	413	8	476	39	618	246	575	98	561	424	188	441	211	528	352	156	308	201	142	337	615	436	176	40	249	39	67	46	395	153	533	553	0	463	552	54	211	510	431	344	570	348	246	507	34	514	181	2	379	320	24	307	557	430	159	371	5	37	368	657	319	21	589	296	515	293	134	172	113	98	629	321	295	211	613	649	121	635	400	349	205	472	70	81	466	429	414	60	434	113	393	83	263	439	151	275
443	365	258	72	499	583	1	489	538	349	579	193	4	149	190	349	654	22	53	479	349	150	485	154	603	130	226	548	29	274	74	95	2	100	420	337	164	0	388	292	173	401	480	350	620	127	135	296	448	242	191	583	92	100	302	40	46	453	339	460	620	72	420	538	243	318	170	621	108	339	549	116	57	508	469	231	556	96	502	184	391	496	226	479	174	578	532	96	100	257	13	238	327	488	647	225	434	156	469	201
169	243	564	490	131	588	610	151	403	288	356	410	461	560	121	267	151	180	139	88	230	102	415	58	645	271	175	375	615	644	52	345	410	538	39	78	59	40	0	218	369	123	174	165	385	108	56	333	391	268	143	86	238	21	480	469	355	258	519	633	302	303	377	203	459	570	275	66	148	120	455	179	8	561	94	561	321	240	608	338	319	58	494	283	495	349	440	184	543	439	321	245	175	399	11	341	298	95	504	293
390	542	469	598	584	126	52	72	305	70	237	208	436	438	54	126	593	583	483	569	368	416	615	251	550	347	568	189	236	408	47	479	10	252	49	460	414	419	491	0	279	579	604	297	380	184	60	458	404	388	130	198	451	125	281	48	251	172	501	321	63	370	321	467	550	36	329	478	203	402	131	526	82	237	629	143	510	236	647	179	146	398	261	240	186	191	148	64	107	335	588	219	441	462	622	614	166	444	59	87
43	495	482	394	544	290	279	134	215	502	651	461	314	459	60	620	514	585	71	544	471	237	292	497	123	103	600	539	344	519	467	217	413	280	328	7	523	98	272	466	0	492	532	653	96	121	527	454	273	639	63	37	277	554	170	60	228	466	477	440	550	535	223	348	580	533	322	470	96	203	643	106	472	301	624	299	45	436	457	638	523	164	9	298	205	350	468	145	334	647	335	364	609	415	605	583	623	99	89	288
246	101	350	462	365	524	643	562	577	562	421	266	223	230	13	474	637	189	497	108	383	27	72	574	5	500	456	76	618	283	493	543	291	290	226	312	588	531	159	129	563	0	163	63	206	52	300	635	587	542	34	87	64	300	23	529	358	348	65	171	600	640	282	204	539	443	290	139	466	364	363	214	119	45	403	34	364	324	561	546	72	102	321	220	139	148	402	363	622	42	220	577	465	325	345	296	657	354	294	519
371	155	383	31	314	279	15	12	228	91	471	119	302	529	519	595	388	15	421	326	595	373	342	335	450	313	560	451	250	492	20	110	263	343	565	421	38	550	47	407	59	639	0	603	385	322	155	509	283	230	300	443	253	593	211	90	231	590	75	232	257	98	137	360	133	508	655	565	51	321	293	613	136	286	496	78	580	499	471	21	455	143	166	139	504	384	614	385	390	422	245	634	269	324	254	323	495	382	288	370
309	524	40	245	549	506	452	503	438	471	326	284	656	113	394	188	518	48	217	294	263	252	104	408	75	386	564	311	353	644	311	300	276	461	604	297	538	126	421	475	1	522	51	0	398	90	185	172	359	514	186	349	366	38	511	96	384	587	216	164	64	552	496	433	650	519	561	593	437	145	96	600	544	601	657	598	282	232	538	587	270	436	64	154	272	1	444	377	204	73	11	545	560	141	235	239	138	192	154	284
203	272	23	59	485	579	82	475	275	642	258	417	146	298	628	175	474	382	117	55	615	357	496	358	62	72	125	139	85	385	34	502	54	390	60	483	547	451	503	574	506	161	254	288	0	555	97	582	629	67	642	304	29	195	309	80	272	559	8	490	213	657	418	335	390	652	382	286	135	575	368	551	326	79	200	42	57	288	201	626	394	40	473	312	421	42	386	137	337	297	461	141	572	379	2	231	286	247	507	148
12	302	301	397	83	145	70	579	240	535	47	526	422	564	473	424	92	14	304	143	222	573	633	63	291	117	172	363	445	32	14	206	231	262	562	610	550	335	550	176	12	573	201	480	298	0	582	20	540	38	106	125	12	195	422	322	293	541	307	352	274	492	278	385	523	440	655	201	453	390	591	237	644	183	299	285	114	329	312	186	546	71	635	655	37	210	382	325	391	380	270	607	241	280	329	191	413	234	32	512
79	578	264	503	24	328	86	610	170	586	173	98	300	591	376	639	55	391	198	335	259	502	578	92	207	600	211	553	605	359	471	342	390	402	433	480	436	59	346	602	614	447	642	327	649	377	0	292	206	447	263	592	302	414	98	582	395	194	432	454	268	49	625	52	572	307	478	324	310	93	274	493	396	572	238	639	124	559	203	14	255	190	7	38	361	61	288	336	431	537	341	430	625	175	48	456	350	532	460	554
350	197	130	267	407	12	519	14	204	609	330	618	550	61	54	398	338	141	390	608	504	458	120	417	221	239	12	648	124	62	406	576	265	357	12	112	481	284	95	638	543	540	353	337	474	47	183	0	310	299	264	188	40	96	214	353	430	73	46	448	331	548	361	159	337	377	239	333	163	542	576	628	601	454	112	477	203	547	20	59	123	426	59	649	289	274	454	241	284	21	29	194	207	539	417	88	460	232	53	216
524	160	593	595	626	216	652	311	42	289	222	581	651	319	558	512	410	61	15	590	234	555	94	70	656	641	90	255	5	272	47	340	211	601	276	215	231	9	629	81	139	405	483	239	227	181	430	67	0	218	388	601	467	517	251	361	649	225	464	467	570	33	258	617	9	576	480	324	473	309	270	51	540	497	607	612	430	77	336	504	72	2	12	197	219	25	66	413	20	210	322	527	394	86	582	523	240	152	623	224
341	439	432	338	645	57	27	25	418	572	601	408	641	79	173	639	459	367	258	16	304	478	513	567	138	510	530	23	236	234	494	635	116	651	163	189	346	526	201	485	257	9	604	511	656	478	376	453	479	0	9	573	60	636	574	537	655	568	230	367	214	372	193	228	176	331	314	633	336	602	290	158	13	67	374	98	370	322	153	148	377	255	399	156	451	99	43	243	467	512	26	118	144	56	523	168	70	542	230	96
205	530	2	17	529	79	115	586	79	23	429	406	16	596	130	221	622	426	637	572	623	448	457	491	242	243	150	441	312	110	571	320	534	452	572	587	589	544	554	156	461	391	6	466	387	363	211	66	363	392	0	390	76	464	494	82	440	265	425	303	595	48	325	452	229	652	17	389	525	638	385	461	31	656	91	183	88	348	320	265	333	266	212	582	10	210	159	95	654	474	176	631	35	378	317	25	545	469	390	28
295	543	79	183	381	200	41	469	350	404	555	135	133	229	207	578	308	298	558	243	71	41	364	595	606	555	15	320	190	648	553	656	185	582	78	383	312	233	526	20	537	244	402	330	607	84	27	240	517	132	65	0	180	175	407	49	293	601	436	370	475	466	287	331	455	221	119	45	332	373	66	201	228	165	500	597	142	505	116	599	40	484	627	632	531	290	649	231	445	589	260	486	542	488	658	375	384	157	87	322
62	225	228	33	89	314	41	16	203	243	586	289	220	33	399	154	513	423	138	270	594	358	367	122	529	546	287	468	226	503	341	108	520	565	371	443	98	120	549	265	172	479	567	298	107	292	368	638	76	525	116	281	0	79	128	335	458	233	118	93	15	97	66	102	283	212	269	112	15	430	542	83	339	115	119	211	81	237	202	354	395	563	264	656	123	265	651	198	466	324	60	550	85	592	647	632	637	639	247	326
245	40	290	397	355	66	541	231	230	243	52	158	359	112	551	241	393	156	449	353	54	120	344	225	541	23	166	11	635	542	653	408	202	4	344	349	269	170	648	320	245	317	27	612	255	28	458	17	303	342	282	207	259	0	396	449	654	121	295	627	364	616	522	252	434	75	424	58	216	257	455	585	30	441	459	362	260	27	492	455	655	428	74	71	161	503	594	165	33	570	436	424	354	252	607	393	145	170	396	145
144	175	405	229	286	21	345	568	344	21	361	136	474	496	605	404	592	336	66	97	115	375	224	550	317	384	405	195	224	199	74	550	633	61	125	214	180	650	523	381	434	72	176	35	291	207	585	347	459	389	131	93	182	370	0	244	557	277	508	370	120	585	207	235	184	171	230	291	226	70	141	633	451	353	574	244	445	552	325	221	45	423	454	654	599	272	19	581	85	173	646	598	398	48	340	511	63	21	633	354
397	180	147	220	551	309	480	375	186	517	357	127	559	231	118	231	628	529	247	307	220	426	424	567	651	548	71	151	437	196	517	541	641	118	424	569	519	276	375	544	204	474	272	600	619	628	420	371	65	333	451	585	48	315	630	0	152	12	217	180	159	67	354	268	171	625	639	194	564	399	63	163	289	180	526	225	23	100	142	61	492	432	634	477	454	550	220	377	170	29	337	639	604	533	397	311	402	115	273	5
50	64	557	8	152	159	212	565	172	269	36	170	315	296	172	532	163	201	244	153	44	73	633	135	486	507	506	179	384	372	55	512	658	422	118	641	657	228	149	346	159	143	215	178	53	225	295	609	618	332	79	157	477	30	526	475	0	125	565	308	234	538	64	17	542	300	51	102	119	538	221	325	541	607	43	200	124	519	605	493	405	118	407	657	390	359	52	611	180	277	350	400	269	629	614	262	9	558	426	108
301	76	297	247	601	305	233	601	286	378	312	441	71	48	458	629	163	132	417	506	421	637	535	358	51	118	93	257	399	302	320	318	54	364	126	235	82	490	617	562	648	66	101	385	623	130	410	108	302	202	21	314	42	367	393	634	612	0	284	84	378	10	136	299	607	369	478	314	120	91	410	226	373	1	180	169	475	510	466	292	54	66	623	517	284	585	89	230	457	231	560	112	64	75	465	44	311	84	378	9
183	128	419	252	500	463	374	509	381	23	438	544	155	357	93	620	552	629	413	594	189	528	209	618	549	114	88	162	588	562	91	9	106	279	547	534	1	358	320	146	119	272	62	152	202	394	82	276	6	449	311	109	655	510	556	515	65	244	0	603	103	385	220	5	122	636	347	438	580	83	126	158	474	526	238	219	614	91	654	321	580	407	509	73	162	488	265	225	136	157	298	593	42	239	472	286	278	242	307	541
367	461	413	355	156	583	492	468	145	110	254	561	368	415	400	584	432	531	270	617	372	417	530	283	66	352	482	492	338	29	656	54	113	323	11	648	308	30	204	545	44	492	270	96	9	343	277	588	488	594	291	461	645	116	32	127	533	465	646	0	530	237	236	405	334	511	176	17	121	265	374	468	624	320	132	48	210	416	437	290	243	533	498	568	182	67	325	472	86	320	117	274	83	496	650	329	530	428	124	434
175	599	551	584	576	294	111	284	223	302	239	453	7	378	623	582	20	631	17	95	387	192	348	198	625	143	294	303	237	322	650	540	143	412	455	417	361	68	215	443	572	592	648	523	71	44	527	510	603	24	135	631	260	612	372	293	129	581	201	441	0	526	228	171	490	174	644	68	655	166	541	566	73	220	438	565	455	206	582	488	345	243	334	533	350	546	556	456	224	303	430	351	448	9	592	437	283	21	383	381
546	98	614	320	600	210	48	169	525	427	111	263	49	546	224	280	82	384	622	352	213	106	172	606	508	583	450	388	111	113	40	249	215	216	616	545	467	592	507	297	573	601	627	98	217	545	610	138	599	437	15	531	178	104	459	309	117	609	557	301	378	0	280	641	289	216	564	385	32	641	397	432	503	194	537	24	69	506	639	150	576	416	26	157	353	435	129	580	46	538	586	455	283	392	314	79	304	511	468	34
52	489	431	572	470	260	412	6	138	77	578	546	21	288	529	401	237	616	403	147	316	349	167	410	218	476	12	78	3	511	399	413	529	230	541	490	557	464	363	334	108	468	464	243	458	110	207	588	153	466	205	317	222	582	296	280	159	540	382	525	483	253	0	136	507	335	554	307	64	330	24	110	392	433	124	204	203	375	245	38	385	423	24	376	487	263	404	133	658	219	208	94	39	78	376	214	383	303	174	372
173	347	290	533	609	46	21	557	148	471	216	174	153	315	648	147	146	418	113	515	89	515	370	210	370	542	538	100	337	352	499	252	70	652	231	452	595	623	400	458	215	243	477	105	372	576	219	48	559	68	184	244	473	129	237	517	655	397	491	505	629	64	519	0	221	170	476	419	178	506	132	36	60	589	504	70	611	82	424	282	99	420	423	308	597	231	265	18	503	625	617	341	412	56	557	43	415	223	135	569
368	180	141	632	89	519	267	485	462	304	227	586	234	170	28	440	60	84	265	555	344	356	89	4	653	231	361	323	159	303	515	89	129	460	460	315	395	593	528	367	475	202	255	476	402	540	41	185	233	609	629	402	453	376	210	417	66	238	349	363	655	80	256	349	0	486	87	587	81	486	397	506	158	122	627	607	75	186	2	623	613	416	232	79	364	151	393	479	291	490	407	337	499	591	56	330	193	201	372	255
559	143	150	213	124	560	302	300	492	159	336	513	595	220	96	638	334	229	529	533	560	295	586	183	435	446	387	489	219	653	417	655	607	17	237	294	243	394	171	376	120	140	396	627	34	318	199	175	215	145	317	14	321	140	345	586	360	148	31	372	31	17	582	578	161	0	575	101	243	44	234	23	530	499	245	9	484	358	400	554	88	495	230	239	178	508	303	306	18	168	392	87	480	332	609	8	631	272	205	633
608	1	547	86	412	399	225	219	148	588	238	159	517	256	91	425	118	312	567	224	348	321	621	140	101	86	252	2	605	510	124	619	657	245	551	313	336	420	195	203	526	280	281	146	436	45	141	369	204	365	345	386	653	206	587	518	351	652	141	250	416	503	215	98	238	475	0	384	174	582	569	181	64	212	236	308	421	24	315	178	514	386	592	93	225	635	10	342	343	83	275	517	260	128	182	94	506	632	388	547
461	163	422	196	41	205	170	485	320	326	109	145	13	605	603	562	450	328	87	433	349	655	303	6	617	465	639	501	63	216	84	449	539	523	41	420	40	37	15	593	42	476	50	413	543	607	150	289	611	126	264	462	371	173	175	481	647	378	523	316	233	178	462	68	227	418	448	0	29	529	339	633	251	407	619	26	29	468	19	345	443	7	292	174	400	458	649	186	617	3	295	446	389	536	489	575	337	389	339	214
587	596	560	644	75	27	435	610	235	418	520	203	547	308	249	92	449	502	262	221	221	448	253	265	164	536	121	614	24	172	551	129	196	157	140	70	506	358	475	341	370	517	18	291	645	235	403	365	625	361	129	313	520	353	605	164	645	465	610	543	351	629	492	592	72	559	345	173	0	356	341	475	626	158	16	376	430	297	522	620	219	566	373	43	636	513	472	61	121	340	548	510	630	130	166	157	113	466	128	218
435	369	78	254	154	549	479	505	469	99	608	608	312	528	585	399	255	98	212	320	411	455	379	280	428	225	251	489	375	399	148	248	334	229	403	231	288	380	360	294	143	57	174	391	505	52	494	410	536	136	516	557	214	241	434	198	178	122	332	479	149	594	547	30	469	310	513	246	527	0	609	555	326	238	281	531	470	13	451	626	576	360	459	209	44	611	65	619	497	429	68	618	125	369	102	404	514	267	369	330
202	11	499	72	266	473	52	197	522	1	378	443	447	408	571	116	99	277	463	155	359	396	186	288	148	566	139	177	377	105	172	410	106	113	635	592	422	156	507	181	545	269	136	15	95	581	185	450	635	462	423	203	411	295	18	319	205	478	313	266	588	237	70	335	562	204	151	592	269	202	0	428	250	401	550	44	321	94	42	325	200	468	384	214	553	276	588	306	502	37	535	17	542	80	189	380	295	603	604	282
214	220	197	381	545	206	382	194	293	115	395	5	11	3	195	398	98	105	119	218	153	378	228	127	335	1	60	379	385	538	606	609	453	481	512	55	570	429	142	616	197	121	571	404	437	299	186	173	456	238	413	403	302	158	113	423	547	628	363	338	570	469	528	616	366	543	592	169	445	292	218	0	152	536	255	25	85	33	566	413	38	292	419	469	226	347	271	400	333	314	413	624	491	557	376	3	71	63	101	27
427	248	624	155	451	121	207	290	315	415	216	235	517	329	385	201	61	242	499	417	98	633	494	394	38	348	129	486	88	332	311	114	647	511	496	140	237	127	350	639	294	614	501	351	309	1	495	651	536	380	280	213	563	47	264	353	347	122	475	180	44	174	392	481	113	86	199	152	296	166	116	84	0	554	651	181	343	528	222	483	382	521	5	46	311	538	537	415	121	641	260	107	496	510	363	544	347	389	88	509
295	230	277	464	20	138	132	183	292	399	20	590	607	85	88	336	232	222	349	203	590	385	218	109	512	326	650	463	410	398	426	245	592	135	160	157	627	232	289	313	56	603	530	641	201	488	249	120	356	399	25	242	163	487	369	638	489	387	265	477	547	387	459	218	462	173	584	81	315	440	386	226	315	0	368	217	132	191	159	187	320	226	301	21	244	610	620	172	114	38	394	339	104	576	107	431	420	357	635	641
199	45	490	504	567	268	538	166	509	122	653	341	127	90	304	274	574	159	297	308	258	417	358	271	104	616	550	589	502	161	425	575	498	583	435	347	4	592	366	49	447	47	627	13	471	454	149	260	50	224	276	80	99	55	41	474	582	288	654	465	570	468	250	168	491	433	268	47	508	570	413	323	597	94	0	561	185	427	539	241	617	245	397	406	415	88	147	217	460	426	332	420	25	246	470	311	578	186	421	234
190	464	416	540	68	337	280	640	222	655	351	382	396	179	207	355	629	279	164	435	130	238	508	578	499	420	460	144	378	72	608	30	472	334	242	309	219	559	330	501	171	551	159	430	641	391	262	31	496	536	250	219	617	435	625	440	540	281	409	81	579	429	307	57	531	64	636	321	633	89	207	294	406	635	136	0	308	585	281	175	373	548	222	575	68	409	551	587	18	117	373	294	242	181	461	344	416	120	138	189
577	424	365	185	532	394	329	174	612	195	297	113	180	65	489	136	210	119	328	259	222	273	89	467	578	195	95	170	305	388	322	532	69	127	576	101	170	582	483	336	123	371	274	370	520	250	75	323	14	414	368	502	404	84	215	133	405	305	12	140	624	116	55	530	307	46	461	323	105	368	56	525	135	309	116	166	0	304	89	77	304	302	464	425	48	129	265	241	231	64	60	576	290	493	483	540	168	365	383	442
342	275	559	466	374	40	124	168	364	238	274	473	655	448	296	436	138	65	106	202	640	106	124	505	508	182	232	308	211	340	216	283	286	67	400	141	288	26	6	6	395	19	265	232	583	249	509	386	509	321	432	388	149	499	580	141	59	639	68	136	266	251	472	331	110	8	211	270	458	347	220	250	649	533	329	125	561	0	595	391	503	142	535	625	217	194	98	225	316	143	475	186	380	43	517	523	371	605	70	165
16	269	628	348	657	534	225	202	547	333	74	234	419	309	209	623	88	121	46	643	224	550	368	81	366	338	370	142	96	158	122	225	204	230	610	540	600	444	384	344	320	633	569	132	411	272	548	538	320	398	485	172	85	631	491	322	535	311	27	18	403	547	400	309	452	139	282	398	289	74	385	100	294	269	653	589	261	261	0	263	607	526	91	478	395	564	323	656	50	77	173	536	624	18	519	15	255	297	313	432
647	611	266	37	101	566	387	197	261	526	649	54	364	461	631	576	166	303	531	565	582	463	617	234	211	330	73	203	528	492	498	480	271	278	373	175	476	529	634	518	399	117	646	313	63	384	345	445	540	431	79	590	559	258	536	449	531	372	551	408	126	411	460	207	176	419	31	52	247	28	94	242	294	627	603	12	83	328	516	0	442	43	261	618	628	401	64	151	113	70	115	640	275	473	103	547	169	419	147	613
405	416	218	487	333	165	506	5	282	90	524	52	115	205	316	580	44	60	205	417	69	125	603	463	8	92	340	577	411	376	467	278	562	147	178	455	425	227	174	270	594	323	485	451	317	536	264	658	107	104	529	459	640	368	645	181	30	407	432	212	271	268	517	44	107	152	326	325	483	604	555	289	442	284	620	236	470	145	406	257	0	101	320	643	236	331	268	428	232	183	635	419	567	198	128	433	531	58	571	18
61	433	476	650	383	309	648	270	358	612	106	35	288	254	28	422	55	272	105	268	163	55	538	511	394	83	262	175	196	494	550	407	215	34	379	111	78	475	343	626	649	339	190	488	300	132	37	478	264	305	51	621	93	375	328	300	410	436	575	372	490	490	577	456	409	581	27	437	191	14	503	470	484	344	541	125	389	619	459	485	316	0	266	615	326	240	5	390	586	84	559	315	641	220	627	221	168	614	23	350
577	495	387	405	249	85	351	82	343	198	290	379	432	566	30	622	401	336	296	258	203	393	454	441	9	107	446	3	388	224	292	517	6	34	192	643	545	475	66	126	483	600	290	488	125	228	223	550	564	638	228	165	21	160	284	302	560	323	236	195	254	168	590	18	48	189	267	28	549	586	560	394	56	565	656	19	381	525	167	228	230	646	0	539	126	152	557	546	251	553	338	3	546	553	578	561	548	635	622	5
313	140	383	216	20	93	650	142	577	108	468	476	109	628	56	435	113	17	286	603	482	326	274	197	46	370	598	417	588	30	592	470	252	153	334	582	12	54	145	551	357	578	376	1	87	439	35	162	516	574	230	389	478	265	438	610	91	74	182	200	106	269	338	221	106	151	190	320	44	373	291	448	548	566	48	432	465	169	385	648	197	596	375	0	342	327	140	426	643	361	344	314	630	448	538	600	163	40	468	91
501	29	80	100	21	594	329	302	623	170	596	344	129	52	594	110	298	467	405	124	623	20	266	342	631	398	71	556	221	364	630	15	328	611	477	312	619	592	307	164	653	154	395	112	64	7	6	240	354	217	62	490	111	489	156	630	459	422	30	6	558	183	368	269	510	285	278	230	597	570	67	625	467	92	190	332	28	271	391	292	103	42	457	138	0	589	499	542	68	10	179	297	450	500	613	268	206	276	541	531
6	557	447	98	519	262	474	341	462	169	321	126	557	449	109	170	355	201	344	15	176	33	550	648	456	10	467	190	549	506	3	40	548	10	453	648	167	6	144	221	328	382	546	103	618	523	460	146	332	234	247	422	612	72	327	601	536	481	213	188	485	434	46	517	265	421	382	549	301	566	310	363	353	653	304	529	43	390	455	353	90	56	196	449	54	0	207	366	468	79	513	84	473	623	480	420	290	335	366	635
633	327	528	169	493	276	201	543	184	519	522	138	401	639	560	431	554	573	273	176	277	419	528	456	52	627	130	504	239	574	192	548	128	491	412	571	307	629	143	217	286	280	522	438	124	431	270	474	269	5	578	397	234	51	409	435	222	151	405	518	373	218	492	270	268	1	302	416	42	357	545	377	80	161	115	211	272	69	407	388	428	231	531	539	305	577	0	132	116	124	355	295	551	342	117	53	201	359	219	311
497	413	44	440	176	656	179	165	214	334	480	361	205	504	371	404	221	147	6	647	436	32	519	651	107	377	330	121	263	297	109	133	129	151	132	428	259	473	46	101	281	15	323	249	175	362	207	449	274	146	640	257	245	596	586	234	345	33	112	455	56	305	118	98	617	415	406	77	437	543	279	559	620	545	330	464	16	593	456	169	277	385	316	627	644	434	346	0	199	515	648	365	118	188	243	134	492	261	511	278
242	165	581	402	658	396	10	459	252	31	114	509	32	409	245	196	205	303	57	598	241	381	167	63	310	362	474	291	74	482	570	309	613	569	520	311	493	8	93	313	326	265	272	364	553	250	463	49	503	204	3	529	625	472	295	624	256	451	443	308	648	196	40	456	295	319	329	334	113	412	488	621	18	463	654	59	303	458	19	9	46	24	264	92	392	395	258	496	0	616	137	532	533	134	8	436	607	141	448	89
25	410	312	570	489	587	291	416	106	646	393	524	593	371	431	601	470	69	65	481	434	467	240	27	10	517	240	91	330	21	46	245	415	254	198	470	190	133	408	194	418	74	215	403	96	457	592	2	601	178	480	574	426	78	50	640	619	486	233	42	126	21	45	16	95	569	636	148	120	562	499	480	573	441	472	607	534	145	322	27	359	533	140	518	340	650	579	348	526	0	508	350	365	653	309	24	409	202	44	216
469	67	136	276	650	81	585	264	562	514	190	122	309	229	142	54	94	7	5	606	209	178	228	253	130	622	205	161	434	423	135	78	316	133	24	52	190	332	174	631	180	398	57	431	578	359	233	57	502	114	197	293	161	506	222	140	423	63	348	510	580	525	285	185	653	394	47	287	173	336	474	100	21	560	383	266	49	314	634	475	297	466	649	142	609	22	288	536	266	633	0	606	45	129	344	623	581	538	139	132
319	365	401	587	120	334	523	544	83	274	48	341	390	479	426	84	198	475	9	304	78	282	44	385	529	589	455	60	438	328	177	534	106	457	325	142	417	572	472	274	243	175	227	313	91	419	508	137	608	609	164	473	502	175	488	574	313	148	195	207	346	363	510	28	630	30	175	604	539	356	656	295	215	620	457	410	442	16	551	161	203	243	566	393	612	493	409	606	275	573	458	0	409	489	104	322	521	362	387	142
69	609	195	202	477	202	201	59	550	476	247	225	172	90	537	63	442	623	277	517	44	449	371	110	480	516	396	106	355	198	72	288	198	280	282	229	128	220	110	386	416	526	277	27	316	110	133	628	560	75	653	509	120	150	254	413	283	43	579	461	226	503	203	200	287	548	651	109	1	424	607	627	329	173	383	512	558	428	59	309	476	530	152	359	99	150	200	439	285	163	114	519	0	483	506	143	588	397	585	447
605	258	637	139	195	401	302	36	145	593	332	434	524	535	574	113	124	344	271	261	429	400	533	348	535	495	588	149	388	566	12	348	577	647	531	398	215	412	209	534	409	404	421	85	516	280	628	50	136	473	321	385	224	412	204	452	302	176	35	513	543	455	105	599	110	157	328	202	571	562	190	635	499	537	288	508	63	467	216	89	418	267	515	308	146	580	19	656	168	183	262	381	77	0	370	142	80	128	567	369
455	624	579	314	569	22	554	604	459	311	224	489	328	654	279	81	196	68	455	58	633	564	572	220	44	388	58	147	558	258	103	121	281	654	400	26	126	555	480	100	105	67	391	395	178	162	131	607	590	134	419	509	110	473	131	612	163	141	73	321	353	7	639	232	5	246	85	578	240	244	55	139	44	598	119	397	128	156	612	658	253	356	83	495	372	188	471	347	324	156	149	592	318	456	0	143	503	22	207	323
504	516	135	401	118	446	321	23	375	335	244	118	122	627	613	609	67	508	133	452	638	593	616	11	351	266	69	453	609	105	434	387	572	377	147	131	306	142	113	294	408	224	165	278	275	466	352	329	529	372	244	654	58	383	292	294	353	147	352	1	111	622	373	66	311	163	144	147	250	135	318	371	134	468	457	585	546	567	572	128	5	417	654	353	170	485	374	463	500	198	563	367	566	568	4	0	595	80	252	272
29	163	10	450	368	575	227	606	223	647	207	345	595	483	267	344	6	147	116	405	559	644	201	209	602	414	614	453	357	329	239	255	303	284	38	172	155	153	561	385	197	365	120	487	283	539	563	8	23	208	637	396	616	316	269	135	393	204	623	640	33	601	587	541	223	19	653	493	513	19	604	453	65	12	164	84	410	310	329	312	430	68	125	609	545	219	416	465	140	553	108	568	542	103	156	134	0	193	461	187
388	277	363	243	334	383	42	283	2	319	234	246	617	125	67	458	84	115	85	554	223	464	628	167	163	92	387	146	640	454	435	103	315	249	281	453	294	150	472	236	62	494	455	281	594	141	388	133	647	522	254	443	602	201	556	561	299	247	450	58	40	562	88	616	321	268	18	207	219	600	328	428	498	120	635	480	623	426	583	6	651	638	528	268	553	562	171	406	227	425	481	165	105	437	440	596	85	0	472	162
421	485	302	26	461	407	582	139	110	590	486	444	196	12	638	212	414	56	220	365	651	188	389	15	590	364	630	78	380	357	647	173	61	393	222	637	430	488	401	634	206	220	344	357	19	260	531	240	63	400	149	323	438	531	29	469	358	628	378	347	319	451	615	263	34	313	575	118	463	331	631	262	94	220	420	58	70	236	18	491	604	378	328	173	627	303	241	178	10	504	533	195	383	23	158	390	445	44	0	469
232	268	635	533	324	187	424	406	104	373	95	6	265	194	230	522	334	230	287	498	276	471	51	324	562	47	261	88	244	327	541	580	286	454	393	134	53	591	387	214	175	577	87	132	141	193	92	267	345	234	102	488	111	370	141	286	632	164	524	67	211	150	439	181	134	39	77	314	102	444	454	494	439	318	636	251	410	351	48	577	636	416	311	4	491	341	257	632	479	270	318	509	497	95	622	281	12	653	627	0
