A	B	C	D	E	F	G	H	I	J	K	L	M	N	O	P	Q	R	S	T	U	V	W	X	Y	Z	AA	AB	AC	AD	AE	AF	AG	AH	AI	AJ	AK	AL	AM	AN	AO	AP	AQ	AR	AS	AT	AU	AV	AW	AX	AY	AZ	BA	BB	BC	BD	BE	BF	BG	BH	BI	BJ	BK	BL	BM	BN	BO	BP	BQ	BR	BS	BT	BU	BV	BW	BX	BY	BZ	CA	CB	CC	CD	CE	CF	CG	CH	CI	CJ	CK	CL	CM	CN	CO	CP	CQ	CR	CS	CT	CU	CV
0	48	94	77	18	71	23	40	14	16	23	28	13	96	76	70	112	59	116	4	112	112	52	40	36	7	5	61	55	27	75	28	94	15	78	1	100	60	49	42	96	57	69	36	3	34	110	23	111	80	97	78	63	110	73	3	79	80	13	51	74	7	48	55	53	106	14	62	74	33	86	7	111	25	92	53	116	33	95	12	40	89	33	86	44	10	46	87	34	92	79	8	90	21	89	45	42	46	112	49
19	0	16	30	7	13	65	46	109	8	75	31	63	61	4	26	83	6	63	114	2	6	6	79	7	7	25	78	32	94	56	84	75	36	104	95	21	1	65	23	6	66	77	58	30	17	63	43	89	6	78	22	98	115	100	102	6	67	56	5	36	105	27	71	27	41	26	80	41	4	50	51	56	27	81	52	49	66	112	16	33	114	112	98	6	68	47	1	85	31	110	64	52	87	10	72	55	51	18	101
34	106	0	87	106	3	37	10	43	24	74	32	47	11	91	101	59	69	60	67	16	22	53	82	53	110	10	87	52	72	76	43	116	68	54	43	54	114	74	24	73	64	66	29	8	74	49	107	19	77	16	109	87	32	16	87	117	5	73	45	63	91	12	10	33	73	56	23	101	28	20	50	3	87	31	69	30	18	84	68	38	77	91	82	14	53	71	6	110	19	103	6	36	48	20	39	103	17	96	78
115	108	44	0	36	22	71	2	6	53	113	63	57	79	64	107	11	54	3	59	11	72	74	70	5	21	77	46	77	60	32	89	68	13	64	74	74	57	34	94	13	69	75	105	100	23	32	107	77	94	18	92	55	95	77	8	20	18	39	54	97	90	20	9	104	2	81	114	44	82	36	116	41	54	21	110	94	12	93	29	43	117	65	104	73	33	103	107	92	96	23	31	83	2	14	103	10	31	24	72
97	105	23	110	0	106	10	43	64	86	50	109	71	70	32	66	64	87	2	37	45	94	2	117	4	62	43	63	55	60	62	6	52	18	56	76	7	102	12	74	16	71	80	35	112	80	30	21	28	20	5	7	15	64	50	25	93	109	62	1	45	37	66	101	40	112	66	111	112	110	75	66	75	7	93	46	80	115	82	13	14	28	35	100	95	61	21	3	92	50	15	104	49	106	26	12	51	46	62	75
89	64	27	57	80	0	80	80	62	4	108	4	63	48	102	24	99	65	92	3	82	23	74	75	94	66	103	31	94	71	95	97	21	76	65	23	50	44	53	114	83	60	5	115	85	72	112	96	111	89	48	46	28	51	91	92	6	98	32	12	7	17	113	39	55	18	20	83	12	87	71	61	57	47	41	2	60	54	28	91	110	105	8	27	5	26	108	75	117	55	16	112	45	91	15	19	103	81	62	91
98	59	106	68	34	107	0	19	102	48	56	59	75	61	43	82	45	60	92	117	82	4	18	92	82	29	51	37	69	39	11	69	49	99	96	115	101	6	80	73	44	69	79	114	66	15	103	35	13	45	91	8	4	64	80	19	20	52	64	109	112	20	88	74	8	58	19	73	19	22	13	31	46	86	35	23	106	107	25	40	91	52	92	100	106	64	50	9	17	25	15	96	96	41	56	65	33	63	36	91
76	83	45	92	83	58	43	0	19	52	77	40	28	67	54	9	53	51	44	98	37	50	68	69	38	13	28	78	69	103	102	62	43	46	54	58	48	12	19	11	63	108	84	60	30	27	87	18	8	94	50	62	39	88	92	80	88	78	35	79	62	117	34	113	51	110	54	87	51	70	67	55	61	39	53	81	51	20	49	69	34	94	34	80	65	53	2	105	77	71	80	55	108	28	70	77	72	89	30	82
26	47	105	23	64	12	88	11	0	100	95	13	104	69	59	29	97	17	14	53	36	66	81	80	96	115	106	19	82	31	95	100	44	74	3	62	58	57	85	93	72	64	54	113	32	35	37	54	3	76	5	86	103	76	67	114	79	39	31	35	93	40	99	74	36	88	72	82	78	29	59	74	23	93	61	64	98	61	36	44	47	74	106	5	47	24	91	67	31	72	22	9	88	75	8	71	20	68	83	117
1	96	48	99	51	30	3	90	68	0	111	25	31	12	94	51	83	112	88	88	3	107	17	22	95	70	116	97	115	103	44	90	42	32	106	44	74	63	115	39	8	33	71	9	56	99	108	90	79	36	70	55	79	94	38	18	104	27	8	85	37	78	87	63	84	45	86	27	63	38	91	115	58	23	101	45	20	46	14	36	83	38	7	44	67	84	48	68	111	115	47	81	30	13	10	7	101	82	9	43
60	100	1	57	69	59	52	34	11	82	0	8	68	24	54	25	102	112	14	69	85	78	90	34	61	54	81	13	100	15	111	33	97	86	60	115	27	104	5	62	68	103	34	5	67	100	79	95	17	64	39	110	14	60	115	116	78	43	14	7	32	114	87	76	20	32	67	75	117	8	96	28	87	84	20	98	109	93	59	77	59	12	104	27	109	11	104	76	104	63	44	77	63	22	36	19	112	93	63	11
117	24	90	61	47	12	66	50	115	7	90	0	69	99	24	17	21	23	20	79	113	114	107	69	9	73	4	6	6	63	52	87	59	35	101	96	37	23	55	48	17	41	51	36	38	53	85	13	108	105	103	8	112	23	61	105	13	116	66	28	114	64	87	24	33	80	98	42	47	49	82	71	102	52	114	34	17	107	63	112	106	32	57	11	8	38	68	37	27	117	108	72	71	61	9	113	109	105	72	104
96	90	21	10	38	51	19	1	35	97	85	28	0	23	64	83	41	72	75	92	60	19	24	109	103	98	107	62	78	25	8	75	108	26	82	18	50	47	80	78	29	73	43	24	109	66	90	79	16	42	13	10	108	70	75	61	82	87	70	33	4	63	25	72	92	48	96	111	83	82	103	21	97	117	23	19	1	105	50	87	52	57	92	38	75	60	38	117	98	86	43	64	28	97	65	6	99	1	15	111
30	78	61	96	50	37	95	36	42	35	92	70	116	0	30	23	19	75	73	32	77	28	96	2	70	71	86	36	70	49	113	13	87	31	44	107	65	60	63	63	2	35	115	100	44	5	4	3	38	66	110	113	80	34	49	89	52	111	46	77	27	33	56	20	66	60	90	101	98	56	62	25	34	117	29	23	90	106	71	83	65	42	25	6	77	4	73	69	73	58	12	62	1	90	15	92	3	61	33	47
50	44	55	18	28	90	82	108	106	46	71	19	36	35	0	104	17	76	9	23	53	91	105	116	57	84	73	70	86	83	69	114	92	7	82	1	22	76	106	9	42	13	68	9	48	3	94	99	26	46	103	24	105	55	111	1	17	31	48	13	102	98	108	57	66	16	16	28	56	45	38	99	30	25	103	79	75	38	17	84	82	68	41	73	54	74	57	74	105	77	112	100	15	56	42	65	53	112	55	1
7	81	51	83	7	48	57	44	93	105	5	61	16	1	73	0	104	108	68	8	79	35	60	57	42	66	26	36	54	52	83	15	113	104	51	23	108	3	62	55	18	55	108	14	25	111	93	32	80	37	37	54	13	87	77	67	37	109	18	82	82	82	77	32	104	27	90	68	43	73	101	20	102	47	24	15	52	80	22	65	33	98	80	16	66	92	59	56	110	116	97	21	42	30	116	111	43	68	50	115
99	65	101	18	71	90	9	20	80	99	73	1	32	87	98	90	0	11	36	1	97	104	59	44	48	9	98	43	46	104	7	86	102	89	117	40	90	89	103	92	81	54	30	83	111	53	117	7	29	93	27	70	94	10	21	50	8	82	52	81	73	69	54	6	88	89	37	87	100	68	26	49	102	49	62	81	113	90	60	88	95	2	77	3	44	116	12	5	62	72	40	34	104	22	66	1	92	10	11	44
7	54	28	67	65	75	24	51	59	62	96	102	35	59	71	116	4	0	91	52	87	26	42	80	89	34	5	100	93	66	66	87	53	48	84	53	107	43	18	98	28	64	58	1	2	111	42	34	51	13	2	60	13	49	94	45	7	41	42	88	63	95	32	72	49	36	17	59	11	12	96	116	53	45	75	53	89	74	58	3	89	98	107	15	41	49	28	62	8	68	101	35	72	115	43	29	42	7	12	116
42	87	111	31	50	108	4	94	86	86	20	104	63	70	109	59	72	16	0	20	53	2	31	94	33	32	116	47	79	80	22	90	48	98	102	28	80	101	1	27	33	81	99	84	14	94	22	94	68	34	35	7	37	76	87	92	1	60	33	112	92	37	112	31	104	94	4	93	82	29	98	4	45	41	24	47	9	76	111	2	83	88	46	30	35	34	57	112	100	51	78	44	15	57	55	41	94	3	61	33
20	43	11	97	68	29	27	39	97	15	10	100	5	92	62	59	93	97	77	0	14	13	18	94	115	37	100	41	34	61	113	29	75	29	38	43	27	31	7	25	51	47	71	107	28	32	76	96	86	65	4	50	102	100	100	89	117	73	102	103	52	108	110	26	33	85	28	89	45	40	74	67	92	74	44	5	19	25	24	106	114	6	70	2	11	56	60	46	11	82	72	93	104	71	102	21	112	98	57	50
97	1	34	23	90	35	89	39	59	46	27	56	106	85	66	15	3	56	87	52	0	78	22	45	4	44	94	86	71	88	15	47	117	104	38	28	66	79	97	3	56	10	2	28	86	59	64	26	16	33	21	1	12	70	94	45	11	109	95	8	116	95	52	82	90	8	99	19	29	101	48	18	72	20	117	81	29	16	70	113	60	70	32	116	45	104	115	94	5	38	9	80	76	37	111	75	49	39	38	111
87	8	18	84	95	53	112	63	44	3	95	21	109	36	98	99	12	1	31	106	26	0	56	99	67	102	39	69	2	62	41	22	80	32	100	33	72	85	53	23	60	85	75	48	96	25	33	113	111	104	23	102	37	80	5	103	37	31	57	74	109	82	97	29	15	5	35	106	66	106	81	27	57	54	101	7	44	66	43	102	94	15	53	8	93	51	94	39	74	81	46	45	65	46	117	86	114	58	83	116
23	80	76	89	42	55	9	78	58	68	95	58	55	92	21	96	73	45	64	82	84	8	0	1	18	114	60	66	5	83	95	35	66	46	46	18	40	93	107	43	108	11	15	116	86	2	94	83	109	77	33	67	14	49	51	9	25	30	39	53	6	45	39	87	57	63	10	94	32	37	13	92	33	68	77	81	68	68	20	78	67	58	7	73	60	93	12	87	39	12	96	50	14	65	17	81	53	70	28	57
53	113	65	15	117	101	112	66	79	6	21	94	114	73	80	82	50	1	58	20	85	37	22	0	65	70	61	7	112	21	10	64	4	65	12	81	63	12	54	91	65	74	116	29	48	22	9	73	41	34	62	104	29	45	82	48	67	76	31	30	111	12	57	110	47	61	25	104	5	13	55	62	30	82	75	116	31	45	49	115	89	45	18	67	50	99	79	57	39	28	38	73	26	18	53	17	37	18	30	70
70	26	102	111	87	116	40	39	96	61	25	4	22	67	61	8	87	10	112	38	67	84	112	80	0	2	90	71	78	65	24	89	106	41	110	107	60	99	106	113	61	32	17	36	37	64	83	82	11	53	2	57	77	84	59	93	104	49	70	68	10	103	63	14	18	57	13	81	62	62	23	58	35	82	12	79	108	95	62	116	23	89	53	89	4	111	74	39	51	52	62	46	97	37	35	93	57	111	76	81
96	104	64	72	30	16	61	117	88	78	71	54	6	72	38	82	117	29	83	67	44	58	32	99	50	0	108	105	58	97	44	108	32	31	95	72	6	100	113	59	16	107	3	83	39	32	92	9	48	42	19	111	102	113	27	51	74	109	4	49	91	77	67	16	94	13	21	52	14	109	101	9	57	43	69	107	113	50	80	60	48	8	36	106	84	21	48	20	24	82	66	22	93	109	24	36	60	49	78	14
34	72	3	65	69	71	32	79	64	115	75	7	82	58	114	39	7	108	86	13	35	12	55	62	53	3	0	28	11	56	45	6	46	65	106	97	2	85	116	64	10	90	59	61	8	102	91	34	22	87	61	84	100	25	32	28	67	115	107	73	41	98	21	24	6	71	74	15	44	35	32	24	99	117	117	7	103	42	55	14	30	15	61	3	80	99	47	63	52	36	61	99	81	101	18	100	65	20	65	15
64	31	14	41	36	93	23	85	88	65	34	11	61	59	75	19	51	91	99	40	110	92	67	31	116	71	107	0	48	63	73	43	109	66	14	61	93	117	98	115	100	68	1	4	31	117	42	7	13	63	52	112	45	5	60	72	5	25	12	99	45	100	53	39	42	30	51	116	90	56	102	24	110	75	96	100	62	66	7	18	28	85	99	114	34	86	52	3	56	57	73	105	12	3	106	79	109	83	108	84
93	9	57	35	5	33	7	15	117	117	109	58	72	24	11	15	80	21	99	38	107	92	56	47	5	32	98	54	0	43	80	49	22	15	77	20	44	87	32	21	57	78	104	2	44	55	107	5	10	81	110	52	97	47	107	41	93	10	6	68	77	100	48	64	44	76	90	73	62	90	101	97	18	115	33	42	67	77	48	5	24	27	79	62	23	26	94	97	113	78	101	36	104	11	15	77	94	94	26	103
30	20	50	54	32	58	95	104	64	85	77	43	57	6	93	3	108	64	2	16	53	52	106	107	84	43	92	113	6	0	98	14	33	115	72	7	42	29	95	104	32	102	52	99	60	19	34	95	67	28	49	11	83	98	61	54	12	75	47	4	90	56	79	40	50	8	78	11	81	89	22	77	100	28	27	115	46	101	115	65	113	51	28	89	45	100	75	40	22	64	100	56	113	97	81	76	30	67	86	3
64	34	78	17	25	3	93	98	21	9	102	61	26	93	64	41	107	97	109	110	35	3	43	17	13	76	77	30	82	101	0	59	17	20	87	12	12	19	105	105	24	117	97	72	64	3	114	57	26	9	73	66	36	31	5	97	41	80	42	107	73	51	16	42	100	62	6	105	111	57	21	93	7	82	100	61	7	51	53	60	12	47	15	51	16	46	27	10	30	77	55	74	40	2	97	94	46	30	37	23
89	105	94	102	30	45	6	9	107	12	104	45	21	15	89	26	6	68	69	115	28	75	32	48	6	115	71	114	33	89	28	0	33	34	38	48	98	79	14	98	69	1	57	95	100	29	66	46	34	25	72	55	21	41	112	83	65	42	44	72	73	108	28	67	79	54	37	83	66	75	59	15	68	62	23	28	39	99	10	105	26	114	70	15	112	66	91	80	23	107	27	29	107	23	52	60	98	5	91	81
19	18	27	37	43	2	109	38	39	56	38	17	3	53	88	60	8	1	76	35	45	73	107	74	64	114	32	73	100	43	70	100	0	105	15	29	7	11	62	26	98	74	112	46	97	62	86	14	23	43	1	65	84	54	100	17	105	77	110	108	64	68	29	111	96	5	112	108	59	49	36	65	95	104	67	66	62	86	36	110	85	71	73	95	14	3	82	108	110	82	17	38	92	33	68	54	108	52	12	97
2	73	96	1	72	41	12	74	94	114	97	100	14	23	92	67	68	62	12	23	2	108	107	26	28	102	66	87	93	77	115	75	91	0	78	44	117	25	76	44	80	46	53	101	84	86	58	57	44	100	108	44	77	57	93	24	47	52	92	60	114	12	61	19	25	34	21	113	75	32	32	92	9	48	62	66	13	15	24	66	13	2	21	98	53	52	6	29	67	81	16	6	52	100	109	40	103	106	96	108
87	102	76	39	53	22	35	71	59	60	18	94	91	63	117	24	42	51	37	55	44	20	100	27	92	65	70	44	91	70	63	43	14	27	0	112	21	62	53	44	53	32	65	101	32	36	7	15	53	96	92	109	97	62	90	88	89	59	9	16	112	81	60	65	14	68	7	84	114	91	38	42	106	35	21	112	59	74	21	41	110	52	62	55	34	33	71	7	58	49	108	36	78	52	40	2	17	7	27	61
76	46	37	12	103	80	60	113	45	31	54	36	75	5	91	25	106	16	77	22	57	112	4	57	14	24	81	83	60	104	114	81	47	22	9	0	43	1	46	6	56	22	101	100	28	18	83	88	37	50	108	99	25	114	46	70	107	80	17	47	82	94	34	20	58	88	56	70	110	67	1	48	1	56	52	35	117	32	64	6	81	15	19	110	18	51	112	84	78	82	86	90	45	93	29	91	110	84	37	91
101	59	15	68	63	36	15	77	21	88	21	10	64	61	83	75	100	90	90	15	31	42	37	63	51	67	5	25	106	59	38	27	66	68	14	20	0	68	110	9	52	71	49	110	16	109	31	100	3	46	54	75	27	7	58	117	62	58	55	2	57	17	60	73	64	31	54	115	115	51	27	93	65	16	88	98	52	18	89	30	47	71	115	78	41	55	61	93	49	50	53	3	97	117	13	49	116	77	47	31
51	51	34	16	77	91	28	14	86	24	45	78	114	86	38	95	38	94	73	9	27	78	101	8	48	56	26	54	102	26	111	2	80	74	114	59	60	0	24	67	11	110	17	105	9	39	41	105	91	83	40	31	104	8	77	94	76	24	29	94	110	15	61	39	48	3	87	114	107	66	43	35	62	53	2	5	90	24	93	95	46	98	70	18	41	114	116	86	75	28	25	53	56	6	31	89	94	62	17	64
81	80	87	18	14	5	105	34	74	6	37	32	73	88	106	97	32	33	82	56	7	65	33	97	50	63	13	6	21	112	45	26	112	12	79	73	13	41	0	52	7	12	5	22	108	113	25	85	107	74	105	46	99	100	63	66	16	45	4	7	64	4	43	46	103	75	99	24	9	26	114	89	50	58	18	107	20	104	93	18	29	47	86	14	41	76	44	79	40	95	63	53	15	20	37	67	90	21	28	111
90	11	27	32	22	6	4	33	102	62	72	74	52	76	50	72	59	92	72	41	5	95	82	91	67	55	56	89	47	22	58	61	41	115	46	84	91	78	35	0	42	56	46	94	36	42	48	65	69	111	36	91	1	32	97	8	37	84	60	106	6	16	10	4	98	25	80	54	61	89	47	46	39	67	29	66	39	24	95	56	114	29	87	21	22	36	116	74	32	7	105	9	27	87	73	6	8	101	59	82
59	59	28	20	75	32	44	4	27	69	16	30	14	70	76	46	20	63	49	26	79	39	94	98	113	50	91	117	27	91	28	60	110	98	63	79	61	13	24	34	0	97	3	91	74	47	8	67	20	42	34	56	19	47	105	41	32	45	35	46	84	87	13	20	11	82	27	32	62	44	101	100	20	105	106	42	18	43	76	19	12	15	23	25	23	74	20	112	78	9	84	44	97	25	2	38	107	58	81	67
111	60	24	109	23	115	85	116	73	46	43	56	10	41	11	37	90	46	38	54	24	80	62	40	25	107	100	92	19	106	59	30	56	78	18	5	80	101	12	46	87	0	83	24	37	7	89	79	6	30	19	50	51	65	6	44	103	50	14	31	38	50	105	30	88	43	34	19	29	56	22	116	112	55	97	93	60	81	3	106	4	27	58	31	79	114	4	113	76	10	101	90	29	115	71	5	81	15	64	84
25	100	28	59	52	41	84	25	47	103	70	8	52	81	16	55	30	44	80	83	33	11	110	106	109	108	111	20	16	97	26	73	64	29	27	78	45	65	70	62	55	100	0	110	45	36	3	80	20	97	2	63	98	29	29	87	45	15	84	114	7	52	82	38	73	111	116	61	90	66	99	58	74	77	12	22	91	39	82	51	108	41	63	33	18	76	84	87	74	58	17	9	75	101	87	47	94	1	113	101
18	28	60	95	8	69	109	27	105	17	42	68	14	1	4	84	68	91	2	71	88	2	83	76	22	27	41	81	93	59	44	60	103	33	89	96	25	80	64	5	53	25	45	0	106	56	87	70	60	37	72	12	65	91	42	24	90	15	29	105	81	38	33	29	27	31	10	65	29	53	56	6	113	103	104	56	73	48	60	58	49	88	116	1	105	95	31	71	78	110	46	47	107	34	94	85	22	18	24	62
56	112	61	42	35	98	72	76	101	42	27	56	110	22	24	108	108	73	26	28	69	87	42	11	5	30	15	27	89	24	71	39	39	65	27	39	73	52	76	8	98	2	18	81	0	67	106	65	117	30	90	96	7	82	85	107	34	109	88	85	90	103	60	102	41	9	4	25	39	37	77	65	16	62	76	13	10	27	62	112	17	78	52	50	64	39	23	114	18	66	69	62	17	28	84	32	95	15	61	10
46	17	99	75	77	100	61	67	18	2	93	103	104	38	52	103	88	5	40	60	52	97	93	55	21	21	111	68	85	85	7	60	9	98	68	94	5	79	32	36	55	68	8	33	84	0	38	67	59	112	112	111	90	31	29	72	41	10	6	36	85	85	6	16	30	81	55	12	73	106	75	34	74	63	44	16	45	57	108	88	89	99	31	14	5	7	60	49	59	68	39	19	54	85	58	54	88	106	113	116
69	29	21	48	44	69	9	17	116	42	18	36	26	64	52	36	89	110	19	1	73	7	29	10	12	52	4	3	4	44	108	61	96	14	100	47	82	102	80	23	85	114	2	67	52	56	0	30	4	75	69	81	95	36	11	111	57	51	59	115	96	28	72	79	112	58	47	46	28	43	73	105	72	73	17	50	60	3	59	99	50	24	44	108	83	60	84	97	79	34	9	3	43	49	10	38	46	114	96	75
1	74	45	55	108	88	107	108	36	42	41	34	102	13	25	37	108	67	115	113	66	57	51	33	41	39	15	8	95	23	52	51	49	67	105	25	79	80	15	5	105	46	89	83	16	67	52	0	28	33	13	19	89	46	23	61	104	106	6	52	10	100	59	59	75	44	50	87	94	83	50	70	10	23	66	94	28	91	13	93	87	77	20	89	79	92	15	42	86	21	111	35	21	116	69	46	8	7	94	4
104	117	53	2	110	111	24	37	36	38	58	28	42	26	50	23	29	56	10	102	26	52	92	104	78	74	87	77	7	14	53	98	59	11	11	4	104	105	35	37	67	30	63	109	68	75	91	65	0	72	110	60	57	50	63	67	89	27	97	76	1	40	105	105	91	114	79	83	104	60	46	65	5	15	91	69	2	43	53	90	89	93	84	30	94	112	109	95	55	88	111	41	79	16	69	12	76	58	98	5
44	62	13	114	107	104	37	89	59	81	83	77	111	65	60	100	66	28	75	98	54	37	101	19	94	94	117	25	21	89	89	15	116	15	64	75	39	20	41	92	84	90	44	111	39	8	8	76	36	0	50	116	30	100	39	23	43	58	65	15	60	80	94	18	20	37	76	46	87	58	112	3	53	16	98	111	46	87	99	98	13	8	43	105	14	104	106	87	48	53	87	34	99	15	77	54	8	111	40	2
100	29	43	80	30	67	16	56	92	75	20	57	90	85	24	69	73	73	46	88	44	57	16	5	27	17	58	83	22	19	11	71	8	95	89	98	48	113	115	36	64	117	10	110	74	41	117	19	71	28	0	11	100	45	9	50	72	110	111	107	102	106	113	18	70	114	113	27	51	4	39	67	29	33	72	32	69	43	43	98	27	105	43	61	68	109	108	69	17	51	4	26	38	42	78	26	24	117	40	24
79	110	39	30	44	85	44	3	93	108	47	34	42	89	9	2	32	89	10	64	9	24	68	70	59	9	88	90	105	85	21	4	73	41	110	31	112	116	27	79	18	62	87	111	75	85	69	56	30	44	53	0	65	50	104	37	117	103	84	74	72	61	78	83	84	8	49	97	15	76	83	109	114	108	74	107	57	77	14	93	29	4	76	20	42	42	34	106	71	97	3	32	116	15	7	95	106	101	12	63
68	26	13	1	60	116	48	34	89	5	41	113	100	80	3	55	96	34	71	25	102	74	61	35	52	49	77	31	95	6	1	109	42	7	42	35	22	75	108	16	3	27	48	36	16	105	110	77	78	94	56	33	0	57	67	81	33	18	79	106	97	113	65	20	42	73	71	21	42	5	29	88	8	116	110	68	15	94	51	80	59	94	95	104	79	27	1	74	93	34	7	92	44	69	44	3	28	62	98	76
24	80	106	90	5	103	114	6	34	59	55	106	6	30	62	76	26	74	95	52	96	15	72	13	36	47	87	41	16	79	103	91	20	79	13	65	24	112	2	7	105	26	53	6	89	56	77	69	106	16	3	16	74	0	36	83	57	39	38	22	72	70	92	115	8	70	3	60	33	34	15	60	23	25	78	31	71	28	15	44	26	47	57	92	38	103	42	11	4	79	13	31	74	102	103	100	25	89	80	116
14	5	90	56	75	92	112	5	48	81	95	45	74	35	2	39	11	116	93	1	14	75	63	47	44	113	34	1	117	70	79	8	4	31	95	58	90	93	4	81	93	101	72	55	96	6	117	116	3	86	37	2	46	112	0	31	79	31	83	6	50	91	3	89	14	45	16	38	100	68	113	64	117	79	36	42	33	111	45	56	66	19	11	25	35	34	42	83	71	19	74	55	87	39	53	1	110	25	26	13
77	74	106	11	77	113	25	22	12	23	115	25	69	102	95	96	103	32	85	13	72	55	33	42	6	40	45	12	102	106	64	116	58	5	5	5	30	95	39	95	26	78	84	80	113	35	41	49	49	70	43	57	5	75	112	0	3	56	31	56	49	21	7	100	72	26	36	55	116	2	4	101	61	30	22	70	72	29	99	97	71	12	54	42	55	17	5	43	45	46	58	19	19	24	53	48	98	49	66	66
110	95	60	5	109	69	108	90	78	86	71	10	21	80	102	115	82	60	53	114	37	84	64	55	65	25	25	108	50	67	59	72	81	88	58	88	49	90	52	8	37	52	80	82	41	24	31	75	79	84	24	6	14	80	83	7	0	74	35	13	54	81	63	47	30	33	75	34	93	13	13	14	85	71	47	81	110	93	81	89	34	4	66	96	113	113	48	78	111	110	81	41	50	35	106	55	90	117	53	24
95	99	95	44	111	53	38	106	88	18	113	90	10	85	64	53	37	91	7	100	11	44	86	82	16	25	98	103	71	82	19	79	23	68	83	53	39	84	104	80	27	12	111	105	30	13	4	106	100	82	29	79	32	17	40	3	89	0	50	36	43	7	56	56	51	7	117	26	18	22	71	82	114	97	40	18	37	6	11	33	91	113	29	9	58	79	117	57	99	2	97	72	102	59	33	6	24	42	47	9
12	55	57	78	110	100	64	41	102	80	111	111	14	10	73	76	97	48	44	18	80	1	102	85	49	106	94	113	38	22	25	47	91	2	84	92	40	49	44	93	35	21	10	62	36	36	53	80	54	42	36	70	44	91	117	34	75	101	0	20	39	90	10	85	75	63	88	49	49	38	32	117	49	20	78	65	68	29	37	42	100	61	30	68	111	117	31	63	5	60	71	84	19	54	73	1	116	20	3	20
23	61	22	67	73	27	20	11	81	117	58	34	55	105	81	10	68	98	72	100	35	38	3	109	18	32	61	11	33	115	49	56	14	52	51	49	29	20	20	31	84	93	116	49	64	61	17	46	54	50	83	41	49	111	4	4	112	78	22	0	73	20	104	104	89	55	42	38	23	85	66	94	7	95	65	62	58	16	37	90	28	37	24	38	77	41	68	31	88	51	54	16	94	59	75	3	54	5	19	81
72	89	75	112	103	31	56	58	22	28	19	83	76	4	98	50	76	7	80	20	43	75	82	54	90	15	111	104	92	70	49	73	26	85	98	57	77	31	15	51	95	3	117	102	74	102	23	36	1	33	32	69	52	44	26	10	101	53	97	50	0	66	65	43	45	55	115	104	58	39	80	84	38	105	48	20	42	83	112	104	64	29	26	108	1	11	117	15	39	12	45	116	76	55	6	76	104	72	27	55
75	52	4	111	59	15	29	72	15	98	100	24	8	116	103	68	22	104	6	44	34	67	94	5	39	73	72	15	36	106	22	109	115	115	36	76	88	36	77	70	24	100	17	15	72	86	35	48	50	30	66	20	99	80	98	67	22	52	10	105	15	0	46	69	55	23	112	39	40	68	71	46	29	28	105	70	109	84	87	72	89	80	86	100	67	55	27	114	40	41	64	38	117	113	50	72	24	51	47	26
85	53	40	108	107	49	98	48	100	73	74	96	43	20	88	103	1	19	76	89	57	67	9	20	92	41	25	52	17	73	68	107	99	114	75	99	11	6	37	2	44	59	26	109	83	81	57	97	69	112	15	23	59	12	33	96	14	100	20	53	25	50	0	65	87	109	40	67	42	70	114	44	36	53	86	114	2	7	63	77	17	98	6	59	112	66	13	90	41	47	13	66	7	112	13	24	24	117	101	116
60	109	47	100	82	86	47	106	23	25	85	61	23	42	15	107	69	76	53	67	101	27	86	74	111	117	77	94	72	75	47	14	107	55	26	66	52	50	104	101	8	69	64	3	80	40	76	4	22	19	76	21	79	28	20	50	52	62	59	23	95	36	106	0	73	52	82	19	107	29	94	23	75	53	4	76	49	65	21	16	34	52	97	100	17	84	60	80	114	117	2	40	24	33	99	70	103	21	86	32
56	97	92	29	73	3	49	1	111	24	61	41	11	70	53	75	89	102	93	69	114	74	68	82	76	78	12	14	115	84	38	2	30	38	77	44	71	28	92	79	2	106	74	9	2	50	11	35	84	24	3	60	32	103	98	76	109	50	47	31	26	111	5	4	0	6	71	89	67	69	11	24	25	96	47	10	50	108	34	89	19	60	111	60	90	46	73	53	1	101	61	97	107	97	117	25	68	45	81	26
28	106	72	36	13	33	94	92	101	7	108	29	75	11	54	93	57	26	59	61	86	56	92	5	17	79	82	44	29	19	54	52	102	88	57	21	37	14	8	52	110	8	90	78	75	17	14	8	24	26	58	110	115	2	60	39	91	89	46	79	51	117	91	42	101	0	63	10	64	60	86	37	27	23	115	25	76	65	48	98	29	80	88	61	41	112	67	69	110	72	7	78	21	20	94	4	54	109	107	48
27	46	106	7	87	45	41	21	51	93	31	104	59	88	110	41	79	26	39	75	4	10	117	66	108	90	54	62	70	107	99	113	70	115	66	9	41	52	33	36	17	77	94	79	11	89	20	84	105	55	52	103	68	116	115	98	31	116	106	19	52	103	55	84	61	90	0	12	61	5	78	92	45	10	27	11	60	31	33	48	49	68	23	11	7	98	21	95	34	69	87	27	45	19	102	6	36	43	32	70
67	3	25	109	81	116	20	84	30	24	25	37	36	46	38	55	109	58	100	108	58	55	50	55	117	13	68	47	98	115	104	57	37	41	15	80	37	78	45	112	38	7	41	70	52	98	32	82	74	26	48	83	47	21	81	116	8	53	106	71	99	36	26	92	13	25	71	0	58	106	105	53	87	48	92	90	53	96	35	110	60	114	117	112	70	99	59	7	52	2	38	64	107	8	67	91	106	21	26	78
93	93	82	111	15	15	87	12	105	12	111	48	117	46	82	27	71	49	80	84	66	24	100	39	95	78	16	34	90	14	92	69	21	79	93	11	39	88	12	84	88	43	3	3	80	105	58	43	59	41	111	90	102	64	108	10	69	100	103	6	110	30	44	44	14	94	73	79	0	72	80	7	116	97	11	12	67	12	75	85	21	117	104	93	7	48	7	67	96	16	41	97	85	38	4	84	113	54	68	34
81	108	104	94	8	104	111	76	4	115	99	86	92	26	39	39	36	117	52	70	67	110	102	83	45	32	8	115	16	67	3	18	4	38	107	103	78	112	21	36	93	54	65	52	67	89	48	12	116	83	79	27	39	56	64	107	26	25	73	26	97	42	21	43	17	54	16	85	115	0	98	83	32	114	34	32	16	59	82	20	69	5	71	77	55	93	65	69	104	77	68	44	35	51	8	113	36	106	83	96
5	53	37	69	85	112	36	78	54	18	2	19	13	104	56	5	20	67	4	12	34	109	58	66	42	94	90	61	1	93	13	13	85	57	52	76	59	4	51	27	114	56	70	64	68	36	56	113	7	87	51	73	115	7	3	42	19	42	9	88	47	116	59	11	69	90	27	42	34	90	0	57	105	105	86	107	48	32	1	1	61	88	76	63	55	70	35	98	20	55	22	64	44	8	99	30	45	3	62	89
26	53	95	77	11	81	9	73	76	111	105	26	45	102	30	21	98	86	45	52	106	107	33	97	59	41	78	79	18	37	30	8	99	105	94	109	67	6	108	92	36	53	92	16	76	13	112	24	116	16	71	13	17	23	72	50	23	8	93	48	115	66	75	19	66	50	33	112	57	99	75	0	60	19	42	28	70	23	51	78	24	116	66	92	39	64	3	1	1	79	39	47	36	38	73	115	21	71	52	83
12	27	43	56	75	45	57	29	83	110	86	101	99	100	50	25	103	19	34	107	91	102	11	8	112	111	41	104	8	59	89	73	64	18	85	25	71	55	75	96	51	80	36	79	2	106	60	90	15	99	4	22	72	71	22	85	30	88	105	100	85	35	83	27	63	33	3	39	94	29	77	67	0	96	47	7	30	12	74	81	12	24	46	34	24	77	84	3	98	73	111	105	88	42	25	43	39	41	58	54
75	82	83	84	117	48	101	28	41	50	77	94	38	84	38	96	52	82	66	18	94	15	57	93	52	117	35	82	81	64	57	99	84	20	35	79	87	83	83	87	3	112	68	28	95	52	11	19	43	64	37	92	80	100	56	89	65	103	48	6	86	67	116	83	78	45	113	62	19	64	78	46	35	0	36	57	106	92	4	16	8	91	34	100	7	94	32	81	98	100	49	8	65	54	93	22	72	72	116	22
14	28	63	43	88	20	86	13	94	78	88	47	46	106	98	102	116	43	57	90	116	34	83	104	18	29	22	88	44	40	53	59	116	26	50	106	55	72	102	77	63	34	35	4	43	75	18	37	85	51	8	109	73	105	47	24	46	47	117	19	56	82	38	104	108	65	64	93	99	22	55	113	77	108	0	31	80	42	51	55	27	102	80	70	111	114	54	102	51	91	47	33	75	87	117	48	95	33	92	68
116	5	20	41	60	69	6	102	108	44	91	59	2	1	55	62	91	51	50	95	106	73	109	64	30	23	100	38	39	36	21	91	97	46	52	30	110	33	85	6	78	75	54	10	109	64	85	100	12	79	38	7	27	59	25	109	33	1	58	113	104	1	79	11	63	108	95	2	7	8	38	46	97	104	115	0	28	7	95	33	12	107	22	94	93	23	34	76	67	92	7	57	86	83	101	2	25	24	76	5
51	63	68	66	11	58	117	24	10	41	13	41	72	81	99	104	50	59	112	53	103	17	27	30	105	30	109	115	41	102	41	104	38	12	47	115	21	57	8	71	41	34	46	107	63	54	33	66	102	31	107	117	62	65	30	48	64	42	54	82	84	83	26	9	102	55	31	67	57	77	7	22	113	114	105	109	0	81	16	25	97	80	104	73	32	42	28	78	97	67	23	43	8	21	19	12	59	36	17	89
53	45	17	63	42	69	49	116	9	85	73	85	14	67	42	102	22	26	8	79	97	81	45	52	95	115	95	1	110	71	111	64	3	54	13	104	52	72	98	94	110	113	77	112	38	109	92	99	62	9	35	57	116	91	11	85	70	43	28	12	36	34	65	49	96	18	38	64	97	24	114	108	25	82	78	26	32	0	56	54	6	53	41	42	20	40	8	33	86	98	54	2	13	65	114	67	79	117	10	6
32	107	84	96	52	114	39	17	7	74	57	72	81	31	40	76	87	50	58	77	44	83	94	61	116	74	103	67	31	52	87	75	64	4	117	75	105	115	114	100	61	29	37	101	97	54	96	98	89	110	86	96	109	108	54	67	39	86	103	89	36	97	84	24	10	59	76	90	48	103	61	29	97	59	29	100	80	25	0	30	57	63	89	54	2	50	62	51	64	95	72	9	101	98	41	89	71	12	6	112
69	26	96	79	100	41	79	81	2	94	21	94	52	58	31	97	28	92	60	114	77	84	89	38	47	11	37	115	57	44	62	27	84	97	49	49	79	87	79	34	77	68	4	108	113	6	29	12	52	48	77	32	34	46	110	104	35	107	34	13	3	86	110	107	37	79	101	48	35	18	52	67	101	49	70	88	59	70	29	0	71	29	31	20	107	28	2	14	111	116	111	115	88	79	20	49	25	8	16	111
93	70	79	54	87	74	4	85	111	93	86	8	110	87	70	78	57	115	3	69	89	38	8	21	63	4	94	60	47	88	111	82	71	96	20	48	101	102	15	82	71	7	20	66	69	91	39	91	117	36	50	65	113	55	22	99	94	13	59	1	79	70	29	15	91	21	116	112	66	60	8	111	112	78	18	59	80	62	2	59	0	89	41	39	68	86	21	117	43	11	93	58	74	112	30	2	81	105	76	11
13	76	94	36	108	104	17	85	112	54	18	96	91	14	40	50	1	24	55	67	61	7	88	35	89	11	27	41	36	35	83	16	94	8	63	92	47	5	45	53	62	76	24	4	49	69	106	28	52	37	33	96	110	49	103	30	45	60	60	64	84	59	34	116	44	100	11	26	48	76	40	13	59	73	92	53	100	86	43	31	78	0	103	45	20	106	53	90	24	82	50	112	29	94	7	117	39	109	100	41
9	27	73	35	17	95	84	62	35	39	93	46	4	48	70	99	11	24	13	117	54	38	98	3	103	43	4	47	11	25	96	103	35	90	20	46	36	115	95	18	60	18	18	76	30	27	51	55	39	89	17	38	92	15	104	25	91	93	89	74	92	71	102	102	44	22	59	66	56	102	26	70	16	63	97	4	80	9	36	100	97	30	0	57	91	59	13	4	36	101	17	94	32	32	57	22	8	47	108	47
34	58	11	12	61	99	12	108	58	72	29	96	22	105	64	18	78	37	14	110	1	40	97	109	18	38	84	105	80	52	52	85	56	92	28	61	22	22	107	34	112	81	46	62	100	99	114	108	19	33	90	107	73	102	105	51	77	87	3	100	113	112	14	93	38	64	2	52	77	64	70	56	1	81	87	61	109	38	91	9	78	56	3	0	8	54	15	4	65	78	52	86	83	83	69	111	24	95	2	108
41	103	102	74	35	12	18	43	43	106	22	72	55	17	4	57	52	12	53	58	26	26	9	85	41	81	89	99	27	17	93	115	29	29	19	27	10	32	6	95	6	16	9	78	89	20	42	78	68	20	6	32	36	1	98	89	65	27	9	70	60	89	48	105	46	114	23	82	76	84	35	76	25	103	9	38	13	107	39	34	69	109	88	24	0	62	112	16	22	13	58	17	22	35	115	28	7	1	86	9
22	1	50	12	93	95	64	22	81	46	74	35	88	39	4	8	64	92	47	25	58	72	111	52	76	49	77	13	57	17	103	106	54	79	19	84	65	23	110	101	65	94	39	96	86	77	75	12	91	12	2	31	8	104	34	44	86	22	80	69	83	50	66	102	100	92	110	12	117	85	16	50	106	25	58	66	14	109	31	109	53	47	48	18	83	0	92	89	38	53	7	10	16	31	32	96	87	106	17	112
35	14	11	18	19	21	11	26	45	117	86	115	104	84	82	19	54	2	99	46	55	78	82	72	60	75	82	92	53	70	19	60	73	51	55	7	96	35	95	81	67	68	73	67	64	56	111	38	36	12	107	100	44	54	38	94	74	65	31	85	50	73	106	44	51	102	8	94	3	115	60	6	62	76	18	111	35	101	57	99	94	26	80	96	18	53	0	44	96	13	59	64	74	94	76	116	33	93	51	17
20	84	47	43	76	96	12	59	3	97	52	20	34	107	73	52	29	53	14	17	17	25	2	31	36	25	8	86	8	91	96	87	38	25	18	84	47	97	14	4	100	22	88	113	55	49	84	77	27	29	77	34	110	57	85	107	39	47	84	72	94	86	78	29	52	15	65	104	93	4	62	91	22	74	99	25	49	114	111	37	40	12	46	60	58	114	18	0	56	95	38	72	20	27	111	15	57	37	49	41
58	91	17	5	59	114	111	55	69	9	91	54	87	104	47	117	61	86	16	98	113	9	32	86	17	5	93	34	106	17	31	74	61	113	78	2	110	36	76	28	99	81	106	44	9	26	107	100	62	49	1	46	29	63	51	29	95	37	20	115	37	32	1	19	6	50	44	109	21	111	43	46	56	17	74	3	68	2	7	16	2	27	102	64	83	11	53	41	0	1	58	2	108	43	80	65	74	91	25	10
39	38	85	4	39	98	19	75	59	96	21	42	83	69	73	10	77	74	47	100	59	80	40	78	89	30	89	42	14	38	70	90	55	34	92	25	21	14	106	3	64	98	55	7	108	21	112	65	104	20	35	89	61	81	94	61	115	50	95	91	95	85	22	107	53	84	94	89	110	27	7	15	93	46	24	56	60	54	40	112	30	109	68	58	27	9	72	25	46	0	9	80	91	96	89	100	2	54	16	47
63	1	117	35	94	101	28	16	9	45	75	117	100	90	103	117	110	8	98	48	68	90	73	83	61	91	61	7	68	11	4	83	70	30	59	1	67	117	21	109	28	71	21	71	14	31	4	111	43	16	28	95	32	9	55	59	35	81	51	100	80	58	33	23	62	41	86	31	65	38	84	91	65	31	25	7	7	116	8	56	40	3	16	111	22	90	41	17	15	17	0	77	9	117	6	85	110	27	101	115
103	21	48	55	14	30	1	15	41	52	4	94	2	35	62	101	68	24	22	89	85	13	91	76	47	110	26	81	37	21	2	1	66	67	100	94	15	111	86	78	96	113	44	102	71	54	16	41	82	98	104	23	25	29	75	39	76	113	109	19	34	111	101	22	21	98	116	105	51	87	65	14	77	1	15	103	109	81	61	7	59	10	59	26	111	54	78	90	42	99	5	0	93	38	51	13	32	74	36	60
102	59	52	55	67	76	94	23	90	21	26	15	90	106	35	98	47	19	81	89	38	45	114	23	108	2	2	59	70	110	30	47	105	26	20	100	66	75	72	88	40	8	107	104	61	26	66	12	7	117	23	100	3	68	104	40	54	79	5	14	11	16	74	89	8	13	81	90	108	80	99	117	105	108	116	2	97	2	11	117	80	35	104	72	103	87	49	105	98	60	33	73	0	84	65	55	11	7	46	85
92	24	81	4	102	98	91	79	32	26	117	15	6	46	47	50	92	63	21	50	17	69	68	53	84	113	71	81	116	61	90	1	85	104	60	107	33	116	46	56	70	110	33	36	28	84	82	31	51	65	117	40	79	76	27	16	17	55	76	46	56	33	2	111	99	2	8	114	27	15	20	58	19	39	57	35	69	55	73	37	62	23	38	42	29	15	111	45	29	82	6	116	29	0	55	78	16	70	81	33
86	89	13	74	56	11	27	36	1	100	105	59	86	114	16	34	3	47	44	76	13	71	24	18	78	71	18	40	33	53	67	6	30	54	81	91	111	51	27	56	75	74	49	59	91	112	40	17	18	93	13	86	21	24	83	7	35	70	89	79	55	9	103	42	6	71	114	35	59	61	43	101	79	49	22	13	52	9	73	35	6	5	36	32	93	105	84	56	30	40	43	96	80	67	0	34	58	50	22	69
65	113	47	31	54	32	72	110	74	42	31	63	46	89	57	76	57	33	44	66	103	70	92	22	35	95	23	8	85	63	10	115	54	74	93	117	30	55	101	87	9	39	99	43	70	80	54	47	96	76	115	9	98	16	100	9	116	6	23	57	70	61	80	32	23	72	77	8	12	44	11	116	24	94	18	57	6	6	86	60	100	11	92	62	116	97	68	71	59	26	100	17	32	29	107	0	19	106	9	54
14	105	6	9	26	116	25	60	8	45	10	28	100	74	106	59	87	5	64	112	12	103	90	108	95	98	48	91	63	57	89	7	2	28	75	34	81	31	26	42	53	17	23	38	98	52	73	54	87	49	38	60	100	89	29	5	53	45	11	68	22	85	30	42	2	115	2	95	84	1	7	109	3	81	72	54	66	79	49	85	76	5	89	6	55	88	59	72	91	99	62	2	30	32	23	9	0	49	6	66
56	14	18	92	42	1	63	47	65	30	38	67	50	43	62	29	26	36	64	40	17	15	108	27	30	113	29	76	45	23	57	23	79	2	36	116	102	45	12	97	95	25	22	112	65	109	55	80	85	69	76	73	11	52	105	23	30	39	48	17	63	50	94	86	87	18	48	15	109	49	15	61	62	106	100	80	64	77	76	23	40	54	115	109	40	57	14	76	86	19	34	103	92	52	16	58	29	0	114	26
96	108	64	4	1	51	57	76	43	11	48	28	14	58	82	10	4	14	44	105	3	102	73	77	76	15	57	43	76	113	36	28	94	116	74	72	104	13	83	104	78	84	50	108	60	65	67	40	87	95	71	5	114	41	113	36	69	6	89	86	44	68	61	63	57	11	63	77	64	76	96	26	75	1	51	107	98	52	35	91	74	71	45	1	43	5	38	81	50	9	15	86	23	23	50	17	107	35	0	98
52	57	106	10	88	34	31	95	89	113	5	6	84	106	66	27	83	7	96	76	58	7	62	93	68	62	86	96	31	98	116	38	117	10	86	98	68	26	89	113	91	79	100	104	95	65	63	46	29	27	11	49	106	42	97	110	26	3	80	111	5	87	29	52	116	41	58	47	36	24	83	115	7	55	71	85	92	98	66	102	113	16	79	73	25	21	23	43	46	99	67	24	30	78	31	18	47	56	56	0
