A	B	C	D	E	F	G	H	I	J	K	L	M	N	O	P	Q	R	S	T	U	V	W	X	Y	Z	AA	AB	AC	AD	AE	AF	AG	AH	AI	AJ	AK	AL	AM	AN	AO	AP	AQ	AR	AS	AT	AU	AV	AW	AX	AY	AZ	BA	BB	BC	BD	BE	BF	BG	BH	BI	BJ	BK	BL	BM	BN	BO	BP	BQ	BR	BS	BT	BU	BV	BW	BX	BY	BZ	CA	CB	CC	CD	CE	CF	CG	CH	CI	CJ	CK	CL	CM	CN	CO	CP	CQ	CR	CS	CT	CU	CV
0	612	687	249	565	529	761	577	222	619	652	485	313	737	263	267	362	456	705	178	255	330	395	477	409	605	448	63	316	57	336	733	396	743	468	187	473	208	210	536	472	135	135	233	2	723	545	343	32	757	141	358	476	623	434	635	548	349	561	2	1	218	160	641	246	230	562	593	206	422	489	443	470	492	662	483	23	315	576	760	339	207	125	490	329	355	754	566	308	250	212	669	605	751	708	548	20	366	337	718
240	0	580	121	562	410	232	727	453	761	11	657	334	761	83	634	51	584	117	449	124	81	432	535	36	21	713	511	432	528	308	588	353	588	328	47	361	145	757	33	527	741	539	644	233	664	455	308	733	582	4	249	512	80	280	490	581	356	713	162	507	151	717	182	311	177	274	157	338	2	748	93	555	715	419	387	590	749	549	596	383	585	559	213	163	433	50	149	506	68	578	385	621	420	459	359	142	696	263	728
266	493	0	174	134	88	254	373	676	632	504	311	411	141	365	48	665	660	639	636	304	211	123	524	567	53	494	415	587	540	141	5	717	653	83	696	378	742	241	263	127	201	47	110	432	396	633	183	28	562	548	626	101	91	302	536	472	111	716	424	368	484	427	738	406	655	586	368	419	749	10	54	424	612	170	446	64	165	671	331	373	366	630	162	337	356	728	711	72	203	208	298	391	328	3	120	720	611	280	469
20	647	755	0	363	109	139	80	27	280	268	325	398	569	226	599	710	274	505	561	120	198	334	128	610	71	65	70	738	605	620	39	300	577	157	760	575	171	53	509	333	659	308	514	434	183	426	518	444	483	462	209	683	664	349	43	371	592	152	749	698	578	271	648	470	73	86	742	516	751	462	290	712	379	244	103	363	469	60	582	524	327	694	91	414	261	344	625	223	89	350	688	110	331	215	415	207	186	493	89
611	129	354	480	0	42	34	617	5	474	114	239	486	538	268	442	158	685	631	535	7	140	401	42	509	16	153	633	578	446	375	493	229	717	277	51	408	504	287	391	287	652	468	265	403	742	80	449	79	336	353	734	747	77	25	245	460	434	640	151	20	510	604	532	142	115	676	48	634	10	147	570	597	215	742	300	695	61	275	189	604	741	31	440	114	158	694	331	477	167	715	172	297	739	173	745	237	496	662	48
371	81	565	239	365	0	581	393	341	171	1	413	295	241	217	576	78	221	116	697	173	139	497	662	702	743	600	423	562	741	701	468	243	657	413	445	65	763	400	260	629	391	567	181	558	389	94	163	702	360	244	136	749	45	513	62	573	399	757	636	586	671	530	229	475	249	536	456	271	420	546	236	288	334	174	759	216	158	247	548	686	161	572	61	194	21	314	582	357	327	84	679	181	10	506	212	60	260	291	118
742	623	525	453	460	669	0	141	290	116	651	683	317	686	543	690	593	731	186	707	642	407	180	446	112	711	716	291	738	139	639	548	74	642	279	110	24	268	476	479	187	74	228	350	27	435	506	656	449	159	621	448	296	99	363	592	147	63	240	705	730	717	31	374	676	206	671	577	727	144	24	33	557	3	25	748	126	567	388	105	457	579	697	234	140	542	322	493	489	749	501	80	294	358	651	282	491	644	486	76
391	494	252	115	745	539	260	0	542	518	598	9	520	151	465	756	661	170	87	524	75	190	497	45	456	594	589	66	364	186	4	183	150	424	595	171	563	255	689	658	403	45	646	655	458	728	382	381	709	489	93	280	378	96	185	626	725	331	334	676	637	636	614	683	308	613	56	79	85	454	133	746	64	636	611	696	60	19	586	681	216	144	30	500	682	231	692	437	516	327	309	654	508	452	1	129	680	759	409	610
143	342	722	687	681	93	546	637	0	86	233	353	186	535	482	152	610	234	623	672	159	727	24	370	255	457	420	394	722	704	535	639	633	626	341	516	716	343	208	248	603	62	471	260	209	365	319	211	154	82	567	47	661	711	337	472	298	335	20	580	741	459	656	694	27	274	241	655	590	532	50	380	377	535	404	102	762	318	453	607	646	309	742	668	555	584	228	552	22	442	337	525	510	99	193	5	105	424	293	520
61	558	275	372	624	149	58	112	569	0	2	232	242	31	77	147	696	15	540	355	624	256	677	313	646	176	202	642	263	274	556	703	726	262	377	105	281	501	163	396	683	676	446	571	147	442	590	465	384	421	668	642	475	173	84	578	725	126	51	752	194	529	129	513	207	355	737	86	598	65	216	132	63	718	677	351	230	420	479	702	526	137	462	92	407	578	645	39	414	583	450	428	715	726	467	217	59	211	753	148
138	82	623	176	564	515	245	740	54	229	0	738	152	486	460	86	86	307	663	687	714	492	305	370	216	403	494	751	284	288	739	639	757	354	438	573	35	729	88	426	155	293	297	449	463	308	577	554	138	272	396	622	664	147	197	421	618	730	91	644	498	348	661	58	221	612	261	488	41	479	280	36	301	388	120	612	595	326	683	325	629	310	410	502	733	223	339	3	374	707	376	242	559	591	616	370	186	583	316	535
704	638	240	652	570	6	255	393	661	113	748	0	114	687	647	313	671	735	459	760	62	270	542	377	344	617	367	476	302	115	673	434	390	130	684	685	400	735	421	47	225	733	596	367	469	124	286	136	29	129	292	223	647	759	474	417	36	453	645	345	68	33	381	113	570	182	743	378	403	119	290	712	305	105	340	442	319	74	341	649	373	117	241	739	112	291	573	618	645	376	501	517	74	494	685	667	668	644	2	719
702	513	713	610	483	55	753	759	16	469	166	269	0	656	438	571	658	73	355	416	464	622	529	344	135	148	343	378	371	4	545	54	644	431	587	455	88	564	74	127	435	87	622	123	241	82	434	410	275	471	13	615	756	522	184	684	4	290	184	593	246	31	7	639	735	143	420	759	602	565	359	522	353	378	307	14	677	416	273	741	758	291	194	436	300	323	762	279	339	260	520	190	220	80	377	97	458	80	500	224
15	198	386	367	514	619	234	545	184	399	490	292	255	0	416	304	559	355	215	624	698	434	127	413	65	672	134	611	637	49	419	436	409	107	208	322	564	747	759	640	301	650	365	549	369	18	253	528	538	489	692	637	672	655	412	689	224	750	312	584	748	465	630	658	33	378	651	698	402	586	249	84	157	40	295	396	87	275	297	547	71	361	596	751	343	676	664	750	368	413	491	372	330	649	286	459	235	71	327	349
570	320	111	674	475	375	119	754	325	100	538	226	762	475	0	112	624	717	33	99	469	572	179	735	560	723	61	721	160	751	397	592	431	403	31	39	577	758	571	375	151	250	662	699	691	608	743	241	26	25	500	324	722	746	166	520	31	592	501	426	95	270	224	328	280	360	674	577	341	708	333	283	669	7	529	633	530	27	467	514	419	445	392	486	154	332	91	607	122	39	285	110	547	434	127	392	143	248	164	722
66	233	579	299	466	130	568	720	243	34	433	605	27	114	193	0	411	293	6	564	249	402	165	84	560	311	38	221	751	203	292	376	43	339	240	623	296	286	404	155	88	67	41	192	686	263	641	41	287	660	170	345	164	77	240	352	111	473	723	573	451	61	83	137	173	175	694	640	690	310	486	17	751	427	696	503	546	754	33	704	659	560	539	354	155	40	569	687	447	561	50	472	53	225	443	232	265	70	532	219
546	55	273	407	129	475	428	546	73	159	272	135	500	606	263	414	0	682	584	126	25	555	145	233	50	129	156	723	665	228	470	91	701	430	49	682	498	363	82	85	317	570	21	16	109	128	123	457	347	190	626	693	640	473	631	424	274	186	738	341	650	759	162	341	285	192	242	234	714	95	120	587	477	233	405	495	625	419	601	440	541	687	635	749	460	531	2	673	455	424	662	353	239	444	476	466	218	413	109	492
624	294	420	370	114	618	14	576	218	534	684	403	500	52	726	517	6	0	461	630	505	495	685	375	178	399	321	420	91	682	550	126	187	97	746	448	32	98	335	619	208	70	640	391	310	429	339	322	54	383	426	250	154	315	348	490	168	633	191	730	320	370	273	410	282	569	668	458	421	367	532	427	185	379	31	162	703	92	395	416	386	650	736	438	544	548	6	115	207	452	163	254	308	20	722	193	342	513	207	704
74	678	603	623	288	272	138	331	204	620	652	122	189	306	522	747	544	743	0	51	296	28	582	93	513	724	707	527	56	728	106	442	14	561	340	730	382	141	196	383	556	649	351	15	598	566	669	485	503	759	613	526	163	461	714	726	281	73	538	236	754	323	656	29	111	365	281	362	378	581	460	418	364	169	160	589	719	21	488	271	273	512	378	269	237	344	751	303	653	335	606	468	265	310	169	253	34	172	519	703
320	462	143	663	329	460	378	65	85	257	697	369	71	300	271	733	226	270	255	0	56	343	540	404	671	232	230	625	391	750	121	573	229	374	235	88	241	131	741	579	519	623	590	588	618	44	437	468	440	395	170	71	452	748	224	725	447	353	140	448	69	660	127	687	277	459	357	480	577	101	178	582	415	59	589	512	631	208	502	459	681	733	444	303	335	366	102	463	388	396	514	742	332	354	418	630	509	299	459	688
6	111	464	508	131	205	526	51	416	68	178	186	192	557	755	164	484	493	81	555	0	521	371	482	268	438	164	238	493	561	401	112	621	645	728	432	219	313	541	236	431	219	139	665	230	355	363	22	387	676	284	598	210	654	559	502	159	577	356	145	466	298	128	227	187	457	397	48	280	613	38	424	5	583	498	428	596	642	130	263	36	492	375	309	518	153	662	609	538	350	515	424	499	208	137	658	291	292	246	518
298	465	500	756	658	622	194	467	162	379	399	157	213	419	160	435	672	330	365	415	646	0	275	160	154	700	284	38	441	48	627	301	10	543	137	672	507	218	621	192	95	202	545	168	740	464	443	556	96	244	538	425	685	245	145	42	150	392	236	103	723	401	234	583	570	603	376	62	370	737	565	645	95	32	567	733	682	529	680	428	559	439	552	603	471	77	738	660	87	677	530	524	223	258	509	20	129	41	295	636
240	434	182	483	307	175	196	470	249	56	595	408	591	312	560	526	608	693	517	554	230	127	0	64	308	76	224	759	224	361	66	591	449	754	547	422	716	32	449	139	537	219	416	116	544	571	202	702	733	689	299	264	19	135	589	469	401	410	72	232	284	363	313	110	385	650	626	76	542	34	478	584	468	383	694	762	316	344	389	265	698	673	625	696	65	86	401	44	104	191	101	274	192	431	272	85	60	554	91	356
349	763	356	315	317	685	633	727	297	564	348	398	683	753	745	507	171	573	38	1	671	318	345	0	185	527	615	583	727	288	340	662	278	128	222	489	328	467	447	40	444	377	51	274	462	416	115	112	726	648	18	313	591	416	195	383	295	754	478	641	508	556	34	169	198	476	443	549	707	619	106	629	240	119	642	9	361	747	253	384	264	232	251	618	565	368	760	559	280	355	428	445	266	185	754	135	304	606	629	741
683	239	433	501	455	399	369	507	44	359	512	399	259	323	683	177	237	430	670	107	355	426	161	566	0	469	151	202	76	591	405	25	429	570	673	612	345	325	49	313	40	134	558	254	482	316	561	478	593	195	18	465	308	84	682	332	603	645	668	613	112	150	76	281	393	472	635	400	600	35	492	113	73	227	752	16	749	21	513	263	408	225	418	301	43	500	707	297	284	672	247	618	170	53	390	170	241	489	462	150
547	338	554	431	52	540	391	641	618	5	303	599	101	316	640	615	51	28	536	401	724	681	321	355	169	0	253	353	75	632	151	659	285	492	613	150	758	267	123	45	687	89	138	460	574	151	480	285	5	736	446	350	578	463	34	317	438	337	65	191	388	284	203	171	360	579	210	411	150	457	566	13	505	390	737	527	366	597	31	338	15	37	268	533	44	300	49	37	236	613	242	502	548	636	591	155	356	596	633	353
421	550	176	661	346	59	690	233	387	553	657	290	752	150	724	538	200	209	469	686	294	706	530	334	227	730	0	647	44	483	106	51	480	506	431	178	604	457	392	394	75	465	140	63	261	574	165	158	721	5	329	511	376	96	31	652	184	529	20	617	385	662	752	204	8	560	76	16	603	580	124	38	369	628	399	420	685	658	538	212	393	4	478	124	576	605	416	454	747	739	624	94	331	685	470	253	510	382	418	37
93	202	189	430	591	479	41	546	269	763	320	531	38	673	131	479	541	608	394	232	82	519	48	543	170	496	13	0	435	492	660	275	434	738	389	232	396	668	503	603	31	393	348	9	159	727	643	169	153	434	474	700	18	611	612	72	517	629	91	119	166	263	680	294	22	599	36	299	626	407	304	603	326	37	619	188	103	365	34	454	163	752	367	754	225	135	485	704	166	590	451	748	372	249	410	367	474	278	529	243
449	494	358	392	236	91	13	434	518	619	302	71	244	426	20	716	21	284	418	4	534	341	762	125	413	67	702	86	0	10	40	240	45	77	210	212	150	404	655	247	378	749	331	276	12	727	52	107	489	514	342	170	375	609	399	237	410	540	453	121	339	605	42	259	546	303	211	678	373	743	697	35	522	561	192	374	20	388	582	211	147	428	713	354	54	569	650	335	354	551	38	617	433	435	521	751	139	641	115	518
312	183	483	183	17	730	541	650	495	51	5	145	634	649	726	475	333	644	541	737	231	708	498	20	605	298	376	445	647	0	236	42	177	364	16	112	363	52	249	406	362	712	723	544	579	251	716	278	133	687	647	608	556	227	722	202	537	155	502	155	307	727	445	561	703	208	571	437	755	551	574	256	611	115	77	744	452	732	453	535	263	524	110	591	183	21	165	501	758	148	467	377	259	134	264	641	202	369	185	645
79	313	756	581	484	377	262	120	81	287	664	353	32	84	657	606	553	28	708	625	102	724	579	645	447	114	739	324	253	560	0	56	119	410	450	696	400	540	70	252	206	10	590	119	201	477	710	746	563	63	486	436	243	663	593	593	186	36	223	666	761	526	693	118	335	581	124	130	122	364	542	521	691	554	125	550	660	629	230	657	632	114	238	436	279	317	60	541	352	527	191	748	723	710	494	57	459	351	595	19
247	140	486	619	586	346	727	25	259	22	368	374	618	384	236	426	273	626	250	658	218	487	622	563	82	687	213	269	541	114	480	0	415	666	743	4	98	146	356	746	236	312	210	7	399	406	631	588	259	714	489	165	148	313	728	606	584	725	586	653	553	674	64	480	337	220	285	212	67	247	598	119	356	738	364	620	337	89	487	261	499	488	1	650	589	354	231	435	40	36	720	281	162	235	5	33	708	322	298	699
560	747	185	559	364	262	425	152	213	312	305	89	470	241	585	469	188	579	725	248	344	291	449	101	594	161	267	198	300	21	319	595	0	315	552	56	340	488	310	420	496	258	736	721	347	181	725	584	711	51	135	542	597	568	121	361	741	739	561	75	594	758	751	531	55	656	582	758	581	191	276	159	439	745	85	517	305	159	31	205	674	233	666	472	172	721	174	316	280	241	468	312	545	4	169	76	107	454	96	681
334	269	382	634	290	536	665	134	287	562	306	60	246	94	266	281	203	253	342	98	340	392	337	582	569	204	644	638	688	667	628	391	566	0	106	667	525	527	161	575	377	48	169	103	90	205	342	249	17	683	58	498	386	38	197	297	475	373	743	677	733	580	472	73	183	528	451	116	339	546	216	242	208	242	22	322	316	290	655	283	189	111	101	12	225	607	130	158	483	596	655	115	560	471	437	407	425	476	189	346
12	560	184	315	454	731	240	143	585	605	144	664	549	590	211	575	583	683	519	181	621	487	693	342	499	511	74	150	702	68	626	564	307	230	0	761	415	139	736	35	6	360	181	521	651	335	404	58	541	224	457	414	494	254	55	453	135	583	149	3	129	555	284	428	106	650	194	326	44	349	329	101	243	135	735	605	443	360	230	173	272	91	474	132	175	423	188	508	509	154	16	196	653	627	426	664	291	233	552	244
617	757	287	536	697	276	527	570	394	368	247	193	58	603	21	478	298	650	722	408	438	745	328	106	331	182	273	343	526	687	579	752	116	137	673	0	509	155	419	501	379	90	477	563	436	534	343	441	703	268	723	45	708	406	345	634	1	88	368	119	263	164	349	40	188	188	637	456	431	697	56	262	568	648	271	745	378	743	156	562	482	671	377	138	599	555	255	208	75	588	571	83	701	318	239	688	108	682	744	121
36	532	741	519	495	670	310	86	664	706	257	202	670	496	135	143	652	742	87	741	141	159	753	197	147	728	613	339	550	457	228	11	361	205	64	289	0	71	155	550	398	222	428	400	552	83	719	649	687	419	347	713	409	527	690	207	667	448	190	272	462	404	691	654	572	561	198	142	284	273	465	610	710	148	123	740	517	84	370	456	672	617	642	546	754	670	700	572	112	656	171	296	703	740	68	173	714	374	242	357
397	16	684	272	465	253	472	678	358	266	499	579	459	265	102	584	314	28	408	105	479	82	197	81	718	674	234	150	585	556	340	66	299	35	560	300	134	0	314	599	529	428	758	521	472	76	627	696	492	62	186	54	748	223	26	176	46	312	413	35	454	151	348	660	405	385	495	705	81	494	759	559	582	640	519	689	298	481	23	347	703	321	537	49	590	132	607	702	137	8	591	257	382	686	412	625	603	485	527	149
409	483	474	37	521	709	620	315	123	256	372	703	392	474	263	543	55	189	219	361	252	631	571	507	10	545	477	273	682	85	215	309	555	705	25	351	13	589	0	470	28	92	485	23	200	104	632	235	241	321	225	372	520	344	164	148	653	691	537	418	73	763	542	156	286	267	274	445	336	144	515	705	170	239	68	309	396	147	314	214	51	123	501	412	82	74	647	595	159	316	254	262	734	64	209	398	173	493	557	41
608	199	174	757	257	246	445	593	391	694	320	335	531	315	49	8	209	757	316	349	572	2	587	515	750	552	545	317	625	81	170	88	542	708	54	562	313	374	322	0	706	190	166	292	657	547	406	85	670	85	682	532	578	559	37	78	403	293	661	613	190	636	285	507	708	374	84	46	295	5	683	49	61	556	60	191	618	253	208	485	641	7	445	760	110	462	14	427	664	499	542	645	194	580	475	266	380	459	237	356
224	67	241	468	186	339	263	136	3	247	264	678	683	150	675	681	684	119	540	209	219	652	178	625	737	358	241	512	449	548	24	642	24	448	140	97	656	5	376	345	0	352	696	82	330	108	107	445	664	428	740	86	318	350	210	186	633	429	591	306	705	156	686	666	749	469	10	404	709	328	209	741	357	375	598	155	567	658	51	327	121	176	32	140	452	703	97	424	631	28	624	298	411	178	393	150	707	761	632	373
717	431	148	267	125	105	490	216	331	525	585	468	235	396	705	147	338	341	333	443	444	492	460	649	107	46	413	444	748	216	516	618	230	68	93	452	197	426	508	28	676	0	665	429	81	429	160	399	153	312	227	506	439	730	101	612	613	659	590	536	326	426	579	241	583	492	48	271	188	471	359	357	731	573	604	580	585	215	665	392	51	9	347	314	608	477	631	353	398	350	200	297	626	747	676	569	384	335	185	426
716	209	561	507	616	633	318	564	500	428	479	477	60	289	619	685	134	734	514	606	342	605	157	465	442	532	451	703	592	529	201	744	700	90	180	725	428	91	500	215	381	497	0	700	620	415	184	242	310	64	35	468	744	483	49	570	707	520	546	619	691	696	451	609	321	346	649	323	35	594	79	54	474	563	514	507	360	392	439	411	251	320	715	143	730	735	649	429	639	313	28	699	202	705	87	607	726	13	538	690
748	219	249	760	168	188	624	602	586	292	249	454	741	25	189	587	386	132	433	645	19	211	454	432	256	460	740	122	467	284	586	288	501	462	208	760	18	334	621	74	227	494	650	0	579	410	658	239	196	564	355	35	407	749	381	235	404	496	696	364	527	197	592	74	10	323	428	746	432	15	202	519	33	688	81	567	761	375	396	584	195	337	219	688	85	692	191	720	496	760	611	201	87	524	366	340	36	171	217	183
6	297	710	361	13	124	319	88	550	501	67	375	54	341	4	464	127	59	162	26	130	712	256	115	744	358	226	592	348	706	179	256	231	362	531	10	241	125	705	700	266	205	357	357	0	652	22	468	701	19	392	147	274	659	654	29	515	370	624	613	481	420	137	381	593	306	740	264	237	114	738	232	703	308	754	58	208	11	719	454	44	346	61	617	261	305	247	724	748	510	430	370	495	148	64	755	284	173	367	562
506	692	370	453	100	682	450	570	336	202	17	151	641	657	247	391	323	179	516	658	324	575	436	753	217	583	416	210	543	441	406	304	597	662	422	357	539	154	259	360	391	429	515	550	232	0	572	501	561	545	177	380	27	322	231	136	430	506	214	413	180	455	743	192	167	619	459	256	718	397	544	280	372	657	638	574	57	512	763	325	651	572	301	467	62	519	688	450	386	209	753	61	263	574	396	478	730	536	30	699
616	26	78	620	122	633	64	336	719	688	134	46	112	518	160	75	350	383	649	407	161	634	497	124	432	199	595	180	141	540	759	199	346	617	455	115	266	109	297	190	79	471	326	252	282	544	0	350	347	618	58	15	232	741	406	382	532	462	546	689	466	616	156	61	510	306	232	434	566	575	687	105	282	363	100	286	670	9	480	546	574	173	268	123	398	580	674	608	425	142	704	634	196	58	119	391	562	638	225	424
432	563	458	82	227	438	233	626	370	654	618	477	432	629	222	307	750	431	555	564	588	293	399	342	622	687	686	340	558	63	4	578	530	234	567	359	612	333	206	141	641	34	188	613	409	292	71	0	328	99	384	480	661	651	547	754	161	79	290	77	357	402	497	236	238	487	320	1	712	18	671	709	538	387	80	358	5	535	435	137	326	256	585	2	239	628	40	63	522	84	2	67	111	483	555	545	373	328	457	301
454	56	134	659	161	605	312	670	178	491	76	546	720	239	247	240	492	141	455	316	492	702	500	548	88	182	498	56	15	499	728	491	570	129	332	162	292	704	302	468	705	707	10	333	147	291	108	704	0	190	620	587	668	263	197	509	247	433	94	577	492	137	459	347	749	578	319	479	334	65	9	408	750	541	74	722	377	525	272	165	454	389	662	628	285	708	708	482	19	439	522	129	450	578	709	199	665	538	296	148
753	678	228	106	500	41	341	507	348	626	238	606	211	611	599	608	274	476	487	94	24	128	152	453	481	561	189	376	207	650	108	294	606	402	118	304	144	315	222	687	238	268	2	684	246	233	639	602	342	0	350	209	425	568	495	532	5	170	116	759	727	317	622	670	65	632	405	211	192	275	377	66	454	264	716	31	201	675	226	197	270	17	456	520	562	398	274	329	356	173	163	212	666	675	453	437	29	481	52	200
748	515	620	672	450	569	515	345	47	344	425	385	453	712	85	121	733	40	761	165	72	481	114	302	112	752	131	162	641	22	474	205	191	314	379	506	45	447	129	610	370	301	596	194	634	505	650	53	418	748	0	383	741	97	89	671	491	436	700	293	585	712	462	591	423	317	98	456	612	266	462	330	183	424	49	547	761	466	520	372	534	191	596	680	401	230	389	577	145	264	754	294	432	645	348	378	752	480	629	107
475	455	184	329	411	274	591	689	50	374	3	87	295	147	502	78	445	74	465	115	733	158	294	451	29	209	34	184	191	437	33	175	41	80	192	310	182	195	473	309	236	714	641	563	277	599	108	625	129	385	279	0	2	496	576	371	618	325	170	156	641	405	64	697	689	688	400	88	486	439	658	436	663	562	554	112	624	151	628	408	524	524	449	542	529	678	755	504	487	629	233	57	309	324	674	453	733	253	152	608
74	20	420	496	419	288	120	131	54	673	681	166	239	483	639	622	215	386	340	742	57	6	179	341	557	393	177	342	391	19	556	435	579	719	674	12	121	97	66	341	431	266	374	297	627	163	646	363	711	41	518	669	0	538	97	301	101	21	385	300	23	742	664	122	222	271	354	41	735	493	355	480	648	597	103	639	289	41	709	343	623	655	413	243	184	715	71	448	545	720	81	623	111	273	459	196	557	98	224	307
301	175	374	707	544	696	349	531	451	95	307	599	92	596	201	603	198	659	692	185	680	562	299	294	748	482	687	433	742	530	699	154	299	731	104	742	379	396	36	674	36	384	436	300	587	191	559	524	525	437	265	701	284	0	587	22	690	596	159	613	404	526	64	576	297	346	21	690	376	619	34	550	508	733	434	101	190	703	591	578	520	507	411	267	341	715	725	359	706	91	111	265	283	83	683	311	401	208	382	423
145	47	12	365	253	392	333	60	59	641	441	524	72	715	706	684	329	709	677	152	104	359	37	384	653	406	728	380	36	230	41	523	394	76	205	69	499	393	698	409	320	530	304	678	153	104	31	207	481	618	193	209	270	449	0	743	314	68	407	418	619	541	652	515	213	580	176	125	168	435	144	759	74	700	184	309	506	175	351	588	355	33	46	135	280	630	398	186	632	610	538	605	431	52	569	296	84	70	568	420
570	217	612	301	383	310	342	98	201	277	651	370	565	382	518	541	310	475	53	206	191	22	116	683	291	698	52	21	602	304	449	389	341	216	148	465	744	122	377	661	432	705	572	494	154	731	365	665	95	668	119	680	17	663	511	0	91	560	303	718	256	617	461	507	256	432	41	18	561	327	596	97	445	73	162	47	229	254	763	719	666	758	348	214	660	153	310	172	370	527	462	528	123	436	152	725	117	758	486	511
194	32	94	447	223	671	758	450	142	195	55	664	444	34	210	24	330	206	580	661	665	295	237	317	214	254	568	563	510	647	16	457	434	46	495	655	337	642	676	674	66	70	459	500	336	231	575	740	608	202	651	552	11	105	238	685	0	309	724	208	405	529	8	119	176	313	689	362	756	346	102	485	137	58	585	577	228	258	747	248	161	384	452	122	205	499	637	104	605	657	82	63	480	255	415	730	590	179	180	247
44	60	323	330	214	172	447	330	358	123	50	661	311	283	441	226	583	370	348	231	385	624	699	106	386	622	606	218	709	567	177	647	402	167	165	447	21	297	1	329	20	119	241	716	221	747	50	204	407	673	641	644	584	615	735	322	579	0	34	626	339	191	546	93	102	758	667	58	276	22	536	28	549	234	139	759	728	66	207	664	108	174	29	379	509	724	370	60	461	241	501	386	481	668	270	467	493	219	370	393
439	591	301	63	27	140	455	604	215	145	719	431	498	109	410	434	394	319	755	478	259	482	533	563	261	138	87	343	103	736	684	703	159	81	235	105	513	2	22	387	167	407	254	669	628	55	290	682	256	108	372	152	473	701	506	683	731	58	0	178	173	563	380	744	17	277	101	712	549	741	681	704	101	741	461	592	115	162	154	569	10	745	227	192	523	350	703	559	404	639	272	448	13	295	122	660	199	273	14	129
469	243	141	197	41	230	573	181	740	452	383	32	66	729	679	663	639	193	707	78	386	245	396	646	153	334	412	96	82	296	687	232	471	496	55	653	125	716	144	174	446	480	596	407	99	227	505	52	621	322	633	673	123	238	605	197	105	54	592	0	458	482	413	325	501	153	202	137	15	234	67	21	108	483	468	716	568	131	510	721	109	695	454	492	636	305	297	741	242	489	546	395	603	260	99	328	737	254	554	597
699	370	219	33	345	83	393	295	156	323	608	687	151	115	589	630	289	647	392	534	706	225	311	12	322	218	10	444	317	763	280	72	250	283	110	172	11	440	604	59	649	595	266	193	174	483	163	515	378	652	524	305	442	605	675	457	22	241	379	45	0	234	145	286	589	699	325	650	237	323	280	66	381	14	84	144	293	705	625	241	457	547	727	177	408	464	206	160	278	79	668	76	572	751	87	660	397	711	255	169
650	9	626	581	579	80	16	609	423	244	22	115	187	750	259	84	321	104	473	344	299	75	597	152	198	522	559	266	340	26	390	95	344	543	225	332	245	546	305	117	465	85	218	754	578	318	476	54	352	178	558	568	474	635	701	66	628	143	385	711	707	0	672	71	77	119	535	572	151	696	261	446	383	448	337	173	209	742	663	59	13	379	107	136	225	290	386	658	339	558	705	549	711	676	195	129	679	14	243	458
689	556	71	337	399	298	676	608	164	602	224	47	679	499	482	664	627	559	745	700	420	242	443	608	496	109	349	758	459	336	76	606	571	462	407	36	125	93	663	293	136	340	445	219	239	696	577	251	283	550	186	500	225	209	754	603	146	554	239	159	390	752	0	167	526	342	15	183	644	652	292	231	544	240	127	293	543	45	264	111	449	88	123	658	140	223	733	474	242	9	401	98	40	521	148	437	11	146	739	530
660	579	608	749	394	651	672	35	467	223	651	223	3	599	218	294	431	688	724	5	214	445	564	596	246	721	144	432	578	276	426	12	228	608	201	370	609	239	46	593	481	654	758	516	251	21	451	525	91	552	290	496	489	359	78	639	10	297	500	657	494	167	639	0	714	182	105	141	495	503	422	171	632	395	232	628	254	252	481	253	416	365	636	149	561	380	716	53	521	664	145	5	73	324	201	168	699	574	317	338
622	586	453	455	312	36	228	200	352	75	24	327	519	601	482	723	730	184	72	184	85	229	144	350	117	738	536	105	562	90	43	227	172	266	323	324	552	632	115	64	316	175	501	349	399	733	573	139	4	16	455	190	683	400	431	747	183	762	339	270	72	151	7	97	0	295	579	267	680	88	305	361	60	253	32	12	500	422	332	85	491	245	6	573	544	145	259	24	100	491	648	107	336	14	686	683	639	663	625	487
316	466	610	6	584	362	696	434	519	189	424	371	104	503	215	89	562	129	492	729	141	494	605	127	586	157	591	161	704	66	720	320	344	589	99	674	44	55	201	37	585	25	508	249	702	92	396	319	744	557	186	636	491	761	142	511	331	418	663	210	604	146	191	397	5	0	683	61	735	93	120	651	122	125	206	693	357	589	588	365	2	205	397	751	547	73	549	585	735	158	271	74	332	576	436	438	632	402	389	636
418	722	350	744	588	665	74	71	275	342	305	111	454	159	355	396	411	707	753	713	29	205	285	389	619	216	644	144	201	207	518	145	140	43	296	601	93	445	155	66	102	150	613	523	321	402	206	684	494	753	114	143	285	419	340	646	42	68	707	604	401	111	292	501	123	203	0	387	179	367	475	311	697	502	440	142	557	479	396	551	237	371	232	300	54	222	674	724	725	178	126	184	682	473	50	716	45	616	251	268
238	558	185	641	708	150	560	300	116	706	678	330	34	185	99	496	652	81	495	402	281	270	755	579	711	556	26	354	300	62	551	38	317	33	670	210	85	98	698	477	370	213	284	332	416	748	294	158	361	33	744	761	377	200	706	290	217	33	238	30	323	235	106	147	638	713	406	0	535	315	93	197	508	87	412	97	688	458	428	582	229	177	209	46	151	148	601	460	736	4	367	4	21	312	352	652	731	573	187	444
442	210	157	14	689	308	60	121	265	239	730	661	414	244	748	348	9	246	749	435	524	680	85	428	170	522	325	61	761	534	277	516	449	731	66	235	407	433	739	174	485	129	647	620	469	329	679	660	65	139	139	210	499	227	483	202	629	293	2	31	70	284	597	612	128	544	546	32	0	178	50	84	530	633	429	681	683	733	81	522	124	123	745	643	54	367	421	67	288	604	28	201	429	277	373	249	531	142	311	415
162	110	30	263	519	262	158	100	28	227	370	414	585	64	38	181	324	34	754	14	276	465	177	453	720	434	735	642	550	148	453	299	26	639	698	305	342	499	143	270	397	318	720	488	34	381	393	364	434	437	216	559	328	746	482	459	318	601	412	739	204	396	21	206	591	565	650	169	266	0	402	704	530	556	71	381	359	495	263	531	204	99	506	435	275	24	57	671	563	685	149	636	64	661	292	463	67	234	408	360
692	246	661	70	223	550	458	645	403	265	385	629	30	256	34	5	677	683	199	65	382	51	392	288	733	104	146	576	708	259	556	558	260	573	388	471	193	116	731	606	717	357	276	566	428	257	551	303	307	33	142	704	606	140	178	268	608	238	103	420	751	89	85	90	492	420	412	596	156	652	0	233	323	623	243	219	421	731	246	519	313	308	34	118	676	569	143	695	194	614	545	201	78	398	189	405	609	252	95	708
710	225	451	377	590	327	606	128	7	180	55	554	548	715	465	17	286	694	667	128	30	543	395	366	122	36	37	580	752	115	723	657	527	446	252	747	707	547	105	269	296	728	202	546	61	581	588	79	233	142	282	512	328	134	515	744	235	740	349	209	661	372	465	693	493	420	268	27	492	453	639	0	741	357	364	678	340	757	200	596	339	211	509	361	542	595	624	76	522	237	286	6	615	724	90	680	359	317	557	294
99	705	226	140	72	152	535	554	739	4	471	52	26	550	205	295	612	466	76	373	169	114	429	334	306	625	76	537	286	48	739	264	487	241	248	24	341	736	149	66	309	239	424	202	679	329	122	29	739	641	543	729	376	164	365	638	43	728	92	198	629	457	28	148	44	393	171	46	276	28	424	63	0	690	89	91	68	616	418	310	689	705	319	735	301	91	424	632	292	699	268	515	170	599	393	261	172	725	458	692
518	172	599	663	372	56	586	382	756	168	526	242	369	75	687	619	542	466	275	475	228	70	250	480	12	193	391	294	74	194	652	454	254	684	23	636	682	440	522	524	693	373	540	743	449	170	411	603	742	725	596	734	367	471	169	228	223	325	651	60	540	410	179	271	610	527	429	286	7	561	759	297	32	0	323	427	678	371	377	436	132	430	397	101	700	673	236	455	405	61	547	17	601	508	635	545	628	52	287	543
81	135	706	175	158	499	432	699	724	761	246	360	178	115	115	144	87	742	533	360	715	415	186	265	358	14	465	236	338	304	250	531	132	461	199	236	27	510	313	434	516	455	687	111	349	221	82	648	159	306	372	761	42	69	708	494	508	185	757	597	629	638	387	731	258	126	643	373	321	46	90	309	67	246	0	196	703	88	178	685	475	500	386	716	401	636	481	705	214	364	7	343	434	675	684	552	500	222	401	78
286	182	502	607	445	88	46	111	236	281	730	68	624	167	51	643	578	643	684	693	89	28	279	408	493	47	681	483	49	734	168	304	649	485	162	506	698	130	578	728	468	239	1	123	412	508	745	657	249	392	733	338	705	157	470	643	368	43	666	583	29	109	547	191	75	340	749	231	741	249	346	324	608	313	9	0	390	189	79	735	388	709	635	463	131	465	188	280	458	352	250	490	751	368	588	41	727	597	593	624
360	542	42	333	171	521	274	481	156	400	79	666	518	594	196	649	646	621	215	414	379	609	73	270	738	293	135	227	426	496	565	341	364	176	62	726	649	294	502	28	151	15	602	185	331	760	29	426	99	507	730	331	217	40	130	691	470	339	480	4	395	575	145	209	577	546	379	386	334	332	312	734	621	420	269	73	0	369	754	125	223	311	293	162	419	314	288	66	352	403	328	326	328	737	12	487	651	596	307	503
9	189	632	544	564	496	712	119	392	257	303	244	557	331	633	72	360	541	91	620	682	59	410	122	735	189	570	74	576	682	178	474	270	266	21	93	219	37	262	359	119	197	537	400	621	351	490	643	203	342	635	73	422	490	289	208	309	470	168	483	455	586	75	507	495	460	760	381	588	732	691	296	141	678	572	539	148	0	59	127	141	115	23	458	576	434	700	721	611	661	586	440	726	93	253	258	505	494	125	753
722	701	193	654	453	266	160	22	120	394	707	717	683	204	288	162	279	22	580	353	43	413	230	619	305	233	200	127	73	446	634	218	114	311	679	256	588	542	495	700	252	116	182	521	157	18	16	430	741	300	494	136	265	236	261	732	309	417	600	676	245	100	645	69	153	225	620	627	107	398	177	204	183	206	493	345	4	757	0	645	516	650	53	226	583	476	629	148	388	7	597	349	445	455	741	673	330	308	13	589
161	688	617	573	206	290	587	762	510	318	763	492	62	345	190	278	607	472	72	332	604	749	293	207	71	724	252	88	259	262	290	88	694	2	167	643	5	578	79	440	156	344	616	271	273	666	598	458	508	431	278	396	717	337	75	673	434	465	727	618	352	55	22	254	194	535	642	145	466	177	4	587	164	299	43	23	703	4	447	0	614	419	394	191	681	113	637	489	389	73	308	389	378	316	308	8	537	274	454	627
587	591	676	301	703	615	67	276	615	238	101	131	574	73	30	112	535	640	401	417	312	201	295	358	696	673	450	721	133	42	207	311	438	590	28	531	289	722	336	563	469	504	37	354	54	714	566	387	757	430	754	187	219	371	442	741	272	407	419	398	229	558	312	430	432	280	691	301	201	755	260	256	67	650	453	556	283	270	58	149	0	239	636	564	600	343	430	677	319	241	103	550	12	487	128	760	42	182	192	408
379	704	586	657	269	456	505	463	510	346	117	749	490	76	97	595	476	271	315	647	303	420	257	416	332	225	135	121	204	255	88	210	351	589	31	630	436	176	585	593	11	34	454	678	333	655	447	594	254	28	494	685	84	616	158	496	408	722	574	266	575	220	495	109	145	162	543	52	249	225	466	130	78	415	735	406	496	624	731	201	34	0	377	174	680	639	534	579	752	493	168	172	735	499	372	728	210	246	308	528
656	455	323	531	484	48	334	610	51	692	435	158	62	220	378	255	320	238	15	540	285	32	458	747	541	731	241	299	281	351	34	653	726	630	54	303	34	685	59	39	288	585	692	136	582	612	713	167	758	381	73	243	61	53	490	362	646	451	750	733	736	123	436	556	704	136	157	691	185	485	448	664	373	575	636	760	167	213	503	571	440	19	0	522	276	184	546	757	66	26	26	436	28	336	661	366	566	305	118	421
60	508	29	44	41	708	27	63	719	449	402	106	53	43	145	335	247	277	565	395	357	158	637	763	56	538	517	570	640	4	413	545	125	100	149	633	589	267	389	561	630	589	515	751	695	436	617	463	350	297	382	234	43	618	205	124	400	46	735	592	659	599	268	597	360	203	622	396	448	756	259	686	31	387	184	535	50	430	694	560	221	517	143	0	305	174	652	275	341	507	424	236	702	119	313	290	180	456	91	410
501	477	248	45	560	107	101	613	530	111	403	113	372	754	618	74	677	643	26	559	123	265	17	672	49	24	693	216	656	49	580	184	525	87	580	70	628	687	561	302	76	148	195	419	213	703	343	211	150	594	327	523	13	228	87	100	229	228	376	752	649	234	57	264	453	668	192	218	388	187	386	545	621	575	713	472	578	726	58	248	575	77	318	131	0	739	135	180	193	465	589	269	542	115	421	392	78	594	215	110
10	584	257	726	97	26	584	354	344	450	481	464	27	638	135	205	681	409	629	2	321	584	492	379	579	347	677	227	632	191	210	60	333	632	711	194	656	677	285	463	239	549	60	512	458	678	550	270	550	594	6	760	609	597	485	573	118	290	421	117	625	273	316	366	366	65	739	514	602	248	208	730	395	483	113	408	604	40	236	146	339	561	252	398	611	0	737	112	550	692	380	359	748	457	424	309	366	302	500	374
38	261	497	227	486	124	225	707	286	296	241	121	632	2	596	93	197	719	218	129	638	380	17	541	568	15	17	325	497	509	350	591	738	725	101	14	722	582	668	349	57	129	378	678	334	487	446	464	667	381	587	200	759	127	738	727	189	24	640	747	684	137	430	402	646	601	251	654	171	466	530	289	461	723	26	445	341	218	169	432	378	331	633	715	236	442	0	174	16	559	672	271	573	452	637	93	669	106	535	162
716	397	356	425	106	289	687	608	763	142	724	390	500	425	385	84	220	691	400	146	740	679	176	655	738	95	163	367	603	159	525	5	517	288	464	508	327	736	372	535	651	756	726	487	413	112	320	363	310	18	104	720	134	529	26	418	408	533	662	532	441	432	255	346	283	317	480	224	578	320	459	715	685	487	202	31	76	218	616	386	614	540	665	102	484	705	1	0	333	12	531	522	405	758	397	622	737	402	649	590
619	36	90	699	547	553	412	571	261	285	415	529	307	304	176	405	297	688	301	747	603	711	158	42	248	448	205	171	510	386	716	126	453	142	577	225	165	32	132	449	346	508	509	599	174	579	763	555	547	187	73	124	727	275	413	499	67	208	744	88	414	335	535	214	274	504	214	104	445	249	210	62	509	472	320	625	270	707	533	725	555	280	565	579	226	43	237	127	0	729	474	551	257	740	351	369	264	6	126	399
184	65	238	100	207	93	145	285	626	18	337	607	700	112	523	81	572	8	509	8	215	514	131	193	281	375	304	571	102	352	146	165	6	204	316	219	401	124	368	398	211	248	251	270	460	210	410	35	470	663	486	680	296	428	627	247	488	517	674	456	374	755	714	459	189	283	574	613	699	574	639	522	727	728	7	469	508	760	126	392	221	296	687	744	343	440	535	486	565	0	587	746	147	213	487	144	559	652	516	608
625	711	216	290	382	97	91	514	87	572	475	411	737	86	463	421	44	734	294	329	322	300	244	388	504	667	373	701	201	255	295	259	471	348	71	131	349	486	552	756	758	255	321	196	519	325	165	590	421	20	587	127	423	278	481	208	556	470	254	624	170	94	419	640	402	599	621	230	732	187	271	227	432	177	258	75	239	12	664	358	328	563	750	141	679	104	313	682	126	696	0	114	569	590	138	251	652	689	89	191
401	135	108	247	211	542	377	166	246	103	11	302	355	157	61	509	146	125	583	321	151	15	442	421	180	71	89	525	529	672	515	406	46	577	376	338	266	510	247	70	79	358	539	45	716	594	385	756	197	339	197	494	111	61	194	448	62	134	396	598	599	648	255	530	454	101	666	442	177	653	555	204	90	640	664	601	757	128	731	26	398	762	8	476	333	654	258	526	481	632	173	0	418	57	721	110	733	683	389	341
205	389	644	535	164	219	470	310	96	251	415	553	686	466	463	18	326	176	578	223	63	562	681	173	167	719	184	367	71	175	79	82	604	260	230	591	304	298	363	236	492	59	68	13	558	39	28	351	589	419	54	514	415	468	594	488	735	79	359	171	605	407	338	33	327	194	323	223	573	348	175	301	290	731	528	667	97	680	440	703	762	547	495	124	426	403	500	334	304	110	688	121	0	306	300	749	191	738	558	489
9	145	420	742	486	296	359	748	700	472	290	725	646	249	747	263	674	710	481	592	212	556	650	733	188	695	482	677	128	59	70	165	87	316	604	491	713	745	101	208	613	39	571	249	94	320	143	70	502	286	754	573	370	749	197	430	42	40	66	153	463	195	327	312	113	560	676	758	212	694	54	589	203	164	203	402	12	595	230	619	144	430	292	620	299	423	337	377	516	320	716	68	299	0	556	15	549	474	283	30
97	231	297	537	526	331	625	354	393	71	240	285	228	169	724	713	699	289	262	453	192	540	537	658	707	600	417	521	595	569	138	458	145	469	278	731	171	94	556	406	324	522	575	313	464	503	132	161	458	281	295	235	30	382	538	422	95	34	323	253	85	435	670	539	139	708	236	385	614	15	160	610	466	591	211	463	331	524	205	219	202	388	429	529	446	78	645	565	624	707	25	606	749	563	0	668	732	400	43	316
182	515	76	574	392	591	337	482	394	263	188	137	722	43	365	396	184	602	221	416	591	352	754	420	517	374	35	635	27	379	555	661	750	613	727	348	712	671	95	573	190	456	625	353	157	87	145	165	456	62	379	357	396	583	596	672	676	394	730	327	597	388	689	560	42	307	9	550	401	643	261	308	232	45	684	270	381	338	464	569	297	133	332	56	190	431	223	625	502	437	344	584	456	195	437	0	319	487	576	75
709	389	33	301	94	688	123	221	373	565	59	153	113	310	475	128	748	241	146	25	510	183	140	274	420	472	531	734	524	342	43	605	716	280	762	81	106	250	171	338	550	624	387	721	236	371	577	266	215	48	126	622	308	618	102	5	637	212	363	165	322	186	10	202	448	362	744	247	323	89	366	183	229	191	706	458	63	515	306	137	106	337	558	501	568	761	748	493	560	141	396	720	262	425	483	313	0	761	358	139
493	624	147	227	645	644	167	21	214	624	459	130	267	472	251	746	647	609	254	374	486	457	694	700	16	247	299	12	431	403	45	706	74	692	719	211	503	208	14	253	235	342	399	378	28	487	706	447	432	426	242	123	505	516	278	697	706	745	195	85	63	236	440	600	531	700	85	688	263	426	647	406	600	711	370	441	680	568	1	316	598	673	353	371	604	222	166	746	375	750	228	581	353	693	432	725	425	0	236	666
537	505	381	586	635	556	627	612	743	438	32	171	707	216	54	750	515	520	457	42	423	674	442	118	143	493	687	131	202	80	735	77	227	138	180	253	748	539	673	568	741	613	93	87	332	516	26	499	186	90	109	358	153	586	665	189	133	240	494	367	98	641	442	449	742	437	384	664	636	753	570	94	680	723	44	398	226	291	532	218	133	96	509	748	358	613	385	224	10	632	675	121	170	552	336	523	213	730	0	289
187	305	276	173	62	381	284	292	525	267	657	573	51	738	619	388	598	580	251	574	386	104	261	85	218	313	186	7	554	276	298	199	366	232	297	528	604	281	701	228	64	518	749	92	651	324	481	5	612	105	337	490	562	14	416	61	692	647	432	734	179	195	519	52	332	683	683	530	528	745	35	721	291	271	100	310	273	484	42	535	729	440	145	545	705	652	101	483	530	380	235	495	565	190	496	244	17	303	708	0
