A	B	C	D	E	F	G	H	I	J	K	L	M	N	O	P	Q	R	S	T	U	V	W	X	Y	Z	AA	AB	AC	AD	AE	AF	AG	AH	AI	AJ	AK	AL	AM	AN	AO	AP	AQ	AR	AS	AT	AU	AV	AW	AX	AY	AZ	BA	BB	BC	BD	BE	BF	BG	BH	BI	BJ	BK	BL	BM	BN	BO	BP	BQ	BR	BS	BT	BU	BV	BW	BX	BY	BZ	CA	CB	CC	CD	CE	CF	CG	CH	CI	CJ	CK	CL	CM	CN	CO	CP	CQ	CR	CS	CT	CU	CV
0	139	957	828	499	669	886	463	631	831	382	108	876	913	142	449	704	814	848	974	249	511	804	6	220	663	899	526	238	104	656	742	226	630	479	861	50	151	496	278	717	113	119	434	131	201	346	154	307	756	207	412	916	64	106	579	191	673	47	847	81	447	279	121	718	751	833	910	689	710	785	341	194	253	24	905	584	952	338	191	314	289	764	957	37	383	196	182	472	830	788	832	737	245	387	605	535	619	896	887
10	0	892	499	118	142	282	64	786	349	403	547	44	316	204	884	964	754	53	711	333	332	128	149	563	777	10	109	491	203	302	789	8	582	379	514	421	230	352	262	643	929	229	377	240	773	923	864	156	83	179	111	218	63	793	326	28	189	682	133	572	219	725	340	208	362	584	298	450	784	339	91	230	273	555	533	805	700	392	627	13	387	846	153	452	519	238	560	172	614	870	64	79	827	455	167	104	349	94	389
783	908	0	576	332	445	409	261	280	194	556	950	602	974	161	386	484	753	256	260	615	704	68	412	509	586	949	730	468	807	921	752	146	6	511	334	537	124	495	974	793	870	375	739	805	566	524	338	522	921	103	316	217	351	186	690	238	356	480	851	282	912	524	820	510	8	379	54	71	324	227	156	823	639	449	759	346	571	36	532	177	379	797	533	514	349	914	869	663	240	288	23	874	395	46	179	100	23	759	949
418	553	716	0	62	712	46	825	110	295	420	475	889	12	599	422	78	865	737	267	504	646	10	125	686	323	730	720	407	857	969	886	676	512	591	437	676	644	437	441	105	7	608	202	125	244	406	457	871	601	106	8	604	436	912	256	545	590	492	456	218	398	316	687	692	55	589	78	111	62	31	326	591	801	677	742	283	591	542	103	60	195	173	39	320	165	516	514	48	675	922	468	27	579	606	823	795	137	42	858
752	858	136	922	0	875	607	535	73	315	954	757	528	775	398	130	964	733	542	337	117	40	74	366	969	8	282	748	319	696	803	617	477	165	970	69	970	101	347	908	760	828	622	680	866	727	194	183	715	248	378	301	77	196	4	936	470	425	635	661	279	506	633	540	563	134	470	241	197	815	545	933	819	737	546	475	320	964	66	548	873	947	392	497	415	877	651	632	436	344	574	489	138	124	890	235	907	804	593	13
359	922	549	633	628	0	508	956	683	451	652	849	920	651	502	393	114	829	945	403	269	922	451	906	896	415	514	548	377	931	859	925	518	178	451	781	386	531	207	812	58	325	604	550	236	239	553	256	68	468	696	275	657	523	112	604	402	882	83	943	727	878	738	332	606	785	889	546	873	815	492	449	613	168	952	279	799	686	425	439	702	750	411	697	738	229	868	147	523	90	774	76	536	777	504	539	249	211	59	653
585	627	719	87	243	136	0	516	127	297	487	2	532	55	546	161	829	559	893	224	564	430	753	524	125	938	585	396	916	89	772	972	774	723	314	233	906	568	667	295	460	306	715	576	15	935	225	582	454	713	747	234	129	917	74	84	660	153	523	829	795	283	856	363	43	948	954	613	208	800	517	75	112	189	233	140	288	405	297	316	340	655	773	200	729	616	63	625	343	248	284	601	798	959	254	523	78	15	748	335
400	428	805	606	203	518	591	0	331	825	906	655	734	437	192	219	382	324	648	770	814	932	445	361	192	857	547	743	117	571	645	102	196	277	313	346	85	72	364	572	200	508	381	228	186	416	380	458	671	843	154	475	382	826	141	301	441	634	791	706	529	228	599	63	591	621	108	648	36	124	412	363	496	612	409	791	45	605	320	372	949	121	454	960	306	258	352	394	518	222	178	381	668	309	84	863	971	919	670	191
153	665	865	192	842	761	385	772	0	217	644	477	29	972	807	875	4	323	628	168	811	168	122	965	21	265	857	696	183	753	811	944	928	564	20	368	33	622	386	224	516	395	167	557	745	2	641	465	423	644	243	218	497	573	11	366	381	475	149	903	215	170	700	442	194	534	741	445	548	322	466	959	527	857	28	582	703	195	84	749	125	493	967	123	257	913	519	184	652	148	258	177	505	239	363	912	798	452	505	331
290	316	291	267	19	438	584	692	968	0	611	232	98	704	610	695	915	114	690	715	452	80	299	645	960	514	880	972	429	294	113	721	947	903	562	826	125	128	415	422	633	131	35	587	606	863	479	134	534	200	516	166	879	701	851	951	616	6	87	933	363	940	379	743	669	36	9	108	646	747	927	691	371	498	816	604	310	323	704	97	23	591	515	903	184	361	56	123	130	219	228	168	6	816	934	483	455	22	572	86
190	726	38	250	118	486	794	891	732	137	0	294	408	423	854	639	576	172	32	757	758	672	425	188	55	325	873	66	751	954	951	442	509	7	816	38	973	442	179	58	495	202	135	887	394	567	502	918	357	375	105	192	252	203	155	509	898	882	83	45	670	343	186	573	78	938	46	884	971	959	315	343	809	125	838	379	553	746	344	200	724	893	811	331	526	93	852	970	486	204	44	668	303	712	424	627	357	495	287	235
379	646	873	401	77	743	720	124	528	350	508	0	944	585	426	96	960	841	12	79	149	578	877	586	755	28	344	272	279	499	62	674	667	629	783	465	28	776	700	549	671	498	674	793	234	110	316	301	520	211	327	395	491	600	856	423	181	673	47	803	179	778	581	155	575	636	412	817	788	175	843	796	598	912	1	851	747	693	459	629	659	184	766	288	629	68	395	951	37	631	515	170	686	744	356	891	525	337	90	517
193	807	304	294	184	406	109	492	286	717	8	449	0	651	355	656	785	730	112	71	126	548	33	323	855	363	394	942	83	581	341	444	741	470	73	557	457	433	822	313	144	657	265	68	468	798	719	781	954	173	870	336	230	36	317	679	278	945	544	269	889	817	479	714	230	262	419	837	552	968	106	557	247	326	878	260	461	303	312	926	157	665	268	441	257	592	477	351	201	973	965	416	643	191	212	308	124	56	902	882
817	820	663	361	626	771	758	436	432	644	879	661	430	0	669	131	730	699	2	284	197	914	634	793	535	722	275	159	461	465	467	627	608	913	61	408	113	178	438	566	881	708	17	771	936	748	628	667	35	516	165	761	786	928	788	340	617	14	393	431	451	196	932	345	922	872	189	17	613	603	851	113	283	531	466	461	515	54	278	972	61	911	323	227	294	836	286	17	115	118	37	300	787	193	815	290	576	224	972	633
355	871	584	455	278	945	486	556	121	700	84	18	737	658	0	403	716	667	579	756	46	183	210	456	117	583	73	412	167	256	309	883	885	701	86	922	778	606	40	114	74	112	149	122	4	339	909	432	200	841	359	27	341	642	366	787	139	834	874	935	385	509	719	96	356	771	419	550	72	383	654	830	349	924	300	488	773	29	666	905	325	172	343	119	715	934	532	913	310	857	853	413	772	451	918	847	602	388	327	361
173	363	358	68	535	899	658	343	896	712	885	172	390	765	18	0	903	572	278	144	123	456	973	243	180	703	575	966	178	40	756	629	155	760	689	330	513	681	789	609	210	895	322	401	39	623	184	869	804	911	421	148	116	480	629	593	396	368	18	946	518	39	822	768	512	874	250	612	847	487	886	219	730	262	742	20	250	776	338	735	91	965	966	767	698	813	174	138	857	193	368	7	149	122	381	40	55	491	492	230
225	490	542	617	571	919	460	454	219	257	67	747	314	765	470	931	0	762	937	652	386	891	188	222	267	168	475	541	781	351	104	525	768	918	366	460	117	357	759	935	828	563	805	846	225	432	506	258	844	764	507	923	447	747	508	702	75	844	806	657	64	43	971	482	138	707	859	120	853	650	2	536	420	313	73	811	368	165	514	216	542	314	376	810	354	129	250	736	782	94	616	758	747	954	571	196	806	693	245	278
337	393	876	764	788	718	130	720	120	645	778	397	669	574	811	380	154	0	479	432	168	912	277	147	107	402	616	651	826	970	22	334	946	649	887	477	733	847	782	502	520	735	380	308	318	388	572	967	768	368	756	719	852	948	581	85	663	633	242	201	880	582	798	506	874	347	439	456	306	293	401	384	387	5	862	361	21	501	684	219	664	604	160	8	549	606	638	28	960	415	838	862	278	519	471	908	602	890	840	918
696	723	535	466	946	362	948	846	887	267	341	763	623	61	624	255	793	240	0	654	715	338	287	450	880	112	956	731	503	813	209	297	675	404	603	812	362	814	385	943	888	895	560	153	530	776	125	783	219	29	547	144	859	898	145	963	920	394	316	202	966	916	293	237	15	607	245	141	472	798	772	275	730	347	250	634	166	201	664	161	918	744	549	671	300	116	387	814	242	424	245	635	406	877	736	347	472	701	683	315
514	649	566	505	912	188	837	587	189	137	380	12	478	769	180	664	631	590	178	0	487	381	863	787	614	343	286	221	448	344	389	341	384	664	628	287	6	754	399	154	351	542	678	407	682	230	320	495	609	778	41	964	770	520	578	463	506	528	264	951	434	325	808	295	854	690	573	733	627	311	232	231	459	335	160	647	852	675	516	267	850	699	279	599	30	186	727	557	524	270	817	964	645	920	638	604	836	410	762	355
35	72	214	509	293	803	201	236	723	849	690	666	122	149	846	610	526	850	188	478	0	618	632	136	502	565	166	939	314	355	291	964	241	603	246	961	163	146	440	602	462	117	256	671	831	312	741	179	158	480	659	714	887	672	567	386	593	64	62	375	17	922	769	481	619	421	948	692	221	192	142	327	895	593	267	766	288	446	25	666	205	485	158	413	54	46	527	87	179	98	219	467	869	402	285	96	901	174	79	596
655	801	118	298	788	220	386	771	781	104	327	640	358	651	141	79	619	75	683	238	386	0	628	581	50	441	123	103	772	735	71	325	826	286	102	745	604	710	546	633	193	460	21	699	412	186	11	738	706	799	727	346	120	404	176	97	97	150	661	335	166	792	286	622	513	510	769	295	599	815	560	275	208	659	807	17	64	220	759	801	5	503	759	571	952	260	493	829	826	268	653	864	782	145	968	791	929	394	62	722
749	158	92	160	76	924	882	132	17	512	851	396	6	44	720	559	493	59	305	485	125	398	0	600	638	361	576	538	688	747	675	612	89	421	281	286	343	425	923	561	572	337	821	836	173	12	721	527	433	851	806	273	62	785	93	831	821	6	327	40	806	213	943	822	704	590	795	899	816	527	65	948	607	787	338	574	696	811	499	220	958	545	943	448	117	511	579	623	712	342	186	428	342	255	607	398	668	965	178	577
392	405	267	528	174	564	492	295	393	198	238	687	930	381	497	624	15	156	288	659	873	832	378	0	252	577	170	550	449	890	556	300	174	191	234	765	577	392	746	679	37	9	682	344	491	816	114	603	20	167	488	557	840	395	9	748	658	878	86	776	588	128	700	698	518	281	156	230	276	56	172	120	405	144	584	372	682	25	940	943	594	38	145	193	361	452	778	685	418	968	210	92	556	214	929	772	530	792	247	953
882	380	974	79	170	671	316	917	881	292	60	618	645	807	870	20	916	329	751	566	431	611	299	833	0	412	947	450	526	154	578	128	238	164	479	34	224	61	415	108	970	414	931	336	91	237	641	689	273	286	183	940	901	97	584	151	362	307	210	693	163	391	84	641	903	307	509	928	412	288	965	879	747	300	460	206	726	940	362	704	124	648	114	665	666	58	635	210	169	85	364	545	780	876	782	51	274	297	587	944
728	193	839	898	152	163	621	319	471	243	469	174	388	943	255	578	383	753	937	854	181	539	588	196	801	0	229	747	951	828	375	627	858	553	52	886	689	659	950	872	247	697	427	183	804	835	499	490	351	718	571	751	749	785	353	915	268	88	782	297	723	589	134	719	716	380	608	246	324	453	795	203	766	664	753	410	543	678	31	525	814	58	41	549	440	74	464	921	856	812	584	326	295	423	871	398	294	819	537	30
203	465	758	828	565	969	292	786	455	732	423	658	821	447	703	550	666	499	458	673	294	799	940	93	290	69	0	166	703	74	388	529	837	131	665	112	893	904	658	735	708	824	458	262	234	511	792	402	910	434	369	759	169	934	40	300	25	89	796	943	901	919	542	735	547	884	414	939	767	21	475	685	639	35	30	604	833	764	664	219	889	265	406	680	547	491	528	119	386	675	464	653	721	69	673	421	917	32	462	102
918	733	3	844	384	61	781	925	876	523	200	695	897	947	794	562	923	567	962	324	507	352	347	687	523	539	942	0	894	900	467	207	374	601	209	516	584	76	683	875	818	144	704	824	305	332	697	697	916	920	842	694	388	489	88	269	182	146	967	356	177	603	39	335	81	61	196	41	801	915	9	148	128	862	579	299	943	107	359	927	237	363	874	138	733	411	858	279	765	175	335	81	673	414	494	512	634	922	868	582
925	631	434	99	771	685	813	656	848	1	397	268	566	961	154	663	607	688	557	727	568	416	47	5	646	231	434	33	0	324	804	940	96	805	869	530	666	740	555	217	899	18	549	524	827	631	670	929	609	415	48	440	288	420	438	368	873	371	237	905	383	542	222	547	453	223	428	801	707	713	584	441	598	959	929	941	592	521	732	152	205	73	814	928	17	640	214	426	140	619	615	32	294	750	572	644	289	969	974	656
591	275	607	683	258	538	73	138	304	202	516	244	501	697	613	503	35	637	712	797	879	753	345	970	624	691	626	616	671	0	766	505	539	670	756	608	327	913	370	247	702	838	820	114	297	145	870	260	105	304	859	435	658	108	366	189	747	670	939	526	903	490	781	32	368	309	487	436	948	288	859	854	895	264	897	956	725	665	23	50	419	296	270	94	712	5	367	9	790	429	723	659	642	98	670	185	21	858	73	945
16	147	201	288	923	793	355	831	407	399	218	674	455	930	211	915	295	714	468	902	276	691	588	874	555	48	960	412	436	114	0	898	837	64	534	227	497	799	392	69	335	796	970	926	894	140	902	265	285	483	552	716	780	459	287	123	677	692	420	220	178	84	113	266	126	45	125	273	339	187	850	224	159	246	164	818	212	907	450	563	259	867	849	510	542	403	541	865	452	15	301	597	184	140	332	299	702	646	965	621
627	277	442	330	851	671	915	351	724	960	813	654	853	513	864	361	732	230	631	348	391	29	572	796	261	372	831	536	645	87	520	0	455	869	330	566	838	362	837	29	397	385	715	199	113	673	591	102	348	171	150	462	900	542	512	299	88	551	355	520	669	185	449	916	14	819	113	214	753	942	307	149	757	422	402	345	443	373	690	950	66	924	738	644	304	60	551	319	658	235	708	301	265	722	732	652	114	449	319	185
474	69	897	737	779	79	223	723	464	723	193	719	511	406	51	843	554	423	435	468	847	477	776	707	372	98	274	882	844	679	766	600	0	344	33	374	811	301	197	159	448	18	360	658	196	422	124	120	5	81	681	194	219	967	312	357	448	222	551	922	191	797	886	445	889	587	607	813	463	628	376	548	651	332	834	901	420	100	620	162	311	98	333	126	432	904	851	214	676	119	839	169	136	517	261	99	309	356	646	452
663	176	81	337	184	816	638	418	349	604	317	288	519	616	49	725	164	228	762	173	301	537	385	192	366	211	360	37	202	240	114	256	249	0	964	520	204	409	576	919	641	853	814	173	224	433	509	540	583	679	294	751	394	565	171	777	580	95	381	135	448	810	515	675	83	796	79	221	894	30	876	374	534	259	432	107	482	969	164	791	865	687	78	247	463	854	134	948	960	356	881	827	823	729	918	145	257	197	671	257
177	747	42	734	242	789	121	489	356	150	940	196	738	340	913	1	555	107	203	699	266	417	625	650	175	691	187	844	520	212	956	471	213	901	0	518	622	367	631	877	821	236	965	197	130	338	911	248	169	182	652	448	227	958	577	919	78	204	268	327	429	35	462	468	641	595	697	81	693	43	487	167	912	173	152	237	811	15	888	743	818	8	289	553	174	369	226	839	404	160	868	99	165	706	741	666	342	643	223	552
86	167	683	788	19	62	427	573	204	360	100	191	217	601	522	804	959	408	25	495	523	883	8	9	783	444	964	449	189	82	671	897	27	814	302	0	71	342	577	105	585	507	169	902	642	755	728	108	779	260	799	907	149	731	904	544	917	951	461	102	157	237	199	896	798	860	568	733	881	513	960	178	75	345	666	781	245	251	952	716	144	681	342	333	265	585	618	862	939	374	861	333	640	780	31	832	511	947	927	951
160	421	357	927	491	284	808	194	823	30	122	249	274	534	674	934	846	897	872	616	452	299	425	748	90	938	292	512	696	54	791	434	691	728	300	887	0	522	495	209	436	17	685	768	839	828	148	180	804	510	524	697	860	50	115	570	39	775	704	467	761	825	711	486	431	188	832	932	554	272	734	163	532	208	85	648	580	689	869	731	159	572	515	262	230	399	823	474	151	876	877	739	8	658	471	815	856	785	807	220
616	705	289	91	915	5	926	250	823	591	855	622	721	563	456	484	818	764	218	445	804	74	270	218	28	936	596	744	615	850	761	662	593	717	596	60	65	0	795	854	146	509	240	618	251	239	152	810	28	492	571	219	99	414	429	508	438	583	432	835	797	434	576	685	469	57	105	312	258	762	578	429	538	878	659	814	151	848	339	609	590	505	587	206	457	918	960	39	633	658	834	391	655	791	721	429	777	447	769	519
32	486	483	595	316	593	967	239	780	15	757	620	671	658	822	3	200	843	541	688	82	543	192	132	354	361	533	932	366	152	148	203	845	509	529	342	683	267	0	365	730	621	932	199	68	488	747	437	725	264	385	17	150	596	38	826	899	896	907	376	406	539	99	181	880	225	78	813	344	440	348	428	801	848	86	452	245	592	447	248	910	171	125	481	109	753	950	138	315	11	534	253	302	505	534	111	187	607	246	675
25	139	169	928	210	857	907	679	648	229	572	651	723	685	206	246	335	434	140	712	337	139	14	695	972	103	290	606	510	585	249	405	617	740	183	601	415	417	738	0	144	343	150	677	344	239	149	388	775	104	151	157	544	442	223	362	289	36	582	544	549	220	503	120	903	50	224	450	152	32	121	161	400	376	82	871	281	433	941	338	318	767	644	188	575	317	383	840	433	781	75	362	102	785	484	396	390	332	237	240
441	318	824	148	659	491	723	112	663	170	35	391	577	769	893	907	925	813	36	853	442	216	503	140	752	822	191	620	963	793	891	923	105	51	605	362	168	240	758	34	0	917	915	321	387	350	231	503	459	662	187	145	848	323	964	553	783	913	290	4	705	711	951	30	494	588	387	909	812	377	884	29	612	918	677	693	865	383	743	221	211	749	291	693	450	255	660	962	84	480	103	829	89	159	688	508	147	254	312	11
377	40	919	231	560	361	657	658	138	619	588	407	203	626	47	454	354	364	963	317	432	460	852	925	354	698	274	900	38	70	620	253	582	24	818	180	973	90	330	214	684	0	211	534	961	517	141	136	593	480	557	275	251	183	743	72	354	327	393	706	763	593	495	395	433	520	969	588	763	385	235	973	860	559	173	35	452	549	53	555	718	647	495	574	310	621	449	741	669	23	166	110	118	664	368	348	353	122	759	12
795	739	496	811	847	563	72	94	1	210	463	928	551	49	259	968	149	629	578	184	557	87	725	510	668	367	555	29	82	290	489	838	589	898	266	708	251	689	919	954	539	814	0	858	375	420	409	260	614	418	858	494	880	829	769	398	132	971	160	828	226	810	2	962	405	50	194	659	621	604	546	162	607	652	632	13	692	921	919	573	746	643	453	443	427	365	890	803	176	786	33	518	794	500	331	888	608	101	553	856
488	91	556	571	853	598	684	570	367	446	662	692	461	770	859	401	187	577	577	465	625	394	117	467	921	656	299	3	963	553	25	342	950	444	233	278	840	354	950	617	466	843	851	0	831	868	826	96	403	626	953	46	778	853	537	163	278	46	488	944	456	679	488	750	710	748	532	334	684	311	402	10	361	604	191	603	739	134	1	149	904	520	108	297	529	1	31	533	564	662	105	672	577	890	640	506	785	479	74	47
25	15	688	761	790	569	292	769	201	77	27	875	116	288	168	719	484	15	205	609	302	851	153	347	286	86	708	489	280	960	62	715	14	339	413	632	360	773	576	281	631	862	50	708	0	748	809	69	565	599	398	119	539	212	587	449	575	677	646	534	474	762	250	853	4	764	813	104	25	899	127	379	721	754	64	388	846	121	1	930	707	65	81	398	401	274	29	908	928	720	924	248	713	190	301	382	582	534	797	455
668	509	641	151	168	218	427	542	670	228	796	286	778	251	33	566	577	782	217	502	452	66	859	516	170	717	925	691	118	771	190	875	233	227	700	43	378	695	638	469	647	514	518	529	162	0	860	518	746	221	691	883	142	953	436	678	460	860	886	539	954	485	268	77	886	540	88	938	851	264	582	85	525	348	735	88	112	171	219	373	471	892	881	158	952	18	855	481	572	891	362	951	910	973	746	784	908	453	557	962
404	550	968	115	364	567	188	517	389	77	138	327	218	565	539	873	461	601	837	710	503	695	253	611	151	665	457	729	100	834	474	701	229	24	655	307	781	688	493	902	48	686	78	641	558	527	0	766	518	197	378	190	108	462	746	808	651	858	508	749	316	301	476	821	589	442	26	362	546	546	18	795	963	1	943	810	106	844	905	662	359	464	153	101	321	378	329	202	520	277	892	590	324	834	238	946	448	226	914	700
669	771	783	192	579	708	402	157	257	828	360	949	882	104	836	144	954	46	965	152	616	333	525	80	872	609	740	395	324	323	589	57	885	417	744	557	490	956	777	727	654	242	509	742	402	742	554	0	451	14	277	709	27	375	637	371	39	368	245	956	230	91	38	606	392	757	854	725	836	236	137	266	281	140	540	63	487	457	314	733	721	212	383	605	350	838	118	878	402	564	656	706	257	792	739	283	932	896	374	291
88	386	793	657	917	462	937	189	44	497	279	808	851	710	434	686	99	956	773	758	443	737	856	377	940	915	780	402	127	707	584	202	929	257	165	482	333	538	147	586	667	426	383	691	855	124	835	866	0	671	206	179	394	572	104	344	640	904	341	455	876	583	786	795	650	205	491	54	273	804	392	951	103	371	222	779	451	408	61	274	284	701	588	499	2	896	934	477	275	459	436	655	443	808	808	61	467	44	899	420
315	969	3	295	366	714	454	919	868	361	867	729	890	365	438	234	481	583	749	315	226	157	661	736	711	352	953	180	329	971	806	702	261	341	956	599	593	141	534	548	569	653	726	275	22	660	328	666	217	0	27	949	112	59	501	321	484	698	423	117	691	753	951	779	398	407	894	355	88	715	72	346	537	612	122	450	390	374	348	854	847	867	809	795	259	40	271	330	817	281	420	891	449	882	561	939	681	535	14	329
34	29	798	819	375	85	422	952	583	618	336	599	344	219	824	556	165	52	24	572	361	682	546	131	323	612	150	918	336	563	197	52	878	906	638	425	345	796	524	301	530	237	852	427	57	147	94	286	954	71	0	448	836	431	410	153	121	619	868	271	98	809	783	462	339	105	275	841	60	817	254	103	966	3	599	829	428	516	468	640	773	769	840	111	473	276	461	935	118	101	931	302	151	768	419	907	206	744	948	745
718	903	220	780	57	391	350	352	562	701	793	221	164	278	574	774	304	138	813	83	545	605	138	578	678	966	865	778	370	265	239	896	936	125	582	539	768	349	242	335	912	305	551	824	675	698	393	504	269	309	730	0	617	160	711	220	217	587	826	661	154	224	210	291	690	404	928	215	474	398	68	567	922	973	884	930	202	92	833	806	972	900	820	411	411	215	69	47	207	214	187	322	17	466	142	733	198	855	376	583
223	82	454	479	85	20	67	197	907	836	287	800	170	151	938	754	467	149	388	254	229	393	884	771	837	702	634	866	214	839	62	534	893	460	378	631	39	684	548	432	727	235	386	929	183	895	193	218	915	114	400	66	0	19	559	570	936	137	7	97	224	311	4	169	948	575	780	12	745	792	128	322	4	383	897	42	610	693	242	625	415	834	676	792	688	595	374	647	754	705	404	389	552	410	261	873	305	407	826	742
458	686	189	621	621	385	744	919	129	915	313	372	815	493	833	282	287	182	616	118	769	395	18	643	745	698	588	519	234	487	393	232	276	84	22	712	404	317	279	183	973	170	842	185	245	35	550	614	212	553	389	594	841	0	196	302	57	824	795	79	172	331	363	913	756	557	893	283	170	205	264	129	621	48	119	342	501	934	721	830	324	52	100	862	836	148	314	750	368	320	35	58	885	963	770	850	540	208	727	310
83	771	65	646	102	760	11	551	713	969	443	370	751	694	18	210	667	771	167	331	737	214	355	618	171	232	929	472	28	659	813	859	661	63	47	973	970	904	599	540	797	887	203	517	861	170	959	680	866	174	951	236	194	739	0	770	119	713	646	845	575	245	600	711	797	435	803	239	409	427	745	770	12	100	624	851	340	780	96	916	223	31	60	611	886	733	264	118	291	102	145	289	65	574	539	511	338	189	217	629
414	209	679	741	237	93	734	460	898	495	403	224	432	928	95	139	601	224	843	340	463	783	955	886	380	527	185	13	372	701	700	900	566	414	235	714	778	225	235	867	814	697	587	829	932	390	527	855	527	962	594	336	752	229	383	0	28	707	484	302	754	404	928	732	711	74	762	825	686	280	33	219	187	831	674	420	770	130	529	481	477	672	81	470	690	40	55	383	114	171	81	950	12	891	10	625	8	161	873	358
800	691	617	17	670	738	24	290	35	353	670	763	548	597	248	194	61	497	960	740	610	734	938	724	404	458	450	416	124	569	343	93	212	128	222	272	257	729	531	942	48	882	276	946	85	128	852	417	425	899	377	11	2	349	37	384	0	768	136	3	724	15	689	134	365	556	630	112	270	530	428	305	103	376	770	327	967	238	257	914	661	417	34	126	792	438	794	176	387	885	434	254	846	121	398	389	818	421	207	17
486	464	540	743	566	744	573	568	695	161	185	542	111	809	431	103	519	681	182	941	737	913	260	400	356	496	557	409	72	758	462	354	34	842	534	259	131	741	165	515	897	449	506	230	449	412	929	778	93	965	538	310	620	911	952	633	300	0	116	687	536	440	276	655	186	113	166	379	81	134	197	131	263	757	856	229	853	730	813	474	356	464	489	775	667	848	307	799	11	771	616	206	738	670	960	406	251	778	460	440
122	393	959	355	515	876	196	932	88	53	359	335	297	152	49	31	862	208	908	621	454	139	584	560	960	596	444	626	85	342	969	909	345	202	516	522	125	444	296	609	736	504	793	226	120	483	37	644	932	507	673	788	323	324	865	449	478	230	0	406	360	627	615	377	525	812	968	506	832	921	888	21	42	598	747	368	385	365	821	423	345	5	552	783	234	839	477	25	830	787	118	823	299	344	333	910	25	970	561	409
285	24	611	242	168	530	85	2	274	711	611	294	521	701	203	251	673	215	639	961	721	363	98	122	325	163	709	863	52	340	598	122	578	375	919	438	206	753	931	98	161	321	298	582	295	474	245	847	909	751	500	116	76	244	44	816	262	229	404	0	718	62	419	215	689	303	899	846	411	706	171	116	19	834	276	542	57	267	924	545	377	631	385	464	911	736	818	33	198	295	765	686	825	596	726	562	373	79	650	519
463	654	801	15	825	327	317	263	886	646	714	427	948	789	50	929	799	127	59	596	87	515	859	534	641	871	655	423	487	917	737	969	470	944	431	479	358	583	633	543	566	197	51	433	376	813	746	593	875	297	691	357	18	403	865	493	180	287	538	590	0	800	502	100	209	93	675	491	377	953	17	699	656	673	52	646	959	792	658	283	595	327	25	176	739	308	389	249	49	861	68	138	425	97	961	613	919	349	441	614
162	370	49	421	907	189	341	394	120	961	138	244	310	922	41	93	882	502	582	121	209	910	358	404	123	349	29	253	206	457	391	653	131	784	174	701	155	374	861	722	427	825	669	358	904	951	641	901	279	841	167	659	628	594	810	558	458	75	216	582	842	0	573	122	953	884	873	354	694	242	184	353	876	133	802	40	204	585	267	568	192	696	374	439	598	883	518	649	956	684	702	569	262	314	508	711	730	541	77	43
541	557	241	344	844	262	440	396	334	739	280	411	276	561	211	692	293	169	894	574	264	281	540	819	377	677	249	934	907	554	782	38	622	707	80	187	941	132	270	863	862	135	519	128	492	3	318	816	706	884	160	782	722	574	429	204	391	462	81	201	748	887	0	264	564	167	362	801	783	733	31	453	649	602	35	231	420	928	443	227	181	673	927	647	114	962	775	812	49	952	66	806	131	516	902	146	767	863	159	92
762	299	138	907	459	507	779	41	269	371	570	42	163	900	680	872	924	556	881	958	320	810	823	145	595	385	391	904	128	736	786	952	374	7	351	648	742	75	167	197	344	432	451	713	329	163	208	899	612	657	35	905	90	483	532	361	6	178	731	958	919	602	33	0	804	667	744	584	449	720	181	594	187	945	457	669	434	22	133	656	526	103	12	934	931	816	121	200	373	853	559	15	532	606	832	696	251	567	308	726
417	503	165	762	422	660	237	284	388	247	171	93	121	553	142	604	859	471	715	353	518	132	844	6	157	388	93	497	308	412	23	582	76	789	686	22	536	600	758	195	237	192	724	540	426	254	883	933	539	153	915	712	149	11	141	746	896	433	968	337	541	569	194	666	0	473	175	313	946	9	140	622	70	544	25	691	607	124	302	75	640	817	185	420	689	939	778	457	574	805	30	44	15	870	542	369	126	3	476	678
584	278	625	533	238	725	964	485	110	539	749	453	672	188	641	172	78	513	202	41	847	284	615	524	156	834	506	162	601	530	483	779	626	214	905	416	663	828	396	365	464	563	265	565	844	175	296	287	468	590	26	884	393	291	578	547	619	485	732	264	727	159	77	640	461	0	196	595	569	575	185	659	706	344	18	97	665	24	313	400	369	934	388	843	688	62	60	875	750	4	28	669	669	518	90	807	602	777	174	629
578	863	530	558	743	611	880	682	718	738	72	763	565	735	962	454	419	734	250	560	611	142	508	110	763	516	737	148	483	360	521	70	256	801	775	329	911	372	892	82	495	40	784	216	840	608	531	856	903	700	685	259	116	652	126	378	265	114	854	17	194	296	485	716	650	960	0	305	416	717	235	538	289	925	51	914	99	304	127	687	711	302	886	585	894	371	78	104	239	784	154	466	4	730	795	116	638	569	256	371
18	51	181	468	393	321	163	403	147	249	296	73	370	231	74	475	208	272	39	824	869	101	180	803	618	356	488	401	552	907	760	755	352	420	508	723	329	933	612	460	748	113	134	497	873	141	383	137	490	482	703	207	121	680	944	439	694	385	644	617	7	512	270	888	530	152	233	0	427	626	555	765	336	921	645	409	185	746	196	568	211	699	863	65	569	906	804	287	3	587	830	842	835	392	102	275	641	777	706	790
133	440	16	385	165	629	581	875	480	281	262	757	882	198	325	15	107	267	37	347	684	79	335	44	877	630	280	865	545	276	377	107	383	741	670	639	112	107	745	15	600	531	561	153	635	439	556	601	350	190	468	644	414	739	597	886	123	198	361	575	75	970	419	553	204	345	801	963	0	905	746	45	338	833	678	264	77	951	367	15	277	217	869	93	518	234	493	323	185	183	14	139	337	807	269	903	773	963	893	425
955	330	238	506	254	895	563	646	275	152	13	782	159	641	370	363	138	661	840	374	39	948	375	938	732	194	4	721	37	181	246	613	504	905	769	569	16	381	107	420	564	109	457	740	617	32	417	836	431	484	681	796	218	646	363	336	122	606	586	612	744	540	882	673	509	282	404	547	916	0	772	740	681	336	20	783	740	960	137	663	621	198	289	904	383	677	615	217	212	471	293	131	515	315	221	908	365	141	899	384
125	542	209	647	550	465	342	934	565	426	719	254	908	113	926	458	454	654	255	973	308	290	611	274	892	102	839	614	482	73	217	514	426	780	387	647	736	52	315	333	536	632	207	68	624	597	333	963	765	566	89	28	38	154	349	570	616	434	920	383	868	815	426	270	617	307	464	526	445	963	0	243	472	462	110	403	263	287	44	583	464	631	291	567	602	800	387	407	529	428	217	173	534	317	61	536	395	616	157	626
194	179	288	180	948	49	958	41	183	377	769	546	533	350	79	795	222	912	764	769	347	81	472	666	430	854	651	219	718	812	183	473	928	799	383	607	218	282	486	972	397	126	592	204	645	131	214	414	504	958	549	515	807	297	403	880	501	164	719	839	638	782	963	30	402	226	387	829	243	92	918	0	53	55	106	698	693	478	688	414	294	307	656	944	158	44	793	505	935	683	712	455	205	577	416	700	590	589	344	421
935	52	932	405	539	788	294	819	792	297	57	213	234	724	231	713	310	470	672	517	118	185	944	331	652	414	560	858	864	182	830	749	446	40	948	517	325	111	43	732	794	670	848	802	603	245	308	973	564	946	464	14	444	529	309	385	104	330	267	619	81	193	10	303	228	853	918	333	310	43	43	583	0	667	506	662	404	497	68	594	527	967	909	567	359	570	563	846	526	915	733	638	542	72	118	382	377	348	797	510
787	838	646	873	555	339	734	195	593	79	568	1	21	719	912	233	803	71	754	174	951	914	878	258	80	151	338	658	240	558	587	122	388	272	21	78	486	92	131	872	25	618	906	16	699	666	196	64	163	184	966	352	75	567	300	333	914	280	442	124	82	727	375	409	844	481	951	607	125	237	819	565	72	0	161	865	275	265	475	765	810	173	599	828	593	211	592	929	466	50	524	285	632	544	717	266	359	50	115	131
192	289	900	742	82	64	461	298	481	495	159	428	13	915	152	682	871	527	152	895	289	902	378	428	840	759	418	668	719	265	811	780	912	192	501	352	677	917	870	446	391	376	41	811	836	737	458	970	961	927	319	583	746	821	4	72	218	814	489	23	175	755	590	459	120	773	115	73	47	970	881	300	317	6	0	591	277	402	879	295	605	674	231	576	312	859	516	611	147	532	58	776	725	1	759	903	817	200	895	481
434	219	466	454	242	170	920	766	89	53	411	795	344	932	761	303	404	747	508	948	565	776	406	427	277	686	62	339	381	284	709	694	193	111	89	42	444	44	663	113	736	146	122	226	968	409	200	973	474	452	542	293	71	619	357	313	401	562	311	391	416	97	514	721	16	307	692	84	872	613	943	29	392	376	957	0	705	190	137	500	715	166	492	181	266	53	582	627	316	461	645	413	654	286	14	903	708	409	791	689
495	452	824	335	22	813	861	443	527	200	517	808	105	408	132	648	258	51	545	778	434	615	410	720	425	136	382	573	563	658	29	899	353	350	288	60	753	102	740	835	36	878	821	429	567	758	476	66	673	364	274	849	943	820	865	867	811	777	162	742	744	515	310	60	580	485	478	542	385	20	300	113	390	363	406	719	0	51	842	324	363	379	323	936	278	593	31	271	544	360	772	193	149	953	463	369	194	956	852	643
230	755	176	545	491	65	700	628	725	267	645	176	432	485	609	151	621	419	751	782	769	646	917	185	723	569	489	545	86	429	846	217	576	785	664	231	810	779	157	454	339	282	583	899	104	964	878	538	350	924	52	248	223	68	401	770	552	139	803	881	44	610	795	734	905	215	671	865	763	140	240	632	442	561	358	907	607	0	689	823	248	743	795	820	236	555	652	67	92	359	366	508	640	141	365	629	151	613	323	689
484	690	962	599	941	762	518	911	720	301	63	630	753	151	209	227	403	339	512	395	706	469	571	549	259	391	166	243	321	676	405	72	618	616	703	841	620	491	781	835	270	455	842	951	259	83	143	149	849	78	932	223	73	279	429	308	967	854	801	817	55	301	631	344	915	760	849	867	292	198	141	796	902	667	563	325	644	870	0	25	752	591	46	865	593	362	485	255	902	349	188	961	958	934	845	441	787	386	693	478
721	427	237	653	613	854	776	246	167	70	864	750	369	783	307	853	456	963	301	913	324	864	433	294	255	939	865	939	963	851	839	718	30	30	460	809	766	590	262	814	776	743	93	550	604	302	884	802	913	812	324	298	672	172	440	858	806	222	937	155	61	772	162	189	326	725	293	360	793	909	144	758	415	256	225	590	687	346	513	0	490	196	793	358	264	930	832	333	499	149	798	634	23	418	843	23	942	456	173	87
163	324	300	543	961	302	308	843	207	794	479	652	831	467	221	345	661	80	10	176	454	566	169	880	213	621	630	433	209	489	425	854	18	262	473	626	604	464	339	121	829	425	396	63	207	820	388	91	626	735	211	125	592	174	117	759	24	191	503	955	160	588	850	392	322	422	75	872	230	208	397	785	129	269	470	639	103	810	210	282	0	966	627	23	211	287	491	418	454	273	680	227	655	415	292	242	62	135	173	533
709	163	336	193	738	197	302	720	52	691	952	624	868	564	120	171	461	766	458	228	407	463	13	642	781	598	6	620	711	296	255	733	939	176	285	963	454	6	648	697	21	637	748	67	693	575	509	289	265	638	902	471	596	316	896	577	5	583	866	194	13	432	874	664	39	22	532	317	690	287	964	294	331	476	448	512	535	183	647	449	308	0	746	69	637	160	297	610	805	176	349	635	210	25	794	798	704	542	781	607
719	629	47	128	453	266	698	459	615	120	578	135	431	780	360	3	720	722	896	873	665	939	107	491	829	836	63	683	859	687	723	209	590	554	698	41	150	948	634	155	598	610	907	856	728	361	950	570	718	956	101	250	8	55	635	681	529	307	39	744	683	503	557	665	225	902	327	756	349	449	562	646	229	543	715	408	649	835	273	683	231	597	0	30	860	961	811	8	449	754	286	108	134	933	831	232	247	275	480	302
764	886	524	903	355	931	523	54	953	940	216	251	913	684	864	65	459	713	296	136	881	334	368	974	17	470	896	32	433	521	253	55	140	334	26	509	220	966	218	699	192	302	161	232	229	796	897	598	556	381	350	603	961	750	8	944	272	14	900	522	712	593	719	285	340	528	378	341	932	504	13	476	562	873	211	745	663	557	179	744	887	965	900	0	603	590	11	120	248	49	294	257	104	172	677	908	719	224	17	354
231	550	909	674	107	535	781	110	907	685	911	867	879	798	152	38	20	909	938	215	538	379	539	395	612	415	726	18	373	219	235	407	185	946	972	50	805	852	61	700	484	888	693	837	88	372	131	103	210	25	388	857	365	959	841	713	880	295	696	972	649	765	967	311	448	134	375	868	90	440	598	143	747	554	654	277	797	844	598	329	11	135	849	746	0	39	51	383	53	438	210	15	388	45	798	37	255	287	328	622
463	242	705	837	808	645	364	846	445	819	901	525	312	815	930	901	925	508	73	788	585	601	578	563	354	696	957	822	302	778	906	369	519	138	83	970	58	377	943	89	558	719	834	45	595	400	827	800	682	562	145	651	358	594	741	450	148	360	109	352	276	300	874	825	409	783	891	559	762	947	924	722	482	90	418	322	483	252	628	234	561	262	867	858	666	0	743	170	630	297	125	302	114	956	124	781	566	440	623	233
105	937	942	556	912	121	854	198	155	761	327	562	393	57	484	338	527	396	708	750	746	934	12	484	936	45	193	316	626	383	103	158	396	151	58	608	487	191	570	455	927	583	636	92	640	268	926	953	322	462	520	523	407	195	379	777	249	867	664	955	544	195	529	335	305	82	646	216	758	768	879	787	756	806	272	761	929	271	355	422	726	322	221	769	520	43	0	270	746	71	262	230	119	298	283	670	446	415	263	453
12	420	115	545	412	505	903	882	277	113	822	882	726	302	121	391	768	307	860	207	520	15	563	24	943	63	754	206	386	569	16	325	119	956	36	139	163	719	174	519	50	931	390	633	261	616	854	289	175	707	714	295	359	271	268	784	808	39	734	791	17	319	561	26	972	370	900	391	41	276	702	452	242	93	421	579	67	196	225	358	857	835	305	164	156	174	336	0	451	354	356	490	206	714	171	641	39	800	798	762
796	440	515	603	615	577	866	226	572	68	438	62	197	914	748	574	426	721	610	330	868	123	721	161	738	271	972	540	827	729	328	423	271	97	368	562	118	330	155	527	121	258	472	714	196	146	204	935	668	957	340	523	57	27	15	403	467	257	829	756	50	837	373	941	713	127	871	249	486	921	389	46	67	588	368	310	73	807	266	15	154	444	190	246	719	928	725	723	0	63	691	751	148	98	77	248	83	71	962	100
656	724	35	28	634	424	865	338	688	663	250	460	240	714	75	184	800	305	336	400	959	794	532	531	568	86	496	399	57	891	178	878	773	448	834	121	276	838	366	125	818	51	476	422	871	404	515	305	718	450	55	949	824	577	147	793	46	601	880	570	763	800	11	211	241	261	438	81	395	882	187	934	334	948	909	306	442	828	392	573	81	917	637	456	956	30	304	344	937	0	445	426	517	521	22	819	820	938	857	733
501	809	567	83	534	513	817	702	732	794	465	665	262	317	36	654	711	801	616	387	449	385	778	637	840	944	830	876	812	362	72	91	611	354	833	886	258	298	900	924	397	515	554	974	859	199	830	494	329	777	740	771	837	90	640	906	878	168	235	62	183	98	596	603	911	290	545	433	215	398	646	745	719	326	114	914	408	861	703	159	728	82	603	821	187	136	196	441	707	707	0	831	613	190	753	646	7	119	8	714
317	141	755	539	68	844	928	293	956	934	958	612	723	250	537	350	451	446	732	904	887	838	42	539	572	558	770	811	931	196	149	460	472	392	545	714	704	789	862	468	604	757	51	929	347	353	825	461	438	217	455	452	112	944	240	678	369	95	431	684	651	263	215	442	840	228	126	300	821	686	541	605	344	665	159	233	934	541	365	818	138	41	148	909	615	130	649	833	659	729	221	0	276	831	76	502	254	816	516	553
738	285	532	834	439	188	441	586	201	836	333	715	331	77	498	879	238	713	16	562	698	759	194	926	894	608	769	961	577	253	266	595	732	171	236	371	624	944	775	866	825	131	13	472	78	151	283	289	436	447	682	211	92	6	807	747	688	805	813	924	419	615	731	556	55	212	846	802	776	231	918	539	123	30	122	887	428	310	275	728	493	369	378	613	629	772	15	222	172	553	188	758	0	299	267	810	699	249	844	460
971	974	955	970	655	950	475	675	924	292	973	141	678	152	907	720	890	646	479	919	536	862	502	830	523	810	368	196	385	611	781	402	442	642	168	564	734	710	68	961	519	193	394	698	486	223	284	582	125	608	219	100	879	895	513	495	13	774	122	558	767	86	897	839	58	341	274	604	254	122	147	157	601	20	237	938	712	354	681	302	569	899	754	19	326	584	914	534	481	33	91	261	208	0	746	959	270	40	791	703
595	466	877	745	661	365	178	757	272	275	761	57	405	581	538	625	208	914	885	298	270	597	392	457	665	199	241	884	569	959	707	567	269	148	302	515	137	374	206	80	214	94	8	44	252	112	132	200	692	459	731	832	234	254	122	835	195	261	591	628	880	276	738	730	671	512	925	244	340	246	53	282	775	649	974	465	619	103	7	899	149	716	152	322	109	78	98	571	792	45	605	893	361	525	0	557	66	594	587	323
905	243	328	620	53	884	607	311	663	473	810	543	369	626	254	484	878	625	713	261	449	601	634	863	710	663	175	854	777	710	599	783	871	405	724	119	394	202	706	17	26	236	29	204	409	607	250	39	267	12	553	842	166	443	172	324	193	222	536	870	25	245	597	601	106	270	822	279	911	617	241	365	964	689	871	242	902	762	520	727	620	453	880	1	611	429	33	327	731	772	818	51	135	577	6	0	800	807	156	725
262	120	162	689	963	248	461	32	364	241	967	227	901	142	408	219	194	293	829	131	173	662	349	356	616	138	898	739	972	681	769	818	106	443	204	698	628	667	74	552	473	209	46	35	328	874	424	5	452	399	51	579	247	245	662	636	263	141	905	567	445	185	725	62	312	54	374	813	969	780	768	933	891	569	636	294	705	456	590	797	213	887	384	730	140	317	785	264	774	878	623	819	589	481	124	782	0	174	494	335
418	342	315	111	634	75	947	829	448	181	433	665	544	56	775	560	840	708	651	872	109	618	710	616	169	648	498	625	486	222	342	532	932	299	335	802	264	801	503	969	302	64	554	302	512	540	325	575	264	478	923	99	228	248	89	37	702	27	226	475	847	939	180	422	591	238	335	48	738	375	792	272	419	935	737	390	609	175	55	199	183	905	296	518	727	486	819	770	537	895	737	800	754	9	813	759	357	0	234	780
758	669	865	465	454	837	924	268	294	224	891	801	395	687	672	858	658	950	624	538	408	518	251	859	256	160	286	203	712	406	845	428	646	300	644	937	526	891	958	739	222	919	741	297	656	264	710	741	810	31	300	421	134	824	915	177	254	475	312	706	82	261	886	445	942	570	52	300	219	457	390	297	221	14	771	289	72	779	10	72	885	789	701	972	135	925	831	454	463	582	64	497	739	523	614	321	778	64	0	556
767	739	217	918	630	536	639	923	346	423	755	547	56	377	808	397	105	500	556	348	526	555	225	145	93	964	271	783	177	421	605	232	41	302	281	802	111	697	588	185	733	910	818	427	659	941	703	607	655	769	276	854	275	400	962	174	21	599	956	517	966	708	513	710	667	934	655	863	672	401	216	332	359	864	758	648	114	861	467	235	348	262	451	750	248	570	659	925	178	239	150	690	557	85	412	789	112	947	618	0
