A	B	C	D	E	F	G	H	I	J	K	L	M	N	O	P	Q	R	S	T	U	V	W	X	Y	Z	AA	AB	AC	AD	AE	AF	AG	AH	AI	AJ	AK	AL	AM	AN	AO	AP	AQ	AR	AS	AT	AU	AV	AW	AX	AY	AZ	BA	BB	BC	BD	BE	BF	BG	BH	BI	BJ	BK	BL	BM	BN	BO	BP	BQ	BR	BS	BT	BU	BV	BW	BX	BY	BZ	CA	CB	CC	CD	CE	CF	CG	CH	CI	CJ	CK	CL	CM	CN	CO	CP	CQ	CR	CS	CT	CU	CV
0	780	375	425	178	645	195	760	916	173	17	940	954	15	581	318	596	651	225	490	503	479	138	645	759	551	71	361	580	417	388	888	577	262	694	720	439	963	616	507	578	860	603	387	414	679	835	105	848	684	325	869	828	423	931	548	467	266	58	56	697	436	63	328	582	4	2	674	124	936	597	844	871	193	738	271	480	642	33	817	161	176	39	111	810	165	204	36	719	454	431	225	482	429	68	781	602	554	175	106
119	0	577	397	905	197	964	856	756	428	767	144	802	827	235	970	500	230	145	607	479	95	480	661	716	708	208	60	806	223	19	572	458	360	257	562	300	154	222	174	844	742	831	558	84	74	915	535	978	408	48	266	7	136	357	375	500	799	578	372	123	980	518	199	846	714	429	37	847	502	687	847	732	438	419	874	139	216	697	912	525	511	338	870	637	120	488	441	508	735	491	179	349	92	743	766	582	886	21	146
791	366	0	298	214	613	225	853	174	817	945	311	610	777	748	158	740	435	36	86	886	88	424	869	329	374	920	499	978	767	832	409	569	376	591	218	685	148	414	967	125	175	966	738	924	621	502	488	789	429	209	488	191	812	229	657	754	935	21	926	433	346	520	836	488	570	416	759	807	87	19	483	480	326	974	758	791	762	372	468	672	391	308	896	898	223	216	231	919	980	521	820	708	137	593	560	619	812	78	368
380	946	323	0	681	80	677	472	393	675	40	282	677	797	729	661	286	451	659	262	264	642	579	595	54	513	866	575	447	521	667	661	887	355	526	294	312	560	95	803	453	960	681	300	797	625	914	225	262	191	634	137	602	567	781	944	673	485	130	934	450	346	375	277	347	775	240	406	91	794	453	374	882	81	744	778	333	924	652	80	916	309	756	565	36	248	490	366	327	536	535	776	551	408	740	329	951	922	566	749
155	707	310	523	0	898	30	298	525	366	447	656	500	125	319	119	457	502	751	320	314	837	496	367	331	849	941	334	51	722	520	907	510	617	618	196	736	219	623	419	874	957	376	246	98	675	669	632	504	542	135	739	307	857	537	55	652	192	416	909	634	147	392	703	196	362	536	906	376	931	829	229	845	720	429	377	469	23	685	42	45	258	613	577	618	305	51	191	716	324	344	913	770	466	444	393	933	526	25	634
405	531	42	457	654	0	691	424	366	4	901	110	782	956	456	812	37	494	196	194	556	937	12	628	553	102	277	440	602	382	763	217	494	688	682	811	348	305	388	779	402	869	686	122	414	758	801	808	255	512	289	254	769	455	901	5	781	518	743	390	369	540	266	742	847	357	341	61	548	78	500	251	648	463	191	356	767	108	643	471	466	607	121	40	64	752	874	386	769	91	26	664	920	567	108	463	55	613	547	489
682	229	853	242	15	56	0	687	938	654	506	923	894	559	636	427	831	632	511	248	128	679	552	193	903	659	42	630	891	51	414	855	194	47	583	861	238	720	489	729	356	617	363	908	110	157	501	837	819	909	898	48	950	194	772	742	550	305	322	803	857	127	551	791	140	521	550	724	177	758	4	308	375	918	569	506	335	526	532	719	244	77	314	363	52	472	506	687	207	46	532	918	339	78	502	695	101	150	259	229
841	581	635	589	775	654	588	0	282	75	224	375	683	938	627	554	976	536	630	833	412	342	371	671	907	810	529	161	869	184	709	69	666	544	231	859	832	327	295	424	801	180	9	743	941	456	20	584	522	496	797	287	562	439	544	941	351	169	445	517	215	45	699	882	588	132	286	614	286	911	326	142	654	572	731	344	721	566	263	575	234	689	682	741	775	43	642	249	430	547	273	491	622	746	860	773	210	979	509	330
72	541	164	693	440	603	881	585	0	345	164	733	393	242	576	373	158	889	736	872	696	310	134	221	599	742	577	955	97	471	41	337	399	488	99	598	644	847	493	672	447	107	852	556	474	595	162	305	346	575	170	284	873	911	769	469	966	102	401	833	867	583	577	679	336	923	178	222	216	977	291	540	72	975	647	301	550	80	702	527	206	750	961	845	535	47	169	64	320	977	643	292	788	166	228	287	331	861	633	893
213	635	187	831	300	750	505	206	258	0	595	734	197	972	10	106	665	5	376	247	700	615	491	600	384	235	920	298	328	563	458	242	763	326	747	693	441	264	858	901	386	955	321	603	393	63	485	453	801	513	589	223	417	849	290	87	105	372	267	263	739	932	80	801	722	497	58	755	785	937	71	127	88	384	790	836	292	812	945	130	896	256	698	840	927	942	893	694	930	225	662	587	154	780	435	912	392	97	968	609
401	482	662	22	508	282	242	896	347	426	0	297	698	819	725	243	885	754	139	201	429	638	802	695	148	407	451	280	563	320	876	729	123	740	241	954	896	885	6	313	258	264	414	557	386	17	644	223	940	960	324	109	816	566	63	516	228	929	126	470	585	106	316	975	229	338	405	51	685	32	960	324	423	789	585	138	111	308	660	384	380	908	365	540	538	762	808	693	503	886	745	178	233	50	495	167	143	708	308	697
853	166	813	304	426	854	551	51	355	728	183	0	253	418	918	903	111	693	549	528	941	955	508	821	645	393	365	844	291	899	328	326	346	692	776	361	684	406	879	770	813	245	921	241	427	856	834	802	296	912	587	929	493	485	941	109	422	765	389	949	88	7	188	886	218	587	310	349	220	899	644	829	853	585	447	497	166	904	856	531	215	873	864	196	693	930	499	207	84	815	142	210	344	869	380	68	367	655	606	678
290	70	511	164	76	896	95	367	976	100	658	458	0	465	143	593	799	105	440	839	478	584	59	226	47	115	338	28	40	873	419	877	527	489	682	365	283	249	530	846	405	556	111	563	381	114	973	359	804	560	440	508	710	818	653	788	803	247	198	385	664	964	451	888	939	49	428	642	198	560	960	851	543	328	445	868	268	918	506	822	968	173	246	954	290	459	592	107	217	197	544	224	700	258	322	715	842	229	190	642
486	626	637	184	21	343	246	772	323	636	345	651	771	0	428	449	798	259	413	645	139	129	619	684	620	324	390	817	787	354	590	628	166	365	702	970	133	794	925	525	75	248	244	293	292	269	686	189	625	944	759	656	98	420	285	193	732	448	939	486	679	920	812	879	708	392	452	896	605	585	400	336	917	919	219	714	30	579	918	302	283	505	21	726	532	114	390	980	688	553	1	349	365	911	960	567	491	851	57	328
36	400	180	464	472	578	456	857	219	462	185	734	977	894	0	719	932	874	255	840	297	464	400	294	195	822	115	663	937	727	131	649	712	399	209	595	879	263	50	319	562	105	861	958	828	460	106	660	770	862	935	721	582	783	564	613	747	56	584	586	388	439	348	164	279	915	22	727	589	758	61	226	318	511	398	399	804	828	343	62	435	466	294	10	822	679	137	239	750	577	71	314	347	761	211	378	175	393	256	702
209	172	290	470	253	933	275	661	216	922	741	85	696	797	957	0	849	753	790	581	569	238	702	967	209	970	265	802	235	167	774	267	947	183	471	7	128	647	929	63	645	449	732	244	876	675	607	145	386	571	892	597	709	827	332	914	335	754	296	105	416	11	163	618	131	747	277	113	51	81	470	716	794	978	355	210	622	86	482	692	474	369	860	93	716	587	900	785	752	286	775	570	503	264	767	918	807	957	490	814
860	743	305	247	68	709	274	953	646	500	593	799	932	655	620	786	0	371	250	169	493	383	638	360	68	216	223	51	374	764	966	131	800	341	445	767	613	935	110	797	508	675	130	118	495	493	710	35	609	304	178	866	440	741	980	627	759	815	876	507	738	188	107	201	191	883	201	331	137	467	600	449	520	507	721	120	468	853	107	960	494	384	89	855	956	698	172	74	492	64	823	975	462	179	343	200	815	942	449	437
267	819	288	529	9	688	652	751	835	200	303	944	644	274	266	173	473	0	365	649	574	372	163	602	725	784	257	298	343	814	403	711	236	530	683	664	395	136	777	884	961	470	631	338	385	57	680	622	40	197	299	573	944	944	530	624	929	720	341	251	41	807	240	283	560	471	302	662	359	675	790	560	835	19	97	722	94	362	173	532	261	931	616	108	324	466	77	577	50	394	96	801	840	928	477	7	848	883	378	778
507	823	25	433	818	551	835	926	648	660	921	741	373	897	602	2	761	667	0	423	36	427	22	216	511	758	692	510	140	222	341	646	955	720	51	626	593	468	45	307	680	807	792	616	979	878	7	514	72	315	259	317	281	348	350	717	536	914	13	43	795	980	624	420	291	139	403	899	478	294	33	758	660	457	517	164	231	465	188	804	403	379	641	867	271	494	151	721	117	906	708	139	550	445	764	27	377	437	159	823
729	615	474	179	97	931	335	847	852	839	891	80	751	627	447	245	704	704	419	0	815	698	942	193	571	561	669	592	19	498	439	317	500	967	288	172	252	258	287	780	971	643	907	519	333	291	379	193	583	845	683	554	180	766	131	49	58	552	125	72	895	921	980	3	929	256	243	901	259	237	207	898	800	962	584	69	11	37	55	199	562	213	415	391	373	977	156	120	233	925	608	399	779	301	749	919	247	555	887	287
586	719	484	257	483	439	221	558	335	554	768	959	701	451	199	152	328	416	709	428	0	647	279	741	441	975	774	414	296	377	392	634	855	113	161	463	440	954	295	911	671	158	201	947	260	907	112	604	105	243	684	977	255	230	571	644	624	470	553	443	52	574	421	475	146	940	226	186	265	330	374	867	306	266	1	842	622	731	107	474	155	748	314	880	581	789	632	250	10	567	196	674	193	369	706	91	691	714	365	70
231	859	410	136	110	2	45	974	588	97	409	966	827	928	298	522	608	314	551	24	170	0	168	631	976	302	387	137	131	338	203	15	456	244	417	505	745	878	356	372	540	377	554	634	233	269	649	23	424	642	202	683	769	433	902	11	716	841	711	100	502	460	508	22	729	667	857	733	919	349	39	80	853	611	935	379	475	281	318	680	397	314	242	851	189	419	438	745	372	266	956	354	686	93	96	112	810	458	926	639
886	562	718	322	211	477	747	215	271	580	790	89	386	205	767	406	16	229	278	468	320	51	0	408	412	85	837	333	701	115	659	949	738	31	362	907	946	765	693	270	101	920	180	387	48	609	633	141	25	310	200	4	24	649	68	548	480	270	338	414	719	116	361	501	253	189	919	589	980	830	457	452	222	489	891	960	106	340	868	675	238	305	774	650	391	635	675	187	915	115	424	879	170	210	230	898	549	609	864	918
123	571	606	854	888	646	922	727	3	12	332	14	678	279	861	16	398	664	909	340	567	859	646	0	788	483	960	709	976	324	286	431	7	107	142	638	632	684	392	722	178	4	178	897	963	221	221	819	507	947	191	676	255	535	174	658	323	910	57	611	669	737	374	765	656	232	550	404	398	84	386	647	813	833	906	725	801	239	68	152	743	617	175	658	310	477	473	439	444	318	705	74	513	703	593	316	315	614	39	78
368	287	334	132	606	346	71	106	740	254	867	679	876	212	750	691	564	726	456	49	713	78	490	568	0	326	67	333	391	611	401	285	238	191	347	872	450	602	475	636	568	252	109	375	758	164	398	253	149	307	319	80	632	511	125	195	686	141	599	485	785	871	690	306	300	760	568	24	941	367	326	770	69	677	227	1	27	719	585	894	19	193	888	979	537	596	686	773	534	553	290	381	189	935	706	416	167	419	391	964
706	647	701	723	105	169	792	571	747	753	920	840	394	143	177	910	957	487	287	96	742	661	24	899	436	0	506	252	177	347	31	421	310	639	668	779	708	888	5	842	810	977	285	702	659	125	668	60	325	310	917	263	348	797	264	777	663	546	467	297	926	83	131	901	871	261	578	238	744	966	6	941	31	934	758	52	64	281	760	364	747	158	41	542	395	401	908	708	887	319	575	382	613	371	937	658	335	170	645	430
816	273	587	628	950	31	72	706	892	416	152	813	203	933	442	10	527	277	211	483	106	415	69	954	210	681	0	910	77	849	674	961	787	617	640	470	357	150	336	858	595	554	375	417	503	618	485	36	874	253	350	869	871	21	737	664	746	880	227	807	530	854	13	364	470	870	869	387	874	133	689	813	644	897	632	493	155	952	738	230	953	378	91	871	34	389	470	423	149	677	653	171	675	712	657	902	706	468	972	717
422	826	187	6	562	406	609	186	855	264	659	853	157	915	415	359	932	654	802	778	832	874	418	168	536	497	647	0	185	468	437	605	116	131	202	648	443	474	306	23	734	783	310	580	378	399	840	291	805	354	301	590	380	739	821	115	527	520	948	567	813	631	465	963	381	243	663	492	775	536	764	12	136	246	357	113	754	748	472	693	134	113	611	449	537	916	359	489	759	171	724	95	53	339	270	677	953	9	18	414
959	75	219	5	447	185	771	25	932	447	803	234	520	270	232	495	548	488	464	410	7	137	279	114	674	857	646	530	0	564	935	755	374	385	789	518	241	564	364	873	150	54	677	145	642	128	679	243	359	810	109	147	858	157	532	105	325	157	634	744	44	686	878	74	958	571	834	350	696	912	541	749	286	105	412	471	343	557	694	696	315	332	324	687	237	170	12	426	499	63	372	555	440	316	648	717	561	949	275	279
673	468	691	926	573	167	116	676	903	475	594	38	401	158	588	191	325	836	78	65	720	435	653	802	936	230	44	664	960	0	156	917	269	562	576	350	852	661	343	233	534	613	974	840	883	953	812	763	387	182	503	801	362	405	775	893	93	544	511	452	35	676	646	210	513	363	710	190	180	513	220	701	933	787	323	482	222	169	157	963	348	412	897	133	932	648	763	329	71	850	506	628	796	306	584	933	922	600	732	44
695	898	123	447	568	418	751	816	481	486	892	950	398	536	350	505	944	294	117	797	496	618	147	324	652	773	271	370	12	510	0	784	216	614	540	270	718	561	790	963	786	246	330	424	218	307	744	95	315	454	966	57	485	792	3	750	615	145	577	556	35	912	551	616	896	387	176	417	707	359	47	554	74	259	596	951	444	932	560	885	390	470	745	283	374	697	409	80	211	411	940	90	568	281	700	84	544	713	823	375
852	81	424	820	440	612	346	703	288	914	763	177	106	443	53	503	879	864	904	241	27	486	799	706	192	297	749	698	380	58	457	0	897	535	350	810	551	256	530	245	837	186	824	404	764	689	739	743	359	268	734	686	879	591	609	940	183	519	95	699	363	164	814	956	398	292	173	230	967	880	163	635	319	896	495	200	836	44	641	521	342	874	139	356	68	269	806	472	25	695	538	521	466	373	146	6	341	654	254	282
945	863	326	851	321	237	336	105	45	573	623	714	846	102	743	318	262	584	356	100	615	578	268	77	271	710	803	343	781	971	965	442	0	497	630	963	43	519	518	757	217	199	244	381	382	9	559	447	589	626	875	806	787	459	885	325	608	438	726	158	353	149	898	965	545	97	159	881	936	559	203	31	850	915	731	323	589	861	872	835	210	927	879	797	376	445	194	617	704	112	106	934	368	216	267	258	954	397	898	635
348	902	63	429	166	501	181	625	855	157	39	447	578	819	530	149	547	465	863	475	107	31	248	914	337	545	144	62	468	115	751	701	15	0	838	170	239	355	484	547	277	687	946	711	189	342	216	584	23	943	33	540	90	322	316	97	322	731	629	733	872	465	980	769	210	359	851	203	347	688	370	214	476	67	624	11	21	840	822	289	542	15	644	79	522	485	901	742	885	980	321	562	632	431	256	75	663	364	666	608
413	749	620	590	560	397	946	121	187	943	661	407	332	593	719	329	55	902	408	206	221	489	648	472	6	261	385	43	377	661	916	914	255	682	0	610	170	587	266	362	133	285	827	764	318	110	174	531	436	796	846	935	956	401	564	903	434	177	951	118	227	612	634	669	778	368	776	280	328	128	316	125	621	47	969	267	848	171	54	313	121	298	331	539	960	357	494	554	72	492	316	526	49	177	533	314	784	553	922	246
940	749	582	21	395	534	521	397	907	694	347	574	682	755	614	28	290	459	187	890	186	513	509	616	143	443	119	967	703	756	262	287	416	403	816	0	744	613	918	640	563	64	869	98	364	379	735	497	561	66	961	302	887	107	237	603	710	186	171	972	680	82	23	241	944	187	221	452	463	679	228	9	248	337	797	754	643	193	615	353	166	344	452	334	176	66	677	48	496	136	567	265	219	952	624	399	293	328	14	127
820	146	892	980	759	406	231	555	913	299	43	546	751	661	418	433	812	524	930	170	228	168	882	62	135	33	450	773	559	795	751	903	963	463	317	164	0	528	915	456	770	265	972	283	566	561	350	868	806	71	653	316	873	776	385	218	601	478	694	850	187	788	534	860	262	778	158	283	980	802	772	11	445	598	589	924	838	905	942	593	406	627	624	530	839	146	785	309	901	789	507	714	966	448	630	682	891	773	79	908
360	908	507	328	643	183	159	970	53	833	892	500	225	212	356	353	701	240	725	127	500	861	164	769	311	319	920	254	234	165	345	457	930	696	407	522	101	0	96	239	771	374	886	315	191	256	515	553	755	183	828	315	847	779	449	315	722	672	923	811	160	486	131	699	776	622	59	240	841	20	188	81	726	688	740	303	458	714	41	684	55	951	664	822	847	354	116	838	945	377	916	247	551	126	32	112	927	212	903	335
793	428	739	260	531	411	354	589	338	202	827	48	271	947	601	156	657	545	727	857	163	406	554	753	419	16	7	107	565	182	412	149	132	455	33	621	304	333	0	387	930	450	892	270	722	439	204	440	870	970	512	270	918	472	16	236	333	125	204	551	246	740	93	103	349	850	67	518	345	1	374	854	281	536	148	397	506	786	906	185	105	80	977	445	622	69	574	884	199	918	50	444	751	878	521	754	861	611	706	592
857	351	872	907	72	616	609	488	607	115	525	935	158	614	255	816	684	749	351	202	102	780	492	279	39	812	712	20	966	56	776	288	280	24	104	109	530	190	947	0	191	573	341	88	306	980	550	275	659	348	545	678	327	800	304	307	955	601	618	241	592	818	841	789	894	225	281	807	650	841	126	98	294	670	519	299	435	169	873	665	64	438	924	244	220	914	918	695	386	698	263	801	483	884	253	366	385	726	692	475
695	864	375	522	526	699	341	253	947	901	573	73	631	391	934	979	265	400	941	712	969	458	180	726	40	31	656	296	508	6	194	334	643	625	585	514	699	900	917	547	0	69	589	231	889	482	924	468	309	150	143	910	474	744	492	775	746	564	482	17	560	293	530	757	542	257	358	478	55	584	806	902	756	673	256	915	242	20	683	927	612	881	767	248	644	125	127	72	954	275	244	303	916	262	927	533	118	276	720	510
245	115	122	506	698	555	245	384	633	856	387	273	432	149	746	909	809	595	589	720	139	421	79	312	519	448	286	100	305	183	227	856	395	262	387	671	575	796	823	212	900	0	700	893	232	350	616	474	612	951	876	805	135	215	717	57	281	121	173	736	883	658	345	844	666	900	438	715	432	226	426	555	812	326	119	498	794	773	835	872	14	354	947	776	68	178	323	418	557	364	902	631	9	893	504	90	656	743	917	528
715	866	257	186	330	718	217	858	484	594	274	671	322	221	219	979	541	571	508	378	211	131	24	311	330	647	950	329	867	633	679	802	215	695	578	366	549	734	934	835	529	912	0	655	180	510	651	970	104	635	448	853	816	144	750	795	467	907	807	455	488	530	506	478	382	25	885	247	174	9	218	702	783	393	690	619	473	58	201	916	525	18	400	942	444	290	430	890	109	590	738	20	628	339	129	67	889	608	85	255
645	177	8	579	354	808	276	168	967	398	326	436	628	876	309	787	370	802	949	411	388	687	36	869	500	97	207	882	294	183	651	449	663	541	146	935	411	527	223	333	267	85	596	0	675	391	341	844	191	136	331	642	641	709	913	179	747	243	310	137	478	350	13	93	647	1	94	963	783	318	115	185	874	284	406	445	715	859	353	923	856	389	326	944	383	363	852	750	241	792	110	586	184	23	343	58	519	635	291	210
152	583	895	65	733	186	220	577	305	433	770	657	150	186	287	968	599	151	322	760	27	214	581	809	294	582	479	77	381	598	504	891	526	441	931	676	710	434	755	375	813	390	283	716	0	295	938	166	150	978	632	892	124	450	738	452	93	484	841	589	908	69	558	770	38	87	862	583	954	641	646	373	547	109	867	725	63	417	648	118	279	335	327	135	167	727	335	820	309	892	684	189	139	703	187	414	532	925	473	784
140	946	621	848	399	742	121	556	95	626	848	910	723	469	626	848	527	281	789	163	225	549	949	508	285	61	163	376	753	100	184	643	744	630	976	2	389	379	834	301	80	980	826	853	558	0	343	421	372	245	229	136	455	855	804	567	655	250	374	59	665	740	691	192	40	303	850	303	800	564	472	468	887	831	457	970	676	827	457	453	765	491	5	736	364	491	52	475	916	499	191	327	895	176	70	29	390	765	714	524
759	335	545	873	603	148	909	499	173	200	543	638	384	544	695	56	17	399	732	566	185	740	356	162	229	42	398	715	562	947	531	756	824	206	638	575	957	174	245	879	704	209	357	79	667	328	0	530	103	152	677	967	805	267	856	406	566	46	4	731	733	161	762	904	859	53	618	104	630	608	955	184	873	515	128	819	41	893	291	796	183	819	237	925	71	716	570	460	461	178	602	357	668	542	204	67	61	926	557	242
533	707	726	877	514	87	839	475	113	666	723	177	23	756	711	867	459	683	553	829	129	679	401	295	432	908	547	882	429	826	626	432	977	321	551	335	469	853	886	927	631	687	942	396	731	355	511	0	210	852	262	711	132	289	382	768	979	183	420	352	905	177	802	311	649	704	92	549	127	470	268	935	625	374	379	858	301	757	863	634	52	784	133	458	185	370	784	571	425	368	34	795	52	948	169	684	419	974	626	1
274	182	926	420	873	64	290	551	910	802	661	661	707	725	822	797	246	814	581	921	318	98	265	145	363	218	245	256	383	700	824	758	282	71	284	240	103	654	397	245	912	458	506	324	142	980	667	612	0	164	493	403	848	431	678	210	46	769	300	580	753	810	687	831	386	441	30	591	479	870	664	747	861	46	345	657	876	405	480	270	85	552	852	323	574	599	495	629	894	828	479	870	334	967	781	175	261	442	63	590
356	832	859	345	888	302	814	969	940	564	252	563	587	133	638	602	892	624	406	376	865	264	616	823	186	339	796	896	512	748	446	147	549	54	212	45	63	262	164	82	181	656	719	660	629	925	842	941	720	0	230	860	126	862	797	174	374	666	854	660	164	33	793	129	195	870	191	242	338	754	183	798	914	520	419	107	812	953	645	763	179	282	801	258	905	34	234	504	156	294	83	910	490	97	85	835	468	194	716	863
32	111	307	221	653	914	370	528	315	227	502	700	17	435	285	428	959	83	799	741	784	225	610	940	212	503	251	748	110	149	882	909	230	18	403	766	881	91	787	695	19	688	76	709	152	207	11	547	470	434	0	787	670	883	390	423	725	616	787	669	496	227	637	731	497	813	537	942	107	24	831	310	121	204	785	741	579	819	127	53	657	391	645	320	863	120	203	813	267	709	766	137	16	325	514	946	300	110	535	727
92	456	696	452	510	288	744	688	27	66	969	65	848	651	62	250	806	949	531	452	409	61	310	740	662	660	324	155	509	4	722	533	31	875	792	200	577	240	305	922	879	574	244	588	429	765	253	250	393	471	126	0	855	826	569	497	292	181	844	737	497	88	134	968	824	769	365	646	422	622	194	281	679	695	599	3	477	553	658	130	833	292	161	102	564	673	66	127	199	110	282	956	850	836	538	642	82	529	929	4
420	35	185	830	676	326	617	394	756	92	38	600	189	371	849	793	894	390	127	944	778	215	146	513	782	943	371	185	68	32	400	524	857	512	881	274	27	733	668	371	264	598	28	759	312	244	849	711	480	954	6	488	0	108	917	724	664	839	936	404	291	762	188	799	566	30	21	16	957	823	713	2	789	803	206	762	836	125	389	588	576	930	352	945	760	438	221	784	644	509	240	770	419	675	115	843	115	19	586	592
961	210	383	613	352	630	498	735	750	534	42	412	461	596	25	337	225	213	200	555	514	18	803	861	133	867	126	551	544	219	641	513	972	170	504	336	588	200	147	512	877	241	383	50	591	761	430	665	638	251	509	690	932	0	973	433	860	175	343	426	27	904	611	182	329	639	749	715	37	160	703	156	262	731	668	500	357	402	530	16	634	676	230	190	220	533	239	379	346	947	723	965	644	849	369	149	512	636	546	23
429	128	728	121	415	158	665	945	893	164	789	27	233	5	73	823	410	643	491	16	780	230	225	126	693	850	273	748	510	520	244	356	795	51	448	156	384	191	638	956	370	601	716	973	766	760	601	127	75	116	742	532	829	548	0	599	571	362	761	481	411	584	709	978	771	409	292	803	322	281	800	579	483	273	833	971	966	584	741	91	227	594	231	667	46	520	346	251	492	39	546	241	65	662	482	816	137	98	868	377
796	1	618	536	373	490	807	732	327	326	656	394	119	620	980	147	759	493	291	460	873	646	92	896	622	630	562	59	306	683	190	478	422	118	244	396	240	691	145	292	374	177	362	750	975	285	807	3	459	642	756	224	271	477	292	0	956	947	119	714	587	648	3	706	979	937	683	870	301	357	692	790	747	413	674	44	787	853	469	380	463	870	23	405	890	938	476	732	21	930	751	755	116	82	642	364	877	306	352	687
269	807	882	532	319	923	800	712	102	532	338	682	939	795	970	32	468	204	876	27	716	719	783	887	399	9	214	841	422	175	474	332	843	545	587	925	564	812	884	644	231	125	676	810	26	342	150	644	834	4	178	103	137	674	149	865	0	723	375	556	361	198	242	721	475	231	211	797	335	288	237	626	771	720	679	251	229	914	246	904	714	314	784	808	41	535	450	256	781	15	73	973	161	424	776	666	249	702	136	163
380	813	70	869	508	137	177	135	462	529	129	580	622	800	508	770	199	521	459	766	415	733	888	316	100	844	80	400	754	245	801	903	282	424	434	291	282	661	368	169	805	375	181	219	966	966	238	686	795	3	732	703	327	725	430	949	935	0	210	289	382	618	501	8	950	367	871	498	33	892	862	643	359	777	573	122	672	30	47	368	913	699	799	189	432	403	137	248	541	967	203	857	733	825	633	797	16	669	429	53
710	923	486	228	922	940	641	277	406	509	608	865	494	426	874	591	107	571	14	253	30	580	610	971	951	694	335	970	125	705	765	692	902	365	729	635	563	52	154	537	387	742	245	630	19	670	284	149	209	6	307	165	739	608	205	430	342	874	0	126	570	442	872	369	604	712	903	752	725	877	925	751	403	413	322	362	550	424	678	283	598	122	176	615	46	503	300	617	150	956	521	411	682	594	232	822	432	410	740	115
36	25	769	346	172	139	418	203	160	915	269	460	391	108	698	402	637	73	765	30	5	117	396	882	888	740	311	381	528	668	82	2	575	531	699	254	547	680	606	428	355	270	590	17	723	465	428	15	203	25	905	425	584	461	134	720	913	717	41	0	766	581	320	736	918	457	919	810	831	381	723	454	367	190	528	508	39	82	75	969	16	876	880	444	169	697	257	25	351	541	579	327	931	615	43	146	129	707	604	864
831	427	561	339	358	77	614	481	909	903	710	601	970	162	973	140	964	194	450	269	547	512	665	677	616	958	754	124	460	614	10	881	740	387	628	724	476	534	619	231	283	412	789	443	597	179	271	617	674	405	520	543	64	914	265	299	76	499	975	897	0	407	968	775	813	677	415	555	617	241	167	959	714	948	919	933	355	831	165	676	47	665	980	697	560	665	186	842	874	939	806	635	697	250	900	141	194	568	816	770
749	581	246	478	73	326	137	550	850	657	673	809	486	118	232	841	462	566	63	568	837	114	104	534	454	277	973	833	920	368	864	326	105	608	398	479	161	110	393	20	860	261	812	205	385	89	244	757	877	317	122	405	965	802	712	524	34	383	681	407	32	0	144	300	428	885	637	962	171	644	252	950	216	813	421	403	19	207	895	294	752	740	533	758	208	153	183	911	260	352	37	360	610	342	488	455	677	72	779	720
585	243	976	822	17	189	913	382	540	389	514	122	326	928	751	748	682	314	322	101	472	175	572	684	79	746	669	280	499	294	927	39	805	461	597	287	732	199	520	447	115	431	77	476	232	45	124	269	75	219	261	142	455	845	84	235	765	295	757	822	443	514	0	650	58	160	305	291	549	84	297	855	974	930	664	37	157	190	933	58	76	866	202	824	659	931	232	373	511	662	632	252	138	62	238	804	934	93	25	640
563	514	903	390	547	793	220	303	193	97	672	420	897	200	883	170	147	311	759	379	281	853	697	232	381	267	704	297	356	652	339	186	499	314	508	707	12	866	348	475	724	885	316	430	592	335	294	856	275	358	198	950	491	115	62	606	547	298	140	964	745	553	321	0	770	833	931	466	12	920	418	314	390	226	743	370	791	890	22	126	236	905	514	923	532	348	541	955	341	639	699	523	290	875	192	211	95	680	566	628
90	738	505	439	456	408	42	847	141	694	358	940	313	936	61	531	878	662	143	917	240	456	404	894	636	680	859	180	161	332	198	307	701	665	871	24	246	622	577	409	191	370	921	608	980	954	449	288	48	911	721	904	88	176	902	110	42	562	686	379	932	679	738	762	0	876	630	911	878	604	814	901	816	602	944	11	570	511	181	436	62	366	263	900	529	408	302	34	134	1	33	73	542	676	296	91	377	456	566	63
58	164	232	923	282	417	551	7	697	31	150	157	411	395	434	760	68	341	607	853	495	1	947	333	410	506	424	61	859	708	512	555	664	704	341	144	966	698	581	49	59	821	831	147	544	842	199	242	657	805	641	59	372	447	131	697	11	450	710	205	188	79	272	31	353	0	886	337	656	825	943	663	819	821	873	423	371	372	44	718	277	533	93	17	257	957	319	153	832	570	917	936	912	816	35	972	842	202	55	214
856	706	251	692	161	270	803	546	690	184	835	807	127	703	485	307	379	958	796	960	321	271	677	697	964	791	32	382	335	176	435	950	533	812	883	760	734	724	92	290	920	584	883	622	926	265	108	264	278	406	93	615	414	785	679	689	353	916	367	479	783	732	711	622	599	46	0	816	53	301	552	689	762	12	711	900	559	937	783	123	802	151	489	244	672	14	181	800	232	361	723	109	826	785	398	54	940	867	922	684
923	932	599	287	140	950	67	903	974	384	966	147	461	498	631	760	841	868	519	781	47	308	844	234	458	885	745	141	715	905	713	191	845	574	543	764	857	125	889	728	859	778	868	925	680	496	677	234	922	736	214	33	267	477	941	949	884	763	647	310	268	200	604	499	955	94	581	0	367	455	231	38	574	799	181	126	639	788	639	924	130	453	94	664	911	228	259	677	854	685	825	75	341	706	491	871	272	813	437	37
898	608	711	428	627	266	939	302	392	870	421	235	779	781	573	872	972	588	909	123	623	12	654	594	179	302	884	396	979	771	312	905	245	929	88	869	617	341	924	531	152	58	369	231	560	443	380	496	778	850	797	243	881	572	512	51	296	388	774	876	361	958	892	217	574	749	196	233	0	551	640	457	146	865	191	292	262	672	424	17	97	748	596	424	48	324	242	362	494	272	219	368	938	139	435	192	378	694	752	123
943	484	96	83	555	899	727	323	611	471	960	915	215	173	169	766	720	150	397	454	24	310	80	848	387	268	287	68	260	600	924	89	617	433	552	680	248	24	628	767	921	455	22	280	393	3	895	846	54	399	260	71	582	161	463	139	958	615	314	687	522	409	867	955	608	350	710	789	277	0	194	235	567	176	855	284	729	765	749	459	413	700	587	587	615	522	449	417	886	324	5	202	766	162	240	478	743	973	169	31
663	818	879	81	774	301	839	423	756	777	925	545	319	594	195	755	512	910	279	307	126	101	654	142	494	939	404	842	942	318	633	974	968	939	68	412	243	391	273	722	538	61	328	573	53	607	475	744	845	933	322	496	111	718	175	65	769	85	669	711	749	360	220	259	704	162	473	481	756	798	0	354	782	792	254	723	684	499	773	137	634	166	334	436	444	189	214	516	546	728	852	164	889	938	916	180	507	441	345	104
387	602	882	23	231	131	908	771	182	115	568	211	99	299	432	484	156	781	541	944	883	912	893	60	230	244	174	741	585	76	293	334	96	949	399	249	249	187	714	771	6	118	167	514	835	946	846	106	460	409	15	520	316	190	145	741	700	248	560	769	545	203	134	745	283	402	668	741	429	148	126	0	623	333	32	356	511	120	274	929	913	418	83	456	10	111	912	42	627	790	1	203	860	729	944	233	3	812	39	709
906	930	120	47	973	566	334	472	707	233	754	640	383	591	447	393	884	43	889	199	551	543	269	980	952	556	762	570	438	415	173	557	251	628	890	110	283	167	551	188	11	834	131	140	681	781	167	246	646	932	884	908	639	172	645	616	257	598	179	620	341	484	205	470	541	825	785	736	633	723	845	712	0	473	755	114	784	56	433	910	147	829	480	205	662	471	141	464	464	907	804	262	275	619	884	113	129	268	60	277
876	364	532	330	409	249	83	116	597	525	225	456	568	621	455	342	702	229	47	845	680	706	871	780	274	669	695	223	580	598	288	185	938	508	592	398	637	412	933	271	452	341	527	379	102	811	147	34	860	871	596	93	963	414	882	925	636	899	209	226	701	119	635	537	404	792	700	24	614	426	271	866	596	0	833	660	435	685	316	338	75	955	409	742	834	171	418	20	891	967	267	930	293	142	520	846	746	872	843	535
606	709	126	665	442	826	454	431	556	896	840	503	471	843	505	913	203	135	622	485	916	971	757	52	971	376	363	758	815	379	286	893	900	499	788	764	36	652	360	511	935	864	620	691	161	680	552	917	661	296	882	152	601	185	785	639	256	812	599	430	884	408	44	584	836	68	666	164	854	859	554	623	76	191	0	266	76	791	440	464	560	933	338	319	573	788	723	430	800	310	386	941	933	577	890	8	630	440	372	520
154	11	905	48	563	233	589	474	971	622	785	94	450	454	948	559	604	52	54	256	712	144	18	696	60	165	102	933	382	635	817	30	691	407	810	261	853	650	301	604	222	233	530	719	472	428	307	867	941	661	525	200	482	184	362	592	121	879	178	654	461	400	695	33	646	631	274	381	29	46	627	110	161	21	445	0	183	49	656	402	865	143	664	312	786	741	347	968	242	867	578	805	959	213	325	885	489	128	959	281
921	100	733	327	103	797	670	441	857	879	530	68	405	101	642	687	14	274	497	598	739	398	729	649	551	109	149	387	49	303	773	234	497	80	895	230	857	594	161	186	362	499	669	51	819	133	40	536	650	550	28	206	237	958	895	240	463	275	461	603	163	120	59	762	633	12	626	313	382	407	65	901	871	22	770	154	0	840	447	137	739	270	116	441	347	223	199	76	721	6	738	169	870	175	285	775	231	954	954	783
826	538	435	832	170	394	980	39	190	415	382	81	76	19	818	644	403	87	250	376	896	419	966	50	244	616	645	385	867	451	465	870	453	308	757	810	795	668	928	12	34	294	812	722	571	390	352	546	725	515	20	265	778	866	553	197	538	383	332	853	236	619	905	154	107	809	755	143	107	45	155	348	258	308	224	872	900	0	804	232	225	949	886	317	62	188	174	348	966	959	245	158	451	436	514	95	852	867	254	835
608	491	5	740	609	298	467	391	718	864	639	373	609	679	775	308	859	787	281	899	200	674	968	949	823	272	431	569	124	580	857	2	444	347	928	211	972	534	151	808	507	910	769	174	231	320	467	868	494	388	277	374	316	2	976	553	159	193	953	644	664	806	264	820	637	180	416	834	866	313	952	325	118	912	630	741	39	352	0	498	895	211	279	665	941	367	776	865	612	529	877	426	606	16	816	55	724	213	873	933
531	275	314	50	868	794	399	607	922	617	775	624	917	52	846	555	452	55	751	902	229	947	942	961	897	706	970	254	275	559	943	48	34	387	926	612	743	441	613	750	648	368	711	77	257	297	415	696	258	386	634	400	662	267	976	919	301	59	16	657	894	6	756	558	494	631	528	100	281	226	506	172	766	482	561	367	66	930	8	0	972	646	769	706	646	425	305	108	525	730	848	551	291	896	718	52	76	188	375	489
56	614	919	189	63	51	247	47	550	775	576	693	440	162	13	587	377	230	590	697	853	263	142	891	681	604	717	718	873	16	941	293	119	897	561	634	820	522	952	316	378	852	572	506	837	560	910	237	122	856	344	77	182	463	466	457	810	110	729	426	611	422	364	325	336	876	225	582	244	933	568	441	79	45	520	401	503	823	319	669	0	696	476	828	208	377	206	96	916	737	945	863	955	511	379	556	279	510	618	335
17	815	16	613	222	411	930	57	520	126	309	259	659	478	384	192	677	77	942	857	713	292	348	900	642	116	667	330	322	855	356	271	596	380	704	152	5	22	168	892	560	691	465	657	950	921	700	115	731	861	679	780	636	910	80	560	770	672	106	394	141	630	738	301	23	33	711	819	583	360	714	741	502	6	65	749	25	580	239	440	825	0	386	60	843	540	775	234	38	625	27	238	693	245	342	598	273	361	839	369
705	767	345	497	153	384	668	809	305	709	324	187	357	765	886	672	441	324	425	802	92	227	48	971	809	230	26	849	360	604	202	888	139	561	198	236	855	696	396	375	684	718	740	427	284	330	779	856	71	569	785	896	37	516	184	148	503	440	301	184	362	536	721	750	65	325	516	221	31	514	171	911	433	740	201	714	613	887	803	218	50	57	0	860	776	568	519	109	5	511	701	638	218	306	368	544	961	231	284	627
519	490	125	630	896	428	562	526	81	659	460	6	917	329	908	879	126	85	499	194	43	516	860	602	936	947	410	234	204	774	602	33	940	265	511	804	969	762	45	102	767	893	478	724	50	775	206	967	259	238	862	606	947	608	453	905	929	14	955	854	175	29	859	769	954	681	395	664	74	249	77	788	322	869	961	376	951	75	499	307	293	549	915	0	44	543	372	306	81	469	824	189	527	419	893	304	308	452	744	141
29	864	842	581	948	898	626	374	275	890	609	842	966	540	789	464	577	417	242	514	754	815	323	695	873	40	841	220	342	193	822	143	792	560	62	582	712	920	307	49	698	440	322	137	182	251	764	812	363	905	709	937	724	551	101	597	261	3	521	806	778	19	353	586	661	23	183	593	841	835	678	882	548	484	416	253	193	168	737	908	323	576	940	763	0	388	199	83	211	64	138	614	81	957	953	312	791	771	759	365
278	347	577	282	222	241	752	744	53	206	614	798	957	863	183	38	227	856	710	260	514	716	158	42	120	298	481	702	49	833	390	537	977	462	146	61	305	642	86	256	538	7	689	333	272	827	554	526	743	802	400	424	881	336	106	200	537	294	122	887	369	686	476	911	225	127	925	869	667	748	769	73	778	717	314	395	25	72	106	59	474	626	173	832	832	0	468	949	597	245	841	95	560	230	782	248	419	247	566	765
481	91	139	884	712	364	801	389	105	556	67	940	334	147	672	870	44	769	517	33	176	36	789	59	48	926	568	121	843	477	406	703	799	908	604	372	140	215	53	860	831	933	688	869	530	558	370	744	112	668	324	287	44	673	58	835	185	391	666	8	420	480	96	396	208	638	401	630	726	59	842	675	61	480	102	191	803	807	108	377	778	590	910	218	492	892	0	290	188	771	177	82	491	919	683	469	286	639	246	953
522	827	740	687	11	593	891	787	283	364	239	25	807	291	462	227	894	94	836	510	53	182	841	548	807	246	600	647	240	215	359	760	720	828	881	777	271	342	304	92	363	829	873	93	878	209	349	683	169	876	142	93	626	778	283	275	154	289	645	131	17	463	321	943	217	401	764	141	718	564	52	730	564	634	170	748	64	224	742	418	693	556	842	132	647	451	625	0	959	854	256	127	287	790	838	11	979	348	37	896
634	86	396	912	851	8	750	688	362	832	853	554	782	753	728	156	172	843	666	165	958	595	802	570	223	437	114	406	731	603	979	35	495	818	164	352	571	945	829	153	547	626	132	301	19	6	646	742	520	885	596	796	491	794	461	475	56	842	315	719	730	437	506	727	165	2	716	322	649	755	399	801	322	454	432	421	477	425	306	64	789	176	56	544	844	704	36	828	0	437	571	554	344	178	303	828	690	870	773	57
593	120	572	785	16	360	843	392	445	422	109	195	90	905	624	698	107	835	738	650	572	846	696	350	319	548	766	380	277	756	102	869	936	652	511	613	331	463	937	704	253	17	424	438	145	245	699	264	646	165	837	84	614	127	14	427	266	198	569	415	436	190	170	867	472	966	511	463	171	569	424	893	277	492	652	113	546	97	211	943	142	250	585	4	299	181	63	979	510	0	175	163	190	937	804	399	653	934	750	189
558	765	792	909	567	426	322	545	224	431	197	429	873	416	452	847	535	879	756	873	742	809	965	853	189	392	394	566	702	692	973	611	371	99	284	497	551	681	241	370	77	591	91	548	881	296	462	920	574	547	83	311	255	423	616	969	732	718	953	848	319	474	360	426	1	396	134	502	670	919	335	399	393	57	208	548	296	828	292	182	204	633	845	18	194	968	109	328	673	573	0	544	151	449	619	393	801	302	376	303
905	871	872	811	334	81	37	910	111	977	166	655	734	408	53	795	14	408	413	432	933	556	848	145	700	255	875	694	126	84	213	540	567	686	516	292	108	161	898	667	125	864	882	735	687	368	592	742	696	839	894	882	454	509	731	583	688	858	525	661	455	510	384	96	76	581	419	610	970	692	106	365	799	510	853	365	357	371	666	665	13	902	947	50	180	532	129	706	13	87	624	0	793	244	258	459	593	884	943	513
630	361	813	230	793	467	514	688	146	226	49	947	666	974	677	978	640	403	314	544	71	765	597	476	139	765	733	429	854	938	969	454	909	21	460	168	793	851	254	384	905	733	659	950	662	96	723	589	805	558	144	137	610	355	635	373	141	790	98	386	864	171	806	535	886	301	9	300	805	625	681	963	935	203	73	788	468	832	700	892	622	447	22	417	667	897	826	370	58	655	611	623	0	528	1	855	764	819	462	386
85	373	359	260	82	914	218	410	305	108	913	556	296	373	143	240	920	599	657	8	313	923	838	893	965	143	681	728	647	858	78	550	156	250	503	843	401	964	694	411	175	131	437	816	474	980	91	264	404	225	783	144	495	348	634	644	6	560	843	286	899	929	130	301	234	487	954	978	291	523	136	460	65	769	614	29	585	726	588	138	683	812	201	518	399	552	520	353	579	263	492	447	390	0	413	554	786	964	106	319
898	448	747	448	27	109	400	50	920	563	395	304	12	581	753	283	198	913	971	128	16	722	830	614	538	967	91	597	481	590	964	889	190	412	50	241	466	32	475	647	702	909	433	152	863	629	490	305	235	98	6	797	382	968	385	777	978	150	174	425	662	308	213	792	723	128	221	939	552	290	474	869	116	467	831	863	87	75	211	455	151	409	518	154	552	312	445	363	746	454	642	912	146	973	0	736	90	816	921	103
414	416	920	82	304	789	451	856	908	380	697	90	67	45	893	558	186	734	54	921	609	455	768	223	253	321	55	163	236	917	30	171	460	235	26	224	119	902	334	261	27	609	233	607	532	601	70	597	63	824	447	710	564	507	933	563	581	820	166	832	921	538	579	77	201	907	47	16	944	32	296	112	731	653	688	300	134	750	782	496	611	934	206	830	589	834	135	11	185	114	948	107	739	688	522	0	740	870	38	883
408	504	661	790	475	26	504	490	553	692	215	40	115	312	850	541	241	51	68	105	814	967	183	277	50	84	380	374	434	21	2	357	589	672	907	86	954	190	975	207	434	442	219	906	975	256	119	958	342	710	122	628	895	327	18	596	119	40	176	422	617	272	965	623	2	552	137	949	509	786	761	967	15	651	357	216	63	259	380	523	970	335	30	827	928	643	743	432	869	89	1	881	196	691	25	842	0	636	838	831
968	777	809	419	163	895	849	385	900	659	469	306	640	566	466	218	611	160	163	682	382	201	918	295	656	542	560	587	252	378	552	153	422	579	372	927	852	685	411	708	423	303	407	190	916	827	540	411	717	969	462	955	889	4	835	621	643	304	551	4	171	455	383	510	922	840	452	643	927	819	954	151	370	929	435	702	735	857	767	784	215	550	814	220	479	498	842	854	856	287	433	63	638	123	925	62	829	0	458	895
429	838	172	226	362	977	961	511	692	433	300	149	159	825	461	595	726	849	589	912	897	433	158	871	944	583	536	877	462	249	85	262	852	683	325	736	429	53	543	52	37	959	733	566	522	596	604	730	137	439	221	647	551	512	720	92	653	356	879	690	856	670	980	831	106	606	232	232	335	768	200	59	553	311	854	103	379	424	806	500	210	494	323	617	900	844	766	79	883	582	209	109	57	486	699	286	859	639	0	10
467	439	108	380	561	510	251	242	909	661	909	963	327	119	79	953	384	50	591	775	128	509	411	693	380	548	371	341	853	789	938	593	934	590	180	805	465	716	107	505	216	375	279	421	49	635	299	376	366	57	942	726	934	500	722	854	467	610	746	790	480	624	772	820	298	296	803	667	444	88	679	67	223	196	803	306	941	97	676	646	330	323	257	436	822	392	110	721	880	788	786	189	944	261	950	821	887	15	687	0
