A	B	C	D	E	F	G	H	I	J	K	L	M	N	O	P	Q	R	S	T	U	V	W	X	Y	Z	AA	AB	AC	AD	AE	AF	AG	AH	AI	AJ	AK	AL	AM	AN	AO	AP	AQ	AR	AS	AT	AU	AV	AW	AX	AY	AZ	BA	BB	BC	BD	BE	BF	BG	BH	BI	BJ	BK	BL	BM	BN	BO	BP	BQ	BR	BS	BT	BU	BV	BW	BX	BY	BZ	CA	CB	CC	CD	CE	CF	CG	CH	CI	CJ	CK	CL	CM	CN	CO	CP	CQ	CR	CS	CT	CU	CV
0	736	565	261	666	713	402	712	737	746	9	356	581	211	224	529	679	196	180	207	553	570	664	676	641	318	149	796	802	751	467	161	235	39	807	218	579	327	770	211	236	26	424	725	704	623	410	146	175	18	444	189	614	605	480	424	655	391	500	651	396	714	252	228	659	791	97	752	154	360	576	292	319	692	814	212	649	345	35	215	396	536	404	614	53	752	83	764	701	231	93	313	705	301	730	654	78	801	33	51
505	0	417	76	649	136	806	431	339	604	296	648	722	711	715	227	722	423	724	394	583	494	466	171	303	334	527	88	551	499	94	58	482	801	803	310	588	23	88	710	345	483	400	795	789	29	200	162	544	373	244	642	742	567	181	112	775	482	600	11	508	22	717	429	186	436	132	207	40	636	117	745	432	510	534	467	207	251	457	93	138	174	68	91	488	175	94	638	631	7	384	146	740	721	438	311	460	709	278	505
562	374	0	216	577	116	616	702	197	775	119	422	690	10	92	339	687	175	112	186	53	123	59	281	84	259	486	2	104	363	512	303	615	201	370	605	612	566	684	416	84	765	318	15	49	590	27	795	390	531	173	722	713	571	325	700	169	6	518	348	371	259	222	771	606	726	753	699	668	621	317	751	468	725	689	429	615	414	612	299	69	36	199	379	386	201	246	485	49	25	481	112	635	253	182	112	90	499	767	258
397	497	116	0	571	61	620	393	735	810	302	261	22	223	561	528	11	285	296	297	691	765	299	581	305	357	673	373	399	300	24	355	795	304	78	407	580	297	326	15	434	111	796	323	447	309	353	222	62	581	458	494	437	258	248	293	566	589	685	205	220	728	173	622	354	331	623	653	733	419	286	578	192	273	48	473	71	693	334	396	33	356	383	392	508	746	815	682	658	246	609	740	774	119	730	759	665	471	617	142
185	75	784	659	0	134	436	579	327	315	383	715	266	128	706	767	146	43	585	632	627	461	405	718	520	580	758	167	63	793	332	193	441	524	393	578	246	186	639	432	740	625	415	508	29	724	213	264	430	711	687	66	670	462	776	110	497	217	518	320	117	690	196	21	213	477	598	209	712	310	607	162	357	605	268	127	322	390	640	197	87	247	740	738	790	204	178	578	346	501	352	745	294	786	527	504	575	70	178	225
77	691	83	313	480	0	34	583	751	364	738	610	330	507	550	214	280	680	273	517	285	397	534	417	122	718	704	793	129	375	181	216	36	358	530	428	498	372	374	75	549	510	3	140	708	390	539	292	74	276	792	129	191	147	379	606	435	102	172	272	214	661	223	294	759	523	299	725	130	764	473	417	428	487	163	51	667	133	160	403	141	149	147	33	360	298	770	218	574	476	219	724	667	638	481	416	695	803	12	711
156	369	646	189	166	571	0	347	401	663	419	34	528	323	694	567	260	579	724	592	792	160	294	425	554	222	217	5	688	653	475	198	278	649	554	618	457	1	523	347	772	216	186	802	277	512	117	52	671	596	671	695	735	75	718	67	737	714	93	629	483	648	678	460	190	79	440	497	157	180	191	654	726	748	320	132	483	172	53	436	548	358	695	493	761	124	67	611	125	547	489	525	650	754	550	161	135	201	390	588
198	158	644	792	810	179	486	0	606	381	326	586	450	724	527	464	341	365	576	522	83	289	742	483	103	277	772	814	123	679	396	552	527	100	218	213	453	304	158	485	548	755	763	1	74	458	253	549	331	130	311	410	239	258	418	54	131	261	727	346	502	12	30	29	310	302	224	89	170	732	560	383	770	127	637	315	759	528	172	132	509	233	179	187	186	632	50	85	79	253	628	163	794	339	248	670	786	812	549	653
668	548	790	393	737	600	120	591	0	121	414	588	5	659	514	332	234	50	518	340	593	210	368	736	801	95	495	402	785	229	551	232	748	108	81	272	423	604	368	92	768	485	32	690	54	197	589	800	622	550	619	717	797	462	232	398	314	219	738	612	90	757	87	608	749	673	647	686	772	399	292	76	555	601	684	656	319	488	655	376	188	555	83	356	283	713	52	222	261	658	797	10	558	112	194	420	334	671	668	608
27	106	742	647	754	771	131	174	756	0	742	392	787	425	301	337	316	71	788	64	64	665	483	158	662	50	652	218	343	401	630	125	156	614	377	241	592	758	540	33	110	608	291	411	432	432	415	158	470	378	587	676	597	267	151	490	11	39	376	632	334	324	282	649	78	144	618	170	762	794	457	610	504	402	646	271	418	712	703	146	362	69	584	247	17	172	496	283	613	457	39	704	393	800	518	682	75	34	387	438
533	768	291	581	95	674	172	416	241	62	0	200	660	801	590	234	540	607	754	532	99	491	557	716	524	428	470	285	322	149	703	284	72	347	294	652	703	403	761	145	260	32	121	526	360	605	65	612	760	751	226	2	667	749	417	703	503	795	409	317	335	441	808	710	626	622	291	187	341	197	493	289	690	15	761	34	388	502	775	115	257	313	159	793	802	401	80	575	146	478	707	766	55	679	50	305	550	386	589	546
483	428	169	689	40	682	359	702	53	394	709	0	659	157	77	692	58	492	723	51	3	273	279	719	322	353	276	156	801	211	807	680	551	366	713	17	409	309	218	137	686	537	432	118	552	168	572	802	344	43	499	274	600	60	164	8	94	622	407	754	547	223	496	12	639	595	450	465	764	402	37	389	375	47	468	426	9	785	506	571	704	325	355	62	669	770	320	420	476	460	30	70	457	137	336	279	464	46	725	248
545	433	646	797	798	754	45	53	546	348	779	576	0	282	365	676	183	680	572	815	461	739	648	647	510	8	418	185	554	135	755	510	784	18	788	540	475	230	430	760	720	174	764	336	34	616	358	740	476	383	268	20	642	640	232	156	678	338	361	51	626	197	807	611	292	128	144	407	630	759	269	176	422	651	1	466	104	159	95	416	727	407	366	115	600	781	534	92	167	95	380	21	362	67	231	411	455	719	491	377
14	737	748	690	586	57	657	492	269	758	596	179	229	0	311	76	207	558	273	367	806	389	10	86	444	810	53	81	572	409	361	780	433	325	689	620	154	391	363	812	624	139	157	151	42	452	262	255	76	487	678	218	775	571	133	115	724	21	169	120	472	110	155	359	785	755	163	16	552	508	716	705	600	480	558	135	143	470	732	84	561	340	53	135	166	186	183	711	385	233	177	363	467	570	346	370	607	546	548	245
386	598	329	660	709	622	45	646	739	380	644	246	84	714	0	696	296	153	305	679	613	523	357	483	648	330	537	370	738	700	85	375	414	325	621	338	648	661	428	632	399	736	179	124	446	806	740	544	381	69	265	793	190	146	708	456	331	169	635	420	239	716	752	231	498	759	437	455	110	271	96	116	369	803	356	207	263	130	389	503	523	482	305	342	96	711	372	522	249	368	744	723	54	383	534	642	287	584	30	238
484	499	621	700	577	599	296	607	140	435	90	713	63	369	543	0	539	396	325	666	224	265	169	577	462	30	183	98	229	564	236	78	668	170	680	687	606	396	554	536	276	518	602	173	501	476	166	524	534	486	728	319	246	716	213	621	365	110	745	418	291	246	502	152	72	300	294	169	46	312	168	567	456	616	156	614	360	140	194	40	292	259	508	557	304	393	188	569	207	371	700	748	398	242	614	677	2	70	385	290
331	367	637	241	234	212	354	74	125	21	753	125	731	690	513	768	0	327	221	51	511	772	482	515	326	450	412	662	792	761	811	806	214	5	394	645	75	785	228	705	675	200	544	289	507	400	202	61	274	485	210	194	745	520	792	356	452	154	368	574	773	16	706	747	338	183	725	717	441	495	554	236	206	452	72	255	440	634	810	432	34	665	226	114	600	616	41	531	764	536	359	294	353	683	711	698	637	801	47	61
131	626	156	365	141	467	289	646	677	480	99	402	176	447	271	629	574	0	45	31	214	347	766	332	641	570	290	234	425	564	786	234	674	46	85	328	793	59	314	183	172	62	574	590	339	592	545	745	719	522	155	334	514	670	510	300	661	802	62	270	45	6	409	740	156	285	629	89	96	352	768	645	802	701	364	784	566	611	16	514	531	534	744	779	119	246	181	585	344	649	717	299	726	39	300	489	688	487	526	373
431	155	175	587	540	1	78	472	413	752	58	807	214	387	410	647	192	647	0	533	4	44	686	425	736	448	100	11	675	105	200	412	645	571	333	31	480	21	201	416	276	573	125	269	410	89	188	66	87	86	220	426	624	564	765	645	392	247	114	481	620	541	538	63	235	82	615	543	807	182	448	232	807	184	71	471	369	201	402	415	2	803	369	280	498	622	74	114	247	371	263	514	406	655	204	583	328	172	420	438
756	404	307	730	496	667	189	641	270	794	533	432	369	810	22	791	377	792	48	0	258	306	305	519	600	164	311	627	801	219	29	427	496	110	662	369	539	695	85	550	811	564	338	51	188	271	221	325	624	164	261	495	485	289	659	776	629	393	743	641	799	612	287	689	689	623	592	423	300	734	97	452	78	615	140	417	514	505	65	50	397	357	619	556	695	810	449	126	84	680	273	790	579	730	272	731	527	750	747	566
207	214	7	707	8	256	13	532	228	709	330	48	25	758	242	244	527	697	404	321	0	809	794	166	170	88	782	746	126	282	60	305	298	94	60	638	595	757	739	405	574	42	178	365	422	518	395	339	55	1	387	267	224	10	704	476	644	75	217	788	367	91	723	732	424	176	22	773	809	41	147	389	239	326	537	224	103	393	47	435	735	143	696	450	630	670	776	315	617	480	131	232	180	266	45	368	387	438	393	72
6	231	522	337	371	495	321	305	209	738	277	198	499	630	127	37	389	330	736	535	96	0	673	648	468	682	635	561	332	62	363	269	654	256	810	263	37	328	332	151	104	41	654	60	740	520	359	511	690	291	692	456	42	258	150	341	375	441	741	685	23	410	65	432	461	17	117	527	370	798	732	686	93	632	599	523	227	74	363	706	369	496	801	505	575	170	325	377	664	420	557	265	401	278	271	190	21	86	261	89
156	286	812	798	128	751	761	544	577	186	438	27	578	421	215	441	211	693	459	352	169	529	0	282	70	238	461	182	69	581	271	688	328	44	511	701	20	31	484	516	402	576	629	198	183	688	786	617	566	229	300	792	766	149	284	182	116	226	762	630	300	240	403	644	518	7	413	427	455	211	424	599	639	188	775	175	520	160	590	233	9	145	54	167	232	489	32	507	783	323	788	550	759	704	777	643	320	647	122	736
593	501	206	233	8	398	55	315	798	191	285	635	95	780	430	645	757	59	165	169	426	392	625	0	614	73	640	202	796	653	253	128	429	770	75	454	772	789	652	272	489	152	94	585	493	453	243	763	667	598	770	308	361	47	383	682	81	23	334	747	87	424	18	273	767	621	211	66	213	586	384	413	47	481	470	137	101	713	484	509	596	463	357	182	378	170	749	805	145	586	629	744	665	614	196	305	750	546	114	671
642	11	317	693	178	424	116	107	211	322	391	745	120	222	490	39	665	546	533	98	247	59	627	320	0	288	106	755	112	455	507	147	790	145	26	232	74	625	512	815	656	3	744	26	204	275	753	317	484	809	234	784	712	567	689	755	375	131	249	257	686	32	454	593	772	485	7	33	373	595	88	610	793	270	719	494	787	428	708	662	311	431	297	241	539	106	291	601	321	529	622	462	38	123	228	15	20	148	592	640
615	135	340	46	107	286	721	651	580	266	639	415	549	204	809	409	474	607	384	276	580	795	477	386	477	0	472	447	402	169	706	709	350	247	762	550	231	591	676	607	302	698	712	85	137	288	754	134	75	280	410	752	520	338	477	474	493	355	246	572	55	458	304	510	134	600	11	89	503	52	554	302	711	21	132	489	186	796	44	726	724	216	774	703	186	364	378	745	451	707	255	615	162	257	223	348	255	465	23	115
729	523	553	445	467	571	331	285	132	147	714	612	83	371	746	580	107	672	469	496	367	60	239	216	786	755	0	242	240	160	618	118	401	374	108	235	426	72	59	2	267	738	17	475	708	465	180	435	170	240	490	747	616	215	404	604	535	789	580	121	324	130	324	674	698	154	47	556	773	693	376	231	109	609	141	610	353	753	758	209	391	360	665	188	52	600	89	517	360	429	242	155	51	188	458	116	558	326	202	766
109	42	309	361	72	432	292	781	58	322	757	240	120	231	179	104	110	96	522	470	750	812	278	557	61	57	90	0	651	365	568	745	497	764	183	214	633	161	374	600	240	662	301	650	720	217	411	270	339	33	754	532	412	336	380	491	485	247	162	783	173	520	767	86	280	440	106	447	328	492	272	124	284	561	349	586	181	391	420	699	306	265	183	121	259	191	792	530	189	746	802	301	525	463	723	23	20	40	18	233
699	637	239	549	506	419	87	470	421	235	539	176	749	314	669	612	704	657	743	354	55	551	762	236	623	696	327	361	0	180	578	795	446	229	41	447	774	481	180	103	283	495	125	279	206	764	767	50	610	354	804	792	248	522	231	632	171	600	305	311	257	732	312	783	654	606	427	69	616	277	141	175	737	552	570	742	714	811	701	793	795	655	559	215	254	323	696	562	390	681	221	687	701	261	471	717	730	555	720	584
298	381	150	465	655	377	383	665	410	561	441	178	370	265	116	103	304	213	461	598	19	755	365	482	398	597	761	92	487	0	18	612	31	21	336	310	481	476	730	397	625	605	604	336	727	576	192	49	788	227	93	445	625	99	489	407	294	388	13	223	137	80	640	392	71	181	814	155	94	426	466	214	261	190	798	450	575	506	211	118	671	421	755	733	60	394	690	346	497	76	334	804	730	655	249	163	249	60	407	783
732	688	198	763	603	756	358	194	574	340	189	744	465	188	345	747	460	615	796	735	196	766	482	255	220	213	405	565	655	669	0	309	473	470	191	726	339	159	563	216	350	81	317	341	647	190	539	538	291	704	268	769	269	653	443	237	85	329	381	49	507	478	725	10	756	378	487	720	756	273	447	162	120	43	5	552	454	521	795	512	265	37	58	386	606	187	650	451	741	249	125	780	768	738	375	697	748	456	264	30
266	343	204	388	1	569	712	146	410	475	616	794	153	35	697	794	215	725	464	520	406	230	414	780	209	285	627	785	272	675	635	0	667	241	655	476	649	603	395	811	470	591	692	378	173	611	302	805	461	104	662	743	701	448	773	435	193	412	700	534	100	806	369	644	792	84	727	530	476	572	10	731	571	363	277	804	394	631	3	47	777	652	207	400	546	622	721	655	144	647	784	150	727	379	78	682	46	87	33	692
610	809	528	407	749	438	688	601	755	176	366	751	310	648	741	707	702	29	572	285	625	91	606	289	581	547	647	529	750	205	178	634	0	123	212	719	403	183	643	322	477	494	529	444	701	507	615	666	7	504	83	396	530	809	239	470	290	535	338	234	564	329	486	162	636	700	578	544	48	165	210	510	422	571	386	753	271	726	237	736	212	564	283	694	29	317	407	775	643	190	728	774	462	748	178	600	478	776	382	458
762	105	515	783	492	657	509	682	668	93	128	144	386	54	89	258	40	630	117	238	324	695	241	269	63	417	268	281	781	232	149	405	559	0	62	563	134	598	155	219	119	715	215	485	538	202	274	107	174	439	47	198	650	216	489	557	649	677	120	466	460	41	479	64	30	692	328	586	92	696	103	260	122	66	311	726	561	146	462	514	290	35	349	596	722	501	26	407	13	502	103	155	807	186	671	241	232	387	675	97
87	672	586	557	812	349	183	379	752	422	146	646	759	600	167	163	348	240	607	91	439	460	555	768	714	261	747	235	780	788	33	753	496	255	0	163	20	442	659	132	428	86	262	262	727	543	795	790	409	57	315	320	342	567	554	312	69	381	54	135	761	93	607	804	552	473	408	439	269	661	388	764	533	365	2	637	208	610	588	66	786	815	289	634	235	441	215	595	112	587	266	335	489	202	123	501	191	146	215	430
327	408	12	271	224	717	421	94	99	293	382	30	566	616	653	242	364	192	396	188	776	222	469	34	358	394	301	588	508	363	232	730	148	508	243	0	472	115	777	327	627	541	525	145	337	96	659	363	666	140	493	461	638	271	626	204	87	466	574	696	245	115	152	63	139	403	777	600	250	191	55	35	402	705	542	610	634	226	309	392	210	685	179	578	397	703	358	108	162	101	662	148	373	512	125	301	680	252	34	218
783	123	71	178	79	14	87	79	427	287	492	649	756	422	436	580	186	795	460	573	231	29	304	354	226	544	414	580	415	273	456	705	67	354	221	268	0	32	347	262	503	153	340	502	10	698	645	114	571	558	729	463	311	809	519	172	393	175	148	787	409	248	192	327	532	741	45	805	483	20	803	346	398	39	51	333	631	768	5	262	185	463	564	267	559	90	738	40	447	457	80	398	3	296	705	778	710	542	455	192
103	310	249	628	238	23	34	368	207	613	109	212	110	585	162	162	255	72	386	685	246	613	237	592	634	345	764	331	656	189	756	575	198	27	806	621	84	0	469	218	615	693	465	386	29	658	662	231	107	150	390	476	49	216	781	592	784	573	791	471	476	741	457	571	670	56	516	643	293	715	313	35	388	189	299	742	697	297	762	313	708	299	293	231	670	182	336	199	542	269	441	3	679	286	579	562	659	33	57	288
110	187	457	735	468	320	11	7	428	81	85	751	716	792	774	314	632	373	202	65	807	560	278	787	513	40	37	287	702	432	561	367	783	476	455	94	802	329	0	562	70	221	63	37	87	282	665	287	441	31	85	29	215	727	263	623	497	626	116	401	353	573	444	764	461	326	622	734	536	730	264	641	187	139	143	393	675	743	165	245	746	375	541	730	100	41	550	311	16	705	331	9	186	124	764	361	529	17	518	719
558	658	459	748	477	288	460	477	114	360	64	118	493	648	262	66	105	235	516	113	532	643	219	589	310	299	638	112	219	418	54	88	753	495	254	200	458	560	630	0	16	7	722	111	280	799	176	535	40	789	787	101	295	215	89	800	278	621	639	425	190	663	343	425	374	113	510	77	142	14	106	674	375	303	76	735	94	101	798	283	426	218	535	12	515	282	785	293	111	29	567	410	87	141	301	700	30	451	793	675
542	44	247	189	361	725	665	235	680	278	562	808	300	309	164	727	601	301	241	222	683	305	581	543	678	541	635	718	666	802	444	186	672	748	119	17	42	795	679	378	0	262	140	124	377	595	166	576	151	596	652	666	147	99	706	703	619	382	297	742	363	796	745	125	155	502	624	284	611	385	581	40	190	432	747	440	39	284	665	27	93	60	558	707	520	611	49	404	629	546	792	134	557	391	178	726	471	782	451	314
320	550	779	346	619	393	759	716	803	750	17	742	712	51	725	692	189	685	293	388	45	59	529	377	47	131	233	98	763	772	341	14	751	608	577	109	60	155	780	396	662	0	780	675	808	692	733	285	560	285	584	203	178	605	722	331	505	719	559	241	276	166	39	675	362	492	658	53	340	533	403	429	118	343	622	786	62	633	252	665	408	533	675	279	41	307	690	470	571	420	373	649	412	103	183	100	370	207	210	209
768	270	42	750	677	75	497	698	802	543	549	140	114	256	748	132	201	291	762	289	203	279	435	459	145	651	153	208	410	506	176	236	264	544	561	199	609	254	401	749	428	722	0	14	630	55	381	128	610	69	406	701	533	357	51	35	345	465	245	381	62	264	286	115	550	152	446	174	724	659	173	693	492	414	600	95	637	123	343	451	282	337	186	639	8	493	11	761	427	294	36	291	776	135	236	736	746	780	761	449
291	105	263	298	152	427	812	23	639	206	337	444	550	393	606	296	133	647	404	604	64	363	421	653	204	64	652	504	515	356	102	254	784	224	463	373	81	440	605	88	573	86	806	0	168	700	678	428	44	45	787	671	677	339	369	63	213	248	9	213	771	538	433	689	373	707	129	273	148	767	36	685	208	133	335	537	556	580	760	651	449	696	559	280	291	201	214	405	814	586	626	724	76	388	240	446	659	168	711	659
411	222	582	474	148	260	468	691	653	636	726	335	333	562	407	240	624	474	561	510	361	608	657	143	730	525	459	246	654	331	643	172	430	210	772	168	748	35	26	356	803	30	809	272	0	480	633	724	620	335	315	106	649	192	357	718	491	616	537	642	421	528	786	785	753	7	715	726	590	336	586	641	727	730	461	811	436	677	675	549	516	124	40	255	694	429	529	375	440	31	730	729	49	774	568	520	637	723	470	134
18	762	209	421	440	772	142	592	609	243	229	153	102	297	169	374	751	677	157	483	395	224	189	411	479	402	274	666	319	208	145	305	536	550	488	397	135	154	210	531	600	288	404	178	470	0	96	691	470	652	438	64	445	714	251	578	495	626	361	560	349	259	559	299	188	572	531	375	569	572	152	499	754	570	575	8	408	515	170	754	202	289	152	502	439	447	446	121	437	680	609	530	686	679	501	543	502	322	140	589
398	204	153	266	712	667	391	364	224	246	418	479	397	461	31	609	100	110	705	774	299	724	446	456	250	125	222	476	748	324	447	721	401	265	655	777	215	578	208	5	521	200	630	148	429	709	0	36	21	750	54	531	640	150	360	163	606	701	504	589	649	82	512	81	683	727	80	779	600	659	391	333	744	143	206	245	538	313	176	23	170	338	796	694	458	584	100	603	157	204	801	409	120	333	461	268	655	772	147	593
207	615	175	640	352	331	180	102	19	287	776	710	668	734	649	331	585	616	180	701	651	334	123	430	259	296	279	581	149	379	654	362	809	348	357	663	560	635	712	420	348	414	383	47	503	480	233	0	683	641	380	598	108	444	89	287	722	289	579	171	614	303	771	676	284	99	65	527	348	767	504	390	434	485	723	598	240	537	722	100	333	317	211	456	1	80	657	326	221	433	89	795	677	701	500	75	55	415	111	351
491	365	534	72	464	102	798	620	455	648	262	186	786	648	737	617	538	157	706	336	563	666	224	800	255	642	372	174	91	141	486	545	422	68	194	595	254	748	815	123	759	592	350	193	812	809	505	278	0	774	56	312	88	600	627	515	24	677	655	673	737	32	421	805	519	553	29	476	652	104	50	332	321	68	323	77	228	241	260	321	351	447	200	641	110	149	423	709	790	8	610	815	505	334	166	333	20	131	219	438
16	780	390	805	343	151	297	471	266	754	643	571	134	754	606	433	607	631	334	677	585	80	211	703	138	104	619	513	710	403	526	602	811	804	42	369	132	118	289	36	621	201	193	437	277	465	236	405	573	0	482	191	392	738	599	584	359	654	638	384	436	342	146	542	28	574	354	309	44	100	313	686	645	29	533	387	586	139	98	433	471	122	324	499	469	668	355	315	600	329	633	503	340	176	800	204	685	773	473	324
198	663	100	461	43	267	657	500	186	154	478	515	127	620	540	761	447	461	259	790	113	196	135	562	114	221	354	682	159	197	172	261	493	672	144	186	110	528	196	754	567	726	437	771	806	722	31	211	394	341	0	73	363	645	322	159	771	577	113	565	120	399	249	349	559	140	519	795	4	457	46	323	451	506	745	686	61	227	340	712	159	730	290	409	697	407	317	1	305	516	808	792	583	533	467	234	186	422	160	718
156	616	769	696	748	678	476	627	37	251	492	435	432	277	489	209	693	499	402	68	605	424	350	718	671	760	9	733	419	549	458	66	637	113	488	166	298	515	327	33	296	227	670	292	750	565	140	316	103	201	265	0	92	544	678	576	479	473	242	365	642	522	306	429	674	284	790	560	502	83	721	669	684	610	498	152	693	654	454	774	795	677	749	256	386	300	613	2	792	174	765	537	196	314	718	498	502	667	9	171
401	586	739	567	737	608	462	788	118	86	301	707	554	401	91	634	651	345	11	293	788	795	162	675	73	550	308	419	158	234	187	522	58	209	259	674	677	275	537	390	589	793	195	339	805	198	453	444	260	452	492	132	0	595	353	180	704	684	180	639	104	122	559	555	267	291	536	267	99	484	737	162	292	408	434	542	245	491	157	533	669	707	397	601	416	169	6	2	499	123	626	183	707	397	334	8	223	763	696	639
730	278	12	649	558	422	653	690	336	728	373	651	475	730	137	629	101	443	598	696	814	356	145	273	106	296	330	543	565	384	331	608	289	272	452	663	110	400	661	130	672	227	636	642	223	589	812	610	693	265	46	679	471	0	71	765	711	744	93	751	539	562	742	678	248	650	207	782	702	153	695	193	585	350	246	185	247	335	671	87	183	496	155	187	287	116	279	306	355	443	674	188	524	160	286	726	259	75	813	121
130	717	537	114	755	250	740	347	129	72	376	88	329	271	464	100	653	786	255	437	678	498	77	76	594	355	727	95	586	328	225	59	320	66	337	415	419	569	13	701	421	373	102	782	209	208	721	481	736	599	763	653	131	512	0	500	135	780	777	432	474	17	679	447	704	480	487	452	654	134	573	461	732	660	168	483	238	283	733	312	329	26	614	90	299	388	626	57	9	190	410	384	602	687	111	363	200	363	534	317
661	203	649	229	97	454	441	710	712	88	147	734	609	94	21	664	459	343	370	192	576	492	611	796	450	250	158	627	726	623	522	478	145	138	792	326	122	813	525	42	571	564	500	121	338	634	149	338	767	409	432	537	47	514	4	0	532	424	20	381	374	632	147	413	16	634	546	175	178	540	482	257	224	492	681	428	535	719	283	485	658	220	194	308	81	75	118	208	645	643	433	321	537	576	744	734	190	569	437	754
813	501	771	99	507	150	764	636	283	301	117	201	228	485	21	68	398	420	224	667	222	455	812	707	809	761	515	678	461	434	348	262	504	115	670	48	98	23	723	116	746	482	753	132	105	355	317	38	321	116	464	184	232	611	604	640	0	13	135	567	500	361	347	721	78	244	308	392	785	208	488	553	604	248	788	49	263	81	288	517	540	8	759	416	298	54	325	83	719	161	811	37	534	561	648	107	764	530	130	783
151	523	185	779	454	16	706	156	714	514	21	227	67	47	673	267	730	214	85	45	598	490	293	694	440	750	243	90	179	150	688	646	773	697	82	201	108	121	350	579	184	34	797	663	571	676	425	276	611	509	241	165	82	345	430	383	378	0	812	568	532	412	303	700	506	775	456	567	332	245	628	719	120	92	130	176	333	732	584	32	710	29	636	599	330	698	697	536	172	40	160	467	650	353	201	645	548	452	604	550
79	221	251	684	124	377	465	577	183	812	427	472	323	225	139	568	419	767	307	514	539	271	784	153	605	507	13	759	451	416	428	510	337	484	39	82	459	179	100	792	145	109	96	86	808	483	81	637	442	547	291	667	545	593	243	168	449	197	0	295	674	493	313	280	225	531	280	250	787	422	493	562	776	258	74	800	412	560	738	433	176	383	28	708	779	370	382	16	765	358	205	532	128	330	666	767	270	88	244	297
251	375	408	316	273	317	485	669	253	292	112	722	527	616	730	738	272	57	805	469	683	293	144	302	261	95	449	582	25	170	640	702	497	229	134	702	749	756	487	335	381	560	132	427	145	193	548	375	25	696	548	381	169	626	554	544	710	458	319	0	212	808	358	747	533	98	345	411	495	564	353	182	474	331	316	538	387	123	116	100	147	534	530	273	412	345	720	198	475	734	378	493	517	234	454	216	310	799	477	205
506	715	280	758	388	407	800	574	60	353	108	53	755	67	507	426	385	85	375	403	539	749	758	353	506	168	571	667	548	101	545	606	304	136	376	516	556	614	321	629	414	553	92	61	3	336	168	739	275	229	442	99	750	408	390	418	99	150	447	805	0	689	455	197	657	164	321	477	279	366	340	577	114	358	559	477	629	28	639	94	634	647	524	428	644	72	532	209	402	807	374	774	300	793	637	642	771	755	764	506
54	659	271	376	526	339	672	68	715	614	605	722	428	205	758	695	751	607	429	428	208	728	250	380	39	519	215	154	482	507	649	162	724	252	769	761	734	274	139	486	811	194	193	560	85	372	617	402	295	494	696	157	80	416	115	530	734	699	620	637	702	0	610	465	8	382	82	90	328	68	228	9	489	513	413	16	693	537	411	794	437	79	52	551	717	805	104	442	414	114	759	740	378	767	141	675	257	458	207	172
526	305	277	94	580	584	186	542	378	421	84	588	770	493	715	339	190	67	569	494	98	706	295	308	85	24	275	207	683	44	203	448	166	791	706	641	175	512	207	593	498	643	400	613	656	450	695	3	420	329	685	654	115	712	320	429	393	399	106	579	275	294	0	97	549	435	88	674	477	37	438	208	280	672	480	134	270	810	536	260	633	747	762	29	801	672	120	144	753	323	646	324	236	478	652	402	33	381	52	770
794	790	688	315	146	460	402	753	309	411	515	223	410	204	800	785	54	207	456	85	703	762	326	335	745	617	667	194	590	578	173	2	789	524	355	182	332	473	53	330	413	637	422	301	770	571	614	53	350	505	343	528	340	686	678	345	413	586	155	413	139	158	116	0	474	166	251	537	33	499	181	68	158	350	83	79	159	711	24	129	586	610	806	470	26	180	757	468	492	732	601	250	539	654	163	49	605	423	277	101
770	753	667	581	772	404	508	323	44	678	303	516	364	731	623	76	65	580	277	810	184	117	268	224	483	656	411	146	168	735	16	723	676	245	262	316	709	114	324	449	791	529	43	649	738	641	377	529	51	419	405	88	783	451	644	788	307	766	551	348	252	295	798	576	0	36	97	503	543	273	405	98	456	701	529	475	501	448	644	663	254	466	651	391	263	359	402	275	109	511	557	704	241	153	642	234	315	176	640	163
278	558	773	142	791	125	238	139	147	573	418	387	406	101	55	763	221	409	192	313	805	40	164	756	498	531	372	771	307	425	431	438	608	213	9	671	769	232	504	587	752	658	809	768	386	630	101	434	750	629	683	709	199	705	742	574	637	128	613	346	93	191	566	444	292	0	6	234	373	544	161	259	25	573	729	776	313	541	397	156	382	67	115	815	361	243	144	359	673	255	814	282	203	176	187	774	23	809	550	725
770	235	780	102	403	323	541	277	169	442	6	655	747	320	383	226	319	494	267	432	613	602	490	661	59	670	194	625	316	153	580	477	267	38	338	195	393	543	233	588	344	503	562	804	354	593	720	697	182	465	545	56	71	247	804	692	37	805	545	542	129	171	33	296	160	63	0	752	397	737	438	57	454	780	767	717	39	712	604	95	37	376	779	226	353	266	121	637	568	494	788	780	509	522	278	518	98	716	787	184
764	697	633	133	333	131	246	786	809	424	646	626	421	685	287	708	252	398	460	313	332	158	660	671	91	670	333	579	702	144	178	798	288	704	293	436	602	261	579	626	815	738	654	714	354	260	134	75	66	655	472	417	716	4	789	649	151	527	678	750	465	421	413	245	25	620	312	0	63	691	629	33	653	267	615	591	182	402	568	86	626	807	106	705	148	425	126	175	519	680	732	764	412	363	767	435	596	682	301	124
146	726	211	318	443	475	150	350	57	753	30	687	260	470	447	88	227	672	456	732	536	810	45	654	731	457	705	177	798	630	542	68	249	105	204	579	744	97	106	193	791	10	783	273	184	619	614	385	139	238	371	18	507	375	56	148	477	327	171	467	455	434	621	744	677	302	371	523	0	146	689	551	208	205	364	462	138	297	152	741	721	54	206	470	639	764	199	753	363	613	470	662	116	81	780	697	248	686	92	193
279	739	270	579	258	754	300	666	375	562	771	732	716	547	673	429	156	765	720	91	520	262	780	800	193	610	647	254	311	451	758	699	660	443	607	409	586	13	441	776	751	237	183	527	187	493	276	682	290	522	61	108	301	723	426	129	259	724	331	8	218	133	685	227	251	602	170	425	601	0	798	35	473	709	172	53	95	434	639	311	797	449	218	630	205	750	349	750	587	151	635	93	80	708	186	10	756	747	224	359
808	129	734	410	669	358	164	254	12	104	519	658	242	232	753	643	523	319	759	104	790	252	565	57	726	106	519	617	205	392	275	546	624	279	761	224	474	188	62	265	366	447	738	103	352	445	747	160	787	314	288	114	566	550	525	684	103	279	139	72	171	10	279	442	674	324	794	605	660	394	0	345	473	151	3	379	709	146	476	45	77	612	45	350	2	685	266	362	41	93	439	566	622	476	810	532	31	143	274	714
41	564	611	184	388	185	29	527	351	309	209	36	273	537	12	764	547	485	182	341	272	778	272	775	453	636	212	270	457	788	377	626	252	410	677	559	690	112	26	442	139	168	457	372	306	574	8	25	646	207	744	809	196	791	312	299	261	32	241	658	345	729	52	315	306	781	483	43	507	613	783	0	334	102	571	12	114	207	582	647	590	296	646	12	140	529	172	696	608	98	203	357	647	807	392	672	423	616	66	391
575	322	651	257	94	155	718	366	574	579	51	590	516	554	48	572	699	205	647	793	569	428	208	641	761	511	317	693	496	238	427	66	39	203	36	710	211	610	582	747	103	621	510	156	383	115	644	359	136	652	54	478	84	433	358	16	73	572	436	582	766	79	805	539	276	659	445	697	251	728	463	384	0	721	50	669	199	623	463	396	742	491	414	317	113	388	528	524	2	504	380	598	744	19	301	789	295	124	128	551
1	447	443	564	482	513	220	703	163	413	521	612	794	465	777	262	581	771	808	379	567	261	193	632	785	764	287	796	222	212	756	760	729	554	680	69	132	135	481	325	576	427	538	421	391	647	80	329	600	764	506	548	470	467	72	192	755	27	170	642	147	94	178	447	228	594	772	663	674	692	250	502	351	0	565	274	477	98	385	392	304	427	679	148	177	773	331	183	701	752	754	593	278	634	25	52	64	343	235	417
34	455	453	618	292	537	144	623	351	59	731	542	279	323	569	512	238	11	420	168	761	415	801	559	287	93	368	778	299	332	304	213	538	699	340	254	408	80	120	235	42	23	563	521	366	415	129	238	529	588	815	125	517	225	307	235	325	112	533	350	210	757	489	235	299	49	443	140	323	390	359	702	537	122	0	788	757	249	687	372	216	350	785	610	441	367	113	98	419	63	569	261	424	813	320	790	701	248	765	135
247	147	285	737	425	447	294	503	419	342	107	109	15	672	516	190	42	167	328	259	79	473	784	302	147	78	793	346	648	216	497	147	470	351	633	132	126	647	117	744	348	406	618	290	740	49	752	767	565	267	811	65	132	566	506	434	668	295	779	439	387	581	349	445	689	790	12	471	560	582	619	593	84	225	635	0	649	275	358	692	465	503	85	540	123	544	357	728	596	197	21	38	137	314	127	423	253	541	239	709
663	666	377	644	347	493	775	66	225	583	798	589	529	797	113	60	66	378	700	567	230	229	652	620	259	546	643	659	380	169	300	561	280	161	143	758	342	492	17	1	487	483	597	803	73	499	686	504	812	320	669	528	188	428	700	730	229	659	362	10	776	53	621	532	457	19	139	184	369	197	208	219	639	501	765	731	0	405	237	647	554	629	644	564	130	589	289	767	355	513	578	792	722	805	509	190	57	631	99	389
127	306	177	615	791	653	525	272	759	793	666	285	785	311	11	359	781	81	504	520	443	570	478	604	92	21	215	541	328	475	511	699	276	660	171	815	687	246	374	367	701	256	95	610	91	244	100	221	67	799	550	352	250	701	529	163	114	625	236	614	488	702	153	708	626	735	766	285	216	210	131	408	435	802	773	561	516	0	689	440	789	19	620	142	246	161	245	381	417	591	93	266	428	726	703	712	247	427	66	650
326	442	203	408	93	338	228	382	719	365	654	425	421	285	426	60	443	479	318	167	182	599	425	713	585	788	54	142	20	620	492	125	606	572	263	87	519	462	499	576	601	325	388	605	404	136	460	443	261	674	315	577	418	435	152	225	533	563	265	265	243	688	12	443	129	255	774	77	298	529	668	777	21	87	59	803	697	192	0	157	408	671	348	610	279	223	658	685	340	250	43	388	52	583	447	76	308	185	739	65
310	612	68	188	520	154	611	673	535	172	156	436	526	267	34	439	749	264	129	777	421	243	651	665	575	548	435	383	372	237	181	501	470	693	24	586	448	712	147	528	21	70	271	225	513	799	121	791	399	342	208	432	235	473	426	806	96	283	629	720	161	774	639	806	689	590	583	770	451	560	666	781	109	358	410	46	686	520	315	0	33	491	413	332	773	422	311	291	238	480	286	605	666	291	672	532	72	287	756	107
153	114	784	45	619	77	794	5	617	535	225	551	512	373	505	478	420	420	67	251	294	283	802	356	177	735	361	423	253	441	502	435	639	154	758	516	652	146	264	697	793	313	454	67	326	502	746	253	716	284	1	120	15	39	485	200	601	790	122	220	319	25	741	595	275	727	62	641	562	607	430	233	519	482	663	427	390	684	392	518	0	332	787	253	397	502	498	448	532	290	45	706	477	399	243	250	177	66	690	372
801	317	595	430	504	576	185	244	202	409	474	135	659	287	732	387	659	605	718	632	58	610	172	466	610	744	245	406	16	659	732	250	750	559	451	441	121	704	397	397	322	328	292	571	470	666	703	516	179	438	373	290	62	201	226	577	693	107	240	426	481	163	5	682	394	261	399	248	161	400	39	426	244	452	668	362	606	716	292	797	215	0	597	706	604	521	750	734	249	181	237	75	258	242	262	720	470	219	545	19
119	89	429	297	322	296	663	392	327	758	649	781	10	614	452	29	299	144	1	333	512	439	45	7	60	739	677	636	714	372	64	711	223	102	765	401	313	84	130	332	381	427	327	206	343	515	267	112	421	523	761	492	758	734	352	300	647	675	393	720	713	427	798	596	529	65	160	51	246	357	447	116	490	566	574	447	220	165	630	668	742	493	0	454	609	445	740	774	509	526	355	34	495	548	153	24	29	577	655	116
666	151	181	230	180	298	440	467	538	56	650	235	317	306	250	754	104	723	488	764	52	129	213	409	471	97	714	371	151	756	106	272	246	429	441	170	304	57	322	646	205	238	12	664	400	798	422	14	449	566	256	418	24	231	554	278	397	264	431	642	736	672	136	737	205	50	814	388	651	342	500	50	613	375	185	583	191	705	90	343	241	485	449	0	126	492	322	467	215	142	124	249	280	719	569	99	736	262	276	266
661	676	278	453	571	655	583	674	329	679	287	381	186	63	261	654	336	768	53	793	262	657	104	810	546	22	278	775	117	660	329	47	79	176	555	100	519	500	323	148	679	41	4	786	724	35	504	618	357	422	702	810	198	245	691	96	264	446	662	644	342	587	151	88	536	293	504	514	645	746	771	172	199	295	154	327	33	108	141	392	42	796	434	795	0	599	360	766	191	411	500	244	253	480	40	485	425	116	305	107
278	18	586	161	472	126	412	403	447	404	566	324	386	405	815	604	377	736	436	301	565	76	636	357	772	756	62	530	98	603	801	427	158	111	30	345	784	62	646	292	320	355	400	449	248	68	77	100	735	49	550	721	235	588	211	485	674	744	553	332	402	264	527	466	468	40	459	181	133	601	465	547	765	92	126	644	763	23	686	449	328	793	512	397	555	0	708	770	773	133	346	220	382	497	595	261	571	129	259	602
516	287	435	476	369	527	593	155	811	37	362	232	59	520	695	485	535	357	13	445	540	310	175	25	498	397	79	709	708	141	278	507	749	260	10	351	626	567	528	282	695	398	791	162	251	399	171	703	96	435	334	735	183	432	61	503	250	513	274	731	351	786	91	132	557	538	223	643	116	527	68	384	563	429	503	292	91	179	125	294	617	178	499	573	550	339	0	671	503	2	318	272	70	374	2	14	80	507	34	195
604	227	493	260	211	112	212	668	13	172	351	291	497	766	738	130	146	217	358	255	354	328	763	311	245	117	399	692	78	466	411	627	289	711	734	508	186	345	585	221	203	588	170	278	133	70	148	345	461	170	442	516	525	437	128	523	629	284	247	564	484	374	772	479	223	549	391	87	776	799	117	682	106	601	649	598	187	706	805	196	171	155	722	440	622	792	695	0	273	147	35	295	308	771	612	584	237	105	129	102
291	11	641	638	766	131	4	311	635	437	709	147	813	345	29	789	727	551	378	491	457	770	689	471	640	225	705	593	377	801	56	208	311	158	64	333	301	642	107	7	21	63	609	4	251	96	690	703	434	680	437	107	166	246	757	771	798	368	186	300	436	362	584	229	194	697	27	753	591	176	195	694	376	141	566	563	101	769	693	397	236	619	359	628	27	139	201	641	0	588	394	44	541	513	356	161	660	774	236	48
768	767	647	291	317	596	787	631	316	433	42	401	298	633	638	481	273	560	365	17	110	368	54	342	389	72	379	58	784	472	350	207	322	78	351	284	27	379	40	444	121	402	145	216	737	151	650	206	414	813	802	282	123	333	306	537	311	157	599	283	257	199	729	543	523	149	523	453	69	56	286	450	258	84	564	259	16	277	582	472	461	53	450	536	287	757	599	617	316	0	618	594	30	548	470	635	137	359	45	748
477	643	425	468	621	578	319	90	13	244	687	12	362	69	492	505	60	683	238	535	260	392	183	392	185	362	811	204	320	15	341	160	431	597	367	480	419	71	232	203	654	596	223	735	759	643	321	336	276	634	615	366	143	417	171	447	446	686	447	385	247	288	600	393	527	689	801	745	335	182	271	738	530	237	418	603	774	382	283	451	51	798	35	770	579	94	498	200	114	327	0	56	169	233	528	111	281	648	577	474
111	593	699	96	348	575	411	448	776	605	499	89	769	709	144	260	397	157	608	484	324	546	123	637	622	217	216	483	59	154	26	188	675	546	813	538	524	676	296	751	440	293	738	24	717	463	492	458	645	88	679	173	228	394	714	359	585	688	233	359	190	5	605	226	393	519	669	469	137	448	304	481	666	411	303	645	199	460	30	164	195	610	152	580	721	263	214	604	183	476	215	0	331	25	183	499	146	345	771	761
393	308	529	169	147	701	399	32	786	555	335	467	442	138	15	116	71	9	612	367	393	759	715	696	523	225	341	243	441	497	613	703	564	492	242	778	634	400	157	62	635	479	391	343	583	238	497	129	263	147	455	416	81	361	420	566	165	651	458	287	245	167	254	414	57	553	111	383	434	398	455	707	145	546	176	239	118	479	542	336	30	641	623	468	677	401	411	506	265	297	698	804	0	402	87	397	69	663	188	376
465	238	573	224	225	68	186	623	30	518	469	749	635	244	772	37	170	777	472	607	229	525	162	331	32	23	422	16	734	605	293	336	266	367	760	725	83	375	698	475	257	728	440	539	107	154	247	812	592	381	31	230	333	369	73	110	242	751	107	400	417	2	537	803	299	473	577	48	780	702	368	327	302	123	617	289	199	96	770	96	803	786	192	27	206	25	635	125	620	123	324	652	342	0	453	699	660	801	754	789
391	213	688	755	776	753	42	384	652	347	368	355	442	761	223	641	311	546	136	512	298	639	772	89	642	677	575	93	688	293	174	27	381	675	458	159	286	743	468	770	353	595	383	457	192	672	153	28	563	207	760	378	581	11	330	735	378	659	438	180	182	455	501	710	287	639	42	776	480	333	474	676	669	668	200	148	543	338	156	82	397	487	579	132	197	178	696	719	275	283	450	95	149	209	0	141	244	323	783	98
808	466	451	249	322	391	618	360	157	321	327	502	140	109	116	724	509	709	617	251	175	565	25	722	549	621	211	50	169	476	217	815	295	645	614	181	744	189	569	815	379	604	442	231	622	297	756	206	768	545	107	606	557	340	717	685	153	674	384	553	229	633	407	582	119	285	798	487	271	457	694	93	502	656	171	599	636	590	49	443	672	640	6	558	447	673	525	36	183	623	749	143	505	69	197	0	710	621	280	50
446	142	42	11	138	257	48	20	582	441	355	211	746	329	85	329	5	22	2	59	729	663	483	213	39	158	162	182	165	317	255	722	344	611	644	34	779	773	382	387	761	491	635	12	660	46	445	381	177	485	40	578	540	675	374	6	69	122	285	52	509	625	180	751	376	371	64	739	456	77	153	3	533	679	655	778	421	337	391	693	680	674	210	315	173	785	417	445	173	405	232	454	285	182	642	292	0	524	537	753
699	336	786	642	91	125	116	249	220	812	137	351	520	636	175	266	305	180	82	550	149	166	361	512	624	702	743	725	194	139	97	328	336	18	482	497	318	602	433	476	229	302	745	11	553	224	602	797	156	746	87	173	303	212	492	410	16	655	475	179	292	374	312	426	751	76	447	354	472	349	486	808	607	368	3	336	610	449	614	751	510	729	64	505	760	647	722	359	257	462	613	545	627	520	654	272	374	0	342	193
180	788	92	704	74	296	434	522	409	709	131	772	490	25	536	726	274	47	588	679	738	266	387	615	710	301	231	430	235	281	34	501	379	365	758	335	755	355	441	178	397	134	139	313	314	422	481	267	257	700	47	483	720	217	11	393	248	319	29	423	416	133	512	296	80	330	125	599	86	682	639	629	117	447	803	52	329	390	733	629	61	689	377	164	34	765	748	311	814	472	649	129	332	736	558	183	538	471	0	178
440	221	746	8	460	370	535	88	773	704	780	490	160	701	391	374	649	769	517	492	631	152	265	414	303	739	720	600	426	114	602	225	174	178	395	176	629	23	102	317	207	575	307	70	98	714	49	406	689	672	231	576	197	3	16	382	815	465	598	168	658	797	576	218	518	648	812	139	224	427	807	543	354	92	259	60	800	221	294	249	272	198	608	393	673	204	489	326	574	589	440	813	771	69	368	660	755	29	70	0
