A	B	C	D	E	F	G	H	I	J	K	L	M	N	O	P	Q	R	S	T	U	V	W	X	Y	Z	AA	AB	AC	AD	AE	AF	AG	AH	AI	AJ	AK	AL	AM	AN	AO	AP	AQ	AR	AS	AT	AU	AV	AW	AX	AY	AZ	BA	BB	BC	BD	BE	BF	BG	BH	BI	BJ	BK	BL	BM	BN	BO	BP	BQ	BR	BS	BT	BU	BV	BW	BX	BY	BZ	CA	CB	CC	CD	CE	CF	CG	CH	CI	CJ	CK	CL	CM	CN	CO	CP	CQ	CR	CS	CT	CU	CV
0	589	662	353	224	537	379	171	56	258	523	702	472	603	141	705	210	121	312	139	392	686	724	15	669	292	200	179	538	572	197	491	419	385	517	5	486	324	139	324	514	493	390	210	340	89	180	634	349	88	246	12	534	704	630	329	215	548	252	730	381	440	480	228	493	643	421	312	602	663	660	486	380	271	516	341	109	315	700	19	408	610	650	171	337	138	27	138	94	288	568	222	322	344	478	383	37	408	534	630
251	0	246	502	100	385	716	547	306	38	124	654	544	9	489	610	214	486	607	30	31	549	612	243	665	625	446	486	118	679	208	152	295	547	139	690	36	46	196	77	515	579	8	637	586	185	692	139	73	266	347	499	238	370	315	586	291	256	716	446	30	639	187	11	731	679	129	181	347	532	146	438	615	475	530	37	708	8	119	169	166	535	310	648	528	331	521	265	44	479	589	552	534	270	272	486	169	642	472	573
605	245	0	714	487	112	424	445	160	144	498	310	652	51	681	60	717	371	398	158	365	733	373	124	371	282	561	245	502	265	570	295	248	431	171	691	308	728	360	265	540	701	675	232	491	727	494	315	18	668	142	324	288	549	221	464	681	412	398	12	156	481	407	563	680	212	440	198	184	355	301	194	86	642	2	629	115	449	732	38	308	681	253	11	498	212	439	272	296	482	459	413	220	318	616	534	323	528	28	626
656	269	647	0	43	533	267	659	353	352	331	93	295	536	442	708	231	35	583	171	232	403	8	274	623	720	729	350	538	328	324	584	170	720	706	291	107	429	543	655	631	374	98	256	365	302	322	709	195	65	281	446	705	728	444	476	73	70	138	460	244	50	636	610	296	599	450	26	55	300	303	529	670	426	43	620	10	539	731	445	552	389	300	705	288	340	700	479	407	603	247	583	135	441	715	79	152	628	683	206
623	421	194	420	0	259	547	631	40	534	257	558	664	526	469	144	416	471	58	682	689	733	296	410	554	651	191	567	479	577	440	87	685	635	711	323	284	698	572	646	22	170	556	297	183	395	577	309	624	318	370	140	536	13	493	194	258	306	22	231	572	19	115	101	519	414	533	111	505	146	321	422	630	554	713	608	710	201	133	452	304	164	444	559	626	652	157	507	22	678	327	587	145	572	723	715	214	198	196	679
277	415	449	24	593	0	365	577	435	147	207	59	351	523	107	457	417	633	438	519	142	713	706	173	508	222	682	481	717	344	260	351	27	696	340	639	198	318	582	92	518	493	43	10	564	294	33	597	615	639	462	673	27	455	25	269	147	226	520	238	58	735	667	72	442	488	384	286	428	34	571	602	603	111	510	330	432	56	139	228	542	377	432	141	105	717	334	380	206	168	358	611	47	676	388	212	256	258	154	469
111	136	477	255	731	237	0	450	267	119	54	586	725	273	577	41	90	651	164	66	319	620	670	404	699	541	282	339	597	55	149	544	381	388	274	641	560	462	412	491	668	230	311	106	652	376	359	195	303	139	609	181	654	628	339	668	733	504	92	378	215	144	707	583	679	545	602	257	521	465	316	341	239	259	199	614	117	639	100	189	41	169	94	379	647	22	256	531	589	43	30	427	16	273	512	139	663	209	391	108
577	48	353	408	651	118	540	0	665	257	122	543	292	604	420	394	137	472	665	663	184	204	205	98	397	711	279	111	706	342	291	271	341	480	661	298	9	523	88	578	615	595	444	450	254	300	142	725	634	303	415	354	132	668	271	442	31	623	591	519	378	586	735	132	30	213	7	396	165	182	585	209	682	240	659	25	76	48	655	549	490	253	539	701	641	242	644	382	231	425	642	48	646	523	390	437	33	85	431	160
311	305	62	286	7	558	556	60	0	370	247	365	108	196	347	298	516	423	213	476	198	513	654	204	5	128	240	352	475	522	115	120	460	117	440	555	531	416	474	190	668	12	169	301	462	701	507	608	130	461	240	188	227	283	66	417	535	734	668	497	546	578	499	562	428	350	372	344	478	14	22	254	262	189	736	326	146	710	397	541	636	553	612	467	352	384	315	294	223	40	395	709	72	435	288	255	251	120	146	422
583	665	704	225	333	16	250	513	650	0	292	131	357	191	524	301	500	164	548	719	719	657	387	713	606	593	78	548	683	608	230	552	254	199	209	626	12	315	377	151	319	675	189	183	326	382	306	594	182	205	264	224	234	197	442	189	168	273	678	197	466	657	347	634	52	581	475	170	378	412	475	21	721	144	295	680	136	526	41	196	321	10	147	78	343	503	622	348	723	595	568	638	372	141	713	70	375	415	150	526
171	24	721	182	687	382	422	399	315	9	0	284	365	346	169	381	646	594	46	349	136	56	182	27	709	228	246	628	208	504	367	351	123	340	124	598	485	170	602	342	325	596	172	48	511	328	293	385	516	407	366	510	359	565	470	646	457	295	44	521	150	227	624	118	434	668	13	618	378	101	77	352	256	152	649	692	634	637	299	76	225	459	525	322	492	734	477	24	529	175	181	167	228	76	686	471	349	598	342	79
78	397	415	152	444	605	536	54	608	699	678	0	368	587	553	679	538	211	218	553	522	566	675	376	177	646	262	607	293	726	687	688	48	97	568	159	286	259	81	101	543	416	270	418	394	101	467	35	55	564	421	187	179	584	86	124	438	256	64	25	566	289	509	582	456	273	662	545	325	286	590	653	425	557	705	355	125	473	354	527	45	188	431	415	160	682	4	251	550	156	624	55	236	245	42	297	647	231	240	12
195	158	236	193	128	480	712	245	110	55	481	570	0	401	453	697	533	209	440	590	625	108	179	4	462	688	370	616	657	477	612	499	647	308	654	425	428	225	329	506	46	382	507	264	144	270	576	363	84	385	172	684	726	386	35	733	223	144	297	150	145	19	110	234	639	554	26	125	183	150	370	622	139	543	327	267	212	140	212	673	167	119	63	415	155	505	202	5	219	274	505	234	398	257	278	389	359	701	642	275
214	291	64	30	649	77	566	426	651	154	583	312	261	0	404	650	247	345	66	431	91	175	270	22	221	120	41	575	574	252	706	420	723	330	641	495	434	259	715	470	648	2	382	443	491	300	729	321	542	109	539	564	607	200	689	333	325	500	555	705	178	488	294	253	531	520	230	418	714	447	383	367	128	129	412	295	552	120	718	653	344	334	222	533	101	258	300	637	54	618	396	121	573	174	526	40	513	154	214	183
669	374	521	535	693	433	258	556	601	92	578	700	575	437	0	400	529	178	199	345	27	726	568	41	516	118	718	503	322	491	628	275	225	612	227	359	248	371	77	203	543	702	588	79	519	12	633	552	639	328	76	643	333	141	486	461	365	21	370	178	103	386	411	226	47	209	501	684	717	86	15	349	16	663	294	169	217	143	136	40	433	205	420	192	447	162	374	110	502	20	224	672	431	564	74	193	286	390	418	519
457	98	124	110	584	173	684	713	353	161	376	487	422	557	27	0	313	66	90	409	58	525	374	649	369	483	50	565	511	166	394	391	426	123	80	586	471	367	249	49	482	477	715	163	493	123	562	390	152	715	112	130	179	549	457	216	363	689	288	167	295	41	564	675	462	532	321	32	178	270	163	541	663	399	268	442	186	340	562	479	553	653	720	560	74	360	138	129	435	574	279	179	314	86	506	259	470	283	44	190
45	45	646	498	619	365	170	588	116	474	312	179	161	86	700	213	0	360	392	712	25	88	140	522	412	317	557	377	64	404	605	74	92	499	393	599	171	158	88	658	422	231	382	94	144	109	441	112	176	422	499	350	723	489	430	637	186	6	129	452	593	102	642	683	360	232	476	378	187	192	618	320	306	162	181	677	642	641	559	379	696	539	442	295	720	670	571	544	341	242	16	383	143	225	363	413	434	435	6	60
661	459	379	211	584	605	259	733	170	86	600	581	631	262	315	413	419	0	246	119	425	441	276	443	123	117	646	572	714	259	357	600	714	190	401	10	565	516	587	648	361	494	597	421	387	149	710	680	297	446	638	156	688	416	91	204	703	219	4	160	124	559	617	601	482	248	224	292	611	604	291	564	245	163	143	601	736	124	208	132	166	537	270	70	357	638	58	702	665	627	448	48	564	677	547	320	500	92	355	731
644	373	434	404	159	306	90	652	176	193	690	212	233	422	313	403	541	629	0	302	705	183	534	558	498	130	228	447	323	257	276	187	321	30	35	332	574	310	121	354	457	478	657	504	665	691	287	471	214	383	70	526	481	436	454	263	246	164	475	345	313	11	480	393	413	74	461	524	449	159	18	175	60	477	239	173	432	226	121	265	650	30	657	717	348	308	363	196	444	612	596	721	123	79	619	170	263	580	497	453
38	101	220	448	212	569	719	286	467	495	345	715	305	296	258	404	72	531	189	0	450	212	721	429	376	372	396	542	254	316	603	459	239	76	71	258	553	571	441	259	619	626	332	82	577	705	306	264	509	536	626	539	728	673	256	40	276	83	118	160	600	172	96	282	81	652	51	373	69	383	606	297	597	507	616	694	253	650	548	582	575	577	303	700	20	698	54	214	632	163	700	697	679	595	297	45	650	373	183	220
475	263	170	589	664	528	404	170	23	637	260	311	315	545	214	78	318	436	288	616	0	630	661	596	703	9	29	353	271	454	691	192	693	475	293	549	441	642	73	272	21	164	195	392	544	673	612	30	479	123	474	290	277	209	508	62	360	397	325	607	472	4	172	474	242	385	212	725	518	388	467	517	573	243	374	620	77	147	490	229	521	32	278	304	709	264	56	650	380	43	253	1	414	43	88	228	675	251	194	407
688	434	274	294	663	521	486	575	682	561	102	20	634	166	607	135	233	6	367	250	322	0	478	546	687	319	11	6	577	541	613	446	424	413	691	349	532	369	688	647	628	722	554	67	199	719	629	155	523	71	338	649	511	117	421	595	319	217	207	635	294	501	18	142	139	202	104	388	38	495	259	124	256	259	706	183	563	158	473	705	218	592	658	35	41	498	269	713	125	80	110	403	481	682	68	320	417	644	192	226
447	512	600	54	314	303	317	610	361	661	385	583	33	592	669	196	611	515	577	86	246	264	0	434	99	609	401	195	236	280	342	319	483	144	595	8	655	418	242	691	352	137	534	158	559	274	216	552	283	195	368	429	488	430	452	329	342	74	243	205	732	483	698	7	275	400	401	456	507	724	365	285	251	404	40	14	481	156	59	727	430	125	223	650	73	565	367	194	317	36	161	226	331	83	442	372	292	461	202	736
12	384	640	184	652	656	63	251	162	3	243	202	263	170	281	252	258	43	603	580	371	217	311	0	731	403	372	365	117	571	49	364	467	626	263	351	422	365	84	573	434	670	7	151	66	433	648	455	135	17	341	446	118	636	66	610	684	342	55	659	531	176	620	490	365	302	590	351	415	14	562	256	384	333	56	189	175	611	492	104	280	692	9	417	579	266	434	34	446	342	653	598	12	102	20	627	625	309	42	606
336	444	533	480	585	193	180	515	291	496	439	295	46	218	257	384	101	81	83	386	467	356	368	331	0	285	571	526	286	98	115	484	715	535	94	639	134	193	697	726	670	558	622	609	291	308	24	278	637	590	608	360	242	338	564	36	647	74	361	89	52	112	202	324	172	310	45	456	139	8	255	710	124	411	245	203	541	356	115	96	477	648	169	30	439	651	53	650	350	727	590	1	483	254	661	583	61	703	590	411
511	634	481	377	181	646	550	50	297	71	336	733	20	431	227	93	658	300	555	599	464	595	349	584	666	0	650	716	523	626	326	556	500	331	517	312	678	7	77	93	370	699	264	87	111	609	657	414	639	321	631	56	598	67	629	170	4	526	9	410	204	219	236	595	442	195	676	432	555	37	88	120	360	329	367	478	61	239	633	487	638	679	703	31	481	38	3	700	540	666	298	119	240	136	431	580	242	49	248	717
97	370	30	216	458	278	111	127	502	459	415	502	462	521	516	562	516	453	173	641	589	522	294	102	534	305	0	108	350	274	510	248	16	210	351	654	290	396	173	699	304	729	18	652	442	131	466	24	6	101	176	317	252	715	82	542	553	175	20	204	424	642	416	503	223	193	375	281	52	127	185	113	103	653	666	647	373	78	651	350	709	370	419	719	689	436	194	452	6	237	66	22	675	405	532	623	349	443	91	178
580	196	506	550	651	60	618	19	207	19	427	159	224	250	304	376	404	318	455	116	525	588	360	385	66	30	285	0	38	629	316	22	675	637	10	281	479	55	546	12	207	74	656	670	686	359	430	15	369	304	112	656	422	350	17	338	522	311	230	91	650	113	43	439	280	358	98	168	58	429	450	392	318	570	323	489	648	460	177	653	92	51	218	31	407	263	549	142	652	594	344	468	435	600	33	413	622	486	204	524
706	566	587	699	702	705	354	292	600	100	197	382	655	326	560	147	453	632	211	581	292	158	54	727	715	206	338	681	0	386	212	713	622	447	677	574	290	667	515	476	34	616	4	599	63	242	570	215	654	712	210	276	704	591	292	370	6	512	320	389	547	314	388	308	735	71	85	30	313	384	267	725	232	667	68	630	300	402	477	202	648	152	602	736	411	192	658	47	591	681	344	625	316	614	1	133	46	669	549	391
670	580	664	708	301	248	329	451	368	1	586	597	413	57	8	551	120	152	377	482	227	126	111	96	327	427	27	534	622	0	97	127	324	263	503	243	428	456	600	24	665	137	258	466	588	547	82	648	466	435	365	536	246	442	656	690	668	24	394	104	2	712	650	630	479	162	517	135	524	677	434	42	220	118	152	291	399	148	136	160	732	72	72	377	239	478	614	113	677	389	547	350	112	660	148	55	156	441	429	231
577	625	135	175	59	651	684	462	42	250	47	451	393	602	226	582	400	14	686	577	56	493	284	33	23	633	114	222	364	534	0	390	179	112	341	703	372	15	168	46	17	324	271	75	526	109	86	704	163	253	362	321	252	169	150	30	233	577	485	568	403	120	63	358	150	289	518	403	458	685	451	487	564	549	452	705	726	535	110	711	555	471	708	424	688	293	413	167	341	273	377	222	209	718	143	292	142	669	357	661
49	642	735	40	26	301	637	647	514	59	236	632	319	704	280	94	499	585	154	300	209	662	450	256	666	461	420	686	250	703	144	0	337	378	435	598	614	594	41	281	383	692	467	471	712	678	304	404	650	652	299	475	100	360	536	585	667	551	234	424	211	143	386	398	396	557	170	724	197	646	345	245	572	319	515	286	185	334	278	473	328	558	92	458	631	677	351	108	719	158	386	238	68	507	462	461	503	472	346	263
679	14	283	372	52	137	104	644	241	347	656	431	446	187	412	420	62	416	55	407	157	550	66	547	474	467	552	124	556	217	290	512	0	505	313	562	305	142	722	15	83	523	427	333	65	670	293	383	520	673	703	354	139	133	233	52	480	429	56	121	63	385	308	138	26	156	539	20	702	538	175	465	238	163	254	462	219	304	633	645	514	171	2	65	522	200	230	376	446	657	160	319	700	243	223	355	644	732	543	122
648	282	697	293	471	701	453	656	299	41	264	110	185	478	554	550	381	632	702	614	503	171	515	680	225	206	316	438	639	591	203	725	726	0	693	438	35	299	659	60	313	209	589	186	361	133	384	491	189	188	55	107	682	94	462	662	697	433	213	35	576	404	28	324	199	419	398	261	355	218	350	618	657	216	579	647	87	276	659	96	118	630	42	326	23	432	569	332	445	391	298	209	199	689	95	273	455	74	183	524
522	396	325	544	540	236	564	601	662	588	550	509	292	624	602	93	256	525	736	495	616	658	193	280	735	509	426	465	646	500	622	252	239	733	0	191	658	284	23	436	664	704	184	548	695	431	122	166	191	580	228	636	568	486	51	332	375	480	75	377	706	94	110	313	139	271	126	430	320	117	574	596	644	530	55	424	557	708	606	725	55	731	714	283	508	164	702	15	687	592	337	628	627	155	329	440	660	637	17	402
529	639	403	583	216	280	105	42	307	460	592	336	575	488	487	563	343	231	38	673	687	403	379	558	699	477	574	67	648	565	199	341	87	195	447	0	346	51	512	65	733	130	46	516	8	213	463	601	271	18	495	116	572	457	323	101	353	66	215	459	111	368	51	731	153	592	162	82	28	580	536	67	481	410	535	635	41	506	275	401	32	383	385	116	575	209	66	24	641	87	225	181	401	406	361	604	594	358	200	574
117	710	253	644	644	280	568	350	118	465	590	197	335	488	340	407	145	563	499	579	382	595	600	205	680	78	643	330	206	269	550	258	543	255	248	294	0	210	379	275	126	298	423	532	659	399	656	118	621	498	647	186	459	69	350	154	603	642	322	92	163	359	672	62	137	509	299	495	61	728	185	159	374	245	146	351	105	159	23	258	57	664	41	494	38	207	410	526	13	621	251	566	104	492	105	118	246	269	695	568
417	428	266	452	309	615	708	74	185	156	434	387	7	618	318	65	729	2	267	585	196	14	416	583	183	485	544	433	377	312	389	314	163	249	489	244	272	0	669	304	591	186	588	39	459	734	372	11	345	28	16	277	459	343	451	404	682	649	622	692	96	332	434	656	313	474	613	697	378	588	107	372	406	613	361	343	60	315	429	613	260	496	474	632	411	171	535	579	54	621	126	545	176	294	402	569	365	274	50	33
326	5	655	550	142	510	147	635	667	362	686	436	428	500	248	454	371	319	312	366	324	233	144	608	723	503	127	143	124	686	271	516	569	678	284	40	255	274	0	598	601	677	30	217	350	238	448	322	492	664	415	531	514	311	627	443	655	501	100	246	619	730	582	130	388	119	365	718	720	280	617	74	555	449	570	127	681	79	244	289	341	19	220	486	318	666	709	178	45	697	635	302	441	398	478	258	506	57	667	685
348	692	655	98	398	593	575	635	118	688	76	483	359	1	105	8	348	232	154	80	265	683	95	455	117	581	80	676	321	256	348	358	684	47	512	481	513	111	495	0	295	594	588	674	295	590	108	420	586	48	74	258	4	108	390	14	530	721	130	402	717	435	125	153	430	17	215	301	600	609	676	506	189	39	62	541	96	638	49	233	30	467	468	716	115	591	292	369	211	223	466	331	714	597	613	197	49	206	385	525
55	681	39	508	479	665	426	209	382	670	344	384	221	26	601	595	581	373	672	211	162	427	519	25	562	351	103	482	359	282	716	307	608	439	562	69	585	506	506	42	0	200	71	161	299	194	5	369	567	507	395	482	592	603	679	141	483	491	321	483	415	160	695	724	54	263	648	129	119	585	110	595	486	277	219	514	203	265	582	94	681	654	594	403	457	204	566	212	402	583	199	533	594	165	425	649	246	160	219	186
605	578	277	683	384	395	529	311	103	24	720	404	155	170	336	292	45	548	650	655	47	221	132	607	351	662	711	150	320	55	391	248	222	288	609	56	260	338	438	294	534	0	435	353	207	349	563	127	113	610	424	589	475	563	4	681	286	155	720	575	641	2	637	252	455	324	499	12	349	32	462	547	626	637	29	655	458	293	453	52	235	328	126	661	594	496	73	273	417	706	8	346	111	385	114	33	683	182	124	567
634	49	293	157	91	97	254	619	354	627	506	426	390	413	225	42	397	32	91	695	307	560	529	103	504	352	213	533	271	171	700	698	635	173	335	369	468	48	206	360	642	105	0	177	264	394	252	143	697	674	485	650	484	274	466	400	1	297	603	436	155	606	203	203	361	400	11	436	643	346	549	33	337	117	627	592	195	324	577	504	219	718	649	708	514	269	21	97	256	464	489	311	330	85	337	569	150	685	520	647
54	277	694	547	331	639	614	30	446	112	146	584	290	222	87	198	663	323	243	609	128	296	136	386	211	206	81	401	61	281	34	395	279	111	416	422	554	706	262	457	636	276	463	0	580	258	432	671	198	514	650	264	551	125	581	712	628	426	638	449	262	245	303	351	18	449	519	379	607	206	123	232	183	477	358	452	411	54	618	296	117	478	652	154	305	565	690	363	478	69	315	578	22	640	79	263	42	361	241	75
274	458	344	224	33	180	402	638	71	359	493	68	18	538	703	730	327	175	724	478	92	145	311	163	51	378	414	605	300	138	314	145	30	505	142	241	402	640	679	524	541	721	129	109	0	684	298	399	643	349	351	276	519	61	364	160	184	718	65	471	547	352	235	499	74	708	265	256	9	736	268	260	448	4	152	493	65	129	394	25	676	146	366	208	309	531	46	112	552	705	344	242	547	50	550	530	408	129	262	517
378	261	168	622	682	86	482	39	287	205	410	329	212	310	234	560	342	140	15	386	86	316	496	307	212	722	300	216	456	445	84	195	139	54	540	488	646	709	168	109	590	702	383	246	623	0	94	522	711	682	445	683	716	540	343	632	44	580	658	615	560	244	308	157	623	457	102	602	342	20	102	521	595	238	734	728	157	245	417	736	162	206	128	55	440	238	149	547	622	622	471	369	444	192	314	539	521	164	28	416
379	91	639	493	222	102	498	359	106	251	552	559	612	181	485	171	198	505	674	168	550	477	699	336	383	65	72	150	159	231	610	722	245	610	314	643	447	671	581	551	615	625	250	309	347	665	0	458	365	347	298	227	24	333	620	352	232	116	195	283	526	296	452	453	186	723	638	37	323	725	387	656	488	535	267	327	640	83	500	732	62	87	170	28	599	607	77	226	596	380	557	2	527	552	456	99	391	637	98	485
475	95	387	686	106	88	655	370	247	190	260	496	446	226	653	724	562	619	179	324	74	29	592	51	534	646	536	394	379	275	181	189	626	82	682	638	578	670	59	293	114	476	365	12	136	405	227	0	724	539	477	593	456	472	570	224	165	304	733	172	325	7	482	126	225	704	362	524	647	78	37	233	299	463	645	657	636	551	284	284	126	345	207	17	250	35	26	215	306	545	293	172	718	120	29	302	233	425	577	477
572	139	385	340	249	452	451	491	489	587	548	661	295	431	449	18	578	61	688	25	631	416	399	645	23	660	21	580	245	315	259	104	180	528	384	313	457	420	614	629	664	49	377	323	222	114	273	33	0	631	533	60	238	318	389	59	317	505	266	309	680	21	695	461	611	596	533	521	318	255	619	27	254	425	224	321	171	122	723	589	149	185	43	645	31	639	18	564	463	29	85	692	173	193	118	639	75	675	522	122
365	447	453	121	492	244	620	163	219	676	216	686	148	219	506	26	302	183	679	72	70	698	174	37	355	331	554	652	508	435	410	360	187	444	13	588	272	127	19	334	31	359	64	179	315	152	417	289	49	0	389	698	311	416	718	96	381	587	257	53	472	258	492	345	480	222	538	683	584	612	657	531	152	479	530	683	568	360	485	306	87	200	8	359	446	663	57	90	255	725	542	466	160	293	423	673	95	632	63	542
637	417	49	434	552	233	356	317	53	286	243	599	270	557	479	8	477	194	140	693	74	42	470	300	652	9	535	278	271	178	680	31	89	447	401	214	257	131	3	119	604	612	421	730	138	567	589	288	207	517	0	537	505	214	334	159	607	301	701	178	653	528	422	722	30	596	555	19	544	344	625	137	353	620	203	285	676	293	267	183	74	99	68	325	535	412	595	54	734	685	634	272	220	731	402	248	499	565	565	153
275	401	66	172	690	164	179	440	574	218	132	97	70	712	462	170	449	254	224	162	729	584	577	482	391	222	713	569	116	648	576	672	364	626	193	229	44	267	230	19	472	455	586	651	711	266	581	5	223	344	418	0	134	182	207	645	230	183	257	238	382	126	613	264	286	97	642	206	155	251	547	710	304	695	635	94	532	131	667	126	668	43	714	658	157	728	265	568	119	573	299	661	352	128	20	636	208	617	374	478
682	118	191	144	562	158	147	251	707	666	577	348	287	110	429	571	59	125	440	583	613	239	87	588	92	661	616	197	620	141	105	494	260	396	623	192	430	70	542	253	398	513	476	300	402	500	437	395	77	615	437	309	0	537	507	625	669	501	686	172	136	310	189	6	48	172	432	293	95	313	112	469	727	645	501	612	226	417	99	221	305	13	152	685	705	608	554	523	358	333	25	430	260	538	583	273	618	200	327	413
692	627	127	344	82	336	486	17	731	11	104	532	689	56	453	713	109	215	587	291	533	84	309	731	71	724	198	238	228	119	673	322	475	233	333	341	369	555	560	541	222	366	142	339	425	484	178	220	79	90	549	659	38	0	618	501	665	128	681	565	31	518	350	140	488	493	303	267	710	227	139	650	114	50	381	431	276	495	682	152	41	519	504	267	578	696	373	432	194	468	80	543	255	555	364	534	371	288	560	574
464	134	286	701	574	285	569	532	463	615	646	356	430	460	115	262	82	38	318	294	420	326	163	54	481	399	703	206	406	340	182	85	97	127	636	36	570	628	205	498	532	102	438	356	628	242	530	520	248	699	678	392	210	234	0	244	98	24	605	323	28	647	226	351	476	601	608	271	227	682	496	319	337	50	529	201	641	440	239	90	641	410	205	682	119	463	245	244	365	640	343	315	87	33	497	203	187	71	402	59
124	456	457	490	122	324	690	322	25	598	502	451	310	299	695	656	161	312	681	483	637	492	711	152	289	80	309	551	469	135	592	401	641	108	103	305	231	508	172	82	215	724	115	167	408	177	58	243	663	326	452	47	524	55	193	0	393	446	435	339	696	353	617	419	506	429	714	121	103	423	23	131	681	599	655	97	69	410	89	619	538	355	532	141	244	124	253	523	197	620	26	141	347	525	175	420	718	343	191	731
392	168	489	450	684	343	42	127	234	593	629	466	566	477	11	119	532	366	392	266	101	222	29	362	390	280	17	433	107	593	592	328	334	661	424	311	10	625	85	132	272	175	325	633	40	506	545	106	528	256	689	669	102	305	253	426	0	351	223	77	15	187	155	331	687	192	426	687	165	208	263	561	386	334	264	122	5	642	259	20	507	442	251	77	6	555	169	214	218	410	213	478	584	149	693	277	326	258	639	303
587	576	60	155	464	114	559	723	697	55	188	272	635	602	525	594	657	172	440	603	38	438	525	684	605	520	589	590	114	88	327	487	431	249	315	404	540	145	129	51	296	520	272	327	277	478	520	459	484	357	169	364	174	148	258	125	597	0	119	338	250	676	176	280	148	736	714	404	486	488	669	409	605	323	44	232	432	731	624	347	675	132	157	202	102	19	578	559	387	734	610	595	685	153	529	42	288	514	438	278
377	702	178	647	619	176	591	474	510	564	650	2	83	649	107	513	356	71	289	380	632	329	511	573	589	634	182	249	54	224	302	331	523	285	77	601	148	674	641	144	710	159	28	349	68	171	254	139	306	135	662	502	355	522	468	431	10	719	0	120	71	529	690	493	197	611	257	430	624	348	234	431	353	364	70	340	610	77	440	502	489	459	302	731	224	145	18	526	635	603	344	52	308	42	194	547	409	607	15	505
72	724	72	30	498	319	328	643	729	35	643	449	84	51	461	101	91	257	708	383	301	41	531	55	736	173	404	569	165	121	538	104	371	451	216	235	715	304	516	678	484	46	310	149	585	687	253	276	279	510	630	428	426	365	703	35	378	455	371	0	504	319	283	212	650	215	135	545	378	267	117	581	573	581	108	733	691	666	406	353	692	453	338	585	370	724	654	363	228	492	71	157	558	673	21	524	713	694	469	451
596	144	432	561	175	386	734	493	63	594	309	565	719	338	736	393	443	81	683	83	111	238	644	657	678	728	732	94	254	36	387	471	234	697	258	141	200	543	735	698	661	461	586	686	436	169	363	235	354	647	102	178	144	350	472	196	283	395	636	696	0	17	296	293	223	520	279	324	69	176	656	732	727	112	274	617	517	78	588	416	148	105	1	495	582	380	319	428	490	275	85	406	374	592	323	611	238	620	618	689
419	616	458	542	47	734	479	159	566	335	706	163	399	199	323	233	698	483	166	308	153	511	321	274	15	284	617	374	480	139	190	107	538	146	405	192	295	296	639	347	26	165	94	495	494	237	170	607	646	409	714	532	718	129	150	510	9	21	176	338	313	0	631	654	593	119	17	329	187	355	189	596	271	79	381	556	52	725	201	261	516	461	135	515	286	87	338	544	103	733	70	179	587	353	128	628	247	371	663	8
155	187	170	374	729	194	609	549	390	86	436	25	300	386	50	340	124	170	583	647	557	494	457	77	280	612	188	487	716	563	245	455	99	238	494	302	38	462	330	530	553	645	68	380	529	41	580	142	169	361	72	717	590	19	402	636	68	628	178	208	588	525	0	156	367	206	152	663	4	575	150	335	3	605	401	435	102	714	629	434	733	691	46	252	9	88	705	556	672	596	571	434	333	118	657	695	366	214	121	447
622	123	267	491	165	234	610	378	412	124	249	305	550	168	543	129	575	486	22	54	17	714	614	96	689	121	213	666	597	113	71	266	560	685	543	265	40	297	238	587	194	161	440	540	320	326	251	725	173	442	415	531	429	265	121	413	433	181	373	690	539	59	383	0	707	596	410	300	432	434	44	116	369	433	243	335	222	125	437	123	28	596	407	360	373	669	41	686	599	51	501	547	262	63	30	135	267	467	72	134
25	289	130	678	504	243	609	284	476	638	702	115	498	688	172	643	380	224	288	445	402	333	698	297	419	505	390	449	279	6	76	108	67	46	285	36	211	334	545	154	694	54	520	677	476	173	307	694	68	546	393	581	541	32	420	305	235	611	280	71	377	234	726	262	0	404	491	130	554	523	14	212	546	314	583	138	411	615	241	123	62	158	335	510	112	634	261	376	617	147	548	316	355	646	119	22	176	652	607	307
232	667	654	546	142	311	236	66	5	582	695	157	165	157	282	334	283	628	269	486	437	690	506	292	498	89	67	577	201	216	133	150	87	216	647	267	333	430	621	277	548	210	305	349	292	305	11	547	211	582	622	213	68	240	301	284	55	220	704	73	511	313	284	511	274	0	255	714	598	565	479	270	691	486	484	584	477	570	653	40	186	428	346	18	580	642	415	589	407	221	647	480	186	655	359	580	346	612	199	524
584	168	363	509	246	496	328	663	514	280	303	230	203	621	693	270	170	606	273	44	568	298	374	586	600	311	534	641	485	320	19	669	184	277	661	471	568	658	400	337	543	135	221	345	78	697	162	84	520	123	506	425	585	152	412	334	295	464	1	87	428	342	233	165	247	568	0	383	267	615	38	594	414	32	473	205	292	481	560	195	735	291	431	108	348	30	723	67	101	457	709	662	579	89	520	459	45	410	247	582
56	78	205	63	598	218	278	610	616	668	391	178	272	225	322	644	391	96	213	44	171	680	76	512	377	12	210	559	564	249	440	525	724	402	352	112	734	78	653	413	643	293	555	563	267	636	675	567	80	231	140	103	378	379	249	710	653	87	246	569	363	600	714	640	116	662	487	0	519	278	356	472	98	538	178	358	575	11	409	166	678	394	606	42	432	113	366	96	682	308	241	661	265	204	385	305	557	308	303	527
245	435	423	532	246	636	604	669	629	683	148	65	481	248	20	729	331	60	724	126	188	655	543	349	173	638	383	1	720	112	424	313	664	718	202	434	21	711	371	205	107	644	394	27	24	107	563	595	210	497	313	489	465	448	344	243	305	601	377	683	370	59	146	704	158	179	401	693	0	146	80	633	366	640	179	244	135	536	148	597	84	118	725	726	172	488	91	685	181	204	296	261	469	200	179	70	545	679	201	208
535	440	568	102	239	510	243	64	208	535	127	464	409	373	431	714	564	662	272	592	156	471	198	333	472	178	326	24	732	145	372	191	599	209	567	699	626	626	543	201	353	470	28	348	402	682	248	649	176	142	17	365	294	570	427	501	75	451	400	24	202	362	30	621	221	512	281	121	556	0	355	722	421	584	171	324	377	710	287	105	283	151	79	651	601	407	324	69	311	324	282	225	431	639	546	587	467	680	7	66
385	328	504	485	219	297	579	291	78	189	113	700	148	333	441	14	178	535	168	576	670	331	275	558	579	228	548	103	215	85	687	301	612	506	138	67	539	355	686	680	417	141	524	693	270	733	455	33	479	215	74	308	228	627	499	294	654	667	689	382	294	435	214	653	127	562	360	646	707	526	0	254	130	357	506	44	617	509	14	129	397	184	710	324	241	95	734	627	473	139	17	416	421	633	659	669	345	397	731	311
293	697	379	614	301	592	682	203	612	600	75	343	81	486	226	350	187	615	34	281	22	69	83	453	566	543	151	324	357	704	124	392	203	365	32	444	255	595	99	534	568	710	505	26	531	657	551	61	564	80	525	420	668	611	353	601	689	389	117	525	597	714	117	733	511	544	182	472	716	312	163	0	157	446	475	15	713	585	634	308	723	334	435	217	325	179	165	551	255	131	205	53	313	423	337	684	169	224	693	199
161	397	499	295	4	86	650	316	626	481	142	389	492	533	396	68	646	83	456	412	232	92	700	218	722	68	697	416	146	83	495	174	514	672	224	444	397	304	217	168	673	139	518	729	82	30	249	132	727	460	540	427	557	40	34	533	306	74	597	697	170	316	557	5	476	246	642	170	301	464	527	633	0	510	86	469	733	524	472	138	323	426	359	452	450	455	282	191	369	701	513	65	1	641	265	716	317	173	132	153
139	338	8	164	385	144	504	226	372	235	217	187	484	40	360	59	245	158	76	716	56	356	485	63	438	51	462	207	280	614	526	480	49	643	672	504	71	607	724	105	231	594	625	9	523	355	253	624	676	137	481	570	426	386	112	572	270	10	84	510	617	141	155	684	350	231	6	608	660	540	266	333	115	0	145	249	671	329	153	634	227	565	292	19	703	77	530	263	432	30	349	205	651	174	651	258	510	264	303	453
391	627	52	448	542	328	532	97	66	195	673	217	364	681	324	341	174	314	589	215	105	11	534	586	678	643	450	293	266	426	690	255	274	687	714	377	195	348	298	262	290	661	525	656	301	212	317	442	382	499	276	570	219	422	630	653	390	651	330	30	733	699	31	150	652	648	120	19	102	701	599	201	556	142	0	489	698	534	400	448	1	277	82	565	506	673	423	312	533	645	532	578	163	336	11	289	449	301	407	711
238	446	111	255	231	692	67	55	410	36	607	44	439	271	404	442	370	387	593	581	25	67	340	269	333	430	584	290	432	50	140	301	27	427	248	209	406	713	99	393	148	604	227	95	625	191	228	216	58	534	538	543	549	52	131	88	640	552	279	377	501	153	396	332	78	386	73	240	148	175	491	703	108	572	510	0	129	244	215	164	167	602	320	206	684	386	149	214	712	203	571	632	172	651	142	686	394	611	675	329
65	448	70	536	74	7	534	202	348	331	429	526	705	81	113	607	133	52	126	198	163	267	685	651	672	153	710	214	666	94	721	194	595	435	307	681	634	440	318	199	627	296	99	152	655	581	132	726	477	128	22	493	610	664	421	42	180	337	239	503	292	246	601	334	208	337	46	621	335	666	180	378	167	424	405	510	0	206	328	491	51	425	481	726	135	297	201	240	725	273	618	378	699	632	158	279	518	604	674	85
102	118	85	36	592	58	63	290	191	720	527	257	71	43	68	729	28	148	135	27	456	23	34	722	490	384	203	335	267	561	629	264	253	298	668	524	455	17	353	706	309	573	15	678	622	110	587	381	169	302	332	566	18	406	404	564	428	62	215	358	641	275	704	479	689	202	696	356	667	109	335	126	619	641	697	248	284	0	324	646	418	160	430	524	94	69	438	198	245	644	78	116	612	54	195	194	376	604	38	164
452	674	199	239	284	358	484	64	79	296	131	455	528	516	515	360	165	178	250	636	521	12	341	177	638	116	226	244	599	357	398	551	24	632	410	526	118	73	93	403	23	400	259	624	111	492	266	387	315	476	26	552	119	400	637	290	217	725	42	505	701	318	464	180	6	523	24	277	278	252	734	648	270	335	510	246	676	465	0	200	100	734	63	528	422	726	561	90	529	382	107	491	564	497	370	15	426	314	132	264
423	481	727	384	92	339	460	212	6	316	358	273	486	383	678	541	354	334	431	527	447	278	92	594	235	446	293	542	586	616	216	8	347	274	94	143	107	171	510	590	539	108	111	148	552	134	626	266	251	393	508	537	206	541	420	117	420	607	234	672	662	734	267	615	361	667	163	132	452	520	159	118	285	662	726	151	95	205	336	0	19	347	363	211	241	36	180	87	489	55	5	702	704	586	672	555	660	421	503	469
510	604	248	440	669	409	288	705	103	633	345	147	155	224	572	187	224	230	598	6	67	576	409	11	667	301	95	498	206	95	333	410	606	342	545	242	174	335	625	145	638	719	567	143	174	594	224	295	132	350	132	690	5	310	469	286	567	314	661	164	43	145	617	679	670	127	86	435	144	734	422	694	371	730	117	424	85	25	238	424	0	701	86	706	600	280	377	103	535	354	99	597	300	547	600	326	263	19	527	588
211	608	534	604	194	714	126	367	558	523	734	4	292	11	269	529	483	289	348	265	631	442	679	458	549	678	512	332	5	568	333	105	21	151	207	629	139	392	364	476	82	572	469	671	18	75	585	416	326	309	134	570	123	94	407	570	491	222	519	305	103	533	399	250	135	247	3	404	395	523	60	40	46	216	380	13	375	116	420	650	439	0	434	34	188	395	525	34	171	14	377	109	613	264	667	505	53	102	588	57
729	210	619	396	439	408	46	377	496	288	296	460	564	554	719	640	396	679	666	7	669	43	246	209	433	561	707	283	407	459	598	731	590	533	255	694	567	643	316	245	20	387	145	57	672	71	356	121	693	539	532	425	603	603	618	719	135	586	433	501	59	725	51	43	489	41	735	587	14	589	413	203	67	506	3	173	540	177	212	108	437	137	0	407	269	394	397	162	543	185	51	79	548	631	237	133	646	183	350	448
559	399	632	217	26	484	180	548	320	139	533	156	155	379	584	600	311	498	532	720	553	6	523	404	624	366	388	446	352	188	547	297	330	405	481	92	476	475	734	90	651	475	257	168	327	216	33	685	208	630	629	111	556	161	469	34	499	389	564	726	644	570	322	155	289	287	361	13	424	82	368	549	204	401	241	574	663	676	242	47	294	695	699	0	103	476	127	167	3	204	120	285	183	641	667	615	404	374	338	609
499	415	395	367	654	707	77	603	112	51	502	56	460	38	244	623	717	319	5	47	409	358	578	220	345	636	76	478	59	85	552	416	300	430	429	130	296	184	178	472	603	508	154	590	540	71	331	75	351	357	296	604	463	242	241	496	232	540	345	492	201	455	60	341	714	306	192	266	52	230	577	551	355	4	191	546	699	493	659	546	559	263	465	566	0	158	617	214	329	224	76	25	6	321	430	39	499	246	559	141
156	238	425	530	284	727	399	331	607	76	293	244	293	11	464	131	196	481	88	223	733	295	421	281	464	454	300	411	337	297	668	529	664	333	270	189	466	171	591	697	475	217	584	659	164	533	582	26	631	558	611	173	723	61	411	179	657	346	491	641	599	307	45	409	199	636	235	658	521	572	671	68	177	395	199	20	547	430	639	41	117	705	605	55	625	0	662	631	225	266	504	639	107	44	103	636	464	28	324	661
175	503	518	434	580	194	5	604	582	580	209	35	79	349	524	466	226	276	440	449	143	727	216	169	591	497	134	559	199	191	494	505	432	165	34	232	562	446	680	9	616	332	515	2	470	489	568	370	532	346	275	410	117	733	568	698	656	300	408	456	628	99	47	491	142	629	17	204	487	294	673	191	467	623	319	491	678	503	719	508	125	571	92	98	735	519	0	235	440	380	629	157	662	605	6	113	647	622	440	72
402	516	652	3	334	352	641	572	198	30	103	521	60	283	181	132	384	409	649	575	236	453	111	633	645	15	363	376	131	297	131	188	141	411	393	154	478	559	104	154	172	153	478	256	734	590	343	174	62	488	657	290	531	453	714	701	572	375	99	328	580	704	23	23	244	458	428	240	106	161	48	611	253	209	339	289	184	93	238	584	309	663	120	510	657	278	647	0	654	628	438	434	375	590	145	357	521	520	260	258
514	108	203	166	240	400	184	378	258	611	583	16	206	396	27	1	305	698	684	522	73	411	503	669	182	226	115	610	330	56	418	106	695	501	101	246	66	103	216	19	378	198	42	358	49	390	633	536	564	665	122	174	225	358	494	354	121	150	179	280	407	496	137	396	434	637	479	560	186	153	301	134	682	640	430	649	137	244	498	420	672	144	620	135	550	17	616	4	0	113	348	731	651	700	675	396	206	522	38	58
227	296	692	243	608	385	127	94	328	227	19	276	117	316	668	390	465	209	665	564	112	6	128	355	734	231	417	216	510	400	471	469	160	526	722	564	207	726	723	313	42	276	543	652	58	454	520	70	86	275	679	369	701	149	200	466	514	393	416	730	709	96	402	294	210	13	208	713	471	170	301	571	83	655	347	709	478	381	10	116	566	345	648	329	421	610	527	640	21	0	249	295	45	249	169	262	720	473	110	165
599	69	202	245	215	672	553	197	702	395	546	26	182	538	432	92	643	131	512	461	715	459	679	605	673	387	42	264	96	227	167	320	348	611	595	353	253	341	498	650	128	183	130	158	297	226	733	507	566	696	78	190	6	245	469	645	681	245	643	601	317	197	547	101	462	7	120	192	305	220	609	560	332	535	631	452	491	112	521	488	462	132	683	453	206	619	623	587	562	392	0	680	497	220	621	697	728	343	689	732
216	372	144	542	307	392	688	628	655	204	129	402	180	678	100	345	95	372	556	41	388	404	285	628	34	503	42	361	535	138	205	494	566	86	418	64	121	668	376	733	219	148	14	5	182	420	172	297	455	733	263	144	140	118	432	621	468	396	325	667	247	423	362	366	673	131	730	97	571	651	319	513	630	466	652	108	594	646	657	722	4	384	718	378	66	358	402	320	54	234	55	0	447	161	510	519	111	222	5	486
182	731	319	466	213	179	274	693	214	235	588	405	84	22	696	177	517	350	162	2	463	327	485	585	350	587	155	70	224	214	120	680	558	48	638	202	712	536	38	389	6	33	270	465	244	493	138	674	138	265	703	574	411	404	468	510	448	174	180	374	649	263	103	276	238	157	607	268	318	129	671	557	500	113	525	379	601	444	319	427	86	642	602	24	455	216	259	315	219	730	153	462	0	697	731	84	231	39	226	477
465	426	258	641	424	190	502	273	320	169	468	399	120	626	238	177	322	311	86	389	354	525	555	617	627	395	330	403	623	463	507	658	278	489	422	474	51	668	530	295	432	37	160	409	735	236	428	230	538	242	79	304	639	528	627	163	142	152	46	401	117	143	658	355	634	608	596	125	56	406	310	483	362	695	30	164	535	640	350	174	566	186	296	626	563	443	14	206	526	547	206	134	72	0	96	510	596	144	119	80
496	632	280	95	267	481	508	328	324	169	531	315	98	162	530	379	496	437	538	565	291	102	383	719	560	697	309	601	530	567	553	211	371	570	435	563	273	492	232	124	319	47	518	207	119	546	306	259	74	451	573	421	657	285	127	157	189	79	345	666	645	600	551	290	378	210	276	203	246	543	224	371	473	135	270	561	688	127	23	269	544	625	719	555	325	89	398	151	307	476	195	696	692	10	0	721	73	548	596	327
583	351	278	629	313	279	79	436	692	319	6	481	662	673	652	568	343	531	676	89	56	230	615	473	712	84	5	520	656	688	570	414	292	553	180	217	196	667	518	459	692	714	610	591	319	166	267	266	456	348	652	574	81	94	672	640	585	672	22	214	59	145	309	29	562	501	4	219	217	122	594	503	543	630	71	155	288	237	419	512	78	113	30	472	186	548	391	158	124	308	78	291	556	390	73	0	299	259	89	70
468	665	139	339	394	404	368	207	40	208	702	41	136	541	403	225	442	436	705	111	495	567	618	299	507	662	167	248	713	391	697	675	419	722	702	586	502	149	254	203	195	495	706	124	315	56	109	346	713	210	418	620	13	1	323	528	56	571	206	547	148	192	358	539	81	315	458	631	558	188	243	516	359	244	124	723	106	31	110	233	264	304	491	270	414	22	366	374	703	260	392	167	381	651	209	475	0	439	628	387
613	309	702	546	406	588	498	137	402	113	637	41	252	208	264	517	259	487	13	352	720	321	94	570	217	256	264	260	77	189	156	386	143	593	489	689	484	260	172	255	327	684	505	148	149	251	234	318	386	253	606	60	338	613	34	374	433	724	256	506	286	87	495	256	457	339	254	151	512	625	273	40	698	708	624	672	68	79	350	38	300	109	121	112	498	692	61	274	291	115	630	34	299	462	690	349	274	0	329	3
728	286	401	635	555	17	698	448	264	86	564	76	258	610	24	510	212	379	727	692	524	505	112	721	531	722	446	387	678	432	306	315	622	258	365	455	346	619	593	621	159	633	143	48	105	676	584	719	87	361	160	5	342	339	543	368	371	217	164	241	545	514	109	414	86	32	652	550	625	544	699	165	581	146	251	55	214	651	272	72	95	329	116	123	538	288	489	652	610	546	574	553	27	373	513	440	714	260	0	439
125	584	277	318	390	557	362	453	673	440	585	605	479	605	190	553	692	587	599	654	254	313	423	9	64	61	495	509	356	518	543	394	437	467	332	562	341	605	94	19	162	650	503	235	414	408	663	648	448	62	141	601	383	292	307	80	531	449	24	417	733	364	273	500	230	585	396	177	208	675	145	430	133	103	588	40	42	406	255	451	550	244	624	506	611	201	534	204	639	163	666	35	298	668	41	64	689	16	460	0
