A	B	C	D	E	F	G	H	I	J	K	L	M	N	O	P	Q	R	S	T	U	V	W	X	Y	Z	AA	AB	AC	AD	AE	AF	AG	AH	AI	AJ	AK	AL	AM	AN	AO	AP	AQ	AR	AS	AT	AU	AV	AW	AX	AY	AZ	BA	BB	BC	BD	BE	BF	BG	BH	BI	BJ	BK	BL	BM	BN	BO	BP	BQ	BR	BS	BT	BU	BV	BW	BX	BY	BZ	CA	CB	CC	CD	CE	CF	CG	CH	CI	CJ	CK	CL	CM	CN	CO	CP	CQ	CR	CS	CT	CU	CV
0	401	516	412	597	117	382	690	266	96	503	499	407	549	262	166	567	138	580	591	688	15	449	381	351	668	689	247	499	674	105	118	692	527	143	408	408	546	47	461	127	447	401	76	258	315	513	71	619	294	546	449	75	208	703	405	408	193	327	680	330	273	562	22	414	477	175	98	141	180	559	638	436	275	375	46	93	67	213	494	611	360	172	393	72	224	89	171	131	685	210	613	259	466	399	447	426	552	364	278
155	0	663	592	11	11	169	53	550	628	53	541	7	254	502	402	358	661	83	15	686	127	464	34	456	110	370	321	527	117	278	188	185	61	701	475	173	535	594	429	413	501	559	646	436	542	386	173	236	617	667	243	509	426	197	625	595	425	543	106	526	628	173	658	103	511	124	570	333	228	669	469	442	414	153	414	522	89	582	164	585	485	363	641	43	525	376	374	400	543	119	702	281	222	88	170	139	327	225	87
570	391	0	329	162	504	281	222	573	405	339	554	416	491	528	19	16	181	548	272	438	653	279	76	333	339	339	293	569	76	644	130	93	304	123	177	305	370	646	609	325	561	259	86	168	142	473	286	549	51	11	220	607	345	614	321	616	400	373	519	61	85	419	685	579	542	292	9	261	671	16	675	203	289	411	610	294	172	428	487	661	528	478	320	574	438	598	431	466	29	345	15	77	604	201	71	529	668	387	162
277	68	19	0	330	448	703	501	689	394	646	196	481	300	133	541	553	5	129	413	589	384	495	391	170	625	356	78	392	383	380	360	610	636	400	463	136	351	269	133	582	191	441	555	377	85	527	465	581	393	153	439	315	293	394	524	37	695	441	87	14	445	266	250	235	631	583	65	513	153	561	53	133	347	618	265	272	666	209	257	12	199	473	107	302	487	161	615	539	116	276	73	237	411	1	608	557	411	326	263
515	584	105	298	0	384	451	185	681	294	154	543	406	589	504	462	581	500	238	110	562	121	512	181	695	646	379	666	58	211	364	593	479	626	39	228	86	326	325	246	615	106	486	504	206	261	643	571	641	394	471	256	114	494	447	310	202	465	396	359	113	233	39	692	270	496	424	683	526	26	359	647	515	142	482	487	20	140	227	571	676	203	40	206	312	199	478	62	457	314	59	269	321	368	375	411	298	411	259	485
669	352	646	124	686	0	388	317	454	304	659	2	105	10	75	619	39	658	351	99	352	495	569	667	671	391	40	267	335	216	362	9	520	312	673	540	293	348	505	341	111	205	324	661	292	395	349	695	553	343	147	386	325	169	185	207	410	165	214	60	464	646	454	535	588	452	416	480	272	425	571	332	375	338	634	450	177	661	183	11	46	178	244	123	516	184	471	541	312	270	26	364	215	488	7	254	620	431	25	101
213	206	143	553	553	494	0	649	645	59	265	205	291	63	449	319	521	612	638	376	9	36	638	609	384	281	347	173	335	361	399	687	442	402	648	577	277	431	556	166	229	128	382	323	322	2	538	336	114	143	513	22	154	512	682	72	80	620	93	590	696	474	191	270	503	444	577	701	176	585	357	515	364	481	524	163	35	683	101	341	254	25	658	277	166	513	531	596	463	592	120	95	322	683	589	103	555	563	178	595
129	197	352	556	248	186	389	0	685	462	188	633	355	579	278	69	679	465	148	276	243	90	278	68	507	234	264	110	412	503	262	90	279	677	627	584	104	388	251	252	592	416	687	241	371	414	620	249	641	569	281	242	450	187	619	604	588	283	118	684	387	222	19	578	400	411	413	378	55	47	214	491	465	518	79	25	70	166	556	620	164	674	118	230	194	347	125	658	104	116	350	614	101	84	570	236	79	635	599	205
638	177	573	510	71	429	696	232	0	233	80	483	105	393	20	204	237	677	476	145	234	43	243	259	96	427	57	209	135	644	663	182	600	2	230	207	122	236	633	141	630	301	572	619	681	437	657	246	322	91	266	257	133	636	9	665	24	421	535	173	227	50	363	98	667	262	549	138	56	76	616	237	62	10	503	613	579	700	159	322	698	255	155	246	619	138	458	341	564	178	200	588	453	30	539	649	228	161	455	277
4	181	686	254	687	246	638	551	684	0	70	552	586	308	478	36	417	481	173	609	183	231	701	292	119	336	83	38	150	583	18	640	291	607	155	362	157	146	404	649	187	550	48	700	192	401	559	42	229	301	696	109	244	669	344	57	687	541	421	123	625	378	145	171	312	695	383	71	197	292	312	483	191	274	32	631	417	8	37	548	277	255	351	162	85	298	52	512	542	417	317	227	426	548	412	439	164	258	687	383
233	564	659	241	36	601	60	431	20	495	0	448	167	693	679	506	145	138	222	408	91	81	614	501	46	324	303	55	387	569	397	160	44	645	603	505	538	62	625	579	689	625	332	41	372	297	172	659	498	377	217	7	413	98	433	305	372	688	589	46	261	89	611	559	172	536	2	264	292	654	470	97	429	261	431	273	405	197	592	583	583	380	12	174	643	442	180	209	345	507	660	9	502	511	203	351	298	209	201	8
201	278	400	54	485	105	660	691	440	528	348	0	345	532	191	144	301	315	335	483	225	626	701	256	7	87	590	338	234	111	256	274	692	684	282	280	44	621	228	665	580	272	167	62	458	124	457	142	353	682	98	76	126	6	69	14	210	162	32	302	389	318	20	610	495	195	565	611	403	44	179	245	265	28	263	387	676	335	491	129	80	628	466	579	195	629	238	683	637	377	37	318	384	495	348	119	227	267	323	344
194	591	181	169	95	612	137	9	505	117	446	106	0	332	91	37	585	441	454	550	49	513	5	240	186	166	347	550	527	104	574	680	406	393	10	478	245	454	600	675	533	202	648	18	699	371	48	36	448	118	150	266	101	170	702	688	508	331	341	589	513	261	601	430	609	384	31	174	688	456	532	234	265	659	282	701	244	526	314	222	327	401	145	308	505	299	51	359	260	283	55	13	625	540	227	677	236	461	327	418
444	423	255	687	96	592	13	230	78	125	138	399	39	0	220	400	539	575	409	622	256	308	122	530	205	623	20	518	463	498	159	445	693	510	289	212	615	576	477	417	656	402	639	327	619	371	349	262	667	315	650	577	99	642	517	96	565	576	91	343	319	445	268	334	652	572	14	82	692	149	142	581	331	289	437	517	182	81	94	554	658	54	130	553	183	490	146	602	355	238	385	480	382	699	606	86	664	512	295	275
449	391	341	679	629	677	364	36	624	69	321	651	54	632	0	161	14	525	21	351	373	354	608	461	173	588	660	137	621	259	429	220	50	167	183	42	79	574	314	62	479	247	293	327	68	266	256	613	392	114	301	226	367	398	212	339	53	248	399	292	580	512	625	379	61	213	549	46	325	509	136	555	505	332	129	694	183	533	359	316	599	599	555	236	18	331	438	262	339	603	166	320	126	542	43	351	660	608	271	258
688	607	307	397	288	405	160	358	391	251	127	628	32	87	427	0	182	139	409	487	335	659	375	210	162	185	607	524	90	622	684	575	521	24	15	174	461	129	256	245	163	321	581	45	602	296	242	362	261	119	501	126	347	537	565	298	451	18	162	35	481	701	44	91	681	194	365	122	281	162	501	596	508	209	361	214	461	253	651	77	685	548	309	420	108	382	655	551	351	416	320	459	25	233	385	637	86	124	148	276
527	701	149	199	90	585	383	456	186	614	30	505	202	47	90	510	0	503	440	440	611	134	37	640	147	246	364	541	212	576	483	492	56	104	214	292	536	225	50	104	606	697	538	593	682	354	359	526	131	251	107	447	512	106	424	431	621	167	456	81	140	678	420	220	53	538	266	138	586	521	306	315	683	137	122	520	567	585	414	526	49	38	248	352	336	380	446	372	173	587	405	319	488	433	112	398	630	552	533	145
113	492	73	491	514	344	79	119	570	92	424	578	402	75	683	82	283	0	651	306	471	139	132	459	513	136	289	283	151	194	690	293	699	590	259	121	191	396	60	555	561	587	185	646	566	368	476	28	513	395	392	428	256	132	135	125	148	241	283	502	430	632	410	566	665	98	647	187	291	549	121	419	177	343	467	340	165	80	424	294	673	655	673	527	237	530	429	205	242	476	608	605	573	563	273	493	402	136	532	437
113	343	145	281	413	97	211	594	674	655	123	256	208	44	334	160	629	605	0	502	191	663	52	280	603	336	446	338	507	349	260	272	241	151	392	12	585	676	666	697	402	356	390	317	666	330	323	555	605	239	659	255	388	645	691	253	286	509	211	258	586	206	133	43	97	501	413	528	236	637	636	398	166	175	426	537	421	229	271	230	585	160	288	14	37	85	81	470	166	581	327	358	309	668	536	72	74	252	130	40
384	580	246	702	434	522	161	32	208	54	282	141	185	534	480	606	432	399	561	0	227	318	64	681	196	100	687	124	390	649	128	668	87	114	692	554	183	197	508	133	417	319	161	528	11	631	513	596	145	410	81	436	373	167	228	219	17	470	109	274	608	447	414	703	32	141	380	196	515	11	92	14	307	630	110	567	185	685	402	252	10	668	120	468	369	418	323	88	295	291	327	339	191	650	461	35	634	381	123	654
290	112	411	171	351	581	372	112	527	622	139	201	457	620	177	446	431	526	700	626	0	30	346	530	525	362	376	621	333	20	353	588	506	602	307	431	541	659	203	201	668	364	213	692	679	470	196	6	204	200	242	340	613	579	334	332	551	599	490	116	268	292	545	44	558	308	177	674	600	660	674	148	190	462	650	266	588	387	473	421	494	277	406	602	254	609	98	423	18	228	362	279	468	131	300	472	703	505	655	468
127	123	385	274	109	235	664	211	393	348	229	512	335	575	209	563	648	451	292	116	239	0	148	53	675	626	360	117	587	585	3	135	321	333	488	150	329	288	601	125	33	177	498	455	86	38	257	567	606	612	372	544	441	187	668	339	673	174	131	146	142	48	66	410	348	498	472	305	601	480	103	342	422	623	231	584	470	325	187	460	146	576	620	160	139	493	287	603	550	258	635	537	172	682	470	550	57	283	78	585
649	56	261	648	494	316	237	526	595	247	47	116	682	362	484	414	263	507	411	430	312	471	0	490	181	666	142	238	635	626	5	114	212	608	275	143	588	221	429	270	238	250	492	573	319	51	568	451	326	458	234	452	606	286	314	522	51	701	258	66	365	573	580	172	384	197	341	437	653	154	365	635	488	618	290	48	516	576	561	680	53	273	500	578	23	72	582	41	41	615	56	96	674	451	75	208	373	581	47	31
355	60	307	500	656	39	240	25	508	604	58	201	132	172	346	53	611	695	243	524	240	232	656	0	593	269	262	74	262	20	168	106	340	197	443	515	670	665	659	480	107	550	32	662	223	377	441	505	632	27	287	265	426	571	266	152	599	160	398	542	245	504	277	472	310	39	699	629	49	413	676	98	639	629	674	667	484	144	338	193	686	448	272	31	457	251	394	241	656	587	579	549	255	122	144	275	67	590	650	681
336	258	423	166	431	337	61	32	296	33	91	659	201	328	453	568	33	482	120	104	270	424	439	539	0	304	631	380	622	585	412	177	476	341	538	249	522	578	206	405	625	449	681	340	138	173	195	114	661	208	156	630	267	610	443	303	11	685	217	496	440	169	640	686	370	523	569	598	154	554	328	499	15	208	699	392	444	654	659	506	224	385	83	29	214	29	685	533	105	278	421	274	169	283	680	680	658	470	680	492
618	289	366	186	343	27	352	421	377	33	125	367	302	546	156	504	425	497	172	347	44	651	150	77	18	0	62	1	490	680	99	364	637	566	156	159	332	625	521	281	588	372	8	669	155	520	497	201	273	673	102	498	576	592	530	589	460	317	71	11	555	479	627	443	424	126	606	519	272	68	262	357	643	159	276	240	318	74	245	231	330	648	479	406	218	24	669	475	345	373	241	28	640	341	601	193	143	507	101	245
516	120	21	539	61	143	449	198	683	43	224	184	494	494	586	343	77	196	647	652	492	593	627	616	648	391	0	374	106	177	133	444	388	17	21	388	521	569	512	502	643	4	303	307	147	87	300	509	244	112	347	577	211	103	569	677	504	19	537	266	139	127	321	32	536	173	215	623	650	561	357	629	700	383	150	670	99	207	352	365	593	69	503	260	422	300	677	250	129	392	409	490	504	10	446	55	12	344	203	45
50	463	203	302	100	334	391	13	8	657	92	67	295	26	55	616	96	139	234	154	485	70	121	120	398	272	47	0	11	622	75	302	509	558	658	10	576	146	250	480	2	648	110	283	429	16	176	142	82	556	372	3	582	72	119	38	146	572	59	212	647	468	352	362	93	396	495	431	524	47	109	377	55	602	115	157	151	473	365	409	598	495	506	101	392	113	686	410	391	361	368	262	450	507	474	680	194	126	546	26
100	245	318	194	102	347	685	75	141	584	480	363	654	659	432	159	476	205	91	373	54	85	174	191	89	16	598	672	0	252	575	605	546	170	479	376	67	528	521	410	694	259	117	637	646	212	38	653	99	674	122	387	188	26	517	690	684	427	483	55	319	94	607	306	435	626	250	407	510	364	298	131	201	185	82	312	171	519	204	610	439	477	469	46	262	147	186	482	548	363	247	57	40	129	30	194	128	620	199	249
160	458	123	203	421	14	503	534	169	412	81	136	347	39	532	387	507	229	518	682	106	504	443	130	331	296	243	56	230	0	450	450	648	586	75	280	612	129	612	466	318	384	608	207	695	50	293	431	28	594	331	324	654	14	570	30	435	485	135	310	600	424	654	682	459	496	377	457	473	164	529	215	89	170	495	467	108	220	597	233	385	161	695	230	263	82	206	499	636	502	506	40	646	225	341	325	373	621	309	105
614	579	323	141	225	619	634	672	547	359	572	575	441	228	189	375	439	475	240	366	641	156	271	79	575	199	174	328	566	547	0	566	430	258	191	37	582	62	236	544	93	369	60	556	193	95	351	231	509	114	43	542	424	142	671	630	592	585	174	144	503	256	9	131	489	453	355	554	450	350	459	425	108	173	457	419	71	248	307	141	509	309	534	645	496	438	602	608	453	649	264	498	226	644	690	307	608	199	171	139
177	411	535	580	454	363	653	106	364	209	256	663	317	473	265	431	61	162	218	107	482	418	57	107	72	605	134	144	188	579	447	0	200	66	172	343	43	475	380	184	599	235	109	125	664	543	379	299	36	6	521	362	30	278	57	9	660	360	21	427	235	542	496	4	444	202	390	404	651	485	652	340	58	366	437	68	29	443	151	267	688	386	99	282	50	26	352	297	468	653	596	643	277	232	454	204	59	96	470	306
438	194	351	429	422	362	383	224	285	625	430	396	333	371	125	210	83	554	367	132	390	559	425	3	204	532	102	111	523	521	400	217	0	325	380	525	372	459	583	426	560	164	572	149	113	325	441	580	121	542	557	670	436	127	266	654	513	145	103	571	223	413	357	326	515	582	673	309	72	278	292	88	340	6	64	429	665	411	351	368	162	379	74	1	354	661	670	227	586	701	475	679	527	163	460	673	404	495	201	304
603	699	252	73	131	459	116	391	300	672	470	275	623	278	322	241	427	678	381	11	279	154	43	614	227	275	353	694	339	633	472	487	295	0	53	601	249	268	191	5	210	243	160	265	30	698	348	461	220	659	685	309	471	428	296	662	132	639	261	378	417	235	494	454	490	127	488	202	498	94	494	9	361	367	106	594	598	615	184	233	672	684	184	309	703	612	156	199	120	41	235	125	505	449	499	302	88	147	105	446
20	245	466	519	167	238	364	594	140	54	440	544	371	36	259	398	575	627	556	37	342	145	591	311	399	35	313	254	649	89	140	336	530	312	0	333	55	375	453	176	329	477	65	400	309	555	624	472	272	438	622	519	312	140	554	513	19	73	101	73	266	614	80	575	450	122	378	369	195	18	353	592	299	611	463	122	48	370	270	235	503	227	127	303	220	24	41	429	559	105	299	679	402	369	483	518	252	411	476	545
39	67	354	128	663	441	462	601	215	695	666	354	342	379	634	371	493	560	16	454	505	537	18	354	69	470	146	526	384	540	15	369	548	501	33	0	190	484	614	656	607	405	527	196	87	180	382	698	63	277	295	358	120	491	553	112	83	548	581	298	110	126	547	142	214	594	203	71	178	654	464	452	430	197	28	270	357	273	497	217	679	384	208	132	652	226	253	577	185	496	517	227	264	143	241	117	529	400	306	382
159	282	146	584	623	330	699	366	591	401	361	452	299	46	152	397	189	189	39	233	284	89	212	258	519	585	577	340	678	55	182	298	642	503	175	12	0	227	466	34	306	669	437	651	579	527	536	615	75	135	414	28	480	148	47	679	192	545	630	136	702	118	412	262	221	413	277	367	401	272	148	132	72	539	28	646	72	43	306	37	645	456	18	592	521	545	692	682	204	543	670	477	463	598	396	122	78	297	537	268
673	493	235	243	208	634	573	210	318	180	47	394	353	160	121	419	42	266	233	233	52	639	700	382	57	51	544	598	417	441	239	245	305	604	416	423	600	0	418	701	47	133	67	638	518	128	595	19	80	288	25	625	155	234	208	323	538	213	595	637	420	209	207	209	226	20	173	652	333	452	514	410	126	599	231	605	681	215	552	632	618	40	689	344	435	574	351	468	684	248	373	558	330	231	30	232	291	151	405	357
57	270	231	357	309	647	249	151	498	327	180	506	489	254	52	158	526	507	79	412	686	237	516	54	74	378	232	204	368	468	400	673	197	2	484	614	212	311	0	548	592	381	142	204	250	286	121	15	672	68	221	314	149	557	100	69	700	54	383	680	215	387	274	51	635	344	667	143	232	364	674	482	544	198	493	410	213	535	408	395	653	191	105	605	367	608	466	334	269	671	173	488	693	2	26	268	562	230	353	653
377	161	3	546	30	506	671	612	564	360	343	181	289	415	634	209	260	595	433	578	647	453	562	605	338	9	681	670	361	684	125	564	264	303	700	635	357	47	407	0	468	165	404	379	524	57	239	528	608	510	277	73	255	76	134	47	693	68	221	349	585	407	505	264	108	620	196	12	154	199	614	662	283	252	347	502	632	156	489	402	91	645	373	122	167	23	32	104	228	352	647	157	171	342	175	341	569	684	570	154
479	527	400	84	438	26	330	411	122	351	29	210	30	620	67	429	401	449	208	492	161	419	643	607	637	294	499	501	322	37	600	155	25	652	308	133	606	601	229	161	0	699	541	540	456	345	531	430	151	310	332	663	377	225	113	46	134	30	542	249	546	193	356	179	145	68	616	21	464	137	291	51	280	17	407	36	519	554	187	306	553	294	573	463	466	415	377	682	166	315	383	200	425	681	81	243	668	398	555	132
662	72	64	479	121	195	452	109	191	53	194	38	679	525	683	390	213	47	43	647	514	17	334	131	118	488	39	322	652	475	474	113	286	340	27	61	403	330	487	478	280	0	172	35	657	129	110	159	340	347	500	685	488	55	293	266	691	315	461	133	18	198	348	458	88	680	540	246	15	233	405	481	431	97	593	18	539	172	589	41	499	674	303	424	275	334	469	647	702	531	575	671	132	214	50	115	207	50	569	111
631	95	262	623	317	436	234	418	615	14	226	364	176	60	340	486	688	256	623	260	520	216	302	196	140	52	210	608	248	548	223	273	458	141	301	228	408	411	131	237	434	360	0	465	27	21	479	536	14	493	245	290	172	125	127	197	587	337	6	162	191	261	530	698	679	247	3	419	483	517	175	529	371	689	157	384	142	151	650	683	385	251	692	520	527	420	589	53	42	131	274	603	285	301	152	265	388	675	54	612
292	383	281	97	583	145	32	32	113	244	223	334	605	557	579	622	95	417	500	690	28	331	587	433	461	54	609	105	62	457	47	108	355	181	606	9	312	401	42	455	32	162	482	0	391	100	662	68	507	394	258	541	612	373	207	213	423	155	427	255	181	626	139	299	253	517	89	432	159	277	581	299	608	177	335	147	612	695	683	278	433	681	216	397	354	35	106	59	446	608	111	609	252	436	583	557	145	582	230	159
250	447	289	306	401	256	647	87	221	413	393	475	655	33	632	653	482	52	421	348	27	217	510	672	640	387	692	607	421	111	408	701	115	115	592	212	455	670	424	593	400	150	262	385	0	133	546	692	546	669	667	413	466	89	516	484	265	263	578	258	282	78	285	92	437	309	586	450	642	506	687	484	192	150	190	500	141	144	627	351	328	289	405	701	383	124	238	319	660	430	31	613	656	464	160	578	275	396	88	43
476	277	631	56	645	425	39	550	228	497	396	180	86	581	544	346	111	419	327	187	108	377	133	92	482	495	152	357	64	683	519	436	366	173	461	234	77	514	441	43	644	501	176	457	396	0	46	497	11	266	666	314	23	100	678	410	679	51	363	442	292	61	254	19	319	433	124	180	446	102	554	575	143	61	198	547	477	366	3	380	28	47	9	295	446	83	464	125	378	301	620	277	634	383	208	175	271	114	641	436
557	114	252	665	57	211	13	295	172	560	132	547	202	554	13	229	444	195	221	162	169	519	661	657	627	527	654	585	253	240	650	369	70	499	312	488	205	224	431	665	327	27	403	234	181	331	0	515	499	499	185	15	621	327	298	289	506	67	190	330	74	654	88	602	92	174	67	511	318	354	342	622	324	89	270	124	572	671	119	33	141	320	432	625	61	391	572	669	490	286	376	496	24	394	689	153	578	485	260	362
76	463	316	608	175	441	179	229	404	573	195	356	197	574	382	536	202	589	11	424	50	6	16	346	578	109	180	694	476	480	303	366	543	136	491	393	98	84	491	229	205	416	270	376	206	331	585	0	473	668	128	321	79	9	358	114	182	243	87	443	149	581	101	619	209	446	400	280	1	176	376	428	286	415	25	52	346	233	202	639	533	279	697	186	658	76	241	274	12	347	334	54	88	632	526	455	345	456	142	492
479	212	630	231	694	421	572	345	616	89	684	41	19	516	613	674	674	576	235	269	120	210	387	346	447	678	461	350	324	650	270	10	87	154	450	395	76	171	696	76	40	70	409	618	584	180	421	471	0	142	526	385	689	315	452	117	124	553	334	217	343	401	573	572	107	335	208	296	481	510	212	244	652	616	51	365	287	443	211	500	160	203	439	227	553	672	638	633	593	689	126	434	627	380	231	340	431	624	631	540
160	549	630	422	694	586	383	569	446	449	537	407	636	499	302	257	47	290	277	543	306	96	381	410	43	465	12	256	342	58	584	12	699	374	442	547	454	496	239	66	303	154	177	16	507	483	329	177	131	0	535	5	659	336	18	307	454	436	476	327	179	108	43	625	524	499	424	271	685	153	96	253	340	123	227	88	672	62	389	116	353	578	121	527	409	678	140	621	345	463	514	636	685	331	264	575	179	482	487	271
560	47	312	323	183	214	318	320	538	6	178	635	106	91	332	222	205	105	81	315	250	648	587	488	351	21	618	399	338	108	594	96	589	493	351	508	43	105	415	331	224	672	451	499	283	13	218	437	97	519	0	166	155	504	563	170	528	272	655	681	565	330	218	613	608	48	192	519	412	685	527	450	538	62	212	54	218	476	20	86	101	368	440	278	652	92	527	381	196	351	136	624	632	600	364	511	440	93	92	10
592	180	357	66	621	267	77	531	233	240	279	576	63	516	284	358	493	505	512	624	338	366	327	448	487	116	155	52	436	21	46	349	512	556	202	218	308	465	361	313	459	500	581	281	632	329	417	91	674	67	286	0	410	6	675	134	368	262	625	176	212	2	263	278	702	646	532	528	474	259	209	398	483	110	362	7	669	522	76	369	356	398	266	292	296	22	659	384	694	291	587	507	371	27	75	623	9	36	582	590
363	395	223	220	702	227	313	132	486	282	532	57	123	222	103	469	524	165	144	152	375	625	665	605	317	409	335	249	624	340	154	219	104	658	599	423	484	121	329	348	680	626	362	76	265	587	125	587	642	297	84	37	0	67	243	144	163	4	427	150	461	133	567	138	232	522	608	554	460	379	93	408	367	52	165	52	396	50	573	562	690	650	250	546	104	364	170	483	258	509	480	347	75	154	57	341	139	546	627	372
354	617	636	147	547	588	105	347	677	626	533	606	527	156	438	386	667	479	4	186	101	628	197	408	492	44	548	288	654	242	183	458	223	263	228	359	278	672	151	458	490	358	88	301	208	303	402	206	700	700	29	264	71	0	558	427	677	227	687	413	620	316	182	126	684	556	466	1	187	407	520	139	183	345	288	196	384	536	1	479	65	50	17	151	428	459	156	667	378	175	170	433	515	646	532	615	334	565	574	177
381	365	206	547	580	497	544	24	286	277	274	313	422	625	214	512	420	455	689	174	268	150	130	445	663	41	211	117	407	627	591	701	691	63	431	519	198	502	346	88	107	272	53	44	482	210	519	393	699	111	3	594	495	21	0	199	69	680	365	295	258	689	239	677	47	69	266	431	500	353	79	272	568	187	607	613	644	301	224	564	118	121	128	692	481	661	675	237	20	352	141	536	72	497	234	586	277	138	201	298
462	238	601	687	234	666	54	416	39	383	187	180	353	235	470	359	78	445	664	590	610	614	229	274	51	191	401	104	247	30	286	121	674	350	462	494	382	351	543	67	487	442	43	118	117	528	71	142	623	453	380	549	117	464	319	0	215	159	85	386	487	330	422	290	382	442	423	456	330	703	364	80	341	336	271	147	175	509	527	51	274	564	558	509	665	12	486	435	33	402	694	311	394	489	163	457	252	9	38	435
31	201	600	3	291	110	641	297	407	673	281	529	243	215	260	373	446	651	689	319	592	327	388	505	629	637	544	271	535	140	111	607	437	296	461	11	522	643	126	452	20	408	260	631	632	167	527	16	26	91	344	575	402	56	333	587	0	334	614	199	440	665	61	650	676	311	332	583	555	350	132	405	272	9	73	696	304	668	691	340	329	553	668	62	70	60	703	339	467	295	211	545	155	204	457	203	398	141	93	153
549	600	57	357	693	639	298	438	262	572	264	151	99	414	271	315	115	468	65	521	278	165	573	248	360	51	502	514	528	315	139	406	250	544	480	472	447	624	373	480	233	505	655	504	656	478	441	444	550	85	584	151	277	355	675	442	363	0	623	698	279	209	5	89	49	241	8	562	515	408	249	686	435	607	203	220	65	620	444	364	287	128	327	529	187	539	275	251	490	172	517	651	515	350	313	283	453	678	549	511
371	224	212	224	653	323	568	458	489	341	106	187	361	316	600	270	204	424	209	320	422	156	434	647	390	258	591	368	12	236	523	72	396	397	581	254	409	690	281	501	7	352	210	218	488	172	687	456	272	650	396	29	70	292	702	262	162	341	0	61	140	13	568	11	295	105	33	588	264	185	595	230	634	110	486	655	182	469	144	78	584	552	253	449	644	100	638	419	527	373	28	538	432	364	530	18	509	271	24	82
229	449	457	630	218	99	312	464	663	512	58	461	21	386	554	272	654	354	586	354	8	647	697	461	566	330	454	672	545	437	217	496	571	497	317	165	351	645	215	692	512	486	187	302	180	216	304	549	145	15	564	26	82	395	112	522	403	123	472	0	587	587	513	490	601	45	485	55	483	549	68	675	212	309	151	468	165	258	661	701	487	230	383	373	444	17	218	668	396	149	84	544	58	82	574	688	361	594	326	35
44	254	298	148	645	80	301	24	161	327	229	610	470	652	42	285	378	111	316	629	305	293	547	575	303	672	600	360	26	57	641	201	392	277	186	365	481	454	548	172	157	488	646	662	156	457	410	333	283	612	553	657	477	696	358	225	230	246	233	400	0	655	397	546	622	269	616	412	6	457	256	50	159	687	194	461	306	293	140	532	494	505	121	682	374	406	319	78	692	147	518	519	22	534	431	418	534	341	4	117
424	278	381	286	579	389	453	6	561	194	60	579	641	408	104	8	270	250	669	595	702	445	139	116	211	250	519	434	686	251	613	70	351	514	334	154	62	142	44	566	625	354	29	150	269	633	664	473	544	259	592	492	421	496	570	234	14	394	461	203	585	0	263	498	157	508	383	377	663	621	233	439	628	308	415	391	76	6	300	75	206	478	481	250	627	338	502	503	397	196	3	435	196	425	417	13	11	491	446	361
572	291	320	543	19	35	340	498	401	533	191	405	492	313	269	80	482	336	382	369	55	591	568	636	256	294	389	18	422	82	91	479	60	340	644	631	203	588	44	328	199	512	531	215	533	14	64	307	195	201	545	150	143	545	632	161	67	53	51	247	287	360	0	458	446	553	535	614	143	630	697	692	455	389	37	653	665	429	591	340	152	6	347	587	653	182	152	388	231	177	86	123	222	295	133	144	588	33	86	185
183	35	408	668	396	3	382	688	124	66	111	597	395	667	310	148	671	163	349	133	49	222	36	41	449	474	491	494	29	494	611	125	87	425	465	38	120	671	647	169	551	494	364	367	509	224	156	245	637	243	477	3	225	430	269	48	398	46	680	575	617	580	616	0	100	585	297	417	472	290	565	649	71	471	145	160	300	382	339	505	262	496	34	201	291	261	520	633	661	88	591	153	409	436	574	167	506	446	108	190
417	311	19	666	95	439	142	287	382	341	78	599	276	199	116	504	171	488	435	415	651	432	541	420	548	590	30	288	396	290	659	432	292	86	637	204	223	253	397	74	608	364	472	489	462	78	157	212	154	142	665	446	229	681	18	681	447	539	383	332	486	644	131	568	0	149	669	200	655	446	69	127	173	222	661	564	604	341	469	463	169	248	700	66	640	354	280	395	131	245	585	691	249	597	569	333	684	542	276	470
257	149	533	206	283	314	39	447	424	458	186	27	100	414	116	608	33	462	354	192	172	474	510	577	628	144	285	139	80	277	249	244	71	400	540	347	221	500	285	654	314	221	210	602	659	232	408	189	422	74	73	244	618	258	210	287	230	132	374	15	549	549	280	347	127	0	604	173	471	223	270	454	670	285	508	679	633	240	453	667	10	640	376	226	592	193	120	295	201	387	77	528	479	451	351	426	463	415	304	208
427	111	599	395	272	168	467	214	587	116	227	87	201	48	424	135	623	308	101	20	374	165	13	450	97	414	101	117	298	293	523	684	675	99	391	53	372	566	436	163	530	35	190	452	250	482	636	429	394	477	413	24	561	649	239	579	184	366	167	117	626	334	226	146	283	609	0	519	408	122	174	265	224	180	171	278	564	635	106	673	472	701	490	111	209	669	185	347	283	549	663	220	593	529	644	297	392	76	703	577
686	124	608	580	512	233	702	199	93	66	430	276	683	84	158	463	205	666	411	470	69	143	375	114	667	436	365	184	405	680	380	297	57	692	23	368	519	100	254	21	78	491	432	404	75	572	98	474	484	539	274	606	510	426	533	494	358	305	147	494	3	497	537	251	563	58	58	0	588	529	695	467	649	23	482	296	679	506	519	235	623	576	389	151	81	33	408	198	621	594	513	384	24	395	270	159	596	252	477	600
571	388	42	542	299	501	681	118	62	240	546	668	623	92	328	305	687	143	277	532	539	373	404	253	404	195	671	669	130	347	248	303	151	574	698	244	341	527	186	17	591	191	75	529	413	528	280	626	29	692	44	302	548	19	685	666	583	259	5	181	12	83	583	66	389	97	431	118	0	504	410	284	488	594	117	91	511	428	53	651	543	98	259	516	416	374	211	66	533	111	539	463	225	607	373	530	108	95	119	288
583	311	481	610	517	325	248	14	701	661	307	468	244	6	65	58	210	223	661	76	694	320	151	128	134	471	70	474	416	14	296	407	182	284	321	576	555	38	33	230	2	392	269	490	336	509	582	399	415	439	8	360	434	39	547	8	276	618	413	674	321	586	159	600	191	533	88	61	667	0	480	548	581	244	317	372	188	325	565	215	160	654	625	186	683	149	202	517	21	633	695	290	306	231	323	165	265	627	175	77
219	158	614	318	86	491	276	115	677	550	349	199	403	135	76	105	515	357	529	288	443	694	28	186	551	51	402	107	450	410	605	136	147	606	629	154	288	532	357	348	269	597	474	277	291	241	536	36	20	590	75	42	33	259	561	314	39	185	604	653	621	223	611	559	466	607	452	573	266	283	0	436	384	120	83	328	531	145	57	72	283	414	304	529	510	308	380	680	176	102	117	110	232	691	196	434	573	645	37	275
165	559	66	371	306	199	265	606	282	459	510	678	316	3	534	631	148	458	413	603	537	520	459	160	622	629	174	700	405	26	97	530	186	86	39	608	222	45	400	329	326	381	357	227	492	698	84	327	108	575	533	9	658	616	317	242	188	143	286	182	286	133	69	391	407	7	175	293	8	20	682	0	3	690	665	215	662	498	602	699	306	391	36	298	256	258	301	54	69	206	307	352	163	514	620	502	605	34	399	593
193	511	343	571	656	71	655	242	302	152	429	324	328	163	475	165	111	63	445	219	357	74	430	93	39	502	611	64	678	477	519	39	622	314	646	383	114	400	84	130	450	585	346	1	561	307	439	541	429	131	375	397	505	22	118	425	589	238	655	303	177	430	634	95	319	255	88	536	289	151	631	248	0	217	661	32	5	135	492	580	38	169	318	207	238	256	263	621	265	296	215	24	624	308	459	36	401	594	577	570
20	624	676	296	585	142	338	615	682	228	399	41	539	413	533	287	308	435	591	369	360	460	593	75	205	515	535	123	28	105	517	268	213	682	118	143	345	136	214	565	56	321	184	352	138	687	691	523	482	178	473	657	675	169	454	119	486	264	471	666	666	566	7	269	257	258	33	655	609	378	79	182	353	0	96	701	124	158	416	498	399	653	202	649	122	359	490	387	686	236	243	329	110	328	259	607	423	104	372	437
206	7	327	67	702	565	326	140	294	50	183	32	576	457	462	235	174	686	239	43	284	10	282	446	649	94	253	83	330	703	603	601	510	322	700	567	409	102	320	200	292	284	653	427	129	344	167	574	79	21	75	517	691	466	178	58	236	437	60	23	361	422	696	236	116	38	13	703	348	266	695	69	556	551	0	487	31	576	138	546	322	152	5	364	195	238	493	18	270	332	241	691	685	345	190	170	60	175	682	86
134	8	225	463	79	624	265	225	377	309	174	502	330	194	618	580	245	254	566	205	660	354	434	539	62	118	599	237	260	565	387	532	308	548	502	354	553	515	284	372	591	102	428	301	217	626	125	434	351	181	631	361	215	249	503	225	416	499	283	98	635	290	510	604	495	427	363	437	156	130	96	656	299	457	18	0	432	644	593	151	46	118	534	173	423	176	75	315	405	403	500	553	11	122	397	205	167	62	567	255
313	313	197	350	668	75	668	277	176	433	34	465	647	468	645	187	629	13	170	136	450	311	159	481	346	352	261	389	216	14	223	270	6	635	321	44	208	245	455	630	393	685	151	279	239	216	307	461	435	343	328	479	384	247	236	344	238	327	239	277	104	283	432	332	193	647	257	226	699	239	152	399	524	100	472	279	0	422	248	87	504	20	524	406	102	326	494	695	203	612	399	674	2	89	686	270	7	165	127	430
365	203	669	423	90	244	645	599	554	101	544	111	589	519	686	288	589	98	214	650	502	463	339	339	417	543	228	653	504	672	560	284	113	42	200	486	281	621	611	299	555	74	698	209	233	218	562	265	434	376	323	686	600	626	100	229	266	489	407	304	359	54	486	138	577	635	263	240	267	168	191	659	297	593	447	106	310	0	665	365	469	226	584	41	408	410	28	644	627	492	462	247	272	215	403	121	29	265	36	404
300	218	151	52	299	345	246	54	678	409	112	75	664	447	538	493	402	300	162	664	416	225	651	320	451	458	198	460	481	681	315	497	321	102	88	150	620	85	676	300	555	305	100	300	392	33	556	509	400	161	617	87	343	143	178	512	6	504	458	357	684	86	679	341	195	403	168	41	495	211	340	10	114	280	141	427	447	16	0	391	19	262	135	8	208	236	70	157	614	454	30	141	133	703	101	561	648	219	359	611
119	171	670	578	353	229	141	700	90	9	223	252	628	143	144	408	70	455	433	424	365	338	87	206	247	404	102	425	257	646	379	350	687	142	204	318	509	201	394	299	642	395	409	221	62	341	352	657	389	134	370	319	613	628	93	182	297	448	81	159	538	639	264	588	157	695	511	200	105	136	293	694	84	191	699	661	22	505	594	0	350	359	295	262	152	290	65	241	274	163	333	479	619	290	425	141	494	618	528	569
328	474	494	283	286	666	32	216	328	32	322	74	97	348	567	113	535	352	451	161	25	196	322	472	608	296	308	230	5	167	607	208	689	463	88	32	187	439	136	385	300	596	391	263	569	614	29	324	242	662	391	468	5	201	42	138	491	359	467	630	364	247	629	59	572	224	36	495	682	158	510	193	442	662	214	313	489	491	511	99	0	334	120	220	9	23	94	69	15	611	536	296	699	514	624	173	328	361	270	511
308	174	479	232	571	439	438	349	136	375	603	241	86	269	81	289	191	449	684	16	486	347	210	653	527	617	701	506	165	570	47	107	94	644	18	245	325	282	136	386	338	110	116	486	52	286	212	602	86	499	383	193	504	109	197	19	341	53	99	322	560	177	183	620	48	252	471	82	580	225	142	685	202	242	147	199	702	281	473	645	500	0	172	505	133	64	150	369	71	94	356	112	672	95	505	578	493	380	590	357
549	629	615	380	513	433	429	533	246	171	127	657	329	134	408	656	121	553	685	120	71	282	605	71	184	569	577	600	386	447	226	326	535	230	616	506	253	540	168	461	311	188	378	610	423	171	463	329	39	427	213	235	133	591	123	156	223	325	270	606	656	28	183	555	378	413	226	165	302	81	180	325	698	505	100	589	328	395	304	334	340	681	0	43	81	215	317	175	598	577	555	577	332	272	419	12	670	629	671	505
592	523	261	151	285	72	383	69	16	221	504	229	167	88	628	118	153	573	685	446	428	582	94	43	536	301	171	320	695	118	344	396	227	547	246	127	300	117	176	39	53	279	350	156	485	546	593	631	498	614	44	148	610	116	216	262	497	75	302	642	270	145	477	109	118	455	40	514	323	699	8	651	247	434	607	659	328	620	514	438	350	424	666	0	334	232	697	566	554	439	352	590	440	179	293	171	264	105	264	115
651	68	492	145	390	549	559	490	295	471	536	610	258	696	380	671	449	576	682	361	278	416	283	630	278	484	519	180	56	314	198	328	377	590	247	525	553	68	86	504	637	60	333	160	554	487	110	696	496	172	231	92	200	153	393	480	445	499	194	388	295	304	400	326	125	414	138	678	323	267	623	186	184	130	574	564	117	41	118	655	218	276	246	645	0	686	58	559	519	242	536	565	185	526	432	59	404	537	144	116
23	221	291	351	526	197	321	430	11	446	584	272	666	674	129	6	60	692	286	433	454	282	122	246	565	358	468	440	166	111	332	429	395	137	62	200	165	482	340	507	410	39	55	147	420	84	328	679	481	311	522	601	99	51	95	601	306	352	249	605	560	148	652	143	508	265	363	477	99	626	634	119	217	577	291	651	30	439	516	383	507	39	540	110	581	0	402	178	492	125	255	402	34	149	19	309	283	586	499	396
654	247	40	601	109	596	628	602	626	62	75	550	627	516	20	342	532	177	540	515	14	330	38	408	143	84	349	700	56	305	421	265	422	142	18	604	236	13	148	73	506	205	602	333	323	184	202	242	509	218	60	387	249	234	166	301	543	38	630	41	425	28	247	142	605	611	67	317	526	229	179	353	433	309	372	623	673	111	326	584	151	424	320	52	309	555	0	602	172	25	597	37	425	545	87	438	552	54	250	620
631	354	372	644	90	73	686	110	263	596	54	630	601	252	161	486	461	291	117	59	486	699	32	158	250	333	22	628	6	381	113	606	503	294	218	156	648	451	18	420	230	664	499	277	541	32	35	418	498	108	615	137	177	166	646	620	589	201	523	59	631	534	199	575	35	643	546	613	387	171	610	460	127	363	391	232	339	551	611	25	669	573	177	71	217	600	585	0	337	450	528	645	204	367	649	700	496	617	573	560
459	536	478	88	454	527	660	155	31	600	186	349	353	238	170	328	20	533	596	63	416	214	604	485	183	658	185	418	631	331	109	522	388	211	188	471	641	684	98	239	146	664	346	25	15	25	429	307	43	221	72	82	559	192	55	284	584	335	209	348	25	99	510	334	571	356	578	173	303	566	467	224	658	533	638	607	105	228	381	360	671	83	597	483	294	278	399	611	0	150	459	303	143	282	404	547	511	648	125	7
516	436	660	57	80	51	211	565	224	63	526	65	323	446	691	377	259	228	392	47	42	379	347	2	65	21	516	407	481	484	153	482	59	89	414	48	256	700	163	233	160	511	572	533	8	236	460	346	228	533	530	702	465	169	200	546	689	341	610	14	611	503	263	665	237	525	677	39	252	679	483	154	594	598	459	524	355	232	486	589	553	479	602	225	188	457	183	553	76	0	652	668	435	165	323	156	326	652	239	322
587	418	632	46	18	594	57	258	656	66	314	655	571	454	621	568	170	678	658	363	76	681	16	554	485	127	702	488	589	401	307	473	150	574	174	531	271	338	397	310	386	637	152	691	690	609	661	293	117	450	551	478	426	273	177	126	608	488	385	430	19	264	651	524	472	315	257	450	660	475	389	79	296	494	594	53	294	546	131	613	551	339	515	201	666	155	525	179	649	169	0	691	38	414	394	623	372	193	484	213
468	130	369	163	297	120	37	474	372	634	210	528	688	349	173	680	675	622	15	298	306	25	563	551	631	510	73	391	169	24	247	57	319	277	591	646	529	147	383	76	616	296	408	378	660	507	384	480	161	19	396	428	304	420	183	623	484	264	152	79	138	324	509	557	290	118	301	108	180	527	127	234	667	485	93	33	283	287	92	438	493	309	360	67	1	648	158	634	556	669	146	0	225	289	58	23	88	635	357	231
528	345	63	121	544	369	10	328	100	72	649	210	568	689	23	270	399	657	576	520	2	253	499	44	671	568	46	437	433	571	195	546	20	375	606	543	572	455	547	497	645	287	208	162	344	266	471	59	677	487	237	178	451	562	554	329	431	322	14	259	421	63	211	431	373	289	669	680	370	313	688	64	482	70	651	642	592	131	555	398	519	518	96	692	124	351	680	301	447	452	684	116	0	400	189	225	379	339	137	258
646	430	18	626	504	162	497	140	143	249	313	238	437	78	318	47	511	460	228	672	401	596	39	660	158	661	535	623	295	113	390	336	637	22	222	158	180	53	521	428	279	637	422	607	74	399	365	513	570	453	251	72	291	128	572	250	171	557	241	509	284	226	568	215	166	602	675	79	615	599	622	229	640	360	582	177	71	144	187	574	120	285	39	475	426	153	526	702	454	132	602	641	687	0	475	429	429	341	522	144
116	697	613	578	501	481	703	297	526	444	328	418	598	189	514	654	586	645	557	526	148	368	387	178	575	322	671	15	269	487	648	555	385	245	470	249	586	35	110	345	10	94	95	313	309	172	619	200	693	23	290	602	325	50	432	612	32	573	365	59	461	353	618	415	67	556	240	594	631	126	524	221	399	690	207	170	489	234	452	16	294	260	70	60	205	33	522	397	564	457	19	362	461	433	0	401	438	605	552	627
401	388	400	235	281	214	64	209	423	235	157	459	408	324	392	379	183	645	226	257	70	438	604	511	401	110	304	510	444	241	88	373	213	416	602	423	314	304	639	125	494	119	703	592	392	298	307	675	372	479	351	248	82	557	219	241	445	24	185	366	285	457	234	486	391	91	256	363	388	245	249	432	155	292	286	408	521	341	311	571	690	309	476	523	107	44	685	31	416	694	317	494	689	475	375	0	457	286	590	194
57	55	685	336	167	688	350	384	624	404	89	254	383	692	541	170	448	700	488	40	505	581	635	481	640	178	28	387	202	358	694	492	181	406	522	663	679	104	59	421	197	402	545	466	329	84	518	541	422	271	162	638	482	511	470	484	17	698	601	695	472	480	469	83	334	89	589	121	583	284	701	6	575	328	355	278	201	29	355	24	203	65	467	604	221	142	238	528	185	276	443	267	445	300	91	571	0	72	122	473
407	10	442	612	123	317	52	295	62	561	110	260	6	353	325	616	314	259	61	225	300	484	478	624	127	172	154	505	506	232	640	647	686	308	248	501	22	141	162	678	317	380	215	88	494	579	385	54	586	86	516	229	648	85	511	433	642	337	374	532	255	394	673	356	667	151	676	198	310	134	30	571	161	512	556	206	178	363	605	390	145	247	653	106	59	477	699	511	540	270	537	304	225	351	9	561	636	0	151	318
130	258	542	675	302	570	624	367	606	64	487	118	61	29	261	474	4	382	408	681	220	622	152	97	241	103	533	263	230	30	120	63	566	312	54	102	438	221	192	344	676	703	333	289	555	560	181	436	473	544	677	48	52	211	94	493	323	102	529	539	201	347	223	653	5	348	663	20	293	491	689	391	325	496	109	618	619	246	536	45	649	695	312	353	488	628	263	178	185	703	666	183	51	218	631	284	675	76	0	384
138	434	451	52	537	567	179	420	644	510	514	485	334	441	272	504	353	640	141	374	572	676	413	462	75	577	359	617	316	328	83	611	274	212	552	520	229	42	244	507	499	510	175	159	112	634	356	582	344	232	657	48	193	241	174	407	181	145	555	147	693	195	29	589	651	203	336	209	205	376	445	196	548	111	38	563	101	209	202	287	424	243	102	436	654	575	21	592	137	280	417	510	149	276	681	549	167	290	396	0
