Result of ATSP with matrices with the size of 11!
Regular 
DFBnB
[[150, 140.0], [200, 285.0], [250, 300.0], [300, 352.0], [350, 395.0], [400, 504.0], [450, 800.0], [500, 848.0], [550, 1161.0], [600, 820.0], [650, 1026.0], [700, 1103.0], [750, 1077.0], [800, 1317.0], [850, 2184.0], [900, 1384.0], [950, 1612.0]]
[[150, 0], [200, 0], [250, 0], [300, 0], [350, 0], [400, 0], [450, 0], [500, 0], [550, 0], [600, 0], [650, 0], [700, 0], [750, 0], [800, 0], [850, 0], [900, 0], [950, 0]]
BFS
[[150, 140.0], [200, 285.0], [250, 300.0], [300, 352.0], [350, 395.0], [400, 504.0], [450, 800.0], [500, 848.0], [550, 1161.0], [600, 820.0], [650, 1026.0], [700, 1103.0], [750, 1077.0], [800, 1317.0], [850, 2184.0], [900, 1384.0], [950, 1612.0]]
[[150, 0], [200, 9], [250, 0], [300, 0], [350, 1], [400, 0], [450, 69], [500, 56], [550, 162], [600, 2], [650, 62], [700, 5], [750, 36], [800, 21], [850, 423], [900, 3], [950, 56]]
ZK 
DFBnB
[[150, 140.0], [200, 285.0], [250, 300.0], [300, 352.0], [350, 395.0], [400, 504.0], [450, 800.0], [500, 848.0], [550, 1161.0], [600, 820.0], [650, 1026.0], [700, 1103.0], [750, 1077.0], [800, 1317.0], [850, 2184.0], [900, 1384.0], [950, 1612.0]]
[[150, 0], [200, 0], [250, 0], [300, 0], [350, 0], [400, 0], [450, 0], [500, 0], [550, 0], [600, 0], [650, 0], [700, 0], [750, 0], [800, 0], [850, 0], [900, 0], [950, 0]]
BFS
[[150, 140.0], [200, 285.0], [250, 300.0], [300, 352.0], [350, 395.0], [400, 504.0], [450, 800.0], [500, 848.0], [550, 1161.0], [600, 820.0], [650, 1026.0], [700, 1103.0], [750, 1077.0], [800, 1317.0], [850, 2184.0], [900, 1384.0], [950, 1612.0]]
[[150, 0], [200, 0], [250, 0], [300, 0], [350, 0], [400, 0], [450, 0], [500, 0], [550, 0], [600, 0], [650, 0], [700, 0], [750, 0], [800, 0], [850, 0], [900, 0], [950, 0]]
