Result of ATSP with matrices with the size of 10!
Regular 
DFBnB
[[10, 21.0], [11, 27.0], [12, 32.0], [13, 29.0], [14, 22.0], [15, 24.0], [16, 39.0], [17, 34.0], [18, 24.0], [19, 41.0], [20, 33.0]]
[[10, 0], [11, 0], [12, 0], [13, 0], [14, 0], [15, 0], [16, 0], [17, 0], [18, 0], [19, 0], [20, 0]]
BFS
[[10, 21.0], [11, 27.0], [12, 32.0], [13, 29.0], [14, 22.0], [15, 24.0], [16, 39.0], [17, 34.0], [18, 24.0], [19, 41.0], [20, 33.0]]
[[10, 7], [11, 42], [12, 30], [13, 44], [14, 1], [15, 1], [16, 42], [17, 5], [18, 0], [19, 12], [20, 0]]
ZK 
DFBnB
[[10, 21.0], [11, 27.0], [12, 32.0], [13, 29.0], [14, 22.0], [15, 24.0], [16, 39.0], [17, 34.0], [18, 24.0], [19, 41.0], [20, 33.0]]
[[10, 0], [11, 0], [12, 0], [13, 0], [14, 0], [15, 0], [16, 0], [17, 0], [18, 0], [19, 0], [20, 0]]
BFS
[[10, 21.0], [11, 27.0], [12, 32.0], [13, 29.0], [14, 22.0], [15, 24.0], [16, 39.0], [17, 34.0], [18, 24.0], [19, 41.0], [20, 33.0]]
[[10, 0], [11, 0], [12, 0], [13, 0], [14, 0], [15, 0], [16, 0], [17, 0], [18, 0], [19, 0], [20, 0]]
