Result of ATSP with matrices with the size of 10!
Regular 
DFBnB
[[150, 201.0], [200, 171.0], [250, 480.0], [300, 395.0], [350, 514.0], [400, 894.0], [450, 682.0], [500, 689.0], [550, 1177.0], [600, 1369.0], [650, 963.0], [700, 1801.0], [750, 1015.0], [800, 1021.0], [850, 1096.0], [900, 1470.0], [950, 1551.0]]
[[150, 0], [200, 0], [250, 0], [300, 0], [350, 0], [400, 0], [450, 0], [500, 0], [550, 0], [600, 0], [650, 0], [700, 0], [750, 0], [800, 0], [850, 0], [900, 0], [950, 0]]
BFS
[[150, 201.0], [200, 171.0], [250, 480.0], [300, 395.0], [350, 514.0], [400, 894.0], [450, 682.0], [500, 689.0], [550, 1177.0], [600, 1369.0], [650, 963.0], [700, 1801.0], [750, 1015.0], [800, 1021.0], [850, 1096.0], [900, 1470.0], [950, 1551.0]]
[[150, 1], [200, 0], [250, 4], [300, 0], [350, 0], [400, 34], [450, 0], [500, 0], [550, 10], [600, 23], [650, 2], [700, 44], [750, 0], [800, 0], [850, 0], [900, 1], [950, 2]]
ZK 
DFBnB
[[150, 201.0], [200, 171.0], [250, 480.0], [300, 395.0], [350, 514.0], [400, 894.0], [450, 682.0], [500, 689.0], [550, 1177.0], [600, 1369.0], [650, 963.0], [700, 1801.0], [750, 1015.0], [800, 1021.0], [850, 1096.0], [900, 1470.0], [950, 1551.0]]
[[150, 0], [200, 0], [250, 0], [300, 0], [350, 0], [400, 0], [450, 0], [500, 0], [550, 0], [600, 0], [650, 0], [700, 0], [750, 0], [800, 0], [850, 0], [900, 0], [950, 0]]
BFS
[[150, 201.0], [200, 171.0], [250, 480.0], [300, 395.0], [350, 514.0], [400, 894.0], [450, 682.0], [500, 689.0], [550, 1177.0], [600, 1369.0], [650, 963.0], [700, 1801.0], [750, 1015.0], [800, 1021.0], [850, 1096.0], [900, 1470.0], [950, 1551.0]]
[[150, 0], [200, 0], [250, 0], [300, 0], [350, 0], [400, 0], [450, 0], [500, 0], [550, 0], [600, 0], [650, 0], [700, 0], [750, 0], [800, 0], [850, 0], [900, 0], [950, 0]]
